100 1
2 5
3 4
7 13
9 21
15 6
12 11
114 8
10 26
19 46
135 56
17 50
14 37
18 192
29 28
16 88
152 22
73 35
38 123
20 133
31 23
34 68
24 76
55 25
27 127
69 82
30 40
43 160
32 129
41 36
98 122
81 175
33 167
52 61
181 108
74 163
104 72
39 48
103 169
173 45
42 62
58 51
95 47
157 44
71 111
158 60
67 187
49 117
112 149
186 96
53 57
176 65
92 59
66 54
78 196
171 153
83 64
131 150
132 80
124 162
63 170
143 198
102 161
148 70
115 179
84 79
188 156
134 87
140 116
164 77
155 75
99 101
85 195
154 184
137 119
144 172
138 185
159 151
126 109
136 91
177 182
191 147
86 128
197 165
199 174
190 97
141 89
106 146
90 94
145 121
139 93
142 113
168 194
189 107
130 120
110 100
118 183
166 178
193 125
105 180
0 0
0 0
0 0
0 0
0 0
0 0
0 0
0 0
0 0
0 0
0 0
0 0
0 0
0 0
0 0
0 0
0 0
0 0
0 0
0 0
0 0
0 0
0 0
0 0
0 0
0 0
0 0
0 0
0 0
0 0
0 0
0 0
0 0
0 0
0 0
0 0
0 0
0 0
0 0
0 0
0 0
0 0
0 0
0 0
0 0
0 0
0 0
0 0
0 0
0 0
0 0
0 0
0 0
0 0
0 0
0 0
0 0
0 0
0 0
0 0
0 0
0 0
0 0
0 0
0 0
0 0
0 0
0 0
0 0
0 0
0 0
0 0
0 0
0 0
0 0
0 0
0 0
0 0
0 0
0 0
0 0
0 0
0 0
0 0
0 0
0 0
0 0
0 0
0 0
0 0
0 0
0 0
0 0
0 0
0 0
0 0
0 0
0 0
0 0
0 0
29 593850419 11 70 81 73 84
