1000 1000
14 2
6 3
22 4
5 54
7 13
9 8
10 11
508 17
44 42
34 59
45 12
1949 16
33 66
146 15
128 19
645 77
18 32
87 96
20 21
112 23
27 53
28 24
25 37
26 30
92 88
836 67
29 61
38 52
118 31
170 35
40 36
499 1840
39 90
84 41
43 145
161 91
1371 47
108 363
57 49
199 68
74 48
63 50
46 110
106 148
71 79
51 301
56 69
58 133
65 55
72 60
254 250
116 100
104 484
103 1775
101 99
702 222
64 62
149 70
89 182
584 78
1457 442
165 471
127 364
75 137
184 190
136 248
80 73
204 114
403 801
447 76
224 81
86 82
130 1194
93 105
355 390
144 174
396 83
139 157
151 1670
289 132
115 85
113 1256
349 94
111 283
121 140
95 123
98 124
120 441
172 125
117 188
298 141
249 555
1776 227
97 318
294 274
262 107
336 465
325 102
219 147
160 611
153 1746
239 109
304 168
129 187
279 159
261 179
501 126
307 1248
131 278
599 1370
119 267
433 198
176 1865
173 614
169 166
321 201
229 178
134 218
1694 203
410 152
122 315
353 1952
368 998
195 286
150 208
186 207
514 177
235 1074
181 260
427 381
425 1373
185 1756
354 189
135 143
138 1112
780 597
158 194
228 1691
1013 256
634 521
142 163
156 957
641 351
241 384
154 210
216 206
196 339
921 1486
486 1743
192 554
342 155
1056 319
271 619
1121 418
220 482
341 544
167 263
164 171
180 391
205 162
313 451
1876 376
367 323
1537 291
1687 214
285 312
230 183
202 1967
1042 883
406 654
419 543
212 266
237 197
345 175
1301 231
365 193
1395 765
347 346
583 581
405 225
690 209
253 1575
1000 191
243 233
215 1782
280 1434
635 935
1751 344
234 657
1218 309
1402 200
338 293
213 223
1239 217
475 1841
244 736
394 317
268 1647
870 335
1693 358
290 1924
784 1478
211 874
236 232
264 656
988 1271
946 252
221 238
275 258
259 295
1125 761
398 672
369 448
444 667
612 518
838 337
462 251
1225 1138
284 276
1493 1156
1438 246
1866 245
311 682
226 297
247 1879
242 377
1476 392
292 1916
818 1130
1202 334
269 1361
1260 385
868 749
472 523
1847 333
899 469
255 265
240 438
1504 795
593 1323
548 495
445 1571
443 282
373 399
1834 270
257 1299
616 440
389 520
310 413
400 1842
277 1630
496 527
302 498
1322 379
718 352
938 515
281 1656
589 382
320 601
489 517
613 453
287 1180
1399 530
1987 327
1766 1080
512 985
1722 272
1178 1446
326 328
331 387
273 731
374 1774
424 1633
1417 348
491 1484
1337 299
324 573
393 1254
1696 1188
532 288
479 1378
542 340
305 1413
640 1639
300 360
1485 1523
316 1490
1292 314
1043 1503
904 1519
528 615
872 308
296 1072
330 1352
343 397
404 1221
1277 306
1966 434
371 626
1930 1659
468 1356
1510 303
332 1207
459 329
653 378
727 534
467 1808
903 509
714 470
1359 1849
322 1368
610 436
1895 1186
658 449
356 790
631 490
366 706
446 429
516 1563
362 414
824 627
785 439
1558 350
402 1412
1241 1020
415 1935
1041 359
539 719
746 580
1350 388
1052 662
1745 1357
426 724
423 853
357 1596
989 431
401 686
1331 375
411 726
432 1975
1003 955
823 383
1036 962
979 497
1614 1658
372 703
692 1942
1111 1267
452 587
370 991
1422 524
473 420
1708 595
412 485
560 1795
1495 535
525 713
710 715
684 361
1491 1133
540 407
1229 455
435 1152
1113 1618
1735 855
559 533
1730 1697
408 1181
916 380
1227 1085
463 1622
1143 386
437 1014
701 1729
409 1577
416 476
833 608
1338 590
694 1649
466 959
1822 1718
1686 1019
923 1815
745 478
958 464
1293 1224
1529 1868
553 552
483 1888
454 1455
574 830
422 1578
655 1764
395 1033
600 637
1857 652
1233 1549
607 506
705 1777
639 707
661 1586
1661 561
1499 1861
481 1602
1081 845
1494 417
1212 1704
1911 1298
1424 860
786 421
511 1951
550 924
1145 1527
578 563
1570 1092
963 698
648 428
564 1731
1410 733
712 480
1155 557
910 1629
1142 1132
1595 492
572 730
1252 430
1904 773
562 594
558 566
796 456
1023 493
450 679
1601 1314
1727 488
757 1619
1040 1261
570 696
1882 695
545 1300
1598 975
1945 457
1311 1734
487 1947
842 636
777 1898
1172 460
461 1893
474 1477
505 717
510 1049
755 856
889 687
620 1423
538 586
1716 458
1749 1923
1079 762
665 1979
549 551
526 1005
867 1817
537 546
802 1134
756 891
813 1157
771 1723
1850 556
1066 1901
494 507
609 893
751 837
477 934
1556 835
1514 547
1620 1440
1453 820
503 834
1860 1501
1206 735
1213 513
894 541
622 1309
1456 1983
744 1859
1970 1205
1099 700
943 522
500 741
666 502
630 708
863 1741
650 1991
504 1894
632 728
1926 1004
1295 1214
1106 618
1394 788
677 529
519 864
1416 1752
737 1351
882 531
909 567
1258 925
954 1557
536 1461
1593 571
1288 1773
1706 791
1663 1644
1712 949
569 895
926 787
774 1306
794 1765
1660 1625
1554 651
575 1028
1177 932
1220 699
1230 844
676 1330
1136 812
1914 1415
722 716
1315 623
697 568
987 720
1856 671
1838 759
625 1674
1884 685
603 1534
1955 1526
606 1122
779 1475
1928 659
588 1617
1442 1810
629 1944
1551 748
1048 598
1699 1971
1355 1054
596 1450
721 1683
852 582
663 887
1990 1327
643 772
1235 1096
953 1627
1889 1997
576 638
1995 673
1310 1007
1290 876
1419 605
1243 1790
1621 826
621 922
565 1653
919 1564
1084 1443
1522 1427
798 1204
739 1128
681 704
825 644
693 585
907 1421
862 577
674 1269
1703 1158
579 592
604 1917
1117 1011
1781 1364
869 1512
617 668
1515 901
1100 1381
1791 1342
1565 646
591 1592
908 1051
1516 602
1282 1931
1760 1925
807 994
1684 885
649 1650
1640 1657
1046 624
879 1384
628 1594
1119 983
760 688
633 1610
1146 1755
884 1681
747 977
1182 1785
1021 1149
1460 1829
1634 691
1059 1304
1796 642
1569 1223
1603 664
1528 799
1496 805
1668 854
1022 769
1953 660
970 1150
806 723
1612 675
1245 1520
1957 1753
1600 1387
647 1093
1897 1747
1820 1715
678 1982
1169 1176
857 709
1707 1165
1740 817
1237 1398
1396 1607
770 968
1436 1283
680 1107
1140 1679
1677 1127
1467 1374
1163 1542
1201 1226
1035 1590
809 804
1500 683
1738 1144
1353 1026
1087 1123
1984 1428
846 1589
1585 1754
1209 792
1956 1487
1380 1385
1568 1154
1626 827
1536 1814
1097 742
1302 811
1284 1108
1197 670
1498 1828
1853 1137
997 1336
1637 1555
1548 669
789 1797
1848 1941
1726 831
1095 775
1976 810
1992 1532
1238 743
766 753
912 725
767 1700
729 1825
781 1483
1174 976
1341 1539
1605 839
1479 1076
1823 1714
849 945
1905 689
1559 758
1862 1792
1831 738
986 752
1390 1958
750 778
1943 1420
1166 1827
956 815
1919 965
828 1608
1247 1517
1101 711
1334 1454
1047 1678
1183 1488
764 1641
1533 1086
1340 1934
1030 1216
1768 1251
1728 1411
734 858
754 1772
843 768
990 1946
931 1234
822 960
763 1673
1397 1871
1016 1763
1748 1379
1783 1872
933 1034
1821 880
1090 1441
1521 732
1228 1280
1511 808
1088 1713
1018 1114
1628 917
1400 740
1538 1950
1458 1873
783 914
1767 829
841 1129
840 1408
1431 881
1465 1770
848 1168
1851 1870
1988 1286
995 972
1077 980
1242 1480
1631 875
1244 1193
1405 1219
1932 1541
1492 961
832 1473
821 1845
859 1965
776 803
951 847
1131 942
1832 1262
1867 1347
1954 1281
1799 800
782 1961
1664 1739
1518 1794
1632 999
873 851
1877 1175
1907 1645
1972 816
1151 1250
906 850
1010 1616
1208 1449
1940 1120
1887 1742
1818 871
1854 1462
1324 927
793 1141
1886 1535
1064 902
1938 861
1624 920
1001 1977
1073 1892
797 1651
1222 1439
1939 1655
984 1811
1098 1464
1962 1264
1960 1698
1530 814
1864 1793
1885 1468
1332 1672
1906 1360
1171 1406
1710 877
905 1287
1249 973
1927 1105
1844 1038
1680 1349
1335 981
939 940
1543 1804
1986 928
1393 1325
1075 1623
1199 866
878 1789
1560 1843
1115 1471
1029 1187
1883 915
1268 1890
1017 1463
892 1210
1482 1110
898 1705
1611 1321
1761 819
1805 944
1215 1307
1908 1725
1418 1055
1190 1584
911 1809
1733 1006
1973 1561
1160 1383
1185 1891
1091 952
1993 1750
1184 1692
982 929
1502 1802
1339 1246
1964 1505
1124 1604
1974 1695
978 1297
1839 1045
1444 1762
1597 1348
1685 1414
1724 1116
1425 1429
1567 1583
1803 1231
993 1391
1682 1759
1191 1948
1363 1858
1272 1544
1506 1104
1316 1788
1164 930
947 1826
1067 1580
1933 1807
865 886
1430 964
1786 1787
1525 1546
1273 1572
1102 1061
1263 1452
1874 1581
1103 1553
1082 1289
1711 1179
1833 1318
969 1326
1275 1027
1063 1253
1317 1071
1291 1615
1333 1025
918 1375
1109 1524
1666 1758
1579 1800
1469 1447
1070 992
974 1801
1701 1816
966 1203
1039 888
1648 913
1466 890
1365 1305
896 1920
1474 1369
1638 1435
1547 1574
1963 1308
1376 1012
1346 1642
1386 897
948 1259
1366 900
1852 1015
1878 1819
1279 1675
1936 1562
1089 1236
1189 1835
1985 1732
1196 1566
1433 1652
1009 1161
1720 1167
1388 1918
967 937
1573 1159
1599 1320
1643 1472
1343 936
1270 1432
1489 1998
1068 1757
1702 1031
1830 941
1050 1437
1806 1198
1065 1459
1996 1606
1266 1613
1148 1969
1037 1582
1257 1899
1676 1362
1909 1690
1980 1274
1069 1937
1407 1058
1345 1392
1303 1508
1296 1769
1481 1401
1409 1880
1507 1669
1377 1329
1636 1896
1531 1798
1846 1994
1448 1654
1717 1240
1689 1588
1118 1470
1211 1667
950 1057
1008 1836
1354 1784
1372 1913
1771 1062
1863 1313
1552 1170
1780 1989
1737 1999
1445 996
1736 1922
1162 1060
1688 1426
1497 1389
1903 971
1671 1139
1812 1032
1319 1265
1053 1635
1912 1869
1078 1646
1200 1126
1929 1173
1403 1662
1083 1358
1382 1404
1779 1550
1665 1344
1024 1153
1328 1719
1902 1278
1587 1192
1367 1968
1576 1285
1255 1147
1721 1545
1294 1875
1921 1002
1813 1451
1591 1709
1217 1135
1824 1094
1609 1981
1881 1744
1900 1915
1778 1959
1837 1855
1910 1312
1195 1540
1276 1044
1232 1513
1509 1978
0 0
0 0
0 0
0 0
0 0
0 0
0 0
0 0
0 0
0 0
0 0
0 0
0 0
0 0
0 0
0 0
0 0
0 0
0 0
0 0
0 0
0 0
0 0
0 0
0 0
0 0
0 0
0 0
0 0
0 0
0 0
0 0
0 0
0 0
0 0
0 0
0 0
0 0
0 0
0 0
0 0
0 0
0 0
0 0
0 0
0 0
0 0
0 0
0 0
0 0
0 0
0 0
0 0
0 0
0 0
0 0
0 0
0 0
0 0
0 0
0 0
0 0
0 0
0 0
0 0
0 0
0 0
0 0
0 0
0 0
0 0
0 0
0 0
0 0
0 0
0 0
0 0
0 0
0 0
0 0
0 0
0 0
0 0
0 0
0 0
0 0
0 0
0 0
0 0
0 0
0 0
0 0
0 0
0 0
0 0
0 0
0 0
0 0
0 0
0 0
0 0
0 0
0 0
0 0
0 0
0 0
0 0
0 0
0 0
0 0
0 0
0 0
0 0
0 0
0 0
0 0
0 0
0 0
0 0
0 0
0 0
0 0
0 0
0 0
0 0
0 0
0 0
0 0
0 0
0 0
0 0
0 0
0 0
0 0
0 0
0 0
0 0
0 0
0 0
0 0
0 0
0 0
0 0
0 0
0 0
0 0
0 0
0 0
0 0
0 0
0 0
0 0
0 0
0 0
0 0
0 0
0 0
0 0
0 0
0 0
0 0
0 0
0 0
0 0
0 0
0 0
0 0
0 0
0 0
0 0
0 0
0 0
0 0
0 0
0 0
0 0
0 0
0 0
0 0
0 0
0 0
0 0
0 0
0 0
0 0
0 0
0 0
0 0
0 0
0 0
0 0
0 0
0 0
0 0
0 0
0 0
0 0
0 0
0 0
0 0
0 0
0 0
0 0
0 0
0 0
0 0
0 0
0 0
0 0
0 0
0 0
0 0
0 0
0 0
0 0
0 0
0 0
0 0
0 0
0 0
0 0
0 0
0 0
0 0
0 0
0 0
0 0
0 0
0 0
0 0
0 0
0 0
0 0
0 0
0 0
0 0
0 0
0 0
0 0
0 0
0 0
0 0
0 0
0 0
0 0
0 0
0 0
0 0
0 0
0 0
0 0
0 0
0 0
0 0
0 0
0 0
0 0
0 0
0 0
0 0
0 0
0 0
0 0
0 0
0 0
0 0
0 0
0 0
0 0
0 0
0 0
0 0
0 0
0 0
0 0
0 0
0 0
0 0
0 0
0 0
0 0
0 0
0 0
0 0
0 0
0 0
0 0
0 0
0 0
0 0
0 0
0 0
0 0
0 0
0 0
0 0
0 0
0 0
0 0
0 0
0 0
0 0
0 0
0 0
0 0
0 0
0 0
0 0
0 0
0 0
0 0
0 0
0 0
0 0
0 0
0 0
0 0
0 0
0 0
0 0
0 0
0 0
0 0
0 0
0 0
0 0
0 0
0 0
0 0
0 0
0 0
0 0
0 0
0 0
0 0
0 0
0 0
0 0
0 0
0 0
0 0
0 0
0 0
0 0
0 0
0 0
0 0
0 0
0 0
0 0
0 0
0 0
0 0
0 0
0 0
0 0
0 0
0 0
0 0
0 0
0 0
0 0
0 0
0 0
0 0
0 0
0 0
0 0
0 0
0 0
0 0
0 0
0 0
0 0
0 0
0 0
0 0
0 0
0 0
0 0
0 0
0 0
0 0
0 0
0 0
0 0
0 0
0 0
0 0
0 0
0 0
0 0
0 0
0 0
0 0
0 0
0 0
0 0
0 0
0 0
0 0
0 0
0 0
0 0
0 0
0 0
0 0
0 0
0 0
0 0
0 0
0 0
0 0
0 0
0 0
0 0
0 0
0 0
0 0
0 0
0 0
0 0
0 0
0 0
0 0
0 0
0 0
0 0
0 0
0 0
0 0
0 0
0 0
0 0
0 0
0 0
0 0
0 0
0 0
0 0
0 0
0 0
0 0
0 0
0 0
0 0
0 0
0 0
0 0
0 0
0 0
0 0
0 0
0 0
0 0
0 0
0 0
0 0
0 0
0 0
0 0
0 0
0 0
0 0
0 0
0 0
0 0
0 0
0 0
0 0
0 0
0 0
0 0
0 0
0 0
0 0
0 0
0 0
0 0
0 0
0 0
0 0
0 0
0 0
0 0
0 0
0 0
0 0
0 0
0 0
0 0
0 0
0 0
0 0
0 0
0 0
0 0
0 0
0 0
0 0
0 0
0 0
0 0
0 0
0 0
0 0
0 0
0 0
0 0
0 0
0 0
0 0
0 0
0 0
0 0
0 0
0 0
0 0
0 0
0 0
0 0
0 0
0 0
0 0
0 0
0 0
0 0
0 0
0 0
0 0
0 0
0 0
0 0
0 0
0 0
0 0
0 0
0 0
0 0
0 0
0 0
0 0
0 0
0 0
0 0
0 0
0 0
0 0
0 0
0 0
0 0
0 0
0 0
0 0
0 0
0 0
0 0
0 0
0 0
0 0
0 0
0 0
0 0
0 0
0 0
0 0
0 0
0 0
0 0
0 0
0 0
0 0
0 0
0 0
0 0
0 0
0 0
0 0
0 0
0 0
0 0
0 0
0 0
0 0
0 0
0 0
0 0
0 0
0 0
0 0
0 0
0 0
0 0
0 0
0 0
0 0
0 0
0 0
0 0
0 0
0 0
0 0
0 0
0 0
0 0
0 0
0 0
0 0
0 0
0 0
0 0
0 0
0 0
0 0
0 0
0 0
0 0
0 0
0 0
0 0
0 0
0 0
0 0
0 0
0 0
0 0
0 0
0 0
0 0
0 0
0 0
0 0
0 0
0 0
0 0
0 0
0 0
0 0
0 0
0 0
0 0
0 0
0 0
0 0
0 0
0 0
0 0
0 0
0 0
0 0
0 0
0 0
0 0
0 0
0 0
0 0
0 0
0 0
0 0
0 0
0 0
0 0
0 0
0 0
0 0
0 0
0 0
0 0
0 0
0 0
0 0
0 0
0 0
0 0
0 0
0 0
0 0
0 0
0 0
0 0
0 0
0 0
0 0
0 0
0 0
0 0
0 0
0 0
0 0
0 0
0 0
0 0
0 0
0 0
0 0
0 0
0 0
0 0
0 0
0 0
0 0
0 0
0 0
0 0
0 0
0 0
0 0
0 0
0 0
0 0
0 0
0 0
0 0
0 0
0 0
0 0
0 0
0 0
0 0
0 0
0 0
0 0
0 0
0 0
0 0
0 0
0 0
0 0
0 0
0 0
0 0
0 0
0 0
0 0
0 0
0 0
0 0
0 0
0 0
0 0
0 0
0 0
0 0
0 0
0 0
0 0
0 0
0 0
0 0
0 0
0 0
0 0
0 0
0 0
0 0
0 0
0 0
0 0
0 0
0 0
0 0
0 0
0 0
0 0
0 0
0 0
0 0
0 0
0 0
0 0
0 0
0 0
0 0
0 0
0 0
0 0
0 0
0 0
0 0
0 0
0 0
0 0
0 0
0 0
0 0
0 0
0 0
0 0
0 0
0 0
0 0
0 0
0 0
0 0
0 0
0 0
0 0
0 0
0 0
0 0
0 0
0 0
0 0
0 0
0 0
0 0
0 0
0 0
0 0
0 0
0 0
0 0
0 0
0 0
0 0
0 0
0 0
0 0
0 0
0 0
0 0
0 0
0 0
0 0
0 0
0 0
0 0
0 0
0 0
0 0
0 0
0 0
0 0
0 0
0 0
0 0
0 0
0 0
0 0
0 0
0 0
0 0
0 0
0 0
0 0
0 0
0 0
0 0
0 0
0 0
0 0
0 0
0 0
0 0
0 0
0 0
0 0
0 0
0 0
0 0
0 0
0 0
0 0
0 0
0 0
0 0
0 0
0 0
0 0
0 0
0 0
0 0
0 0
0 0
0 0
0 0
0 0
0 0
0 0
0 0
0 0
0 0
0 0
0 0
0 0
0 0
0 0
0 0
0 0
0 0
0 0
0 0
0 0
0 0
0 0
0 0
0 0
0 0
0 0
0 0
0 0
0 0
0 0
0 0
0 0
0 0
0 0
0 0
0 0
0 0
0 0
0 0
0 0
0 0
0 0
0 0
0 0
0 0
0 0
0 0
0 0
0 0
0 0
0 0
0 0
0 0
0 0
0 0
0 0
0 0
0 0
0 0
0 0
0 0
0 0
0 0
0 0
0 0
0 0
0 0
0 0
0 0
0 0
0 0
0 0
0 0
0 0
0 0
0 0
0 0
0 0
0 0
0 0
0 0
0 0
0 0
0 0
0 0
0 0
0 0
0 0
0 0
0 0
0 0
0 0
0 0
0 0
0 0
0 0
0 0
0 0
0 0
0 0
0 0
0 0
0 0
0 0
0 0
0 0
0 0
0 0
0 0
0 0
0 0
0 0
0 0
0 0
0 0
0 0
0 0
0 0
0 0
0 0
0 0
0 0
0 0
0 0
0 0
0 0
0 0
531 569 648 72 75 234 237
193 839 4 237 713 28 504
225 976 365 533 535 840 842
255 394 306 259 266 980 987
487 684 188 371 379 85 93
842 47 20 413 459 313 359
157 136 986 620 621 183 184
175 492 194 425 443 717 735
332 298 559 661 663 439 441
35 420 262 344 355 926 937
448 744 991 950 951 624 625
67 972 727 11 12 462 463
911 414 445 737 740 718 721
491 959 122 953 957 590 594
164 547 633 378 382 23 27
216 229 185 909 916 378 385
229 610 846 717 719 273 275
400 885 954 498 499 411 412
817 573 619 708 715 387 394
990 707 511 921 922 419 420
790 25 71 23 67 393 437
356 372 963 268 269 65 66
200 619 290 727 729 742 744
473 846 518 549 551 978 980
181 142 473 23 25 86 88
103 396 109 12 22 266 276
782 719 837 520 522 440 442
106 363 907 230 231 322 323
923 509 918 65 66 374 375
985 749 496 436 437 132 133
76 815 174 777 794 318 335
732 678 262 622 633 919 930
846 849 904 519 520 747 748
622 508 631 153 154 83 84
326 945 438 476 478 459 461
995 964 554 196 197 541 542
418 54 426 429 433 393 397
432 906 401 420 422 554 556
234 433 91 386 411 273 298
157 86 260 179 185 652 658
324 566 733 55 58 704 707
159 413 85 828 842 300 314
622 386 383 754 756 410 412
85 905 927 179 180 541 542
282 524 607 311 313 137 139
501 286 417 276 285 558 567
215 456 182 663 670 267 274
15 346 130 29 35 888 894
43 219 127 325 334 160 169
157 579 900 256 257 554 555
346 418 505 80 82 445 447
401 323 944 547 548 77 78
957 919 186 754 766 657 669
304 839 441 250 253 842 845
883 225 641 758 759 571 572
31 370 828 638 640 301 303
371 392 405 444 446 859 861
954 195 632 491 492 872 873
129 236 237 57 78 887 908
618 868 275 40 43 541 544
54 516 483 117 118 613 614
668 73 242 963 967 379 383
218 53 431 780 786 981 987
42 542 579 409 410 55 56
485 467 135 224 232 314 322
58 633 83 235 268 707 740
707 878 878 455 456 165 166
904 511 321 945 948 835 838
376 348 205 515 526 973 984
751 973 757 393 394 701 702
208 767 629 339 340 488 489
930 202 786 87 88 250 251
39 696 9 338 437 41 140
737 471 528 786 791 275 280
903 859 276 136 144 383 391
37 448 181 529 538 212 221
204 938 946 439 440 852 853
933 519 268 721 722 57 58
413 678 166 477 484 880 887
200 651 701 744 745 275 276
924 801 442 185 186 181 182
919 229 634 276 277 398 399
204 773 981 741 742 572 573
586 167 819 62 63 291 292
481 113 831 465 468 176 179
31 348 609 918 922 285 289
152 724 999 349 350 190 191
647 130 507 833 836 247 250
291 967 179 591 599 597 605
38 201 620 242 243 92 93
113 389 455 710 714 752 756
994 51 38 901 913 126 138
346 937 787 562 564 146 148
183 37 646 162 163 612 613
186 970 972 44 45 818 819
374 822 505 344 346 828 830
426 942 1 0 999 0 999
877 758 412 167 170 317 320
991 988 95 562 571 250 259
836 61 135 867 875 20 28
655 599 878 859 860 692 693
588 889 881 495 497 22 24
177 395 565 948 949 954 955
314 476 706 807 811 115 119
572 927 268 657 658 599 600
758 786 402 754 757 392 395
292 235 727 540 541 750 751
482 85 879 872 873 715 716
311 559 858 86 88 590 592
462 790 595 695 697 426 428
624 25 394 275 283 779 787
379 718 757 506 507 567 568
235 63 734 834 835 7 8
478 585 821 131 132 434 435
374 269 521 247 249 511 513
654 239 486 991 994 141 144
742 399 622 236 237 394 395
783 864 657 202 204 75 77
381 981 692 600 604 378 382
469 647 616 549 551 379 381
169 57 732 578 580 668 670
568 235 564 593 596 433 436
963 503 43 976 997 892 913
845 778 932 126 127 716 717
677 757 653 190 191 453 454
862 400 900 908 909 690 691
427 501 713 277 278 235 236
940 136 930 197 198 502 503
118 907 764 851 852 929 930
920 487 331 963 966 391 394
983 310 222 174 181 747 754
890 306 110 953 959 301 307
817 674 349 147 155 768 776
814 907 490 922 929 874 881
975 28 411 184 186 619 621
561 298 193 135 156 187 208
477 728 273 965 970 384 389
469 234 371 715 719 313 317
222 549 468 939 940 200 201
544 392 819 780 781 143 144
515 380 703 312 313 9 10
234 302 238 541 547 155 161
357 210 497 178 183 870 875
37 178 228 537 543 972 978
618 920 828 28 30 339 341
668 418 61 888 890 862 864
785 767 955 167 168 678 679
630 412 19 123 320 794 991
620 883 886 714 716 690 692
813 453 359 397 403 529 535
524 492 588 426 433 900 907
413 881 124 677 681 863 867
109 150 61 856 858 341 343
156 397 915 410 411 775 776
734 261 247 285 290 638 643
921 394 886 441 443 558 560
672 564 451 851 857 318 324
478 389 314 398 405 490 497
593 778 702 807 808 499 500
147 835 198 786 788 551 553
580 46 454 621 629 339 347
30 503 313 426 427 781 782
292 978 347 38 43 654 659
513 831 303 458 460 458 460
731 40 154 934 939 528 533
376 8 565 66 67 61 62
822 814 643 186 193 863 870
82 545 478 110 111 631 632
309 450 450 488 491 308 311
155 61 139 176 181 453 458
409 849 480 688 696 54 62
376 28 454 881 889 519 527
708 925 423 660 661 762 763
659 330 223 389 398 490 499
710 698 458 783 786 364 367
990 893 239 432 435 510 513
744 178 616 134 136 927 929
485 245 913 620 621 150 151
640 684 426 969 973 266 270
679 29 922 197 198 275 276
537 822 462 781 787 567 573
431 664 323 733 737 383 387
748 105 830 925 926 718 719
200 493 917 648 649 849 850
273 322 815 699 701 343 345
778 88 312 380 383 884 887
111 816 668 571 574 868 871
911 519 87 686 707 745 766
224 138 603 341 345 703 707
352 641 110 261 267 844 850
625 1 801 443 444 259 260
510 829 890 463 464 805 806
767 661 103 719 744 272 297
919 107 310 182 183 615 616
577 260 261 703 709 216 222
763 442 903 958 959 146 147
307 535 545 617 618 400 401
308 953 56 390 399 203 212
715 304 809 720 721 207 208
709 472 481 886 890 276 280
874 425 682 734 737 561 564
849 302 865 796 797 60 61
903 44 272 399 402 582 585
515 744 266 992 996 276 280
770 225 630 862 865 935 938
723 81 575 337 338 683 684
593 332 418 67 71 670 674
409 139 267 28 32 353 357
225 114 606 862 863 889 890
951 922 244 150 162 625 637
885 198 13 632 826 329 523
376 11 710 476 478 316 318
91 620 999 96 97 853 854
115 700 842 640 641 0 1
173 687 618 734 738 256 260
410 221 145 861 885 207 231
811 156 298 716 726 941 951
526 405 242 481 485 94 98
757 939 835 706 707 483 484
137 390 380 245 249 19 23
151 69 377 988 991 302 305
141 442 269 310 323 74 87
544 689 396 741 743 439 441
58 557 710 103 105 921 923
771 190 723 122 123 398 399
427 102 974 665 666 626 627
947 664 990 249 250 427 428
67 958 898 544 545 486 487
691 172 516 564 567 992 995
7 925 111 692 702 861 871
34 399 255 259 278 894 913
271 40 673 523 527 967 971
767 406 905 530 531 26 27
571 696 899 918 919 374 375
425 955 186 958 970 56 68
788 422 391 572 577 280 285
595 741 789 299 300 948 949
788 730 21 424 574 543 693
701 835 309 927 935 240 248
396 643 796 63 64 225 226
939 208 222 608 615 677 684
732 490 629 485 486 365 366
367 940 664 966 970 6 10
532 512 584 711 712 719 720
203 944 598 61 63 785 787
434 101 545 808 809 862 863
31 993 907 790 791 36 37
867 805 746 50 52 254 256
922 768 834 215 216 446 447
387 585 806 38 40 872 874
437 869 865 924 925 767 768
357 597 497 829 834 895 900
331 486 811 880 881 620 621
893 142 975 470 471 912 913
500 399 635 448 450 125 127
809 237 163 171 177 734 740
615 435 924 123 124 683 684
110 251 855 456 457 504 505
318 834 354 571 576 372 377
873 977 163 474 480 645 651
787 509 920 196 197 516 517
258 102 731 926 928 913 915
558 940 230 371 376 274 279
149 182 507 358 361 193 196
985 694 994 735 736 388 389
224 976 673 450 454 851 855
266 107 705 735 736 772 773
798 551 455 200 204 576 580
983 349 14 729 948 490 709
759 248 633 982 986 481 485
864 861 305 936 940 924 928
802 197 982 3 4 915 916
173 714 994 880 881 172 173
887 659 463 457 460 55 58
669 62 297 343 351 285 293
681 151 440 908 910 200 202
41 379 498 238 240 542 544
67 507 696 910 914 609 613
65 795 750 95 98 227 230
238 250 815 9 11 438 440
358 162 754 831 832 142 143
28 247 855 404 405 773 774
232 182 763 639 641 740 742
879 315 8 625 698 640 713
264 406 700 455 457 219 221
44 770 772 979 981 608 610
198 980 701 928 929 589 590
660 546 723 309 310 390 391
507 780 62 616 631 795 810
245 203 794 309 311 476 478
882 205 538 151 154 283 286
119 328 83 788 821 166 199
309 53 611 119 124 483 488
137 885 351 438 441 521 524
156 449 80 759 769 444 454
891 226 524 648 650 741 743
694 77 339 205 210 447 452
26 258 582 902 904 700 702
300 823 389 764 766 869 871
130 175 880 986 988 685 687
948 900 890 893 894 551 552
691 263 921 795 796 940 941
430 162 353 697 700 160 163
621 774 989 716 717 775 776
148 960 832 64 65 657 658
203 774 82 40 66 676 702
153 1 212 406 415 327 336
795 973 266 501 505 429 433
876 129 951 53 54 881 882
571 256 70 366 399 735 768
407 32 543 122 125 952 955
848 982 654 909 911 407 409
752 758 74 455 480 710 735
82 525 822 144 145 339 340
205 576 935 388 389 802 803
756 243 208 600 614 50 64
910 331 211 896 898 848 850
226 557 618 376 380 508 512
726 742 532 465 467 663 665
126 204 480 655 663 519 527
56 833 527 910 913 100 103
455 383 462 436 442 814 820
333 587 883 676 678 822 824
305 654 796 798 799 45 46
409 9 63 346 357 746 757
846 491 197 142 161 543 562
277 385 636 39 40 232 233
911 764 295 527 532 516 521
612 739 64 156 206 515 565
501 187 949 417 418 247 248
501 932 649 682 683 870 871
860 366 3 126 731 123 728
257 244 111 613 623 672 682
753 800 678 430 431 137 138
367 471 217 921 938 75 92
723 57 568 508 511 456 459
231 237 102 771 785 85 99
46 533 487 300 304 583 587
330 322 311 120 125 248 253
917 373 492 904 907 738 741
496 710 652 663 664 871 872
307 885 515 138 140 193 195
793 486 547 240 242 610 612
437 460 422 291 295 470 474
512 268 891 949 950 712 713
730 929 800 596 599 129 132
798 414 339 198 203 118 123
277 114 704 707 708 906 907
691 741 507 629 632 548 551
396 963 260 969 975 791 797
591 776 406 494 504 564 574
479 691 41 648 735 342 429
303 121 467 487 493 947 953
900 135 354 386 391 899 904
807 729 203 741 745 431 435
58 457 646 146 147 220 221
403 202 727 659 660 884 885
397 99 464 659 663 248 252
73 55 4 0 476 73 549
417 809 452 54 59 304 309
41 992 516 863 866 623 626
899 316 136 971 982 725 736
782 188 384 64 68 132 136
299 354 295 111 116 59 64
315 209 125 674 703 509 538
569 449 65 524 558 38 72
645 432 168 822 825 950 953
222 987 428 746 751 461 466
128 449 136 395 406 898 909
427 179 550 765 766 552 553
345 350 367 342 343 476 477
725 862 559 643 645 824 826
785 855 445 573 576 19 22
728 149 33 34 210 11 187
787 703 141 934 948 655 669
817 348 858 605 607 686 688
817 469 760 285 288 362 365
763 51 862 171 172 70 71
905 131 433 634 635 739 740
254 196 902 399 400 84 85
574 206 415 620 621 502 503
948 12 18 751 807 215 271
440 89 963 352 353 773 774
464 362 775 729 731 672 674
867 366 848 670 671 885 886
6 328 836 710 711 917 918
696 436 404 123 128 176 181
71 308 336 974 982 8 16
205 735 509 908 909 304 305
572 698 118 575 591 94 110
649 557 432 470 476 968 974
567 128 862 828 829 611 612
811 472 376 688 694 585 591
552 77 880 510 512 894 896
645 228 483 290 291 54 55
114 312 383 29 31 260 262
32 344 892 794 795 504 505
980 670 906 313 314 405 406
64 997 861 397 398 368 369
475 797 823 171 173 182 184
334 758 506 311 313 728 730
960 636 661 155 156 381 382
245 586 303 354 356 234 236
116 484 735 883 885 399 401
377 861 84 654 670 511 527
442 553 742 792 793 927 928
943 499 50 920 988 778 846
365 153 958 749 750 371 372
798 313 957 922 924 970 972
306 204 423 322 323 452 453
43 950 169 30 33 864 867
685 209 930 872 873 954 955
801 615 889 240 241 700 701
720 629 662 882 884 902 904
323 76 322 49 53 574 578
52 85 354 508 513 984 989
993 230 886 504 506 730 732
53 181 303 738 740 767 769
733 561 862 353 354 382 383
126 261 426 73 77 460 464
68 306 385 943 949 188 194
677 409 511 185 186 897 898
777 274 631 490 491 531 532
247 449 479 241 244 76 79
250 995 151 67 77 437 447
457 553 936 843 844 861 862
445 117 739 915 917 928 930
247 663 585 988 990 539 541
826 781 585 613 615 743 745
240 307 740 881 882 208 209
716 438 134 911 925 169 183
286 474 690 120 121 131 132
314 819 85 75 89 731 745
635 881 510 224 226 764 766
710 128 292 92 97 23 28
290 131 754 232 233 467 468
825 219 416 259 262 627 630
450 451 102 212 226 192 206
720 500 603 292 296 995 999
728 705 580 255 258 263 266
644 792 224 640 657 407 424
113 951 262 225 236 857 868
577 709 333 223 229 880 886
314 339 526 867 871 878 882
151 34 491 223 225 238 240
318 437 780 189 191 604 606
601 838 664 424 428 506 510
70 809 283 328 333 682 687
735 336 105 963 980 138 155
235 376 194 768 786 274 292
953 142 529 956 961 276 281
99 371 740 828 829 905 906
570 207 90 604 627 933 956
484 591 524 659 661 839 841
25 396 907 488 489 924 925
290 520 604 159 160 576 577
385 135 420 947 959 893 905
618 484 469 712 719 940 947
464 651 317 468 478 318 328
441 545 632 383 384 420 421
405 660 929 169 170 697 698
489 78 405 394 396 524 526
538 157 344 794 801 137 144
519 533 94 529 553 623 647
887 985 724 986 987 410 411
240 307 68 386 449 87 150
647 66 379 267 271 831 835
68 465 634 636 637 669 670
886 460 139 502 507 442 447
466 922 815 630 632 725 727
709 805 109 759 769 41 51
579 562 230 297 302 611 616
148 646 768 395 396 228 229
901 587 584 309 310 974 975
460 202 334 111 115 743 747
161 788 827 362 363 765 766
975 951 970 813 814 896 897
801 800 391 844 849 924 929
350 710 346 654 658 422 426
324 876 923 601 602 300 301
782 52 712 866 869 890 893
348 839 263 107 111 122 126
703 34 570 171 174 595 598
254 876 785 977 978 655 656
412 620 680 653 654 740 741
376 373 654 873 875 797 799
534 483 822 162 163 908 909
783 748 448 465 469 355 359
146 898 124 15 19 985 989
103 453 859 541 542 185 186
572 390 419 661 665 600 604
223 69 753 491 492 732 733
926 349 598 341 343 549 551
82 486 994 180 181 929 930
990 793 512 778 780 373 375
260 863 862 175 176 373 374
32 88 374 17 19 365 367
309 143 429 578 582 506 510
895 866 115 142 153 861 872
358 664 829 233 234 766 767
759 270 920 667 668 607 608
700 355 174 853 870 321 338
839 879 818 165 167 655 657
597 220 363 259 262 420 423
607 195 986 796 797 298 299
488 395 122 526 530 135 139
456 608 549 766 769 699 702
336 973 327 136 143 414 421
474 673 787 508 510 711 713
897 214 676 742 744 829 831
56 173 464 403 407 9 13
253 391 585 753 755 597 599
610 318 933 470 471 29 30
180 178 703 638 639 695 696
316 693 239 709 712 790 793
557 183 444 909 912 693 696
868 62 433 998 999 436 437
706 403 993 749 750 935 936
230 460 380 413 417 315 319
824 743 836 610 611 241 242
170 145 664 279 283 908 912
503 637 369 911 917 528 534
154 964 691 702 703 194 195
11 750 648 126 129 982 985
222 687 586 145 149 880 884
63 58 114 473 518 592 637
677 195 332 820 821 740 741
930 491 882 427 428 927 928
550 872 920 996 997 783 784
751 792 619 486 493 399 406
803 302 927 481 482 679 680
824 63 131 402 408 242 248
891 194 208 73 87 352 366
999 341 36 180 214 912 946
740 343 556 491 496 518 523
284 537 867 778 779 60 61
141 476 337 225 232 91 98
438 488 445 878 881 980 983
378 545 519 644 646 815 817
804 847 16 398 436 250 288
661 896 902 71 72 294 295
359 292 595 301 303 248 250
852 575 152 283 288 610 615
858 192 165 87 96 227 236
798 522 886 151 153 209 211
917 554 374 192 194 298 300
384 924 458 563 566 743 746
70 795 423 665 666 405 406
423 62 321 693 696 916 919
647 491 859 932 933 697 698
97 293 634 841 842 563 564
166 830 174 764 781 434 451
478 97 122 602 606 663 667
8 64 169 46 49 139 142
562 10 931 177 178 679 680
130 836 2 207 986 47 826
359 65 644 359 360 950 951
280 214 871 602 603 220 221
657 880 524 994 996 429 431
656 619 66 70 87 836 853
351 220 438 372 374 320 322
479 68 988 261 262 798 799
800 72 629 579 580 428 429
607 568 918 661 662 190 191
372 865 323 451 455 833 837
598 42 67 932 950 442 460
416 600 738 39 42 24 27
793 225 870 578 579 938 939
231 815 707 853 855 697 699
660 79 19 190 387 36 233
725 96 667 651 655 923 927
177 499 759 808 810 674 676
7 540 345 777 778 912 913
83 149 212 564 573 882 891
769 636 667 953 957 278 282
436 937 242 929 933 138 142
733 635 816 946 947 957 958
425 441 250 797 802 887 892
654 569 828 854 856 762 764
830 821 543 79 82 485 488
723 249 560 408 409 500 501
849 339 679 761 763 476 478
20 659 696 80 84 703 707
517 619 333 431 437 950 956
141 547 598 868 870 589 591
505 783 451 332 338 631 637
938 980 708 301 304 694 697
390 603 144 402 413 646 657
134 658 683 719 725 27 33
990 247 459 364 378 593 607
828 1 222 544 551 945 952
162 618 594 434 435 121 122
4 262 271 529 537 112 120
871 82 774 319 320 639 640
518 329 720 560 563 782 785
329 761 742 847 848 879 880
952 538 465 738 741 759 762
526 195 79 93 104 87 98
143 551 210 752 770 542 560
139 576 779 509 510 101 102
166 795 914 102 104 311 313
553 386 723 879 880 190 191
366 338 619 885 892 33 40
268 540 877 898 899 333 334
527 112 873 144 145 28 29
825 416 593 580 582 531 533
114 411 975 554 555 500 501
948 301 283 288 293 591 596
987 688 668 18 21 459 462
522 837 708 495 498 890 893
583 262 734 8 9 456 457
203 211 788 528 529 800 801
474 379 763 914 916 635 637
387 850 782 176 177 926 927
505 116 719 210 211 216 217
101 67 973 827 828 835 836
904 364 839 323 324 28 29
828 537 684 188 190 730 732
866 127 682 668 671 669 672
628 789 693 615 617 977 979
9 619 468 391 392 338 339
256 376 538 211 214 398 401
357 158 402 583 586 102 105
932 616 495 906 907 82 83
246 745 927 490 491 73 74
494 752 583 551 552 156 157
942 742 531 558 561 513 516
835 614 767 538 539 76 77
880 736 804 837 838 140 141
516 658 461 27 29 588 590
516 812 230 814 819 357 362
873 716 419 498 502 390 394
517 250 222 67 74 562 569
243 799 89 487 531 242 286
745 955 524 876 878 827 829
132 59 355 635 637 467 469
530 461 993 531 532 680 681
277 278 925 29 30 343 344
898 770 171 605 613 261 269
576 88 139 475 480 814 819
483 561 361 435 438 648 651
278 14 215 969 975 969 975
861 186 987 443 444 312 313
361 98 141 419 433 606 620
371 978 84 605 621 578 594
73 353 462 324 330 778 784
794 564 824 825 826 304 305
87 485 366 61 66 139 144
63 353 345 114 115 66 67
848 695 624 570 571 697 698
324 908 917 275 276 227 228
662 873 786 136 137 236 237
338 464 375 988 991 727 730
510 134 527 541 544 334 337
820 185 840 206 207 563 564
6 138 389 23 25 2 4
34 333 874 772 773 415 416
56 460 332 637 638 58 59
75 225 849 716 717 447 448
930 58 489 655 659 444 448
541 602 771 106 107 425 426
415 228 861 517 518 444 445
822 478 356 657 659 34 36
46 779 63 833 844 236 247
474 120 697 74 75 157 158
308 10 197 810 829 199 218
2 142 48 796 857 192 253
264 432 271 857 865 635 643
636 191 527 374 377 90 93
974 243 558 489 491 194 196
486 70 231 44 58 526 540
47 143 883 346 348 943 945
658 796 300 511 512 376 377
162 285 100 688 713 477 502
253 561 552 991 992 800 801
69 33 617 603 605 297 299
499 465 685 953 954 887 888
327 124 252 932 937 706 711
315 150 994 576 577 527 528
727 603 330 826 831 334 339
688 636 896 854 857 183 186
272 361 567 393 395 45 47
685 826 931 614 615 140 141
189 318 479 666 669 262 265
871 640 64 876 926 66 116
22 851 668 503 506 99 102
42 918 957 360 362 270 272
900 669 290 50 52 546 548
519 938 956 959 960 132 133
126 371 629 111 112 653 654
369 916 987 974 975 981 982
623 821 617 935 937 31 33
276 85 741 478 481 923 926
708 360 856 508 509 287 288
778 650 166 444 451 766 773
886 372 575 163 164 493 494
10 261 688 386 387 13 14
907 985 805 258 260 712 714
356 430 860 777 778 622 623
822 498 583 224 225 46 47
967 586 9 696 795 95 194
407 385 788 680 681 721 722
895 938 294 676 682 585 591
143 450 371 540 544 995 999
420 912 438 178 180 222 224
295 413 994 906 907 120 121
711 210 397 988 989 38 39
654 340 445 9 12 644 647
122 564 899 735 736 404 405
986 886 786 590 591 130 131
490 390 53 538 562 769 793
345 261 612 449 452 344 347
161 953 952 455 456 495 496
108 783 688 515 516 18 19
299 618 903 639 640 922 923
234 799 949 412 413 892 893
328 553 395 989 996 93 100
882 584 379 332 336 2 6
228 440 286 909 910 835 836
770 301 681 252 253 838 839
945 262 172 956 970 799 813
688 331 116 789 796 462 469
378 335 210 169 187 838 856
350 136 16 912 950 332 370
622 332 460 603 608 843 848
353 32 172 529 543 457 471
194 426 642 791 794 94 97
332 458 204 330 347 108 125
318 269 901 911 912 923 924
823 790 478 577 578 704 705
866 971 32 95 104 358 367
695 964 5 327 776 358 807
181 659 204 100 117 561 578
850 61 528 162 167 381 386
952 748 673 788 792 200 204
167 827 902 958 959 310 311
915 619 978 531 532 705 706
102 326 435 643 645 945 947
29 214 495 994 995 22 23
112 291 521 435 437 283 285
897 706 233 60 66 25 31
436 88 78 347 371 603 627
926 134 562 949 952 161 164
900 250 852 207 208 421 422
949 368 553 311 313 112 114
144 28 478 222 223 155 156
590 257 837 866 868 928 930
688 478 988 939 940 315 316
138 572 421 443 445 606 608
937 763 132 913 921 729 737
667 629 350 469 472 881 884
487 127 920 163 164 15 16
401 430 183 667 674 926 933
247 178 865 476 477 606 607
611 322 295 718 723 865 870
141 475 523 210 213 643 646
97 689 92 588 599 80 91
463 832 318 909 920 885 896
499 551 904 917 918 529 530
648 272 125 539 568 36 65
376 278 865 818 819 295 296
788 604 471 228 233 580 585
496 555 842 348 349 593 594
809 355 38 819 831 692 704
871 844 252 166 171 300 305
821 116 450 684 687 546 549
923 433 875 278 280 781 783
894 798 772 487 489 621 623
557 682 795 963 965 816 818
928 202 600 531 536 847 852
774 216 140 387 391 236 240
20 307 212 513 522 940 949
451 959 34 871 975 628 732
307 943 663 806 807 607 608
700 633 768 928 929 909 910
772 594 582 977 979 630 632
518 792 175 587 602 945 960
624 680 714 978 979 260 261
450 2 869 239 241 592 594
147 763 49 753 838 152 237
934 720 557 977 978 396 397
986 303 158 82 100 909 927
308 759 373 50 59 83 92
207 714 104 469 490 915 936
668 324 682 852 855 570 573
950 687 968 133 134 20 21
152 419 866 326 327 27 28
539 484 852 850 851 777 778
332 155 107 639 661 376 398
710 848 556 818 823 119 124
53 676 790 92 93 664 665
174 220 917 995 996 385 386
64 325 298 189 199 268 278
687 890 865 552 553 622 623
830 511 365 305 307 253 255
574 783 980 490 491 557 558
716 859 929 371 372 555 556
552 115 899 849 850 689 690
504 37 490 375 382 406 413
526 535 525 992 993 91 92
614 621 931 858 859 565 566
623 404 289 332 333 592 593
247 656 955 872 873 709 710
279 608 726 39 41 882 884
963 517 42 169 249 221 301
384 971 254 130 135 698 703
911 136 671 508 510 527 529
238 304 790 395 396 532 533
362 577 686 745 749 748 752
561 322 710 734 736 656 658
100 283 356 860 862 62 64
479 902 686 901 905 765 769
990 741 495 450 451 528 529
57 0 653 70 71 986 987
929 512 683 714 720 479 485
195 987 129 159 175 471 487
155 394 15 340 546 618 824
801 340 686 297 301 504 508
600 982 566 599 600 793 794
632 101 716 188 189 681 682
558 893 276 163 171 879 887
341 748 718 577 580 521 524
104 779 842 665 666 984 985
627 505 123 675 679 623 627
338 960 240 541 544 348 351
78 746 304 269 290 375 396
970 623 83 560 593 35 68
910 109 989 351 352 229 230
432 902 618 433 437 130 134
788 605 233 337 343 238 244
912 185 93 98 105 923 930
453 944 704 343 344 724 725
146 506 895 633 636 972 975
600 624 780 129 131 541 543
170 383 244 959 971 785 797
402 202 851 862 863 934 935
503 76 49 655 740 530 615
917 27 946 973 974 392 393
66 461 654 497 499 135 137
161 981 955 67 68 541 542
95 317 354 519 524 873 878
644 937 766 858 859 907 908
832 311 183 320 327 596 603
625 38 54 188 214 968 994
569 145 690 886 887 389 390
592 977 27 762 887 336 461
749 284 458 723 726 362 365
430 345 258 689 692 409 412
152 435 193 954 975 692 713
802 891 134 833 847 835 849
577 962 148 274 276 682 684
458 248 225 985 991 465 471
493 4 214 46 54 510 518
898 360 142 790 797 575 582
28 717 538 285 288 48 51
951 603 481 631 635 967 971
617 607 234 695 708 832 845
60 535 153 812 828 514 530
239 120 181 938 947 509 518
266 623 18 864 920 27 83
631 692 925 233 234 902 903
903 148 120 375 385 203 213
150 742 682 415 418 473 476
455 771 934 137 138 231 232
193 279 221 797 804 123 130
236 164 984 958 959 323 324
838 772 487 815 819 5 9
323 674 367 798 799 158 159
357 165 251 384 394 446 456
700 130 228 756 762 887 893
702 480 205 824 835 56 67
743 922 782 868 869 895 896
671 618 631 502 503 865 866
217 506 872 503 504 84 85
903 478 636 115 116 897 898
110 645 218 287 288 684 685
943 913 873 339 340 337 338
628 14 2 204 983 7 786
396 646 63 283 294 249 260
916 350 576 545 550 398 403
315 734 1 0 999 0 999
82 604 742 3 4 499 500
187 346 348 592 593 847 848
122 928 838 726 727 741 742
65 497 422 572 576 349 353
123 954 414 380 384 362 366
752 435 47 512 525 455 468
552 652 493 297 302 864 869
247 680 834 292 293 360 361
393 82 431 672 678 188 194
446 956 443 737 742 511 516
88 24 203 571 575 304 308
444 821 169 428 431 621 624
958 794 208 576 590 540 554
264 254 200 921 926 495 500
553 597 58 745 783 267 305
91 141 973 48 49 337 338
640 884 328 647 657 841 851
608 84 429 917 921 833 837
325 756 95 655 664 663 672
593 756 343 988 991 553 556
20 99 21 338 488 692 842
517 245 854 262 264 821 823
472 692 815 235 237 442 444
388 437 927 570 571 420 421
482 142 612 841 844 938 941
137 736 721 71 72 914 915
978 588 600 531 536 32 37
682 817 704 772 773 745 746
946 177 198 959 961 708 710
255 400 902 908 909 920 921
86 268 446 834 840 29 35
702 649 832 394 395 75 76
150 790 635 178 180 616 618
321 384 41 605 692 482 569
854 619 137 692 729 1 38
162 588 122 20 24 696 700
917 989 586 187 191 80 84
901 467 944 254 255 226 227
331 0 652 965 966 886 887
153 536 847 622 623 210 211
264 804 997 60 61 374 375
16 720 400 533 537 933 937
278 874 598 431 433 647 649
987 267 222 567 574 297 304
888 328 71 910 954 28 72
584 514 447 542 545 695 698
971 941 734 14 15 176 177
943 9 295 988 993 168 173
678 718 756 43 45 87 89
177 647 12 263 302 336 375
442 419 325 411 412 307 308
937 35 660 312 313 241 242
91 351 322 154 158 199 203
588 780 461 19 21 318 320
643 682 64 914 964 948 998
245 852 378 796 798 468 470
963 436 834 14 15 471 472
768 745 166 640 647 190 197
416 71 266 310 314 772 776
254 739 405 764 766 395 397
721 591 943 788 789 270 271
353 440 792 701 702 861 862
730 731 666 592 593 282 283
678 18 340 988 995 274 281
633 12 590 978 979 792 793
526 239 594 809 810 835 836
762 872 490 312 319 533 540
551 544 803 563 564 214 215
768 233 548 350 354 570 574
539 211 814 534 535 585 586
105 685 256 862 866 910 914
32 918 602 706 712 276 282
284 937 357 3 6 839 842
90 579 720 486 489 843 846
506 641 256 688 692 60 64
765 460 840 457 458 37 38
553 153 806 487 489 456 458
137 251 236 782 791 703 712
398 443 470 151 157 828 834
422 11 669 1 4 199 202
908 300 255 659 678 282 301
625 976 829 676 677 732 733
424 235 532 706 708 532 534
18 248 518 440 442 281 283
706 886 762 908 909 115 116
880 855 81 220 246 941 967
81 867 485 328 329 262 263
746 134 237 501 522 643 664
894 833 751 858 860 257 259
916 834 243 811 828 103 120
328 335 506 949 951 907 909
931 325 134 152 166 813 827
451 549 917 871 872 763 764
847 162 847 294 295 302 303
634 81 420 406 418 201 213
16 82 146 494 506 671 683
125 398 685 823 824 578 579
50 310 723 502 503 824 825
905 305 468 482 483 605 606
710 110 905 324 325 614 615
226 15 763 339 341 769 771
290 990 114 71 116 353 398
484 544 275 578 581 796 799
263 590 948 975 977 233 235
434 341 973 879 880 116 117
352 436 121 881 890 501 510
863 782 802 678 680 586 588
676 398 800 220 223 741 744
555 45 884 12 17 304 309
927 734 45 378 434 203 259
10 970 137 894 931 566 603
181 506 231 227 241 798 812
700 609 722 764 766 505 507
217 683 86 970 984 846 860
27 674 914 662 664 986 988
167 27 259 233 245 270 282
541 917 840 394 395 634 635
582 652 569 406 409 107 110
952 304 490 965 972 562 569
