300 50 4
111 248 163 125 29 9 191 118 14 72 106 288 168 56 212 121 213 185 242 48 247 289 149 268 19 216 58 119 36 112 192 298 32 41 262 146 165 107 261 245 114 210 170 21 174 60 276 73 223 197 
1 2 357233493
2 3 302266230
3 4 577118932
4 5 729353715
5 6 414294406
6 7 961698297
7 8 128117236
8 9 261051113
9 10 835333947
10 11 28525182
11 12 467522785
12 13 12342079
13 14 601767589
14 15 237389852
15 16 592709228
16 17 513929319
17 18 242508593
18 19 49244272
19 20 36761060
20 21 3965212
21 22 649399514
22 23 266684554
23 24 10554078
24 25 502698254
25 26 107283642
26 27 925699616
27 28 615930570
28 29 778205061
29 30 276985110
30 31 799167726
31 32 193973646
32 33 302388640
33 34 870151723
34 35 44528136
35 36 48049061
36 37 943271045
37 38 366176729
38 39 113903134
39 40 490168107
40 41 182116167
41 42 815170993
42 43 222475779
43 44 45916424
44 45 121703857
45 46 702066508
46 47 397803016
47 48 51492359
48 49 74312416
49 50 181061303
50 51 236244126
51 52 817433582
52 53 981797785
53 54 215369873
54 55 372981907
55 56 749163206
56 57 388495275
57 58 118233712
58 59 936798248
59 60 677921730
60 61 682452335
61 62 456396266
62 63 8545742
63 64 640692069
64 65 20596888
65 66 697729067
66 67 22249681
67 68 995430310
68 69 618810686
69 70 99214869
70 71 454604353
71 72 514623210
72 73 167833429
73 74 803854659
74 75 641256191
75 76 882741296
76 77 325722557
77 78 784117347
78 79 159129683
79 80 178177796
80 81 540660515
81 82 534933073
82 83 668021919
83 84 771068865
84 85 277999984
85 86 501823087
86 87 59846899
87 88 369617523
88 89 896978547
89 90 724128496
90 91 57004730
91 92 580397772
92 93 512958836
93 94 276015852
94 95 570127207
95 96 685118843
96 97 215997904
97 98 545479375
98 99 357844342
99 100 909681097
100 101 495593757
101 102 391594334
102 103 161020630
103 104 264798398
104 105 6192314
105 106 353114458
106 107 985438918
107 108 253433811
108 109 618339979
109 110 32561420
110 111 86641882
111 112 109081116
112 113 483315646
113 114 995018008
114 115 433764617
115 116 230272821
116 117 311902684
117 118 83413193
118 119 713925745
119 120 707849263
120 121 609015907
121 122 233918148
122 123 701544149
123 124 396651640
124 125 198304941
125 126 941699919
126 127 780544746
127 128 475013715
128 129 917186476
129 130 788316677
130 131 191789427
131 132 693931691
132 133 190776564
133 134 560726149
134 135 343177658
135 136 667762616
136 137 749113186
137 138 262745175
138 139 297610884
139 140 657914785
140 141 204503887
141 142 140328057
142 143 301143092
143 144 522520465
144 145 398620702
145 146 691205074
146 147 794016386
147 148 208959283
148 149 406619218
149 150 986409097
150 151 102746174
151 152 800143115
152 153 786470362
153 154 241328438
154 155 300216451
155 156 249039441
156 157 365497834
157 158 662849940
158 159 972158094
159 160 70050237
160 161 490065838
161 162 999885356
162 163 479887215
163 164 904858714
164 165 32779699
165 166 972060392
166 167 531314146
167 168 13188543
168 169 805179111
169 170 872531268
170 171 308239764
171 172 102207431
172 173 663849722
173 174 794609780
174 175 189607151
175 176 863783237
176 177 402002053
177 178 208164063
178 179 476244492
179 180 30432794
180 181 992505610
181 182 303854239
182 183 866980142
183 184 619837654
184 185 60255213
185 186 164260853
186 187 48031546
187 188 315432641
188 189 824292101
189 190 92510025
190 191 107673226
191 192 850488229
192 193 895754275
193 194 197831622
194 195 126845849
195 196 92002672
196 197 704868096
197 198 814566368
198 199 178067650
199 200 134283617
200 201 652241424
201 202 477557002
202 203 961807315
203 204 536806667
204 205 864324365
205 206 944014659
206 207 373340398
207 208 931720271
208 209 374607139
209 210 77296149
210 211 620022889
211 212 363848437
212 213 234982936
213 214 124781572
214 215 290415788
215 216 515587664
216 217 22213059
217 218 736813144
218 219 958791740
219 220 953493373
220 221 918653020
221 222 7187705
222 223 81568517
223 224 905576359
224 225 570672436
225 226 153030193
226 227 360264879
227 228 62458359
228 229 800517726
229 230 852879827
230 231 368159938
231 232 969648162
232 233 202926381
233 234 932734208
234 235 345365154
235 236 174745263
236 237 462980059
237 238 906833349
238 239 995153856
239 240 51093860
240 241 366603138
241 242 64861634
242 243 91709636
243 244 937150141
244 245 826664994
245 246 725871588
246 247 931190778
247 248 68309402
248 249 896386190
249 250 174476912
250 251 854633453
251 252 938927238
252 253 462782318
253 254 91359152
254 255 39503923
255 256 142864609
256 257 932279730
257 258 5506687
258 259 727128995
259 260 3567338
260 261 171886758
261 262 116300014
262 263 738589073
263 264 276316938
264 265 715828697
265 266 138822087
266 267 271839840
267 268 248386244
268 269 575618306
269 270 681296603
270 271 71089260
271 272 853571591
272 273 667709451
273 274 120421232
274 275 854650154
275 276 903586050
276 277 551340956
277 278 258067861
278 279 223154036
279 280 793488544
280 281 58832943
281 282 179182389
282 283 385732681
283 284 772059737
284 285 996071827
285 286 36383166
286 287 440562359
287 288 278226377
288 289 221228207
289 290 163757347
290 291 526899211
291 292 652852986
292 293 863466333
293 294 262815351
294 295 399531378
295 296 330341058
296 297 691055058
297 298 911936142
298 299 226182051
299 300 694987560
