5000 100 42
2701 4080 3278 1847 2777 3673 1156 4289 87 2683 3779 1291 3050 4504 200 2540 1876 3577 777 1843 3594 3926 2043 4565 3362 1029 1282 2433 97 882 4454 2323 475 573 4166 4261 715 2866 1523 1936 227 341 2118 4419 3008 58 4924 1736 4936 4603 4517 35 199 4822 741 1040 201 3192 4767 1675 2055 3801 88 2259 572 958 732 4450 791 289 1285 1014 4592 3256 1968 3485 1261 2159 75 1219 1661 4969 149 2565 237 4259 3662 3579 3324 1920 3809 645 2033 4531 2906 347 2039 2527 3897 1803 
1 2 373554377
1 3 159038543
1 4 281883237
1 5 123412780
1 6 772660212
1 7 93899800
1 8 929899987
1 9 924837200
1 10 450598027
1 11 790530074
1 12 856180700
1 13 450639407
1 14 613518087
1 15 136924596
1 16 936596996
1 17 346380748
1 18 281675591
1 19 234398137
1 20 222029783
1 21 299781681
1 22 3264801
1 23 703794609
1 24 442086695
1 25 153251873
1 26 262898524
1 27 278128653
1 28 482742926
1 29 82733796
1 30 739155755
1 31 744035596
1 32 815369799
1 33 512635628
1 34 555297760
1 35 205480236
1 36 581285051
1 37 882081067
1 38 437671323
1 39 696983526
1 40 554722265
1 41 232313473
1 42 275513405
1 43 612003298
1 44 655959879
1 45 878074201
1 46 306333748
1 47 547594349
1 48 422198082
1 49 679574247
1 50 502889454
1 51 57183604
1 52 727889202
1 53 347808921
1 54 12402266
1 55 12764670
1 56 287534669
1 57 265948034
1 58 416174566
1 59 698286023
1 60 553503195
1 61 322829397
1 62 621340292
1 63 308642471
1 64 990390616
1 65 261016764
1 66 728541048
1 67 4547890
1 68 462062283
1 69 318089756
1 70 840016338
1 71 228499554
1 72 875010534
1 73 955995099
1 74 44184485
1 75 966933931
1 76 349827050
1 77 58646818
1 78 309014667
1 79 326347514
1 80 839049612
1 81 591785362
1 82 69523180
1 83 255731615
1 84 628087949
1 85 866633538
1 86 933826085
1 87 23283669
1 88 380656403
1 89 225520097
1 90 19209365
1 91 892524564
1 92 639075158
1 93 145946621
1 94 660441370
1 95 70431363
1 96 22765194
1 97 604947481
1 98 932404680
1 99 126329707
1 100 72584870
1 101 271649535
1 102 768542096
1 103 139355848
1 104 972100714
1 105 345932514
1 106 499746080
1 107 50875230
1 108 897029735
1 109 180177936
1 110 591404125
1 111 517826511
1 112 871362434
1 113 964908545
1 114 435123324
1 115 830150689
1 116 537160039
1 117 593216438
1 118 398891592
1 119 471026010
1 120 268295859
1 121 313815716
1 122 264838292
1 123 49249032
1 124 457637740
1 125 619303783
1 126 952239851
1 127 255455427
1 128 5930920
1 129 222445955
1 130 741122849
1 131 369646809
1 132 82434098
1 133 460176376
1 134 227045750
1 135 818350022
1 136 535656504
1 137 115085560
1 138 824409035
1 139 322342348
1 140 204837475
1 141 645203706
1 142 648016811
1 143 901007570
1 144 337191309
1 145 532766111
1 146 43840905
1 147 52529116
1 148 224704529
1 149 965171531
1 150 918049602
1 151 84397115
1 152 707313124
1 153 531312799
1 154 232275802
1 155 508196422
1 156 948812872
1 157 349527829
1 158 255620836
1 159 906872314
1 160 70607951
1 161 648281102
1 162 41923313
1 163 893913081
1 164 193721343
1 165 136585409
1 166 957354371
1 167 80795505
1 168 95355151
1 169 722107378
1 170 220955284
1 171 390940354
1 172 776831957
1 173 511679496
1 174 681049529
1 175 207907972
1 176 96933971
1 177 376311166
1 178 89518034
1 179 348572862
1 180 868996566
1 181 262119108
1 182 71520318
1 183 91384852
1 184 991810283
1 185 693912809
1 186 772633503
1 187 35630547
1 188 280622372
1 189 298897591
1 190 6745119
1 191 192870948
1 192 966518069
1 193 915176788
1 194 569641380
1 195 83295985
1 196 765111575
1 197 123946830
1 198 19452522
1 199 244642538
1 200 795438065
1 201 893877888
1 202 352887692
1 203 401079579
1 204 550060554
1 205 442245454
1 206 587214206
1 207 371808746
1 208 645961406
1 209 537034768
1 210 774447544
1 211 571850672
1 212 392104735
1 213 338979692
1 214 140691124
1 215 256285837
1 216 573192997
1 217 945488308
1 218 375649529
1 219 626421533
1 220 245980740
1 221 164045883
1 222 468068974
1 223 580549533
1 224 836924292
1 225 911633202
1 226 778514036
1 227 344659438
1 228 962939671
1 229 793509753
1 230 938916445
1 231 675267668
1 232 52590724
1 233 820610677
1 234 369312341
1 235 533928486
1 236 151893429
1 237 719357600
1 238 821061690
1 239 167162376
1 240 319209190
1 241 72765883
1 242 484086705
1 243 40510339
1 244 24405989
1 245 752766452
1 246 163225323
1 247 366448520
1 248 642041904
1 249 62296037
1 250 356736083
1 251 471944989
1 252 5998069
1 253 732839429
1 254 122512372
1 255 714478984
1 256 858234431
1 257 494148513
1 258 538090136
1 259 730278789
1 260 888064618
1 261 481512477
1 262 591175696
1 263 543602891
1 264 848019387
1 265 445275518
1 266 288305582
1 267 484927334
1 268 790027247
1 269 180181363
1 270 964651507
1 271 385027368
1 272 441681949
1 273 293200384
1 274 448293971
1 275 225209650
1 276 619677750
1 277 157544928
1 278 507943652
1 279 333203382
1 280 29477401
1 281 744999208
1 282 856840919
1 283 130592833
1 284 219189456
1 285 594770824
1 286 341809730
1 287 681854680
1 288 921940044
1 289 387727613
1 290 601699152
1 291 461561500
1 292 287628840
1 293 346370763
1 294 435640534
1 295 843334915
1 296 71355186
1 297 76551492
1 298 841247166
1 299 717910011
1 300 604133635
1 301 985945864
1 302 61807200
1 303 632230079
1 304 191164194
1 305 567283749
1 306 168018440
1 307 732293601
1 308 750430345
1 309 254417018
1 310 966644207
1 311 838517565
1 312 814889093
1 313 241382693
1 314 901925425
1 315 107676489
1 316 585257755
1 317 255404479
1 318 128592152
1 319 800001639
1 320 584260148
1 321 251531754
1 322 125766552
1 323 885266114
1 324 61667846
1 325 403661064
1 326 412819311
1 327 264337156
1 328 519332405
1 329 421657577
1 330 573387676
1 331 976028792
1 332 141927529
1 333 177147648
1 334 174144362
1 335 150318674
1 336 67819678
1 337 990831872
1 338 392232121
1 339 865222242
1 340 143103708
1 341 547840021
1 342 217509470
1 343 474956327
1 344 755967156
1 345 43658126
1 346 980310915
1 347 397453561
1 348 748833284
1 349 93079269
1 350 128373167
1 351 57529753
1 352 427108148
1 353 917744097
1 354 568712637
1 355 264897008
1 356 55212060
1 357 155491520
1 358 941834158
1 359 506871842
1 360 894652646
1 361 571143498
1 362 895183890
1 363 108682591
1 364 169030031
1 365 26056129
1 366 200332781
1 367 80068191
1 368 853498753
1 369 881811567
1 370 782913581
1 371 987440337
1 372 83922857
1 373 209447381
1 374 109925128
1 375 777379693
1 376 211750911
1 377 411894412
1 378 761263244
1 379 575569919
1 380 768587804
1 381 13869953
1 382 718775493
1 383 740496703
1 384 523262215
1 385 701852405
1 386 270542896
1 387 616964538
1 388 291800867
1 389 933335446
1 390 914476723
1 391 643234519
1 392 111771962
1 393 296832677
1 394 298189198
1 395 660006364
1 396 470909248
1 397 269103875
1 398 105547214
1 399 243215367
1 400 425571934
1 401 358825128
1 402 453129007
1 403 995732789
1 404 462020990
1 405 978888189
1 406 337740677
1 407 495463987
1 408 951642664
1 409 128499054
1 410 233808498
1 411 627091240
1 412 315596375
1 413 124027767
1 414 856179904
1 415 556343218
1 416 76897099
1 417 1844047
1 418 444642351
1 419 15559261
1 420 240842147
1 421 264174522
1 422 474620416
1 423 15605469
1 424 892367915
1 425 328625123
1 426 816157247
1 427 262987746
1 428 170710549
1 429 772741204
1 430 787125372
1 431 200795231
1 432 859359641
1 433 892710354
1 434 639645568
1 435 794647056
1 436 2620910
1 437 368480418
1 438 69258792
1 439 32949518
1 440 855150902
1 441 601623979
1 442 191564393
1 443 880153881
1 444 760767381
1 445 726775093
1 446 527345946
1 447 52583464
1 448 347567590
1 449 347290113
1 450 835979444
1 451 744045077
1 452 982688920
1 453 272628966
1 454 968302813
1 455 721752332
1 456 419416720
1 457 660247853
1 458 295675534
1 459 444440428
1 460 275848516
1 461 188435188
1 462 284006341
1 463 677056287
1 464 349863461
1 465 195669317
1 466 866975830
1 467 463638095
1 468 202352414
1 469 197328857
1 470 567336168
1 471 528502955
1 472 511225887
1 473 976646540
1 474 86208609
1 475 374722696
1 476 76402064
1 477 753833311
1 478 256415848
1 479 903800083
1 480 435611785
1 481 460201400
1 482 348181404
1 483 254923507
1 484 708937575
1 485 551785917
1 486 880765601
1 487 574750162
1 488 123199930
1 489 432933706
1 490 400371381
1 491 438301112
1 492 570339757
1 493 327289705
1 494 914129521
1 495 431014252
1 496 607350138
1 497 464095346
1 498 178356427
1 499 560941487
1 500 179191257
1 501 712333998
1 502 225280071
1 503 762473228
1 504 768598010
1 505 131568037
1 506 790741004
1 507 172542867
1 508 197745039
1 509 42917397
1 510 183593878
1 511 481503547
1 512 845739480
1 513 119541627
1 514 698236915
1 515 985426295
1 516 319476426
1 517 799920989
1 518 507813831
1 519 507671387
1 520 75691548
1 521 18824160
1 522 770265735
1 523 800695191
1 524 647394715
1 525 343630255
1 526 223050978
1 527 930430726
1 528 854376133
1 529 352663818
1 530 550580015
1 531 461841331
1 532 59909266
1 533 611572215
1 534 71461614
1 535 110655153
1 536 971097268
1 537 846413427
1 538 93596989
1 539 450122848
1 540 293846237
1 541 461902838
1 542 582757755
1 543 5597951
1 544 471195934
1 545 513461156
1 546 812074740
1 547 221100419
1 548 480303588
1 549 329329078
1 550 334776672
1 551 637185378
1 552 791966667
1 553 372979917
1 554 834177791
1 555 924799613
1 556 793533863
1 557 746030920
1 558 513862825
1 559 8188017
1 560 206584654
1 561 256168221
1 562 371886667
1 563 173729958
1 564 732382881
1 565 486154207
1 566 494815966
1 567 697180898
1 568 442333468
1 569 714865172
1 570 172012909
1 571 253058729
1 572 809353821
1 573 204896609
1 574 207394712
1 575 58093316
1 576 517326901
1 577 759693791
1 578 614746621
1 579 545037197
1 580 469830062
1 581 864921281
1 582 865691666
1 583 603429059
1 584 5943182
1 585 834642299
1 586 596537246
1 587 374318298
1 588 749288849
1 589 468386623
1 590 816409575
1 591 12708908
1 592 27167420
1 593 502001172
1 594 806296834
1 595 496769977
1 596 808476445
1 597 564696490
1 598 524328503
1 599 217971425
1 600 18363074
1 601 107369039
1 602 986910877
1 603 10700825
1 604 85336393
1 605 598264733
1 606 824552802
1 607 176202511
1 608 238173160
1 609 682101604
1 610 235627982
1 611 576639478
1 612 956031844
1 613 493564974
1 614 742587846
1 615 162484161
1 616 900507850
1 617 798340596
1 618 341805067
1 619 831084456
1 620 894235025
1 621 960897963
1 622 565247835
1 623 991296198
1 624 889633573
1 625 506727357
1 626 668413643
1 627 420842434
1 628 72753230
1 629 702401947
1 630 334020279
1 631 756536573
1 632 850631356
1 633 677577406
1 634 4555521
1 635 512850558
1 636 249441051
1 637 286238608
1 638 846503025
1 639 6891666
1 640 164778762
1 641 130513733
1 642 119835349
1 643 801620054
1 644 148542058
1 645 712067241
1 646 875172286
1 647 614234450
1 648 132076730
1 649 854911845
1 650 137839534
1 651 771061705
1 652 395286438
1 653 569570703
1 654 86084944
1 655 135340044
1 656 250612485
1 657 357158816
1 658 190154922
1 659 879512274
1 660 587081637
1 661 30353775
1 662 119230982
1 663 365755620
1 664 757451230
1 665 646883721
1 666 735588118
1 667 860932726
1 668 945200394
1 669 106127587
1 670 214091101
1 671 865725256
1 672 210876827
1 673 224778834
1 674 188380212
1 675 141114273
1 676 217746437
1 677 248636271
1 678 514146233
1 679 737041990
1 680 913049430
1 681 319274582
1 682 494709448
1 683 889784730
1 684 265904661
1 685 593584039
1 686 102879225
1 687 812699010
1 688 184732237
1 689 688161477
1 690 581360008
1 691 718791235
1 692 349868978
1 693 785347787
1 694 708813101
1 695 189360929
1 696 158403429
1 697 83460524
1 698 356344922
1 699 909674419
1 700 862965477
1 701 951696090
1 702 274479341
1 703 350550187
1 704 636529945
1 705 769041026
1 706 983685945
1 707 922371779
1 708 3127887
1 709 594140793
1 710 550421793
1 711 345242359
1 712 349489409
1 713 636166827
1 714 798511600
1 715 130350941
1 716 523924269
1 717 672654214
1 718 587174258
1 719 925476232
1 720 293924331
1 721 662602157
1 722 500183696
1 723 60616459
1 724 584483318
1 725 60220711
1 726 797429594
1 727 597887239
1 728 147201139
1 729 421589868
1 730 62942873
1 731 792311776
1 732 626816290
1 733 885414890
1 734 598555560
1 735 287816846
1 736 638200291
1 737 990368464
1 738 652015713
1 739 348144926
1 740 227693557
1 741 748085665
1 742 940086092
1 743 519029365
1 744 528651314
1 745 387133926
1 746 117963034
1 747 543556586
1 748 916469613
1 749 776668791
1 750 626481596
1 751 336350942
1 752 948716149
1 753 684669383
1 754 804233515
1 755 529197206
1 756 85321090
1 757 349321714
1 758 887147558
1 759 954117278
1 760 114274665
1 761 181243464
1 762 960927431
1 763 635839923
1 764 710238420
1 765 98440898
1 766 306291920
1 767 843884392
1 768 645667201
1 769 177066844
1 770 370864462
1 771 206561378
1 772 465274081
1 773 42378446
1 774 883757058
1 775 558022515
1 776 658438547
1 777 499647486
1 778 145968169
1 779 32005154
1 780 38931945
1 781 153412054
1 782 607138868
1 783 277412703
1 784 647073780
1 785 274258593
1 786 369494529
1 787 847290847
1 788 513401022
1 789 424830472
1 790 515633548
1 791 319658736
1 792 83163278
1 793 725245366
1 794 949921372
1 795 382351020
1 796 122385793
1 797 582142061
1 798 247007069
1 799 602830127
1 800 191335565
1 801 265960214
1 802 733946228
1 803 593595682
1 804 145659644
1 805 867782134
1 806 180396231
1 807 115791441
1 808 340946843
1 809 731570016
1 810 975886407
1 811 269887481
1 812 45776948
1 813 119115950
1 814 287392287
1 815 806092279
1 816 129843896
1 817 625100781
1 818 256752756
1 819 604204645
1 820 273496956
1 821 327964034
1 822 97816212
1 823 199820255
1 824 339423183
1 825 618256036
1 826 867002029
1 827 987035515
1 828 354830611
1 829 686752142
1 830 351656957
1 831 49877631
1 832 748206445
1 833 974875518
1 834 101469250
1 835 636083563
1 836 956517679
1 837 404073971
1 838 777052828
1 839 223131748
1 840 562297786
1 841 845594748
1 842 143691043
1 843 72968348
1 844 653498068
1 845 989067134
1 846 887605750
1 847 788812490
1 848 322911385
1 849 490579040
1 850 824093834
1 851 542402944
1 852 555048523
1 853 555906529
1 854 175004767
1 855 719180455
1 856 357600866
1 857 922633156
1 858 846647699
1 859 484999931
1 860 117260868
1 861 948483050
1 862 902116176
1 863 436000933
1 864 793733737
1 865 456897100
1 866 83785767
1 867 989667519
1 868 794356709
1 869 66312511
1 870 38734826
1 871 732669874
1 872 314225060
1 873 36463585
1 874 194264696
1 875 525451409
1 876 807595295
1 877 474323158
1 878 983484933
1 879 578552321
1 880 25382217
1 881 518622097
1 882 159390537
1 883 215267362
1 884 356821815
1 885 122650300
1 886 227953933
1 887 269989523
1 888 612781122
1 889 998841489
1 890 887443995
1 891 224096927
1 892 302925139
1 893 252929794
1 894 60408992
1 895 799651369
1 896 867403958
1 897 526661079
1 898 741868223
1 899 91264606
1 900 190650944
1 901 197651834
1 902 148375026
1 903 76073066
1 904 496046532
1 905 109235564
1 906 153660657
1 907 566680609
1 908 17796819
1 909 471244906
1 910 941283479
1 911 155751926
1 912 332693440
1 913 163503094
1 914 27136184
1 915 33668010
1 916 12461503
1 917 238227050
1 918 366120423
1 919 483169
1 920 662262098
1 921 165652918
1 922 982696609
1 923 330198206
1 924 334978412
1 925 445495416
1 926 677372336
1 927 566118407
1 928 516575650
1 929 190942236
1 930 497185533
1 931 288880903
1 932 189453736
1 933 177812776
1 934 995717632
1 935 93389352
1 936 757260801
1 937 799722705
1 938 107328440
1 939 930817352
1 940 542515302
1 941 618204544
1 942 259174013
1 943 137633113
1 944 491793012
1 945 244016928
1 946 508116622
1 947 461303483
1 948 511055719
1 949 745228259
1 950 358081502
1 951 56368230
1 952 752234738
1 953 842730761
1 954 706795251
1 955 490222702
1 956 669443519
1 957 76862381
1 958 169059317
1 959 795525358
1 960 92374291
1 961 424348499
1 962 82364275
1 963 439868273
1 964 920340711
1 965 995130855
1 966 610374061
1 967 548656940
1 968 558251781
1 969 350979180
1 970 51411530
1 971 451298799
1 972 394176021
1 973 830413400
1 974 125038463
1 975 903808012
1 976 163608860
1 977 137808243
1 978 643224059
1 979 675879311
1 980 744474782
1 981 763001620
1 982 431296879
1 983 362012495
1 984 258113127
1 985 68082171
1 986 767165953
1 987 422820123
1 988 971690936
1 989 8007143
1 990 78095079
1 991 430479137
1 992 182358626
1 993 259766141
1 994 867987144
1 995 160504531
1 996 619038830
1 997 81759979
1 998 158063411
1 999 878363611
1 1000 532317547
1 1001 53000383
1 1002 696699735
1 1003 112797660
1 1004 143572780
1 1005 871988428
1 1006 149390073
1 1007 88615796
1 1008 103699525
1 1009 561205041
1 1010 721526569
1 1011 976790718
1 1012 59962315
1 1013 954969064
1 1014 145071564
1 1015 220551048
1 1016 178175378
1 1017 161279400
1 1018 411877366
1 1019 964498530
1 1020 697822866
1 1021 500719670
1 1022 695771165
1 1023 904183513
1 1024 840124485
1 1025 672481186
1 1026 190184377
1 1027 270523318
1 1028 746646929
1 1029 317434396
1 1030 517839518
1 1031 662408258
1 1032 197598551
1 1033 700842112
1 1034 174685884
1 1035 615774555
1 1036 170641292
1 1037 986872663
1 1038 862957498
1 1039 80641413
1 1040 117313996
1 1041 385074466
1 1042 288646433
1 1043 107502516
1 1044 313682475
1 1045 4029257
1 1046 525991768
1 1047 640432866
1 1048 976180353
1 1049 861539035
1 1050 282494267
1 1051 540724372
1 1052 991635596
1 1053 415777977
1 1054 345708407
1 1055 771645301
1 1056 830337050
1 1057 847399093
1 1058 106591056
1 1059 438164605
1 1060 46012768
1 1061 366434825
1 1062 640069563
1 1063 144347751
1 1064 649075811
1 1065 492447037
1 1066 511261378
1 1067 738834376
1 1068 193768291
1 1069 6318388
1 1070 485449014
1 1071 868779761
1 1072 239062857
1 1073 813980024
1 1074 884245194
1 1075 528807082
1 1076 66445786
1 1077 522023523
1 1078 665680439
1 1079 239457345
1 1080 549007657
1 1081 19605308
1 1082 122706228
1 1083 309152296
1 1084 238064836
1 1085 723351135
1 1086 160041373
1 1087 804698687
1 1088 403815140
1 1089 608137480
1 1090 388805366
1 1091 984693869
1 1092 85922001
1 1093 109099419
1 1094 305519345
1 1095 249167854
1 1096 927296399
1 1097 610648302
1 1098 502165645
1 1099 442803493
1 1100 232965259
1 1101 228698390
1 1102 883063911
1 1103 56718142
1 1104 566958088
1 1105 294319028
1 1106 162597067
1 1107 71704168
1 1108 636760901
1 1109 847309706
1 1110 467828617
1 1111 791592619
1 1112 466322543
1 1113 572020499
1 1114 71977760
1 1115 364862608
1 1116 623430643
1 1117 816570864
1 1118 362925227
1 1119 906465380
1 1120 737298676
1 1121 641153211
1 1122 882660478
1 1123 344760954
1 1124 173130951
1 1125 156934768
1 1126 677613557
1 1127 596779358
1 1128 907167488
1 1129 491882212
1 1130 192899652
1 1131 147994884
1 1132 186785147
1 1133 754984643
1 1134 751281443
1 1135 800401819
1 1136 178389942
1 1137 70916551
1 1138 246491394
1 1139 894151614
1 1140 362369889
1 1141 184822460
1 1142 930283132
1 1143 642514163
1 1144 640322536
1 1145 913733282
1 1146 716699687
1 1147 462428846
1 1148 128234109
1 1149 787386251
1 1150 308570363
1 1151 117339863
1 1152 782352631
1 1153 974628566
1 1154 91909117
1 1155 42961138
1 1156 102456942
1 1157 389626829
1 1158 200483772
1 1159 756742267
1 1160 89632054
1 1161 39256864
1 1162 117657161
1 1163 954067232
1 1164 497783618
1 1165 784763513
1 1166 987975329
1 1167 136490085
1 1168 478483656
1 1169 91073361
1 1170 331490746
1 1171 927444281
1 1172 772747779
1 1173 343629271
1 1174 56975826
1 1175 332000980
1 1176 834186922
1 1177 202009418
1 1178 767134156
1 1179 37685955
1 1180 757420828
1 1181 509507716
1 1182 596183409
1 1183 188640272
1 1184 936135622
1 1185 503312131
1 1186 859527165
1 1187 595348060
1 1188 312922397
1 1189 183820747
1 1190 445664248
1 1191 372134570
1 1192 36097202
1 1193 47988656
1 1194 244443245
1 1195 6587773
1 1196 915625409
1 1197 180229399
1 1198 5708342
1 1199 450304902
1 1200 826035723
1 1201 585591056
1 1202 553214769
1 1203 393460508
1 1204 99464588
1 1205 727766592
1 1206 962644828
1 1207 481162923
1 1208 183768599
1 1209 86008984
1 1210 960482410
1 1211 808649575
1 1212 5268127
1 1213 331656787
1 1214 399483652
1 1215 25437964
1 1216 770168763
1 1217 629933966
1 1218 170500373
1 1219 26998570
1 1220 578505148
1 1221 6525413
1 1222 684817714
1 1223 227917528
1 1224 245259348
1 1225 3427850
1 1226 151728224
1 1227 979443832
1 1228 341443491
1 1229 700538940
1 1230 933878279
1 1231 990877393
1 1232 292153874
1 1233 730295233
1 1234 52232309
1 1235 450413969
1 1236 439873541
1 1237 10124412
1 1238 97607235
1 1239 111067308
1 1240 297558892
1 1241 639992166
1 1242 248992728
1 1243 382571837
1 1244 135953148
1 1245 781656136
1 1246 7835856
1 1247 806488133
1 1248 715676756
1 1249 58583174
1 1250 876870134
1 1251 651247364
1 1252 522462444
1 1253 324913199
1 1254 151211393
1 1255 120211449
1 1256 205009014
1 1257 254983094
1 1258 128777242
1 1259 56340919
1 1260 50861706
1 1261 378892848
1 1262 458164188
1 1263 512960290
1 1264 794073116
1 1265 564124688
1 1266 727294235
1 1267 489579515
1 1268 235038948
1 1269 833764359
1 1270 534778802
1 1271 272831021
1 1272 222802170
1 1273 103657358
1 1274 277163792
1 1275 114321090
1 1276 883421938
1 1277 571466202
1 1278 874164006
1 1279 967831503
1 1280 671698035
1 1281 374569186
1 1282 657041530
1 1283 134595731
1 1284 108651956
1 1285 72077474
1 1286 489463395
1 1287 208339428
1 1288 947035228
1 1289 197648121
1 1290 38436981
1 1291 37144610
1 1292 285301390
1 1293 590777411
1 1294 228091686
1 1295 610418572
1 1296 568905174
1 1297 626501608
1 1298 808753040
1 1299 67622183
1 1300 761996436
1 1301 695016726
1 1302 470921523
1 1303 984240587
1 1304 955114174
1 1305 247020612
1 1306 184615958
1 1307 216204310
1 1308 8372052
1 1309 245604068
1 1310 210331555
1 1311 368106952
1 1312 294240771
1 1313 888303076
1 1314 37755881
1 1315 466395501
1 1316 749120174
1 1317 50089803
1 1318 399531905
1 1319 973535844
1 1320 980974360
1 1321 665306521
1 1322 570882130
1 1323 753644357
1 1324 670185299
1 1325 200376713
1 1326 113106446
1 1327 709828359
1 1328 178399645
1 1329 910321847
1 1330 381040139
1 1331 912627794
1 1332 409728670
1 1333 829564385
1 1334 610206842
1 1335 805341581
1 1336 529653643
1 1337 300874033
1 1338 518972876
1 1339 958740711
1 1340 195764497
1 1341 37467070
1 1342 918281540
1 1343 197049984
1 1344 420476331
1 1345 607394073
1 1346 809884941
1 1347 62495451
1 1348 522378876
1 1349 1054923
1 1350 576153426
1 1351 943417296
1 1352 266090128
1 1353 798597439
1 1354 328530494
1 1355 982170954
1 1356 538352959
1 1357 138025308
1 1358 191581230
1 1359 84558383
1 1360 356512568
1 1361 460274677
1 1362 549137048
1 1363 161277868
1 1364 231744170
1 1365 227506409
1 1366 128094238
1 1367 351650128
1 1368 303094978
1 1369 53330880
1 1370 844776791
1 1371 880746265
1 1372 400815876
1 1373 158329313
1 1374 974257433
1 1375 822820457
1 1376 563658156
1 1377 747564490
1 1378 52464550
1 1379 1517352
1 1380 92870452
1 1381 447881831
1 1382 742112631
1 1383 347016013
1 1384 401317398
1 1385 511031233
1 1386 118040799
1 1387 470702488
1 1388 187242656
1 1389 526876043
1 1390 901095878
1 1391 79181832
1 1392 31345209
1 1393 513762401
1 1394 902789471
1 1395 355903498
1 1396 907074823
1 1397 193563299
1 1398 61249693
1 1399 436726479
1 1400 876379871
1 1401 640889422
1 1402 328423553
1 1403 566009364
1 1404 940163023
1 1405 915950338
1 1406 871087757
1 1407 668183583
1 1408 753221243
1 1409 343917184
1 1410 435068979
1 1411 412424228
1 1412 2558034
1 1413 852254708
1 1414 724376075
1 1415 127195702
1 1416 961815405
1 1417 671461594
1 1418 462523460
1 1419 110438571
1 1420 461400871
1 1421 842485272
1 1422 537035368
1 1423 109023811
1 1424 733204740
1 1425 889335268
1 1426 553503680
1 1427 110113301
1 1428 504896071
1 1429 698954181
1 1430 476618938
1 1431 443971462
1 1432 923779756
1 1433 599428599
1 1434 426107866
1 1435 294098006
1 1436 378624249
1 1437 803234932
1 1438 811007015
1 1439 191405865
1 1440 727747140
1 1441 698148248
1 1442 619435168
1 1443 533033629
1 1444 822231492
1 1445 172374874
1 1446 786142152
1 1447 149173681
1 1448 999012111
1 1449 58904487
1 1450 419009852
1 1451 183531191
1 1452 535818716
1 1453 502579816
1 1454 658506077
1 1455 543634952
1 1456 272723856
1 1457 408146578
1 1458 618432005
1 1459 22837233
1 1460 461104372
1 1461 49985859
1 1462 14783698
1 1463 613764096
1 1464 456388761
1 1465 738754278
1 1466 406510574
1 1467 992198216
1 1468 380360329
1 1469 995456379
1 1470 11886315
1 1471 900312329
1 1472 779660723
1 1473 517972732
1 1474 594843973
1 1475 532584651
1 1476 154324341
1 1477 46436328
1 1478 519737547
1 1479 164278471
1 1480 62780969
1 1481 206689438
1 1482 759087883
1 1483 701169741
1 1484 51365040
1 1485 116016622
1 1486 204780180
1 1487 817239469
1 1488 988556318
1 1489 92752006
1 1490 656254058
1 1491 672655288
1 1492 411152441
1 1493 611918905
1 1494 215714725
1 1495 521028851
1 1496 873300427
1 1497 377600742
1 1498 437486122
1 1499 98623439
1 1500 828359552
1 1501 8197753
1 1502 280555729
1 1503 655466016
1 1504 580678275
1 1505 201598101
1 1506 286419928
1 1507 246218842
1 1508 995312370
1 1509 944179069
1 1510 813731945
1 1511 269501656
1 1512 653902971
1 1513 633698641
1 1514 653923543
1 1515 607636512
1 1516 787116398
1 1517 846954740
1 1518 888942501
1 1519 543562903
1 1520 901989488
1 1521 258780761
1 1522 863828844
1 1523 625794928
1 1524 671476182
1 1525 499675922
1 1526 969675340
1 1527 412495227
1 1528 476689337
1 1529 939954969
1 1530 955679372
1 1531 863159167
1 1532 733327675
1 1533 214353189
1 1534 464627966
1 1535 74099328
1 1536 4593677
1 1537 712797140
1 1538 735136408
1 1539 346954400
1 1540 631934089
1 1541 365203194
1 1542 951819967
1 1543 895445656
1 1544 327931585
1 1545 866548328
1 1546 379809639
1 1547 180204953
1 1548 997064494
1 1549 12846993
1 1550 463848456
1 1551 273332418
1 1552 651600336
1 1553 424431406
1 1554 266880599
1 1555 876083250
1 1556 317770631
1 1557 422278858
1 1558 393233833
1 1559 266603467
1 1560 7547179
1 1561 56524697
1 1562 758017728
1 1563 753568587
1 1564 746621423
1 1565 276245379
1 1566 820995868
1 1567 655513951
1 1568 164294917
1 1569 68325050
1 1570 879610438
1 1571 816637544
1 1572 908518584
1 1573 673137816
1 1574 264223184
1 1575 797371781
1 1576 431351227
1 1577 445336567
1 1578 350227685
1 1579 443446666
1 1580 30601463
1 1581 981645664
1 1582 130141990
1 1583 429344885
1 1584 534950571
1 1585 893055925
1 1586 795753440
1 1587 431787152
1 1588 443662077
1 1589 280281548
1 1590 922266629
1 1591 408681147
1 1592 463367612
1 1593 843768940
1 1594 777415305
1 1595 392626518
1 1596 841318158
1 1597 210836598
1 1598 525833736
1 1599 908456639
1 1600 86001872
1 1601 368271282
1 1602 198196947
1 1603 552558179
1 1604 288736099
1 1605 969351896
1 1606 338795050
1 1607 457618980
1 1608 125222738
1 1609 208874477
1 1610 678979374
1 1611 217285750
1 1612 953252634
1 1613 972614240
1 1614 352876213
1 1615 675523006
1 1616 690303747
1 1617 269482298
1 1618 74318180
1 1619 986426926
1 1620 539150180
1 1621 124762218
1 1622 854197115
1 1623 56913837
1 1624 256362590
1 1625 703208601
1 1626 724760646
1 1627 250383558
1 1628 291750508
1 1629 255446067
1 1630 238856013
1 1631 365200830
1 1632 440620020
1 1633 757723037
1 1634 604822646
1 1635 284582272
1 1636 119528501
1 1637 464968423
1 1638 331056058
1 1639 54266834
1 1640 850838700
1 1641 796709649
1 1642 319526636
1 1643 523759018
1 1644 987208850
1 1645 512763474
1 1646 119017726
1 1647 782116801
1 1648 640517951
1 1649 286392284
1 1650 180580428
1 1651 258495013
1 1652 121887642
1 1653 828860588
1 1654 107873026
1 1655 373102801
1 1656 178829860
1 1657 975088292
1 1658 74203009
1 1659 701332956
1 1660 230415037
1 1661 272119300
1 1662 235130418
1 1663 427058006
1 1664 213565784
1 1665 923740974
1 1666 721399281
1 1667 666542511
1 1668 433535974
1 1669 87478208
1 1670 92830168
1 1671 37553460
1 1672 531256248
1 1673 465068941
1 1674 920632172
1 1675 271125973
1 1676 690198690
1 1677 562922530
1 1678 342928416
1 1679 293016718
1 1680 100868713
1 1681 113863019
1 1682 657613121
1 1683 406837924
1 1684 970569082
1 1685 234848395
1 1686 915896274
1 1687 101530483
1 1688 606588611
1 1689 352980290
1 1690 573468154
1 1691 895646029
1 1692 238379459
1 1693 341310459
1 1694 1211279
1 1695 681957910
1 1696 508166935
1 1697 357435830
1 1698 772391096
1 1699 266606207
1 1700 969011574
1 1701 865125978
1 1702 30304096
1 1703 253758429
1 1704 222761253
1 1705 801766079
1 1706 915435506
1 1707 820924645
1 1708 291686585
1 1709 662557436
1 1710 217263045
1 1711 613195479
1 1712 12229863
1 1713 855641806
1 1714 162441979
1 1715 132917069
1 1716 96694459
1 1717 803511446
1 1718 935805330
1 1719 448670381
1 1720 613237761
1 1721 280719231
1 1722 151471806
1 1723 253916749
1 1724 643487225
1 1725 349422572
1 1726 226906686
1 1727 348498958
1 1728 314758560
1 1729 154695600
1 1730 492444622
1 1731 76396080
1 1732 186622679
1 1733 632562605
1 1734 644693292
1 1735 517404233
1 1736 62342226
1 1737 319665558
1 1738 410651125
1 1739 114497648
1 1740 645765515
1 1741 148072723
1 1742 14737779
1 1743 138266987
1 1744 143339647
1 1745 244520307
1 1746 555619053
1 1747 942480654
1 1748 146639097
1 1749 568783478
1 1750 227062758
1 1751 104900698
1 1752 22218485
1 1753 457924334
1 1754 667233943
1 1755 537309575
1 1756 495768362
1 1757 57818432
1 1758 104476152
1 1759 773640660
1 1760 492520170
1 1761 382069382
1 1762 582508286
1 1763 23172411
1 1764 36840265
1 1765 65853817
1 1766 480555678
1 1767 175140026
1 1768 421364325
1 1769 301143601
1 1770 993298953
1 1771 989889193
1 1772 646924005
1 1773 285074329
1 1774 211139831
1 1775 906842280
1 1776 454262720
1 1777 847798254
1 1778 832929226
1 1779 743810181
1 1780 987251677
1 1781 708597698
1 1782 15396194
1 1783 304112699
1 1784 304148509
1 1785 371630943
1 1786 836741913
1 1787 67953458
1 1788 324152619
1 1789 526275302
1 1790 415127845
1 1791 306166498
1 1792 915302167
1 1793 275741038
1 1794 494096884
1 1795 565921924
1 1796 788891626
1 1797 733427877
1 1798 710665707
1 1799 276443004
1 1800 769168617
1 1801 289709984
1 1802 606806858
1 1803 660085538
1 1804 574795863
1 1805 83417298
1 1806 708869569
1 1807 757364815
1 1808 46115722
1 1809 211462330
1 1810 945355657
1 1811 646812461
1 1812 371418232
1 1813 660107481
1 1814 782463918
1 1815 602802469
1 1816 25452981
1 1817 734596106
1 1818 647653145
1 1819 731975953
1 1820 209451914
1 1821 965707185
1 1822 121882750
1 1823 90811563
1 1824 807910833
1 1825 782761868
1 1826 610703108
1 1827 864480935
1 1828 185386127
1 1829 603034558
1 1830 475549333
1 1831 153108568
1 1832 12306729
1 1833 542894105
1 1834 994434300
1 1835 142352006
1 1836 580120689
1 1837 4555842
1 1838 866889043
1 1839 900348684
1 1840 975608134
1 1841 263581788
1 1842 274537868
1 1843 63990418
1 1844 842439464
1 1845 304739898
1 1846 386091326
1 1847 469899939
1 1848 296114582
1 1849 110883109
1 1850 425248195
1 1851 634181197
1 1852 417415098
1 1853 306510380
1 1854 249233322
1 1855 802020409
1 1856 818844261
1 1857 677739374
1 1858 499527751
1 1859 372615469
1 1860 293470636
1 1861 660268862
1 1862 354973256
1 1863 386511174
1 1864 331294099
1 1865 219077963
1 1866 565327969
1 1867 876657729
1 1868 5315051
1 1869 789835233
1 1870 683554885
1 1871 772949942
1 1872 604218187
1 1873 230030268
1 1874 337932789
1 1875 271550748
1 1876 848311370
1 1877 694380856
1 1878 53778840
1 1879 741922009
1 1880 822498133
1 1881 268095150
1 1882 488341116
1 1883 998981328
1 1884 926678851
1 1885 593218344
1 1886 660384568
1 1887 889899176
1 1888 390680709
1 1889 605150844
1 1890 582646278
1 1891 37086014
1 1892 118255125
1 1893 424911165
1 1894 244960445
1 1895 550487990
1 1896 935963173
1 1897 175020113
1 1898 154560231
1 1899 503272918
1 1900 376250740
1 1901 672801839
1 1902 413465622
1 1903 110449006
1 1904 930514027
1 1905 683786200
1 1906 423426421
1 1907 408055996
1 1908 805715179
1 1909 913442543
1 1910 618459416
1 1911 157022249
1 1912 288249256
1 1913 572398679
1 1914 849700139
1 1915 30432373
1 1916 201737724
1 1917 648239991
1 1918 517100342
1 1919 433726547
1 1920 502744194
1 1921 409083693
1 1922 986554579
1 1923 69765711
1 1924 274060610
1 1925 932203005
1 1926 719976340
1 1927 763813361
1 1928 47543927
1 1929 291842063
1 1930 283568753
1 1931 543157519
1 1932 311511099
1 1933 13656647
1 1934 119098783
1 1935 779209717
1 1936 659881135
1 1937 635134302
1 1938 522382307
1 1939 468161022
1 1940 514197672
1 1941 587527436
1 1942 190228520
1 1943 746621908
1 1944 290902184
1 1945 156347445
1 1946 932652519
1 1947 525819251
1 1948 12282720
1 1949 834264439
1 1950 979673648
1 1951 35755797
1 1952 929866105
1 1953 502085289
1 1954 378144773
1 1955 571014661
1 1956 568156862
1 1957 324546152
1 1958 431813796
1 1959 955868000
1 1960 99282746
1 1961 765390795
1 1962 86046219
1 1963 868465143
1 1964 336787172
1 1965 459491826
1 1966 289595539
1 1967 753394874
1 1968 748490023
1 1969 754545888
1 1970 419689035
1 1971 230657223
1 1972 703377985
1 1973 929138796
1 1974 924642473
1 1975 549195510
1 1976 393052656
1 1977 731229598
1 1978 43001041
1 1979 630059168
1 1980 835317799
1 1981 959454145
1 1982 287826273
1 1983 105213171
1 1984 959345950
1 1985 850266770
1 1986 990809195
1 1987 492708950
1 1988 508124710
1 1989 909643132
1 1990 171578948
1 1991 274753890
1 1992 589842408
1 1993 104195188
1 1994 838249241
1 1995 761260349
1 1996 429318553
1 1997 503445856
1 1998 512902357
1 1999 201531321
1 2000 881676556
1 2001 104088277
1 2002 700007598
1 2003 393973579
1 2004 984106471
1 2005 230404099
1 2006 571462357
1 2007 335301248
1 2008 911024044
1 2009 449395172
1 2010 166036313
1 2011 819625184
1 2012 25739911
1 2013 825959997
1 2014 728635125
1 2015 803789404
1 2016 326525555
1 2017 700902449
1 2018 18440520
1 2019 227227305
1 2020 618636929
1 2021 878550460
1 2022 846142015
1 2023 439961634
1 2024 173382234
1 2025 604022262
1 2026 916294471
1 2027 426443009
1 2028 614128578
1 2029 900863835
1 2030 716974169
1 2031 89495211
1 2032 91340699
1 2033 344416310
1 2034 899678077
1 2035 446511016
1 2036 716078058
1 2037 657470856
1 2038 906957880
1 2039 32660987
1 2040 612026069
1 2041 709461106
1 2042 787863480
1 2043 72082843
1 2044 158953421
1 2045 769567138
1 2046 111524149
1 2047 291283217
1 2048 694140212
1 2049 587820658
1 2050 757144082
1 2051 739999088
1 2052 931485073
1 2053 124720965
1 2054 103952304
1 2055 357090396
1 2056 908108409
1 2057 64087752
1 2058 335904663
1 2059 82161009
1 2060 414501145
1 2061 700416152
1 2062 631210554
1 2063 5080042
1 2064 769843353
1 2065 972115693
1 2066 657385187
1 2067 257356789
1 2068 812947679
1 2069 337184737
1 2070 808299120
1 2071 157931898
1 2072 341806843
1 2073 351200026
1 2074 669365060
1 2075 463974296
1 2076 381580585
1 2077 794491651
1 2078 940190168
1 2079 45657378
1 2080 650047642
1 2081 560555174
1 2082 214299631
1 2083 556244939
1 2084 870018681
1 2085 594635494
1 2086 714549157
1 2087 192568807
1 2088 853020219
1 2089 981021783
1 2090 50631981
1 2091 231092130
1 2092 611734890
1 2093 121928616
1 2094 982321757
1 2095 559577387
1 2096 231946639
1 2097 186635865
1 2098 886602730
1 2099 4736820
1 2100 453741474
1 2101 889023618
1 2102 814292237
1 2103 759825354
1 2104 202651108
1 2105 434265390
1 2106 217829878
1 2107 802355460
1 2108 72014763
1 2109 666570129
1 2110 191673120
1 2111 19244592
1 2112 187899088
1 2113 447795416
1 2114 111992059
1 2115 927579448
1 2116 72793851
1 2117 705235287
1 2118 831878956
1 2119 477994051
1 2120 99703656
1 2121 347359755
1 2122 434171226
1 2123 551596943
1 2124 499912057
1 2125 476238776
1 2126 933300042
1 2127 188409331
1 2128 656155285
1 2129 93257707
1 2130 477161262
1 2131 159263998
1 2132 446041544
1 2133 161855943
1 2134 644180721
1 2135 567522311
1 2136 204838339
1 2137 368441823
1 2138 525349209
1 2139 149020973
1 2140 804744880
1 2141 90116816
1 2142 354874026
1 2143 172126131
1 2144 913625629
1 2145 823795057
1 2146 957030661
1 2147 655389156
1 2148 201036533
1 2149 78475447
1 2150 167622767
1 2151 121827466
1 2152 547392094
1 2153 959335497
1 2154 445748101
1 2155 311783920
1 2156 115168642
1 2157 183276420
1 2158 95773801
1 2159 265581437
1 2160 341148275
1 2161 968492312
1 2162 730798110
1 2163 359530214
1 2164 637549366
1 2165 179521233
1 2166 682436092
1 2167 644308166
1 2168 653604746
1 2169 836853841
1 2170 841999372
1 2171 107985633
1 2172 555824830
1 2173 962286453
1 2174 335798411
1 2175 179004553
1 2176 410583876
1 2177 653268014
1 2178 15278251
1 2179 188685321
1 2180 430733361
1 2181 880957711
1 2182 42718251
1 2183 243847747
1 2184 276201464
1 2185 519190266
1 2186 686030827
1 2187 728442752
1 2188 806003064
1 2189 52200610
1 2190 494550271
1 2191 550091057
1 2192 548554694
1 2193 3978692
1 2194 129335086
1 2195 823414466
1 2196 128372617
1 2197 439310393
1 2198 427654440
1 2199 859475851
1 2200 157006474
1 2201 430698668
1 2202 852681064
1 2203 370633639
1 2204 120100088
1 2205 625751337
1 2206 288818892
1 2207 165124701
1 2208 462938359
1 2209 82237186
1 2210 989938868
1 2211 143067389
1 2212 963046528
1 2213 30697915
1 2214 895953989
1 2215 164394325
1 2216 799618988
1 2217 993478812
1 2218 361651745
1 2219 746247395
1 2220 276128432
1 2221 266785261
1 2222 858210988
1 2223 915306646
1 2224 231248236
1 2225 760649957
1 2226 214306760
1 2227 954398514
1 2228 500307862
1 2229 548284564
1 2230 44233162
1 2231 276446441
1 2232 730131884
1 2233 407831230
1 2234 261472925
1 2235 547946932
1 2236 136738610
1 2237 974180083
1 2238 913951824
1 2239 826053508
1 2240 533029259
1 2241 120886020
1 2242 441521683
1 2243 763401658
1 2244 462135607
1 2245 134709552
1 2246 925807897
1 2247 846972379
1 2248 78875549
1 2249 278650468
1 2250 237955468
1 2251 784236675
1 2252 733076470
1 2253 136451970
1 2254 623262939
1 2255 456868298
1 2256 357245371
1 2257 56969898
1 2258 125490579
1 2259 103139759
1 2260 500436351
1 2261 531088325
1 2262 388707953
1 2263 17658561
1 2264 960970838
1 2265 579106869
1 2266 541587055
1 2267 29719187
1 2268 511778067
1 2269 918246804
1 2270 688183626
1 2271 49770111
1 2272 107687503
1 2273 480324567
1 2274 278035676
1 2275 246801706
1 2276 191276693
1 2277 116358727
1 2278 58096537
1 2279 272946478
1 2280 622276406
1 2281 358203498
1 2282 778513016
1 2283 870483881
1 2284 801412345
1 2285 363113588
1 2286 254682542
1 2287 73519565
1 2288 500042967
1 2289 147810011
1 2290 487126399
1 2291 310573819
1 2292 936990808
1 2293 642386613
1 2294 273089664
1 2295 35079978
1 2296 798737928
1 2297 71053613
1 2298 265467349
1 2299 263595915
1 2300 779457593
1 2301 924851007
1 2302 363929271
1 2303 29350535
1 2304 415269713
1 2305 219805699
1 2306 333817246
1 2307 74416657
1 2308 168967496
1 2309 72943440
1 2310 412403889
1 2311 923530721
1 2312 158210250
1 2313 106046893
1 2314 558423699
1 2315 130145512
1 2316 783882362
1 2317 535953618
1 2318 731175212
1 2319 520762703
1 2320 305054256
1 2321 447449743
1 2322 904680852
1 2323 241513555
1 2324 87313962
1 2325 496559174
1 2326 964668641
1 2327 643459508
1 2328 694847345
1 2329 282537520
1 2330 932480135
1 2331 771948029
1 2332 515055773
1 2333 818870487
1 2334 489581389
1 2335 32803017
1 2336 790544801
1 2337 639054377
1 2338 254401661
1 2339 124426985
1 2340 636849786
1 2341 756892781
1 2342 427500497
1 2343 201520681
1 2344 776734582
1 2345 658815153
1 2346 395142310
1 2347 166409489
1 2348 787473973
1 2349 724424035
1 2350 897858634
1 2351 125555984
1 2352 398174067
1 2353 172125566
1 2354 559962807
1 2355 536706353
1 2356 853979133
1 2357 30431581
1 2358 115128027
1 2359 580777665
1 2360 36548446
1 2361 507826744
1 2362 432977588
1 2363 287881645
1 2364 956724967
1 2365 74959059
1 2366 747090721
1 2367 535549377
1 2368 759086376
1 2369 338749326
1 2370 663345174
1 2371 65050029
1 2372 214070254
1 2373 267797537
1 2374 29984267
1 2375 568538614
1 2376 136203488
1 2377 712292985
1 2378 650381745
1 2379 864864821
1 2380 684897428
1 2381 477737625
1 2382 771644774
1 2383 44580389
1 2384 350666557
1 2385 574380191
1 2386 419502073
1 2387 991636841
1 2388 633397743
1 2389 184872448
1 2390 262288074
1 2391 13174975
1 2392 349309125
1 2393 425407169
1 2394 159659254
1 2395 592361896
1 2396 804522213
1 2397 722592196
1 2398 329910647
1 2399 866556716
1 2400 850988031
1 2401 5526473
1 2402 181124801
1 2403 153443705
1 2404 881320440
1 2405 727287310
1 2406 254914841
1 2407 860899244
1 2408 862185960
1 2409 157169168
1 2410 652804143
1 2411 857885589
1 2412 363624369
1 2413 54741321
1 2414 600999066
1 2415 45497076
1 2416 903137036
1 2417 626783670
1 2418 393967653
1 2419 398264344
1 2420 136283763
1 2421 596184149
1 2422 67162379
1 2423 369967318
1 2424 198731831
1 2425 110678317
1 2426 996015631
1 2427 184367499
1 2428 850697368
1 2429 431416774
1 2430 775915769
1 2431 807404010
1 2432 178967256
1 2433 516749088
1 2434 330414280
1 2435 232031146
1 2436 360253946
1 2437 687225667
1 2438 175099514
1 2439 805658783
1 2440 274868751
1 2441 62250393
1 2442 407321663
1 2443 4017378
1 2444 852593239
1 2445 111515693
1 2446 932060573
1 2447 166316960
1 2448 126694793
1 2449 336257831
1 2450 824442358
1 2451 785908233
1 2452 30822747
1 2453 956257401
1 2454 457760939
1 2455 18785163
1 2456 97785729
1 2457 498560251
1 2458 377599764
1 2459 604140672
1 2460 169672907
1 2461 329838482
1 2462 973003128
1 2463 665257434
1 2464 929827461
1 2465 770674216
1 2466 187952645
1 2467 188449143
1 2468 839587046
1 2469 814228752
1 2470 641220309
1 2471 103250968
1 2472 886852850
1 2473 880006396
1 2474 858788807
1 2475 186545360
1 2476 791338698
1 2477 196608702
1 2478 415621990
1 2479 297968132
1 2480 184013494
1 2481 232294649
1 2482 740486007
1 2483 796810881
1 2484 995558807
1 2485 175135584
1 2486 51253465
1 2487 220275133
1 2488 933210977
1 2489 720480107
1 2490 595366352
1 2491 609838051
1 2492 497576296
1 2493 669066493
1 2494 840102764
1 2495 929189090
1 2496 323662647
1 2497 266663896
1 2498 818537490
1 2499 827973772
1 2500 399190169
1 2501 870564402
1 2502 475221911
1 2503 263454848
1 2504 443793480
1 2505 896004095
1 2506 463978088
1 2507 858343707
1 2508 230815988
1 2509 4993195
1 2510 592490542
1 2511 13309069
1 2512 288800503
1 2513 415922454
1 2514 316452826
1 2515 743469085
1 2516 247384641
1 2517 291561410
1 2518 508970749
1 2519 685072595
1 2520 572670570
1 2521 438582387
1 2522 681433340
1 2523 324544408
1 2524 794584310
1 2525 563035713
1 2526 375031379
1 2527 411239739
1 2528 506873234
1 2529 755731864
1 2530 745310003
1 2531 125983456
1 2532 840927816
1 2533 666160539
1 2534 454692398
1 2535 826520164
1 2536 189420971
1 2537 447919655
1 2538 484059499
1 2539 876994724
1 2540 42585562
1 2541 851259722
1 2542 307583524
1 2543 390656733
1 2544 518478256
1 2545 950175326
1 2546 296434159
1 2547 724963152
1 2548 152049595
1 2549 376873012
1 2550 833435631
1 2551 988327139
1 2552 824445445
1 2553 751278297
1 2554 947908453
1 2555 394427255
1 2556 1163638
1 2557 586291792
1 2558 75608924
1 2559 607811791
1 2560 343324773
1 2561 910696683
1 2562 241273139
1 2563 352438867
1 2564 846887396
1 2565 972591159
1 2566 892916472
1 2567 484073820
1 2568 622990373
1 2569 565589421
1 2570 367003630
1 2571 448767100
1 2572 561949640
1 2573 912685754
1 2574 801365397
1 2575 764759016
1 2576 111408855
1 2577 781354129
1 2578 593763442
1 2579 277472311
1 2580 63043683
1 2581 887280061
1 2582 252500701
1 2583 531766512
1 2584 931004459
1 2585 503593323
1 2586 327801197
1 2587 185755166
1 2588 159623874
1 2589 107854194
1 2590 955117010
1 2591 882167533
1 2592 335989430
1 2593 39944570
1 2594 593059694
1 2595 283394878
1 2596 333998953
1 2597 359984489
1 2598 270400302
1 2599 569640256
1 2600 820339824
1 2601 87097483
1 2602 38543866
1 2603 470348306
1 2604 73445561
1 2605 490896242
1 2606 650139611
1 2607 161617351
1 2608 104930087
1 2609 51173066
1 2610 915573393
1 2611 796494515
1 2612 549461034
1 2613 794022346
1 2614 316699500
1 2615 268373873
1 2616 389552183
1 2617 642061229
1 2618 30999515
1 2619 736831056
1 2620 199766368
1 2621 483331196
1 2622 84548577
1 2623 574536268
1 2624 985592343
1 2625 238563154
1 2626 352230623
1 2627 942405992
1 2628 919780112
1 2629 778332832
1 2630 57823472
1 2631 524431045
1 2632 694221938
1 2633 831313864
1 2634 479284531
1 2635 780034405
1 2636 509027318
1 2637 450712780
1 2638 808470397
1 2639 553735813
1 2640 791907195
1 2641 192371499
1 2642 88992440
1 2643 811832095
1 2644 572580743
1 2645 783277952
1 2646 185723190
1 2647 34675756
1 2648 335968930
1 2649 22336938
1 2650 802505888
1 2651 464078243
1 2652 417326014
1 2653 819965244
1 2654 558877283
1 2655 639359564
1 2656 660405910
1 2657 754494676
1 2658 253629632
1 2659 412043039
1 2660 351294347
1 2661 154211570
1 2662 550183457
1 2663 636965115
1 2664 183030803
1 2665 656914931
1 2666 940444270
1 2667 185435405
1 2668 351593406
1 2669 320363937
1 2670 8177137
1 2671 786783566
1 2672 941103692
1 2673 750895214
1 2674 996699408
1 2675 809303170
1 2676 949092884
1 2677 808330238
1 2678 339453700
1 2679 614744239
1 2680 382796828
1 2681 959585409
1 2682 867670968
1 2683 24952392
1 2684 701531700
1 2685 352933790
1 2686 653397692
1 2687 158666747
1 2688 65857982
1 2689 453072943
1 2690 821152784
1 2691 555059627
1 2692 287311784
1 2693 873972093
1 2694 610375743
1 2695 616375935
1 2696 891272031
1 2697 38453036
1 2698 645658743
1 2699 474224628
1 2700 57544317
1 2701 192474734
1 2702 440918825
1 2703 92218524
1 2704 614361316
1 2705 807252394
1 2706 77933042
1 2707 70301428
1 2708 187832921
1 2709 872974535
1 2710 318562135
1 2711 390282469
1 2712 702622615
1 2713 111993714
1 2714 911695672
1 2715 598348557
1 2716 56180448
1 2717 702205286
1 2718 229842149
1 2719 966068089
1 2720 357760403
1 2721 698259754
1 2722 72459462
1 2723 862283353
1 2724 582033551
1 2725 472628424
1 2726 919490967
1 2727 429838442
1 2728 668024985
1 2729 301902538
1 2730 180664680
1 2731 43989600
1 2732 393460782
1 2733 549999720
1 2734 214533937
1 2735 119621793
1 2736 635542325
1 2737 696241502
1 2738 463422484
1 2739 861675670
1 2740 134958688
1 2741 817776748
1 2742 494209084
1 2743 878796283
1 2744 762945173
1 2745 787929389
1 2746 946120968
1 2747 460366720
1 2748 331406579
1 2749 360461446
1 2750 947101179
1 2751 906256386
1 2752 11652405
1 2753 536817832
1 2754 704502201
1 2755 716960005
1 2756 830095988
1 2757 51605282
1 2758 719313911
1 2759 763379711
1 2760 99136785
1 2761 172076487
1 2762 630314645
1 2763 206913127
1 2764 905678575
1 2765 439248051
1 2766 409123878
1 2767 496717863
1 2768 744180620
1 2769 210136126
1 2770 641949544
1 2771 83017783
1 2772 533880885
1 2773 101466946
1 2774 155390753
1 2775 113962257
1 2776 163437002
1 2777 501707325
1 2778 601591812
1 2779 152982979
1 2780 319627740
1 2781 575662425
1 2782 224623100
1 2783 342165262
1 2784 433022837
1 2785 555074479
1 2786 731688479
1 2787 425439030
1 2788 642208998
1 2789 886896158
1 2790 189815036
1 2791 772869923
1 2792 70169801
1 2793 294157905
1 2794 470985960
1 2795 617928990
1 2796 445048002
1 2797 278398637
1 2798 487036298
1 2799 827906655
1 2800 673905573
1 2801 803673312
1 2802 53276282
1 2803 85787375
1 2804 861411556
1 2805 176441815
1 2806 123995812
1 2807 984036238
1 2808 301474599
1 2809 727773409
1 2810 739382139
1 2811 442077247
1 2812 547431907
1 2813 209102100
1 2814 125293516
1 2815 86694436
1 2816 400327460
1 2817 114191148
1 2818 990186986
1 2819 400585362
1 2820 283276663
1 2821 480219345
1 2822 748874577
1 2823 524872130
1 2824 236395356
1 2825 817268396
1 2826 281583274
1 2827 287313912
1 2828 498000895
1 2829 692505477
1 2830 809697426
1 2831 75905476
1 2832 764921817
1 2833 227373714
1 2834 555254773
1 2835 427140492
1 2836 379609116
1 2837 302233942
1 2838 818331586
1 2839 74623806
1 2840 690812404
1 2841 649931451
1 2842 692010772
1 2843 199461352
1 2844 827003250
1 2845 646641109
1 2846 580749258
1 2847 541792417
1 2848 326623045
1 2849 309101999
1 2850 955651283
1 2851 835581517
1 2852 223790859
1 2853 993643066
1 2854 190117565
1 2855 424901237
1 2856 776435582
1 2857 512288060
1 2858 556968372
1 2859 211091404
1 2860 750261026
1 2861 991175347
1 2862 46139741
1 2863 749093108
1 2864 127250465
1 2865 53058337
1 2866 737986207
1 2867 975989291
1 2868 7990384
1 2869 337136293
1 2870 813535751
1 2871 128172846
1 2872 806031232
1 2873 582274737
1 2874 41796100
1 2875 802993663
1 2876 48336741
1 2877 221934179
1 2878 598212776
1 2879 293069260
1 2880 639565929
1 2881 740220204
1 2882 852365002
1 2883 736219907
1 2884 9003576
1 2885 246262421
1 2886 58101324
1 2887 659502975
1 2888 833485797
1 2889 111668183
1 2890 424554919
1 2891 669825733
1 2892 877885815
1 2893 7134048
1 2894 378200353
1 2895 432168730
1 2896 496103125
1 2897 61177622
1 2898 562666757
1 2899 248188674
1 2900 897331621
1 2901 423304875
1 2902 689524597
1 2903 167231465
1 2904 34175187
1 2905 104753922
1 2906 50026642
1 2907 92715759
1 2908 18225516
1 2909 971691666
1 2910 268360511
1 2911 201459507
1 2912 130165341
1 2913 585309647
1 2914 854441921
1 2915 339969052
1 2916 41075497
1 2917 230968557
1 2918 904394867
1 2919 827103057
1 2920 630908179
1 2921 390374882
1 2922 912712657
1 2923 54691111
1 2924 598542601
1 2925 347088563
1 2926 874518943
1 2927 997085265
1 2928 340334062
1 2929 255807750
1 2930 285631499
1 2931 88862403
1 2932 419413445
1 2933 22589913
1 2934 86420189
1 2935 132185838
1 2936 674905845
1 2937 961754782
1 2938 516833251
1 2939 59866431
1 2940 207272297
1 2941 63075454
1 2942 279981220
1 2943 354791796
1 2944 914206354
1 2945 197320970
1 2946 808527766
1 2947 251871725
1 2948 206804415
1 2949 463807054
1 2950 240594100
1 2951 839436492
1 2952 154282658
1 2953 662950937
1 2954 83975023
1 2955 24150689
1 2956 620508905
1 2957 633967229
1 2958 275010937
1 2959 120789542
1 2960 78178944
1 2961 791669025
1 2962 89682411
1 2963 152616647
1 2964 140982524
1 2965 350544851
1 2966 987981654
1 2967 667691079
1 2968 73458568
1 2969 283056557
1 2970 138305574
1 2971 246820988
1 2972 768898806
1 2973 645927458
1 2974 524270828
1 2975 627484353
1 2976 292800984
1 2977 820730320
1 2978 568773787
1 2979 371691994
1 2980 659813242
1 2981 503270940
1 2982 513915197
1 2983 18694352
1 2984 420828908
1 2985 861834549
1 2986 748850301
1 2987 313067818
1 2988 389144181
1 2989 772353271
1 2990 241175190
1 2991 748140585
1 2992 479410995
1 2993 881383017
1 2994 518129176
1 2995 936683176
1 2996 763276064
1 2997 740108433
1 2998 431434040
1 2999 735483697
1 3000 290505249
1 3001 730734575
1 3002 928919456
1 3003 697404723
1 3004 809218224
1 3005 419250396
1 3006 254496998
1 3007 241913155
1 3008 966214999
1 3009 982509707
1 3010 440147114
1 3011 87900115
1 3012 524261731
1 3013 877596271
1 3014 258629054
1 3015 407923133
1 3016 438750440
1 3017 834617946
1 3018 784867468
1 3019 943435800
1 3020 174827525
1 3021 849733437
1 3022 56704636
1 3023 802569790
1 3024 443938026
1 3025 239631266
1 3026 261229288
1 3027 354545773
1 3028 590586636
1 3029 521196600
1 3030 714662643
1 3031 63049513
1 3032 818186776
1 3033 65168662
1 3034 251925075
1 3035 195285309
1 3036 671790808
1 3037 820259428
1 3038 294469109
1 3039 484332985
1 3040 599815079
1 3041 949421033
1 3042 513746576
1 3043 901468911
1 3044 209537551
1 3045 544005712
1 3046 844138541
1 3047 883787084
1 3048 179954593
1 3049 219345916
1 3050 629233838
1 3051 858741552
1 3052 201297993
1 3053 110414642
1 3054 760974019
1 3055 62628179
1 3056 860788117
1 3057 977739053
1 3058 980883
1 3059 41820690
1 3060 639717958
1 3061 426601055
1 3062 34853174
1 3063 454467395
1 3064 919105873
1 3065 649442485
1 3066 222111384
1 3067 149897165
1 3068 990311247
1 3069 494482541
1 3070 986613293
1 3071 143284655
1 3072 266468458
1 3073 832708247
1 3074 331260701
1 3075 735821227
1 3076 4775075
1 3077 957259685
1 3078 319913584
1 3079 481475507
1 3080 377600569
1 3081 328104805
1 3082 183037189
1 3083 872525881
1 3084 507152178
1 3085 234671774
1 3086 559041152
1 3087 343670711
1 3088 469483662
1 3089 245497484
1 3090 356479797
1 3091 41953776
1 3092 392012004
1 3093 546417576
1 3094 48813172
1 3095 786965775
1 3096 336779402
1 3097 653696028
1 3098 578963996
1 3099 131734798
1 3100 114935870
1 3101 659093091
1 3102 681581030
1 3103 902134391
1 3104 505619428
1 3105 85902580
1 3106 953630234
1 3107 727005761
1 3108 455015065
1 3109 300812345
1 3110 832707248
1 3111 908378432
1 3112 52388157
1 3113 558621992
1 3114 854761538
1 3115 761152217
1 3116 81380731
1 3117 477078796
1 3118 202987622
1 3119 360748148
1 3120 548558947
1 3121 537862989
1 3122 358588855
1 3123 867361579
1 3124 27623747
1 3125 435482267
1 3126 539330664
1 3127 726487460
1 3128 156594255
1 3129 130088077
1 3130 11638915
1 3131 524160434
1 3132 112971685
1 3133 350156091
1 3134 688137028
1 3135 826391758
1 3136 195853471
1 3137 898492661
1 3138 141627065
1 3139 560330770
1 3140 440744556
1 3141 244262798
1 3142 432320660
1 3143 846780001
1 3144 826920481
1 3145 452018019
1 3146 138359803
1 3147 111001946
1 3148 811572250
1 3149 557492396
1 3150 707870079
1 3151 350030647
1 3152 288045284
1 3153 445025510
1 3154 642843325
1 3155 154636788
1 3156 369634305
1 3157 278102314
1 3158 173425443
1 3159 676951209
1 3160 878222285
1 3161 62557858
1 3162 84389156
1 3163 891026807
1 3164 277706788
1 3165 242820455
1 3166 36787080
1 3167 505678504
1 3168 132626475
1 3169 782330425
1 3170 539500206
1 3171 294303490
1 3172 755814189
1 3173 243795282
1 3174 71921726
1 3175 150901253
1 3176 993260199
1 3177 995582841
1 3178 702787966
1 3179 987902220
1 3180 68026508
1 3181 883826050
1 3182 839501100
1 3183 817199514
1 3184 981863561
1 3185 771049919
1 3186 1825567
1 3187 735374613
1 3188 976203167
1 3189 414786840
1 3190 39658023
1 3191 132364838
1 3192 358776860
1 3193 129503206
1 3194 200233878
1 3195 550788011
1 3196 127211392
1 3197 539970810
1 3198 602504608
1 3199 834882204
1 3200 388800040
1 3201 634729113
1 3202 19267444
1 3203 199346589
1 3204 243328009
1 3205 763744494
1 3206 42707097
1 3207 408409198
1 3208 322299380
1 3209 72728091
1 3210 26082296
1 3211 953861694
1 3212 741104377
1 3213 75242247
1 3214 213664538
1 3215 689673871
1 3216 462908479
1 3217 873138272
1 3218 211471645
1 3219 147433087
1 3220 722144229
1 3221 104712663
1 3222 522849848
1 3223 464569657
1 3224 460863332
1 3225 783331047
1 3226 59905545
1 3227 216831102
1 3228 453336731
1 3229 799176019
1 3230 858999132
1 3231 558328388
1 3232 67897951
1 3233 298763071
1 3234 358312314
1 3235 20252131
1 3236 883002799
1 3237 512673321
1 3238 96190394
1 3239 124562973
1 3240 355399892
1 3241 296853217
1 3242 304014643
1 3243 642318164
1 3244 629297543
1 3245 189756181
1 3246 282668863
1 3247 4823552
1 3248 237281637
1 3249 903211188
1 3250 263470580
1 3251 384837603
1 3252 238646226
1 3253 280430562
1 3254 223511049
1 3255 344308282
1 3256 97613473
1 3257 844761921
1 3258 903638950
1 3259 640037420
1 3260 521980889
1 3261 105079402
1 3262 715793077
1 3263 728099124
1 3264 693870055
1 3265 87150033
1 3266 327920825
1 3267 604273215
1 3268 352977436
1 3269 620019398
1 3270 176165379
1 3271 643505715
1 3272 924239512
1 3273 680181909
1 3274 766546212
1 3275 710383316
1 3276 830377568
1 3277 267262415
1 3278 739939935
1 3279 299579585
1 3280 901787185
1 3281 746883854
1 3282 308498258
1 3283 928324967
1 3284 51064630
1 3285 216864486
1 3286 430713617
1 3287 338603964
1 3288 629002508
1 3289 918486196
1 3290 775358621
1 3291 201556476
1 3292 256013822
1 3293 750993750
1 3294 360273871
1 3295 228431177
1 3296 35446495
1 3297 891879614
1 3298 642440849
1 3299 47884089
1 3300 122596593
1 3301 47573566
1 3302 667571664
1 3303 703875418
1 3304 992579784
1 3305 617367769
1 3306 274364761
1 3307 979273298
1 3308 763352373
1 3309 686368161
1 3310 736309526
1 3311 45458420
1 3312 424610323
1 3313 37584607
1 3314 518341539
1 3315 400747686
1 3316 615191549
1 3317 113032957
1 3318 51923350
1 3319 791121100
1 3320 400584419
1 3321 276086228
1 3322 348306211
1 3323 257876816
1 3324 941416761
1 3325 890145567
1 3326 530887085
1 3327 958157033
1 3328 10115642
1 3329 536288543
1 3330 936535382
1 3331 416707760
1 3332 835397883
1 3333 931135142
1 3334 10004279
1 3335 568150798
1 3336 244435469
1 3337 451360088
1 3338 198791624
1 3339 749247059
1 3340 114453346
1 3341 359808676
1 3342 999919987
1 3343 704148315
1 3344 987216526
1 3345 762279723
1 3346 866065731
1 3347 507301515
1 3348 767887807
1 3349 169524308
1 3350 688863105
1 3351 448126601
1 3352 34587688
1 3353 362215125
1 3354 200559434
1 3355 187748737
1 3356 270974737
1 3357 634531788
1 3358 259607132
1 3359 722279518
1 3360 523865277
1 3361 782469743
1 3362 946486291
1 3363 270352397
1 3364 201527464
1 3365 914068960
1 3366 243030853
1 3367 853107190
1 3368 144000851
1 3369 429356537
1 3370 85186767
1 3371 805653802
1 3372 622852600
1 3373 517030808
1 3374 901094228
1 3375 987520961
1 3376 456751542
1 3377 100503736
1 3378 956619495
1 3379 594278282
1 3380 568234509
1 3381 200826427
1 3382 351936056
1 3383 822262079
1 3384 830913170
1 3385 15211946
1 3386 513106465
1 3387 497985949
1 3388 522798584
1 3389 53351224
1 3390 299175762
1 3391 253816721
1 3392 322238164
1 3393 977045670
1 3394 427761583
1 3395 674984598
1 3396 924788818
1 3397 338741259
1 3398 588996815
1 3399 903965879
1 3400 215332875
1 3401 367794487
1 3402 810412772
1 3403 283780216
1 3404 795263565
1 3405 761031145
1 3406 606759954
1 3407 207959088
1 3408 222467331
1 3409 405519859
1 3410 756034386
1 3411 883222001
1 3412 888691116
1 3413 817401608
1 3414 933203095
1 3415 175769026
1 3416 973852150
1 3417 921298071
1 3418 634607705
1 3419 523102102
1 3420 394328834
1 3421 945664657
1 3422 591912064
1 3423 544177831
1 3424 56900647
1 3425 347894044
1 3426 663596455
1 3427 841272644
1 3428 489373534
1 3429 289256449
1 3430 453895912
1 3431 286815799
1 3432 103771254
1 3433 184763937
1 3434 81430093
1 3435 575566243
1 3436 926166275
1 3437 609728002
1 3438 152967196
1 3439 628271496
1 3440 437463968
1 3441 491455719
1 3442 726280029
1 3443 746272539
1 3444 431726223
1 3445 417743021
1 3446 157903594
1 3447 785540992
1 3448 281111903
1 3449 708189500
1 3450 750049255
1 3451 789321069
1 3452 674586403
1 3453 722773609
1 3454 955288358
1 3455 52097607
1 3456 209902213
1 3457 90262921
1 3458 495064003
1 3459 170522660
1 3460 621235804
1 3461 226557559
1 3462 461404097
1 3463 796683148
1 3464 182647534
1 3465 477278677
1 3466 183883901
1 3467 165078391
1 3468 864270115
1 3469 108231275
1 3470 37035593
1 3471 835318786
1 3472 869366854
1 3473 452721136
1 3474 922455476
1 3475 927541653
1 3476 25100567
1 3477 15133433
1 3478 358501929
1 3479 686584356
1 3480 133956093
1 3481 789292131
1 3482 271113469
1 3483 747840602
1 3484 955528653
1 3485 763760746
1 3486 751501098
1 3487 835413600
1 3488 273613879
1 3489 834808911
1 3490 2457008
1 3491 950536696
1 3492 980407478
1 3493 796905350
1 3494 227661983
1 3495 162315253
1 3496 136595088
1 3497 28855049
1 3498 213755902
1 3499 583866007
1 3500 361152066
1 3501 209678263
1 3502 737822123
1 3503 202499062
1 3504 174942966
1 3505 202603351
1 3506 508375999
1 3507 514503353
1 3508 415456857
1 3509 969570409
1 3510 172289315
1 3511 538192981
1 3512 425976045
1 3513 544358701
1 3514 600165710
1 3515 846638164
1 3516 35097150
1 3517 456167635
1 3518 479787545
1 3519 35077076
1 3520 508727601
1 3521 466733411
1 3522 862850697
1 3523 800716950
1 3524 780546755
1 3525 767733764
1 3526 532843924
1 3527 711738801
1 3528 3036949
1 3529 581531162
1 3530 921272097
1 3531 841894253
1 3532 794590726
1 3533 555362722
1 3534 277215694
1 3535 826111139
1 3536 190770075
1 3537 128942272
1 3538 986177781
1 3539 967006632
1 3540 65590076
1 3541 385818875
1 3542 782854871
1 3543 749643774
1 3544 566451480
1 3545 729544892
1 3546 481767417
1 3547 436642456
1 3548 357074234
1 3549 358996847
1 3550 455500101
1 3551 330509302
1 3552 690130115
1 3553 103975466
1 3554 240246587
1 3555 43496706
1 3556 637238771
1 3557 258747296
1 3558 781043190
1 3559 905817624
1 3560 720137125
1 3561 681099388
1 3562 869550593
1 3563 317429696
1 3564 919801388
1 3565 775292577
1 3566 240413818
1 3567 2527915
1 3568 304912287
1 3569 810954936
1 3570 562909467
1 3571 771301566
1 3572 808240317
1 3573 865425079
1 3574 650183986
1 3575 77801536
1 3576 520051375
1 3577 902201444
1 3578 239505039
1 3579 628274710
1 3580 695769144
1 3581 640823400
1 3582 68306199
1 3583 731739891
1 3584 666902905
1 3585 422571238
1 3586 703671188
1 3587 388983117
1 3588 920362299
1 3589 286243410
1 3590 27733323
1 3591 811523744
1 3592 765372006
1 3593 667289936
1 3594 388745249
1 3595 697648461
1 3596 100458156
1 3597 742875648
1 3598 776100352
1 3599 689382449
1 3600 43945103
1 3601 328631690
1 3602 963784129
1 3603 168036249
1 3604 264585809
1 3605 805313856
1 3606 810038949
1 3607 94717474
1 3608 497081685
1 3609 949840006
1 3610 349380818
1 3611 295556549
1 3612 277596642
1 3613 313607635
1 3614 677109899
1 3615 765665000
1 3616 740062528
1 3617 287832281
1 3618 889213479
1 3619 756659035
1 3620 930339525
1 3621 432365225
1 3622 72980459
1 3623 942073860
1 3624 147622776
1 3625 729548539
1 3626 19524525
1 3627 50673428
1 3628 541117183
1 3629 316573206
1 3630 646594955
1 3631 715640430
1 3632 438276895
1 3633 624423787
1 3634 881305755
1 3635 310566169
1 3636 862237884
1 3637 53344691
1 3638 509537777
1 3639 25760458
1 3640 938569630
1 3641 112850171
1 3642 884214054
1 3643 206338010
1 3644 210672164
1 3645 583252140
1 3646 590363686
1 3647 447993020
1 3648 681459776
1 3649 531826435
1 3650 56473551
1 3651 40103463
1 3652 628823191
1 3653 338703128
1 3654 541974754
1 3655 982146529
1 3656 691308127
1 3657 978157791
1 3658 641592525
1 3659 505145441
1 3660 666041087
1 3661 220844802
1 3662 2790960
1 3663 738612999
1 3664 354511922
1 3665 975336825
1 3666 406425936
1 3667 217644649
1 3668 175402721
1 3669 791567083
1 3670 573762347
1 3671 866580739
1 3672 863474656
1 3673 384362398
1 3674 959528048
1 3675 314125350
1 3676 828277281
1 3677 167457337
1 3678 209864715
1 3679 941348859
1 3680 647518644
1 3681 710422416
1 3682 47705693
1 3683 419104680
1 3684 989150005
1 3685 86978983
1 3686 635319768
1 3687 792119212
1 3688 351378503
1 3689 243619429
1 3690 686975835
1 3691 190363160
1 3692 695971481
1 3693 487496993
1 3694 563608202
1 3695 346058694
1 3696 317805287
1 3697 711321377
1 3698 11695572
1 3699 175557013
1 3700 962884341
1 3701 563515762
1 3702 955835387
1 3703 653249195
1 3704 804037979
1 3705 59023001
1 3706 643642971
1 3707 170717647
1 3708 717899091
1 3709 384831743
1 3710 432598362
1 3711 926431218
1 3712 666423221
1 3713 995571375
1 3714 152979834
1 3715 269515232
1 3716 97012485
1 3717 711160703
1 3718 825793329
1 3719 208026796
1 3720 433447293
1 3721 666984196
1 3722 62280973
1 3723 736669790
1 3724 274583195
1 3725 933212173
1 3726 90741410
1 3727 488992497
1 3728 395798318
1 3729 566220905
1 3730 993080627
1 3731 901668956
1 3732 129050190
1 3733 849010171
1 3734 28259114
1 3735 833795260
1 3736 46250218
1 3737 57533239
1 3738 951577254
1 3739 206174303
1 3740 773006902
1 3741 432814842
1 3742 790617180
1 3743 793968652
1 3744 629467457
1 3745 563055499
1 3746 334264300
1 3747 148366921
1 3748 296937396
1 3749 117964706
1 3750 155684932
1 3751 938187315
1 3752 519151303
1 3753 457879976
1 3754 892011256
1 3755 570132806
1 3756 411278287
1 3757 31883520
1 3758 327788082
1 3759 13133580
1 3760 271014568
1 3761 414408959
1 3762 103094798
1 3763 225345055
1 3764 863346640
1 3765 442405504
1 3766 252862441
1 3767 469180442
1 3768 944683283
1 3769 320731663
1 3770 682078383
1 3771 203850024
1 3772 998131704
1 3773 222854482
1 3774 716292764
1 3775 958560104
1 3776 723342707
1 3777 338933632
1 3778 572385042
1 3779 559514652
1 3780 317717833
1 3781 530443158
1 3782 69844170
1 3783 241778697
1 3784 338713068
1 3785 918443341
1 3786 804805517
1 3787 152338526
1 3788 878310119
1 3789 932927808
1 3790 853793776
1 3791 735191283
1 3792 583173975
1 3793 226800473
1 3794 640731434
1 3795 864798269
1 3796 527972393
1 3797 754721227
1 3798 685965080
1 3799 632835521
1 3800 369733541
1 3801 291216351
1 3802 936132267
1 3803 561280801
1 3804 850704567
1 3805 725432320
1 3806 680948347
1 3807 638458246
1 3808 296786294
1 3809 962038149
1 3810 157421852
1 3811 989775212
1 3812 41149115
1 3813 882100877
1 3814 335761155
1 3815 946171103
1 3816 986169160
1 3817 738468339
1 3818 896599676
1 3819 234187434
1 3820 375053196
1 3821 160608505
1 3822 714571820
1 3823 572640760
1 3824 983708845
1 3825 173187122
1 3826 663688163
1 3827 63488286
1 3828 687979601
1 3829 617205315
1 3830 778486519
1 3831 105491036
1 3832 293181834
1 3833 764841976
1 3834 94783827
1 3835 36739913
1 3836 238339686
1 3837 413696265
1 3838 350724289
1 3839 453800112
1 3840 55262773
1 3841 462957113
1 3842 890305739
1 3843 539721088
1 3844 281713356
1 3845 858627906
1 3846 682414377
1 3847 897283419
1 3848 885073383
1 3849 972857943
1 3850 614393133
1 3851 611640216
1 3852 402096411
1 3853 349644575
1 3854 853331456
1 3855 741893193
1 3856 676470883
1 3857 937012260
1 3858 850568909
1 3859 107244817
1 3860 966953868
1 3861 424365385
1 3862 78091335
1 3863 200178996
1 3864 209747782
1 3865 341171983
1 3866 755013541
1 3867 739380779
1 3868 754500131
1 3869 32271998
1 3870 387687792
1 3871 398771701
1 3872 880306846
1 3873 322109412
1 3874 497381333
1 3875 545826051
1 3876 527582556
1 3877 596619931
1 3878 52307001
1 3879 860297031
1 3880 263185235
1 3881 474577181
1 3882 260456522
1 3883 122861100
1 3884 192882988
1 3885 240334183
1 3886 850101783
1 3887 981740114
1 3888 204655467
1 3889 270040458
1 3890 363922320
1 3891 149722320
1 3892 842329882
1 3893 134765053
1 3894 194690348
1 3895 88704772
1 3896 950278100
1 3897 445463310
1 3898 698443416
1 3899 87116686
1 3900 882926007
1 3901 623115165
1 3902 681299806
1 3903 789595101
1 3904 645067719
1 3905 936656078
1 3906 581948863
1 3907 431548720
1 3908 662711284
1 3909 56091103
1 3910 410615637
1 3911 371136466
1 3912 865109883
1 3913 110799862
1 3914 731129169
1 3915 638960256
1 3916 573097345
1 3917 731471160
1 3918 50292714
1 3919 53486498
1 3920 657758253
1 3921 825904530
1 3922 922523182
1 3923 221598224
1 3924 210955921
1 3925 2958218
1 3926 84707238
1 3927 577982333
1 3928 933564191
1 3929 188624140
1 3930 964034139
1 3931 175817722
1 3932 33127484
1 3933 903839198
1 3934 784036456
1 3935 51633593
1 3936 642190044
1 3937 650981593
1 3938 850989972
1 3939 407221009
1 3940 193557130
1 3941 126484259
1 3942 858174922
1 3943 771550819
1 3944 972368219
1 3945 995371865
1 3946 131307792
1 3947 984937468
1 3948 384651174
1 3949 211766203
1 3950 247714871
1 3951 534219573
1 3952 807665532
1 3953 771328391
1 3954 170960106
1 3955 467312391
1 3956 606282013
1 3957 830390604
1 3958 823192871
1 3959 481882119
1 3960 228779089
1 3961 82732954
1 3962 418391551
1 3963 229109848
1 3964 614694359
1 3965 344461762
1 3966 461808212
1 3967 579313073
1 3968 142957317
1 3969 211861587
1 3970 135376382
1 3971 72881340
1 3972 106179409
1 3973 870992920
1 3974 603183179
1 3975 888535178
1 3976 412184687
1 3977 329003233
1 3978 907726835
1 3979 911249038
1 3980 526351618
1 3981 2251514
1 3982 307168203
1 3983 715065553
1 3984 712256403
1 3985 514586546
1 3986 357004476
1 3987 363458831
1 3988 453370872
1 3989 528348063
1 3990 788380790
1 3991 153652293
1 3992 58694383
1 3993 189668421
1 3994 558439274
1 3995 410752483
1 3996 385009030
1 3997 278017823
1 3998 723853288
1 3999 180604413
1 4000 598658573
1 4001 377753191
1 4002 149529334
1 4003 626720420
1 4004 779385029
1 4005 824414586
1 4006 289059541
1 4007 282538252
1 4008 156395611
1 4009 521435401
1 4010 802957727
1 4011 915385984
1 4012 544959615
1 4013 776699918
1 4014 260737603
1 4015 48640275
1 4016 421072939
1 4017 462023062
1 4018 694564014
1 4019 197053189
1 4020 368282299
1 4021 788293446
1 4022 709116761
1 4023 502404573
1 4024 113289469
1 4025 290198728
1 4026 327566399
1 4027 509712005
1 4028 201682330
1 4029 861491454
1 4030 10111394
1 4031 456164963
1 4032 452543522
1 4033 901656567
1 4034 769104781
1 4035 904109367
1 4036 482500213
1 4037 822689851
1 4038 111090485
1 4039 866439080
1 4040 801946421
1 4041 329380263
1 4042 336758555
1 4043 257341488
1 4044 5628724
1 4045 874235383
1 4046 153451281
1 4047 668812950
1 4048 944754227
1 4049 132008818
1 4050 327815340
1 4051 822357857
1 4052 11792279
1 4053 606277709
1 4054 158677470
1 4055 610620191
1 4056 861147413
1 4057 602381091
1 4058 864183816
1 4059 177671656
1 4060 49598704
1 4061 653157887
1 4062 602680752
1 4063 630069273
1 4064 85858775
1 4065 527148278
1 4066 483456608
1 4067 377441645
1 4068 13519664
1 4069 450208107
1 4070 539695228
1 4071 385076172
1 4072 582875805
1 4073 101858852
1 4074 200007060
1 4075 633443307
1 4076 668801265
1 4077 15579700
1 4078 774762130
1 4079 35513633
1 4080 992274222
1 4081 188962613
1 4082 988160599
1 4083 492995160
1 4084 2688298
1 4085 535048601
1 4086 18586338
1 4087 520476475
1 4088 130030994
1 4089 746876605
1 4090 46752785
1 4091 913318305
1 4092 169276589
1 4093 275917611
1 4094 747617689
1 4095 315952310
1 4096 537592213
1 4097 33149796
1 4098 230137537
1 4099 407840507
1 4100 962878619
1 4101 810770861
1 4102 295727829
1 4103 189390004
1 4104 329894787
1 4105 210466369
1 4106 492135224
1 4107 105522763
1 4108 925140247
1 4109 501550416
1 4110 33308020
1 4111 587305246
1 4112 377661372
1 4113 816748927
1 4114 32021517
1 4115 707604813
1 4116 902584089
1 4117 758282450
1 4118 431410172
1 4119 752605177
1 4120 680828258
1 4121 532627659
1 4122 423511006
1 4123 542822710
1 4124 223756543
1 4125 947816709
1 4126 114354227
1 4127 258921848
1 4128 778779590
1 4129 667606814
1 4130 72976060
1 4131 465604814
1 4132 117590881
1 4133 977794817
1 4134 94680685
1 4135 88709285
1 4136 473304927
1 4137 715549426
1 4138 352658253
1 4139 429023816
1 4140 945243129
1 4141 388332592
1 4142 102315468
1 4143 764978239
1 4144 765965077
1 4145 139837938
1 4146 424991961
1 4147 752410431
1 4148 792700809
1 4149 195931445
1 4150 138839303
1 4151 318241579
1 4152 422014480
1 4153 3243885
1 4154 785743223
1 4155 922177251
1 4156 492330115
1 4157 722579711
1 4158 766979158
1 4159 302073909
1 4160 57651178
1 4161 112082332
1 4162 39306070
1 4163 654274285
1 4164 683239365
1 4165 206325179
1 4166 254053169
1 4167 379626121
1 4168 835662063
1 4169 646125081
1 4170 290833737
1 4171 302248882
1 4172 46471066
1 4173 682704834
1 4174 788322612
1 4175 908131551
1 4176 12711961
1 4177 966249944
1 4178 885306256
1 4179 746670386
1 4180 85394634
1 4181 866220052
1 4182 193806371
1 4183 320048053
1 4184 776295742
1 4185 25587557
1 4186 855182783
1 4187 193844369
1 4188 369372647
1 4189 174650461
1 4190 601240344
1 4191 191220859
1 4192 990831028
1 4193 544063805
1 4194 939338076
1 4195 228557713
1 4196 628106572
1 4197 201253376
1 4198 139183819
1 4199 548509989
1 4200 59248414
1 4201 76236011
1 4202 898446199
1 4203 231241045
1 4204 349212785
1 4205 910709425
1 4206 647530943
1 4207 787149268
1 4208 165399932
1 4209 714790034
1 4210 647297767
1 4211 841838115
1 4212 120704596
1 4213 204366076
1 4214 800495502
1 4215 546120555
1 4216 95260295
1 4217 338929201
1 4218 866834275
1 4219 592384874
1 4220 865976784
1 4221 683777420
1 4222 668437237
1 4223 909722842
1 4224 610654833
1 4225 357898531
1 4226 245182566
1 4227 252465028
1 4228 747729802
1 4229 956525461
1 4230 501665013
1 4231 904092527
1 4232 382012558
1 4233 918371515
1 4234 193725182
1 4235 437668422
1 4236 601293898
1 4237 9805856
1 4238 768370273
1 4239 112087665
1 4240 187176493
1 4241 949442290
1 4242 241552833
1 4243 124234421
1 4244 173364687
1 4245 596499718
1 4246 713837203
1 4247 864213303
1 4248 950305529
1 4249 147530845
1 4250 537630160
1 4251 443132884
1 4252 587883201
1 4253 516466528
1 4254 96046794
1 4255 317825985
1 4256 134237967
1 4257 818792943
1 4258 114864718
1 4259 281561090
1 4260 747264004
1 4261 951396088
1 4262 725621067
1 4263 1277174
1 4264 734496237
1 4265 47581274
1 4266 511753723
1 4267 166634567
1 4268 863321220
1 4269 347768065
1 4270 768508518
1 4271 816854759
1 4272 454426525
1 4273 534709652
1 4274 514271265
1 4275 351724655
1 4276 151612639
1 4277 441716358
1 4278 544172456
1 4279 749486479
1 4280 616404908
1 4281 378983660
1 4282 311585967
1 4283 657270961
1 4284 943969935
1 4285 103516600
1 4286 691181884
1 4287 928336122
1 4288 802425260
1 4289 686537121
1 4290 75840370
1 4291 157325400
1 4292 210161869
1 4293 511244311
1 4294 451609475
1 4295 373743423
1 4296 501274751
1 4297 238111090
1 4298 249617224
1 4299 812675255
1 4300 890397489
1 4301 159517775
1 4302 366924085
1 4303 636210120
1 4304 313617077
1 4305 281954842
1 4306 122889424
1 4307 237411772
1 4308 880666353
1 4309 558884824
1 4310 943764522
1 4311 614755217
1 4312 730825384
1 4313 407575569
1 4314 761659806
1 4315 884584853
1 4316 609683674
1 4317 609446041
1 4318 17913064
1 4319 211801063
1 4320 465854144
1 4321 999906880
1 4322 795413778
1 4323 60669446
1 4324 137933721
1 4325 635584532
1 4326 239947487
1 4327 224458343
1 4328 652940587
1 4329 128344562
1 4330 963922677
1 4331 890903236
1 4332 543758157
1 4333 640580939
1 4334 367933798
1 4335 250469236
1 4336 636549314
1 4337 156596248
1 4338 342357700
1 4339 857844789
1 4340 501055869
1 4341 88190577
1 4342 867117093
1 4343 574004975
1 4344 76041374
1 4345 350819279
1 4346 947412528
1 4347 279412137
1 4348 467693339
1 4349 801052255
1 4350 397779954
1 4351 605544065
1 4352 369526566
1 4353 827369343
1 4354 898467316
1 4355 827218617
1 4356 340565525
1 4357 131367794
1 4358 810217139
1 4359 751008950
1 4360 274093019
1 4361 17452576
1 4362 89366892
1 4363 290726008
1 4364 116330585
1 4365 285917398
1 4366 52302189
1 4367 770438439
1 4368 203738505
1 4369 393409547
1 4370 886849419
1 4371 118539001
1 4372 195612873
1 4373 617559781
1 4374 449915460
1 4375 776971223
1 4376 741894323
1 4377 525438708
1 4378 739903860
1 4379 511233750
1 4380 919404557
1 4381 16229566
1 4382 651630247
1 4383 313897968
1 4384 226186082
1 4385 245797497
1 4386 443705937
1 4387 10980862
1 4388 277176502
1 4389 198710347
1 4390 248482394
1 4391 542229193
1 4392 163696338
1 4393 764989479
1 4394 286785449
1 4395 297450385
1 4396 821366479
1 4397 975952866
1 4398 157505990
1 4399 781919618
1 4400 665571856
1 4401 545771817
1 4402 421623287
1 4403 181697057
1 4404 658995309
1 4405 40407192
1 4406 269050869
1 4407 77226396
1 4408 817632363
1 4409 78675538
1 4410 495727983
1 4411 835143954
1 4412 209104604
1 4413 757896102
1 4414 526212644
1 4415 920346483
1 4416 672174278
1 4417 564372586
1 4418 596563325
1 4419 58452512
1 4420 282844208
1 4421 219129282
1 4422 696771143
1 4423 497833993
1 4424 49932944
1 4425 649674921
1 4426 226257257
1 4427 963199350
1 4428 241109870
1 4429 769187732
1 4430 907969839
1 4431 951323323
1 4432 792668731
1 4433 258335115
1 4434 740963665
1 4435 948366581
1 4436 754980561
1 4437 139511293
1 4438 511800894
1 4439 113363632
1 4440 55227624
1 4441 19914825
1 4442 382939228
1 4443 997894215
1 4444 897895651
1 4445 614850763
1 4446 69287913
1 4447 733970416
1 4448 291692503
1 4449 658170956
1 4450 503514884
1 4451 97775442
1 4452 291773678
1 4453 211257408
1 4454 216940254
1 4455 406622708
1 4456 191288305
1 4457 584414624
1 4458 98980078
1 4459 245143764
1 4460 276627994
1 4461 756813329
1 4462 399958935
1 4463 673909698
1 4464 845434044
1 4465 653504437
1 4466 554450540
1 4467 109504553
1 4468 734932524
1 4469 152378768
1 4470 894628491
1 4471 769468559
1 4472 471192564
1 4473 998812246
1 4474 567947313
1 4475 360134314
1 4476 135230372
1 4477 382529107
1 4478 506549531
1 4479 487015427
1 4480 686713058
1 4481 745419571
1 4482 503445695
1 4483 813047761
1 4484 696209695
1 4485 473020122
1 4486 64461418
1 4487 615558756
1 4488 719961036
1 4489 833539293
1 4490 951495015
1 4491 586304456
1 4492 313815745
1 4493 666022262
1 4494 992444758
1 4495 813575953
1 4496 48715276
1 4497 952193074
1 4498 258696228
1 4499 46673904
1 4500 208878422
1 4501 267274312
1 4502 914124341
1 4503 112476545
1 4504 239320373
1 4505 56097016
1 4506 957762141
1 4507 885948660
1 4508 508794147
1 4509 168838236
1 4510 142096362
1 4511 87606188
1 4512 669444162
1 4513 768376460
1 4514 67153370
1 4515 146876530
1 4516 95809836
1 4517 770742628
1 4518 349578268
1 4519 789443451
1 4520 594845135
1 4521 276641340
1 4522 401790950
1 4523 307826111
1 4524 797225127
1 4525 605570623
1 4526 352752115
1 4527 303513012
1 4528 6193123
1 4529 925048516
1 4530 517170672
1 4531 8511479
1 4532 977474936
1 4533 663452636
1 4534 314130922
1 4535 216972635
1 4536 919803951
1 4537 884439984
1 4538 665536637
1 4539 134949528
1 4540 672466757
1 4541 737033896
1 4542 737930512
1 4543 313164125
1 4544 508745009
1 4545 20800301
1 4546 503319433
1 4547 960480149
1 4548 73532746
1 4549 605960837
1 4550 154586772
1 4551 16428339
1 4552 879317051
1 4553 934529141
1 4554 671659105
1 4555 762060350
1 4556 969704531
1 4557 665021821
1 4558 866910056
1 4559 888727864
1 4560 513496780
1 4561 649003863
1 4562 598710916
1 4563 545046467
1 4564 389851135
1 4565 319026532
1 4566 226148487
1 4567 138792904
1 4568 77295739
1 4569 765106684
1 4570 193364835
1 4571 954474844
1 4572 985005011
1 4573 909903822
1 4574 903238875
1 4575 279701809
1 4576 206304089
1 4577 61461189
1 4578 310775177
1 4579 300279185
1 4580 778989626
1 4581 11469607
1 4582 643274614
1 4583 774615915
1 4584 620380488
1 4585 133934586
1 4586 629106235
1 4587 314231392
1 4588 180536678
1 4589 614834340
1 4590 52405751
1 4591 500568345
1 4592 334898874
1 4593 683995974
1 4594 627640068
1 4595 72019204
1 4596 635963805
1 4597 85490845
1 4598 779486415
1 4599 362640826
1 4600 523566575
1 4601 195958999
1 4602 83841149
1 4603 226301160
1 4604 711550925
1 4605 244445177
1 4606 951335117
1 4607 624475503
1 4608 237622246
1 4609 682920516
1 4610 258986382
1 4611 968085985
1 4612 260941837
1 4613 257620888
1 4614 241432874
1 4615 372431054
1 4616 217400340
1 4617 865906043
1 4618 655304571
1 4619 301711590
1 4620 786298910
1 4621 339923097
1 4622 687107905
1 4623 22839677
1 4624 999519577
1 4625 532488877
1 4626 117180508
1 4627 25936043
1 4628 90635618
1 4629 137260604
1 4630 884977783
1 4631 305767379
1 4632 6919728
1 4633 654958817
1 4634 219793521
1 4635 619229005
1 4636 787056514
1 4637 432451651
1 4638 847147900
1 4639 990536426
1 4640 448889463
1 4641 233847618
1 4642 809293641
1 4643 531059015
1 4644 717491837
1 4645 138848165
1 4646 496091903
1 4647 432959564
1 4648 775515070
1 4649 662921767
1 4650 529589884
1 4651 691392036
1 4652 161842918
1 4653 429399338
1 4654 726791294
1 4655 598810637
1 4656 559390263
1 4657 399739248
1 4658 420909680
1 4659 213932519
1 4660 197670655
1 4661 361651643
1 4662 253653264
1 4663 158118453
1 4664 846687268
1 4665 159593553
1 4666 186050601
1 4667 939024129
1 4668 907264593
1 4669 911048612
1 4670 676749208
1 4671 93069897
1 4672 49501935
1 4673 337581363
1 4674 170308019
1 4675 445691747
1 4676 385029305
1 4677 457424272
1 4678 289735632
1 4679 76090923
1 4680 752426617
1 4681 602265615
1 4682 921753303
1 4683 111213467
1 4684 464611528
1 4685 191571589
1 4686 170457285
1 4687 1699271
1 4688 91630384
1 4689 73905197
1 4690 356134181
1 4691 985819853
1 4692 443582978
1 4693 883781703
1 4694 140106367
1 4695 566782225
1 4696 30403620
1 4697 218967609
1 4698 446966105
1 4699 395350199
1 4700 212874386
1 4701 24540999
1 4702 233218661
1 4703 137582129
1 4704 189377949
1 4705 212935949
1 4706 149245422
1 4707 867507945
1 4708 801833780
1 4709 587263724
1 4710 884953511
1 4711 15012637
1 4712 247730173
1 4713 240957338
1 4714 393327840
1 4715 974685146
1 4716 407350855
1 4717 890153184
1 4718 286212510
1 4719 914434925
1 4720 960094288
1 4721 172709043
1 4722 988332816
1 4723 352818359
1 4724 30459216
1 4725 79594512
1 4726 444772675
1 4727 349016716
1 4728 42770117
1 4729 292190643
1 4730 595261385
1 4731 272463057
1 4732 25349137
1 4733 750045499
1 4734 895749850
1 4735 814689325
1 4736 403158657
1 4737 501582647
1 4738 138964325
1 4739 434764596
1 4740 875152664
1 4741 826979801
1 4742 726890539
1 4743 820605444
1 4744 26508320
1 4745 600006445
1 4746 650274615
1 4747 15613373
1 4748 624452165
1 4749 612223425
1 4750 417441960
1 4751 382415883
1 4752 576588478
1 4753 434864708
1 4754 37958603
1 4755 3635897
1 4756 823158524
1 4757 59428163
1 4758 148880941
1 4759 984758567
1 4760 643782661
1 4761 938261224
1 4762 959274987
1 4763 615623071
1 4764 694671052
1 4765 66796347
1 4766 64356206
1 4767 38035042
1 4768 523628950
1 4769 348061630
1 4770 264059873
1 4771 327639746
1 4772 142945325
1 4773 219018546
1 4774 878185888
1 4775 337273879
1 4776 614830170
1 4777 821675168
1 4778 523788849
1 4779 834280541
1 4780 427218844
1 4781 839530148
1 4782 772678509
1 4783 319379102
1 4784 377023869
1 4785 475172014
1 4786 35041076
1 4787 920606847
1 4788 711253012
1 4789 61083637
1 4790 963611405
1 4791 422741281
1 4792 576823016
1 4793 246487786
1 4794 213535001
1 4795 659055486
1 4796 579893910
1 4797 244173564
1 4798 240090887
1 4799 739310444
1 4800 975366595
1 4801 837632567
1 4802 581409285
1 4803 761676460
1 4804 903871697
1 4805 262727704
1 4806 303622232
1 4807 79943520
1 4808 29696768
1 4809 362139079
1 4810 685252295
1 4811 747402771
1 4812 464352584
1 4813 928980962
1 4814 572175671
1 4815 80477009
1 4816 922780073
1 4817 828711448
1 4818 450123748
1 4819 834052072
1 4820 806598007
1 4821 557712691
1 4822 587508993
1 4823 649890472
1 4824 196882777
1 4825 505734616
1 4826 716465996
1 4827 417572785
1 4828 833420762
1 4829 539106539
1 4830 506961698
1 4831 638197990
1 4832 669349436
1 4833 986090295
1 4834 712422801
1 4835 85040814
1 4836 688825694
1 4837 813244816
1 4838 343002542
1 4839 133069986
1 4840 777235685
1 4841 456693188
1 4842 361187120
1 4843 495474300
1 4844 164396776
1 4845 837660460
1 4846 512625973
1 4847 961504257
1 4848 176884961
1 4849 705509967
1 4850 395066328
1 4851 391780157
1 4852 36604583
1 4853 265551368
1 4854 471484311
1 4855 728977269
1 4856 832675833
1 4857 934146972
1 4858 428182810
1 4859 750255072
1 4860 590119797
1 4861 223367040
1 4862 121769228
1 4863 20274933
1 4864 222849810
1 4865 401912784
1 4866 401903561
1 4867 866604867
1 4868 302547070
1 4869 687899759
1 4870 345400179
1 4871 232637107
1 4872 450311792
1 4873 116248260
1 4874 607521190
1 4875 1132653
1 4876 614556774
1 4877 279272332
1 4878 15491532
1 4879 62184155
1 4880 273073272
1 4881 829103440
1 4882 456383119
1 4883 61950970
1 4884 548415052
1 4885 6488326
1 4886 86680549
1 4887 971883588
1 4888 124356157
1 4889 149896193
1 4890 591742459
1 4891 40304247
1 4892 555215028
1 4893 966566901
1 4894 600164339
1 4895 420042099
1 4896 246015975
1 4897 441419831
1 4898 505476165
1 4899 470508203
1 4900 530658977
1 4901 314674386
1 4902 395930373
1 4903 809335780
1 4904 742853
1 4905 228823768
1 4906 893964234
1 4907 116009469
1 4908 489131554
1 4909 758834395
1 4910 482428175
1 4911 19601011
1 4912 288733275
1 4913 32191892
1 4914 199106126
1 4915 315622928
1 4916 344278352
1 4917 468318948
1 4918 701410316
1 4919 839946128
1 4920 620235742
1 4921 265214353
1 4922 378191164
1 4923 849101118
1 4924 882860994
1 4925 463557499
1 4926 508758884
1 4927 544413038
1 4928 349001020
1 4929 696624830
1 4930 1854265
1 4931 111219332
1 4932 785607423
1 4933 272577755
1 4934 843082352
1 4935 655755565
1 4936 501652554
1 4937 919544944
1 4938 870652264
1 4939 878214902
1 4940 359734523
1 4941 274860621
1 4942 235341573
1 4943 253182036
1 4944 506831732
1 4945 523311115
1 4946 26089796
1 4947 40891296
1 4948 692563527
1 4949 632831425
1 4950 627502972
1 4951 907738509
1 4952 45053218
1 4953 840560046
1 4954 840353411
1 4955 247759253
1 4956 763019066
1 4957 904539713
1 4958 558700153
1 4959 391474716
1 4960 262598145
1 4961 459703767
1 4962 440662686
1 4963 238092000
1 4964 90805550
1 4965 710545862
1 4966 65196957
1 4967 792404248
1 4968 789184051
1 4969 182333823
1 4970 852930322
1 4971 62689514
1 4972 493228798
1 4973 654291632
1 4974 385732665
1 4975 416064057
1 4976 431285607
1 4977 664423258
1 4978 946099813
1 4979 830569103
1 4980 205328431
1 4981 280440615
1 4982 838513891
1 4983 387468230
1 4984 12241466
1 4985 91462494
1 4986 904291700
1 4987 739350776
1 4988 820498136
1 4989 246364455
1 4990 98019422
1 4991 634017974
1 4992 67644244
1 4993 591725326
1 4994 834875017
1 4995 647234691
1 4996 688424119
1 4997 583833355
1 4998 292611777
1 4999 909704384
1 5000 410083001
