5000 1 9
715 
1 2 794758486
2 3 699183320
3 4 908222946
3 5 399718030
5 6 499691909
1 7 112209727
3 8 469556849
4 9 315541847
8 10 257488910
8 11 686681112
5 12 886254594
1 13 710628640
8 14 674873180
5 15 101535893
12 16 867188173
5 17 444637962
13 18 774626333
18 19 3366970
5 20 889787200
12 21 988452748
7 22 407160127
1 23 164611047
8 24 646288017
7 25 367107451
19 26 573049956
11 27 181712290
12 28 597937381
6 29 381144317
11 30 206974115
28 31 724576197
14 32 391481136
20 33 606616246
22 34 633386199
23 35 627792038
17 36 646929745
4 37 3520910
3 38 447789841
32 39 76846900
28 40 288395318
8 41 128048616
8 42 269688120
39 43 767796088
29 44 404871284
20 45 631850750
14 46 275480463
3 47 346973329
4 48 859774477
44 49 51588702
6 50 940919745
1 51 289053328
27 52 511660916
39 53 911402076
34 54 302238315
30 55 418350362
39 56 418683416
15 57 448018497
21 58 26762805
15 59 800255076
10 60 204911140
33 61 264553272
46 62 470698062
62 63 409323004
59 64 588661057
10 65 377875481
29 66 675359567
49 67 768922456
11 68 708514297
16 69 562201973
66 70 706758216
5 71 375746382
52 72 421651559
42 73 817122300
21 74 948716572
28 75 881268838
54 76 509131890
34 77 261821513
20 78 381080659
2 79 416826786
69 80 925721037
66 81 420455041
44 82 25630600
77 83 567181558
39 84 165148079
55 85 304492982
10 86 153581000
2 87 248120192
74 88 75890749
53 89 271751653
60 90 464122196
69 91 920853594
91 92 53810952
71 93 396545591
47 94 434900544
56 95 604915520
24 96 761138809
67 97 966939642
96 98 12015939
5 99 198608395
16 100 121401118
62 101 342980708
12 102 673131386
100 103 163775191
58 104 279206336
12 105 217536907
55 106 626885992
99 107 613791888
69 108 63097460
71 109 365906525
54 110 561539170
88 111 448535039
105 112 572711098
10 113 175380623
102 114 342702413
56 115 692840420
98 116 647134911
26 117 471382513
13 118 21439112
65 119 407880962
85 120 98028742
35 121 45892116
57 122 262172440
104 123 9705326
67 124 542922564
102 125 193777235
21 126 218078091
44 127 227656290
91 128 480712210
38 129 803096486
43 130 943712836
110 131 809838992
2 132 364477310
119 133 164763031
65 134 138123098
90 135 836361721
72 136 516301435
42 137 712628277
39 138 173995950
9 139 178985696
108 140 216809946
113 141 223360360
84 142 431730399
113 143 484493080
88 144 326882609
70 145 561553993
59 146 53043249
21 147 870079571
77 148 8286359
61 149 601368429
15 150 111842034
125 151 980961662
76 152 225080995
37 153 223932832
79 154 754709941
20 155 413854334
137 156 406288140
68 157 740237357
24 158 519959167
140 159 415246031
85 160 167663370
79 161 630395741
98 162 258885452
58 163 286268071
122 164 552303347
146 165 149159382
76 166 477751166
17 167 210879814
126 168 347881206
7 169 851912068
149 170 149296767
16 171 127453158
23 172 360546661
120 173 474022226
23 174 563718132
72 175 568265255
147 176 736790133
92 177 625356604
173 178 849995615
55 179 42566793
95 180 848615175
79 181 553296405
72 182 758375447
22 183 578261552
101 184 873357240
102 185 588518064
82 186 695597204
71 187 78191024
173 188 272681921
23 189 460022307
71 190 911949296
107 191 156104004
136 192 930211223
59 193 94217439
128 194 14358787
182 195 924290488
98 196 66531028
45 197 604756383
126 198 203762792
175 199 405880048
90 200 237741694
99 201 338072167
120 202 761467721
32 203 556513379
126 204 785420030
6 205 137098270
63 206 765682436
48 207 974855481
61 208 922772132
69 209 241711088
150 210 897432938
47 211 536365361
168 212 293061366
10 213 970293696
176 214 614276924
4 215 507961115
109 216 310105782
204 217 556955149
171 218 767140342
68 219 461330967
142 220 327703611
125 221 214744417
211 222 494446063
79 223 401300513
178 224 440246314
133 225 750546367
200 226 321999944
46 227 267374973
151 228 304892483
64 229 880731935
96 230 995852513
39 231 609272198
86 232 867128564
10 233 45340181
72 234 159755464
179 235 391374321
95 236 803199746
138 237 324936245
219 238 850646873
43 239 820813618
127 240 12941880
240 241 207364634
128 242 245869695
49 243 153898182
109 244 500241766
128 245 610627357
18 246 981054081
181 247 200600100
105 248 858333754
29 249 938145205
125 250 491628289
40 251 139435068
31 252 373290303
128 253 465412
242 254 253761140
213 255 216276490
79 256 50232465
146 257 561825795
59 258 332400728
117 259 470456906
251 260 400664717
94 261 181032305
212 262 487736388
229 263 819165341
222 264 322628465
130 265 765288273
252 266 668061580
34 267 596820728
56 268 406093141
209 269 168472345
263 270 509061429
171 271 147800161
98 272 170784
40 273 20667219
89 274 947882214
201 275 58632585
80 276 588331286
159 277 787576113
41 278 152267147
254 279 157166442
139 280 84149760
95 281 168005372
96 282 20106481
152 283 17303576
247 284 160763749
251 285 488006074
106 286 764077083
268 287 697801743
284 288 824774849
95 289 120788365
192 290 327944051
118 291 203687259
185 292 373873652
79 293 578380115
262 294 296310324
91 295 286820330
211 296 720833827
53 297 66695442
166 298 391646836
215 299 209773809
175 300 388226196
98 301 863409271
157 302 684119069
158 303 10395918
193 304 526745466
177 305 53284182
235 306 909650401
179 307 694768450
270 308 101787619
262 309 337663154
278 310 266288011
106 311 77337661
221 312 723767681
217 313 122896366
280 314 675095279
204 315 49622727
191 316 992444138
303 317 107913151
149 318 734048804
223 319 156473355
300 320 451254870
204 321 545529363
218 322 887506770
214 323 992194536
233 324 725269028
129 325 183350090
89 326 93874727
175 327 128195373
96 328 826905392
205 329 524111600
84 330 446114965
272 331 224572919
233 332 87647130
296 333 144662795
149 334 737889861
160 335 120785080
305 336 223400254
92 337 541005884
89 338 225049477
185 339 753081767
103 340 644511973
313 341 103378194
334 342 58007850
121 343 164530923
175 344 254000721
230 345 364288051
344 346 890655073
161 347 9950687
336 348 556640844
255 349 458969987
195 350 580056306
328 351 800333074
277 352 273238357
299 353 18791050
304 354 753610107
107 355 307225677
219 356 640207986
116 357 720149082
252 358 874840025
307 359 371792868
132 360 117889923
258 361 52131640
330 362 111342644
214 363 333380874
353 364 344767935
128 365 66249519
295 366 482355493
211 367 369781767
273 368 955150675
212 369 703405190
306 370 198406618
134 371 419297081
170 372 227219154
271 373 570707316
339 374 717644819
342 375 848468800
158 376 898729439
288 377 86877486
167 378 346390891
363 379 363605192
222 380 622256970
283 381 243934677
307 382 907712474
357 383 325803939
373 384 70220561
345 385 413939418
329 386 166969565
283 387 668771543
138 388 495843767
211 389 446679265
235 390 589307343
186 391 77070439
365 392 3726807
218 393 922521816
226 394 271348512
226 395 79122262
147 396 431862398
212 397 919897327
163 398 240189945
250 399 671971515
176 400 806385775
235 401 258558576
253 402 294511525
193 403 437728476
309 404 686764169
172 405 234614076
200 406 867181886
283 407 130413146
298 408 20340319
375 409 205307316
300 410 461984047
194 411 169758942
184 412 367942420
349 413 790055024
227 414 164045512
168 415 812200542
376 416 71316639
228 417 769159645
332 418 8699091
326 419 258317040
285 420 997645099
204 421 311227177
399 422 833785911
260 423 305014060
265 424 314508446
372 425 657796866
222 426 156278579
357 427 202236042
374 428 140722526
237 429 986180244
196 430 128341105
405 431 5230144
287 432 72504039
317 433 207974386
224 434 555423404
290 435 859857603
252 436 250407686
269 437 130633103
383 438 652748739
425 439 173642248
350 440 351361374
230 441 529235024
303 442 911626309
308 443 313625085
199 444 85397244
395 445 498462709
331 446 209994740
310 447 97179346
305 448 545342449
399 449 602597904
255 450 120748776
332 451 136862475
223 452 622355761
387 453 661662360
217 454 208765545
335 455 598587045
225 456 254713206
297 457 270362001
438 458 99099490
278 459 488420105
232 460 233646088
326 461 760689347
314 462 916039938
304 463 711787746
286 464 217977230
275 465 249595821
416 466 529022861
422 467 770585595
222 468 133421870
283 469 878152746
278 470 751449120
278 471 978928282
246 472 237197585
363 473 996271369
447 474 850924509
254 475 721057878
255 476 595443189
438 477 616045380
474 478 27646997
349 479 631951679
241 480 179623849
298 481 871186677
272 482 866966222
431 483 164661292
387 484 321177309
243 485 981212883
345 486 75635081
410 487 258299520
383 488 413113941
379 489 27303204
477 490 615512346
376 491 608001760
340 492 114717860
283 493 79415014
336 494 41935637
400 495 358818567
349 496 570568231
418 497 658926868
398 498 197464460
294 499 700499396
283 500 596188502
390 501 928057261
394 502 925768454
360 503 129807075
424 504 795859317
384 505 298328867
355 506 757476208
279 507 715012858
411 508 264221133
338 509 44023850
396 510 887945837
368 511 121551933
382 512 578861018
283 513 110700543
478 514 180386104
333 515 642107370
424 516 338641558
285 517 906095754
269 518 37205428
413 519 325139387
330 520 924395911
331 521 345192849
330 522 283628753
419 523 501656644
382 524 564735583
465 525 264888137
286 526 257592464
306 527 776325324
380 528 294891570
296 529 310021597
429 530 113616915
307 531 598498653
525 532 406914250
320 533 449827051
506 534 696291091
447 535 991813745
524 536 161986070
377 537 357156547
332 538 4030912
303 539 718326239
292 540 949421791
364 541 149977688
341 542 724292890
359 543 628656809
481 544 620315824
446 545 40804342
304 546 357713025
436 547 907001349
417 548 738664596
511 549 678925901
317 550 817077407
460 551 783699327
352 552 956210476
313 553 648761972
421 554 836033824
441 555 77665592
495 556 434464525
322 557 771300325
390 558 101772108
337 559 990227867
447 560 294327986
346 561 374807392
413 562 839703362
396 563 36271132
478 564 725698498
521 565 661156242
362 566 511930501
449 567 866074434
395 568 194784207
457 569 697330677
519 570 328842161
372 571 304474203
437 572 887544228
343 573 899685600
343 574 42260747
372 575 967239824
351 576 489208346
417 577 58116303
395 578 439470518
332 579 909253018
372 580 103169413
520 581 136561465
568 582 828534266
515 583 647252900
500 584 975728450
462 585 214110548
365 586 942459919
526 587 716467902
530 588 30268865
484 589 89216273
385 590 313226152
430 591 958040126
453 592 415526561
369 593 815974017
435 594 622533743
351 595 806082301
571 596 14844393
473 597 28433966
555 598 663469156
400 599 697555996
371 600 281726714
472 601 749765244
380 602 652844815
369 603 826585694
417 604 107515262
602 605 193188805
590 606 270818243
439 607 835985365
573 608 775272883
576 609 139329106
592 610 368732521
391 611 636751705
473 612 468640327
373 613 720329141
405 614 718319032
476 615 314012205
546 616 554071633
501 617 191863084
437 618 572424962
496 619 853241670
398 620 806962379
470 621 247244181
504 622 83031625
579 623 893348720
387 624 664993480
583 625 973092972
573 626 2679001
461 627 411110443
581 628 890111447
546 629 825888815
564 630 121948084
609 631 798646254
606 632 743540655
533 633 167115077
532 634 416081351
606 635 772878200
491 636 249554286
560 637 723979449
424 638 237491480
542 639 573781859
567 640 331626196
626 641 817161497
495 642 858108453
441 643 70929967
419 644 457386471
436 645 766442620
569 646 857860661
429 647 257771804
432 648 186569876
535 649 524474089
425 650 809606268
631 651 41412387
629 652 106345110
477 653 859100242
575 654 579096840
617 655 265168754
424 656 674526892
520 657 598568391
413 658 816301201
535 659 207393232
620 660 182208790
521 661 439278059
584 662 964681902
417 663 30973460
480 664 207267634
427 665 745818572
436 666 619309185
501 667 23266102
606 668 40257856
429 669 815867070
444 670 104525326
602 671 532406526
624 672 436416287
627 673 260726980
646 674 944784896
611 675 280441039
448 676 522603297
579 677 410205447
479 678 35488128
571 679 36367733
552 680 160820403
559 681 496091181
653 682 42155744
442 683 465461847
595 684 533510075
542 685 1969876
674 686 850660000
548 687 239748600
679 688 102416157
568 689 259011868
570 690 850523990
554 691 672173282
531 692 558195819
661 693 480287896
569 694 282132016
518 695 573817553
516 696 187068989
452 697 213907723
515 698 781122904
559 699 632338776
543 700 194809124
696 701 786395114
642 702 30273138
530 703 749490323
569 704 730129588
468 705 290043246
605 706 16902008
469 707 711332952
654 708 715087297
604 709 125081350
605 710 9551665
581 711 803242080
709 712 182636028
480 713 415618872
578 714 717238319
560 715 110412300
490 716 143643170
493 717 999202412
486 718 191349761
563 719 70741167
692 720 716376057
485 721 151607453
487 722 622404562
592 723 199002587
565 724 222881962
712 725 991972275
716 726 18422422
668 727 718916197
655 728 190236193
572 729 572920075
626 730 370013435
717 731 872974047
707 732 819931305
672 733 351441823
663 734 222669758
672 735 760413054
597 736 79476722
694 737 571534333
646 738 92755105
576 739 99044750
515 740 23295321
510 741 765238145
641 742 735615307
613 743 465918430
678 744 903622775
536 745 188983824
723 746 2246819
726 747 797410405
666 748 583023613
551 749 60978540
518 750 157858571
693 751 198683921
587 752 729304447
504 753 891167097
544 754 31849144
752 755 421467602
597 756 220672942
542 757 158464232
696 758 447468166
748 759 568896846
595 760 308734486
716 761 109269148
671 762 14732340
639 763 399419873
758 764 638788130
759 765 632130325
707 766 142566630
765 767 308359493
750 768 74701190
629 769 71552202
575 770 728612758
531 771 25888191
655 772 54567773
682 773 803437846
742 774 811780873
689 775 748740985
592 776 703061857
614 777 668129858
755 778 957045556
654 779 728196411
776 780 85482248
726 781 357115835
570 782 990827295
566 783 704535170
702 784 508272216
634 785 246528726
688 786 904396846
551 787 152105204
588 788 183483680
611 789 567252280
752 790 664196461
640 791 774255930
595 792 811287039
674 793 202350308
745 794 40606709
576 795 125410288
765 796 383875724
585 797 851338828
745 798 203134913
644 799 506859065
594 800 943507543
599 801 837534544
629 802 333018009
556 803 458550285
728 804 721097800
578 805 600736243
561 806 643629542
806 807 737676127
748 808 26032816
633 809 135038527
622 810 773430994
709 811 128601729
690 812 929049185
798 813 153061040
568 814 807878002
653 815 770678687
632 816 103496596
665 817 750476433
745 818 228879271
806 819 599658986
603 820 982835733
609 821 316017370
590 822 329499125
800 823 88571356
757 824 62127223
748 825 355701152
662 826 427906107
713 827 41065199
754 828 82753637
587 829 852597992
659 830 133436805
619 831 865649550
595 832 401714302
700 833 757795377
817 834 878341038
742 835 211903169
764 836 189759751
766 837 247628214
645 838 138090205
701 839 400303802
597 840 829925492
649 841 502109396
700 842 342073586
693 843 280346388
787 844 998585195
693 845 824993107
774 846 116235108
627 847 889455918
764 848 83927809
830 849 713075183
730 850 42911028
618 851 556462400
713 852 21296560
727 853 174157068
709 854 853231021
748 855 69024714
649 856 741011974
792 857 268003129
854 858 582706565
855 859 992598148
772 860 416689423
746 861 744359047
654 862 226765923
615 863 143450674
815 864 131700723
728 865 344583024
676 866 335484286
633 867 930103139
816 868 505738187
786 869 66528554
733 870 957711760
742 871 392073257
848 872 527220700
834 873 83525742
793 874 331363084
864 875 71740678
848 876 697981772
846 877 863836390
775 878 672970473
854 879 993069969
800 880 183771267
732 881 867092815
661 882 527906469
821 883 98623606
694 884 79548294
638 885 575016512
744 886 253021193
814 887 334514924
672 888 190526380
685 889 106631034
870 890 998758559
744 891 271737695
723 892 655156084
808 893 396633180
686 894 63511382
735 895 456763514
779 896 777993567
734 897 210027027
841 898 162837419
816 899 749667777
668 900 977482817
861 901 465498684
879 902 701816197
888 903 160165758
811 904 259588065
853 905 901987660
696 906 100958618
767 907 38358241
696 908 95156538
873 909 295649821
751 910 575187646
808 911 896270209
684 912 13358946
909 913 946009495
837 914 610940262
750 915 195879398
826 916 892210790
689 917 994707639
676 918 532915954
800 919 409836093
868 920 243629385
756 921 353774341
859 922 362624848
767 923 945161127
912 924 260185686
880 925 34197454
767 926 985923202
895 927 492620973
710 928 28269578
904 929 335217882
843 930 446534301
839 931 349439119
795 932 504895323
709 933 60847372
806 934 636159738
841 935 515503729
865 936 522033346
827 937 614781217
701 938 393706759
729 939 899341657
763 940 160603062
907 941 667545214
877 942 385764692
880 943 770603849
770 944 51583488
910 945 458657767
935 946 960303818
849 947 913829877
895 948 827231576
869 949 905267243
751 950 263622883
908 951 606633392
911 952 445525975
795 953 390027063
784 954 766665970
712 955 938240399
951 956 882214230
805 957 757077967
925 958 215279130
920 959 828866662
906 960 296898651
785 961 326769124
956 962 217534358
925 963 869215090
811 964 889233714
964 965 342986248
939 966 781630778
859 967 17857209
823 968 58694666
918 969 353689011
849 970 123195188
927 971 614508095
778 972 844046686
778 973 647573730
919 974 250510896
741 975 700335019
784 976 436413839
784 977 681310673
773 978 399498277
775 979 124351939
773 980 245195291
881 981 862583930
732 982 164758308
926 983 177239876
971 984 447284110
874 985 362764063
797 986 786848895
884 987 611072751
968 988 617788706
962 989 56568335
805 990 932518376
905 991 7612480
982 992 66394442
951 993 176100188
868 994 156081942
967 995 629877569
780 996 513356651
825 997 352162779
973 998 957269422
799 999 196978261
881 1000 520298565
894 1001 706470668
917 1002 497472153
941 1003 483920113
828 1004 469770139
761 1005 983299591
923 1006 616343400
993 1007 941008097
993 1008 354755770
871 1009 194724045
943 1010 856193924
865 1011 151603271
987 1012 717418312
856 1013 281575537
1003 1014 423652706
862 1015 862024890
794 1016 29458614
819 1017 602758219
957 1018 640120912
955 1019 29347638
839 1020 606968095
792 1021 782495123
807 1022 31004983
818 1023 431786550
848 1024 923099301
898 1025 136219012
776 1026 748515852
983 1027 48418466
977 1028 573142072
933 1029 543863627
919 1030 280711360
817 1031 234604580
919 1032 582469719
824 1033 199469931
864 1034 351364326
991 1035 650812343
955 1036 881168399
994 1037 192094572
978 1038 163491401
811 1039 104558001
981 1040 772927899
1040 1041 492465714
831 1042 714436958
794 1043 625211383
799 1044 185576825
990 1045 847766041
890 1046 427180750
800 1047 408940617
946 1048 526653143
893 1049 393846179
936 1050 879063981
990 1051 950272380
936 1052 892897643
863 1053 399810200
842 1054 917278741
969 1055 392411655
858 1056 425210025
881 1057 837589579
1052 1058 381696955
855 1059 634719910
989 1060 426022687
980 1061 16951990
955 1062 307542927
830 1063 150640832
871 1064 832369617
889 1065 568575795
1017 1066 815073911
868 1067 906917059
852 1068 280276863
847 1069 280255397
1048 1070 152788999
863 1071 982655955
906 1072 120048325
1021 1073 185732465
1055 1074 374749107
892 1075 316912579
895 1076 933204133
924 1077 89901973
1015 1078 203485474
1004 1079 709924986
960 1080 745216557
1006 1081 555130016
924 1082 517597418
976 1083 407444579
1075 1084 166127745
1046 1085 418003182
1018 1086 999978414
876 1087 746488094
921 1088 550028288
1039 1089 208625348
1001 1090 85324243
905 1091 519619819
971 1092 805730123
992 1093 339834744
899 1094 996187587
980 1095 318951933
898 1096 430306032
850 1097 49540409
963 1098 837569787
856 1099 297100473
985 1100 769567052
1079 1101 910026106
1091 1102 221079736
930 1103 780150987
1056 1104 489477379
1094 1105 216939835
1069 1106 386179639
909 1107 437568611
1030 1108 53970447
1048 1109 739647052
1059 1110 619964882
913 1111 91861995
876 1112 715047806
1025 1113 228344457
1025 1114 249348145
1035 1115 405708390
902 1116 546415804
1004 1117 301010807
1117 1118 336167017
984 1119 259408850
896 1120 767572157
1120 1121 915168971
917 1122 295735400
1022 1123 725117076
1016 1124 349736183
1092 1125 316097889
1029 1126 20292597
1051 1127 518963923
1092 1128 343954415
933 1129 313312662
1064 1130 481061313
894 1131 984776796
964 1132 402565207
1056 1133 913683723
944 1134 957928003
1046 1135 14214904
1111 1136 67058012
903 1137 464617680
1106 1138 214942207
1030 1139 419520617
944 1140 822870381
1070 1141 486742507
1033 1142 587851787
915 1143 464187462
1021 1144 425380066
897 1145 180063221
1014 1146 462642040
1092 1147 444554576
948 1148 447777740
1114 1149 259562681
945 1150 429981343
1103 1151 91424029
948 1152 438435876
971 1153 286613005
1005 1154 307117362
1152 1155 26162692
1076 1156 613788474
1038 1157 434052498
1019 1158 721487333
1057 1159 739782490
1100 1160 648496660
1089 1161 568250526
1129 1162 592913376
960 1163 766415472
1072 1164 366310514
1101 1165 50534570
918 1166 790160523
949 1167 744677672
1055 1168 497363493
1043 1169 188340827
938 1170 139261899
1054 1171 268126135
1104 1172 328836113
955 1173 891188290
1122 1174 917034320
1075 1175 925737207
990 1176 834718241
969 1177 560843155
990 1178 323917095
1088 1179 401256842
954 1180 808832971
967 1181 132107204
1108 1182 837563062
949 1183 696511108
1028 1184 409967529
1112 1185 268511471
1116 1186 215659391
1180 1187 523784536
1134 1188 212339690
1078 1189 333038956
1087 1190 577070003
1043 1191 795532994
1033 1192 9143063
1138 1193 170501478
1161 1194 250696299
1102 1195 41081401
1070 1196 952840127
1183 1197 816843867
1149 1198 415131338
1144 1199 844294001
1015 1200 710289169
1044 1201 923770837
980 1202 385692369
1151 1203 897360270
1062 1204 47287717
974 1205 160026394
1032 1206 249597111
979 1207 849388594
1010 1208 235974094
1138 1209 967459871
1167 1210 10267596
1055 1211 438103415
1004 1212 627439561
980 1213 948952663
1087 1214 564013155
1121 1215 165164546
1097 1216 78048811
979 1217 645443431
1147 1218 602069346
1100 1219 429279588
1117 1220 21298360
1064 1221 345884697
1084 1222 288284144
978 1223 524436676
1115 1224 307001428
1057 1225 16617760
1161 1226 565315358
1170 1227 603552302
1073 1228 285034332
1177 1229 374806779
1018 1230 160287421
1070 1231 760359
1056 1232 914870396
1202 1233 234173024
1145 1234 576773069
1221 1235 181428798
1146 1236 746260363
1100 1237 352528635
1002 1238 280764598
1025 1239 482810674
1017 1240 440390866
1144 1241 462327597
1059 1242 446995346
1000 1243 128782280
1104 1244 552368181
1007 1245 996408614
1145 1246 961802402
1065 1247 872539755
1076 1248 918305122
1164 1249 99422937
1232 1250 674840096
1094 1251 136774622
1120 1252 895658622
1005 1253 319082904
1040 1254 762643543
1209 1255 87289009
1087 1256 893771594
1122 1257 267730433
1010 1258 156205587
1172 1259 589466018
1132 1260 901210768
1055 1261 178313593
1075 1262 911958534
1057 1263 178983882
1108 1264 554218394
1024 1265 653228573
1069 1266 315259407
1089 1267 772508518
1209 1268 551311576
1212 1269 162765364
1196 1270 19220161
1064 1271 376564378
1059 1272 850665112
1118 1273 51254672
1057 1274 522725296
1128 1275 573428095
1118 1276 315603745
1162 1277 266949294
1069 1278 173833109
1266 1279 526876516
1059 1280 934357829
1067 1281 795542640
1274 1282 190511810
1034 1283 68587220
1260 1284 581925086
1262 1285 807894336
1169 1286 62219164
1055 1287 80927801
1056 1288 330478078
1101 1289 357361865
1079 1290 526674038
1081 1291 35135421
1289 1292 145728827
1095 1293 611375162
1191 1294 550431665
1164 1295 297028766
1137 1296 578413902
1129 1297 422912496
1136 1298 418604664
1292 1299 910376799
1231 1300 897650480
1156 1301 574272553
1069 1302 913801318
1078 1303 501481669
1103 1304 183925188
1128 1305 640386307
1192 1306 797201923
1205 1307 321884132
1243 1308 75270121
1205 1309 772450607
1166 1310 658660561
1072 1311 202836211
1187 1312 252160491
1276 1313 143379143
1092 1314 512713485
1132 1315 41326127
1138 1316 728382037
1200 1317 518439942
1106 1318 309610439
1218 1319 831286786
1261 1320 735368051
1131 1321 902773018
1184 1322 330374700
1186 1323 984554335
1257 1324 198164060
1144 1325 99092929
1185 1326 347415203
1313 1327 309739980
1232 1328 298289521
1189 1329 906750550
1158 1330 616937611
1230 1331 25838115
1286 1332 742511550
1240 1333 974919850
1104 1334 134557910
1222 1335 539112949
1125 1336 656427238
1162 1337 729635202
1212 1338 96211535
1136 1339 252203140
1322 1340 536977243
1209 1341 148725424
1243 1342 17661751
1203 1343 671631551
1188 1344 328838714
1120 1345 462062871
1280 1346 833288005
1200 1347 611665820
1195 1348 871012246
1188 1349 28269406
1240 1350 327452613
1237 1351 549048217
1323 1352 991291779
1214 1353 977996311
1185 1354 139080151
1136 1355 665373819
1230 1356 44982094
1337 1357 101920397
1229 1358 396151320
1184 1359 11627517
1277 1360 268416535
1221 1361 762078216
1329 1362 119501123
1208 1363 566436975
1345 1364 196734873
1310 1365 111292511
1249 1366 292703606
1136 1367 558012258
1304 1368 579845836
1250 1369 563953667
1205 1370 539681675
1121 1371 38801084
1152 1372 700797633
1153 1373 190099967
1315 1374 36947568
1238 1375 117280282
1344 1376 858570533
1359 1377 489013650
1306 1378 538726961
1173 1379 517289774
1246 1380 805928215
1362 1381 982724096
1271 1382 532929659
1338 1383 398671552
1267 1384 424001319
1353 1385 114846070
1226 1386 693366785
1202 1387 132813022
1310 1388 701490629
1361 1389 868541776
1242 1390 800007818
1149 1391 88784431
1192 1392 464046623
1233 1393 182582254
1248 1394 760136214
1153 1395 869900194
1179 1396 607008386
1195 1397 906840271
1289 1398 61326730
1286 1399 167359355
1358 1400 906946191
1284 1401 581284053
1390 1402 3204748
1398 1403 418009007
1379 1404 254435846
1372 1405 557078411
1279 1406 44004520
1251 1407 545995641
1353 1408 68088983
1242 1409 597623789
1331 1410 141959029
1200 1411 975361689
1290 1412 602791448
1312 1413 338858945
1389 1414 476777551
1346 1415 984063572
1311 1416 872083983
1406 1417 760213535
1169 1418 294570771
1391 1419 868833382
1415 1420 858625088
1403 1421 884726439
1284 1422 542487916
1360 1423 618690042
1238 1424 937342069
1405 1425 199787279
1399 1426 233247461
1344 1427 643091249
1184 1428 289165826
1225 1429 597983796
1383 1430 62406972
1358 1431 105367489
1428 1432 785048151
1268 1433 760806161
1344 1434 677143050
1314 1435 837342786
1252 1436 304391064
1249 1437 253888177
1236 1438 367153932
1250 1439 450380893
1356 1440 43740683
1216 1441 295987616
1397 1442 321443227
1341 1443 187221637
1385 1444 596349446
1268 1445 104976772
1339 1446 426038584
1375 1447 209097226
1427 1448 791355215
1202 1449 925506152
1309 1450 750829638
1306 1451 121650033
1283 1452 186894387
1451 1453 678823749
1289 1454 646157128
1257 1455 144570596
1284 1456 301842665
1299 1457 871231608
1390 1458 196491788
1335 1459 618761443
1257 1460 574981438
1348 1461 850128609
1295 1462 61260973
1275 1463 733566995
1248 1464 620789596
1218 1465 835736266
1363 1466 396187802
1309 1467 968764908
1276 1468 442784452
1324 1469 11772824
1238 1470 718386874
1323 1471 721911258
1394 1472 145891805
1237 1473 738310011
1376 1474 494196640
1289 1475 394531959
1228 1476 680985401
1390 1477 451072819
1273 1478 491942376
1320 1479 657530054
1254 1480 200453389
1468 1481 726874060
1247 1482 206657031
1363 1483 52216995
1256 1484 530855132
1287 1485 134133736
1380 1486 267802177
1302 1487 758470265
1264 1488 196538199
1466 1489 545743566
1350 1490 697765658
1464 1491 217350255
1309 1492 251000998
1398 1493 934371409
1459 1494 700535795
1248 1495 14406433
1253 1496 787622039
1426 1497 96500690
1351 1498 464973801
1303 1499 126064555
1422 1500 825371788
1493 1501 763683584
1474 1502 343995012
1474 1503 173040754
1361 1504 27266846
1469 1505 803571714
1298 1506 110528762
1258 1507 499626953
1269 1508 139575530
1359 1509 245731253
1290 1510 140143084
1441 1511 201465709
1374 1512 180960242
1504 1513 626467705
1489 1514 458437754
1495 1515 85135498
1451 1516 898567370
1439 1517 558920825
1338 1518 519716654
1289 1519 874336532
1474 1520 328224394
1277 1521 247340549
1451 1522 461183856
1482 1523 842889409
1302 1524 131028085
1401 1525 760850169
1422 1526 361161437
1280 1527 427277644
1349 1528 766505506
1505 1529 477948283
1421 1530 310206943
1414 1531 15210776
1485 1532 957682881
1295 1533 472233893
1386 1534 193029568
1405 1535 909985837
1296 1536 674586506
1383 1537 110899616
1425 1538 231673392
1394 1539 406817805
1476 1540 343858549
1295 1541 104407522
1398 1542 42315199
1467 1543 15896206
1351 1544 778682625
1307 1545 280394833
1297 1546 329164283
1336 1547 202425850
1343 1548 824762875
1533 1549 61408521
1368 1550 773054907
1473 1551 912444698
1544 1552 863101686
1398 1553 395286974
1428 1554 702969685
1447 1555 220956877
1427 1556 689337302
1385 1557 280480311
1369 1558 767180081
1369 1559 148382189
1461 1560 82330594
1471 1561 666999320
1372 1562 429784062
1397 1563 648781821
1372 1564 46553192
1411 1565 717503364
1353 1566 486755842
1418 1567 31931942
1557 1568 55629373
1548 1569 899507809
1463 1570 557593372
1480 1571 328899205
1333 1572 387766623
1421 1573 841235512
1424 1574 423892183
1407 1575 311747558
1568 1576 82526052
1437 1577 36253729
1391 1578 753884812
1472 1579 620847605
1440 1580 782531509
1354 1581 507154661
1386 1582 690422101
1442 1583 170138509
1380 1584 671120802
1448 1585 489379134
1518 1586 478601135
1472 1587 228436426
1531 1588 478545463
1424 1589 666023362
1445 1590 979051844
1536 1591 355044995
1484 1592 527902501
1526 1593 654888056
1405 1594 727279595
1571 1595 329143848
1580 1596 565527065
1366 1597 424181358
1458 1598 482395790
1517 1599 75592751
1548 1600 418813204
1600 1601 154874370
1556 1602 863059204
1418 1603 634000357
1373 1604 692486414
1427 1605 306515877
1541 1606 96088019
1509 1607 595213495
1484 1608 843601272
1457 1609 587527037
1514 1610 540600941
1474 1611 975801597
1372 1612 202538178
1444 1613 182497127
1591 1614 489514151
1377 1615 544913203
1435 1616 731032247
1379 1617 992498097
1570 1618 897471570
1419 1619 430466351
1562 1620 624415115
1455 1621 947515583
1484 1622 216044970
1486 1623 941907106
1590 1624 763714839
1444 1625 891685315
1481 1626 721996881
1579 1627 857099781
1433 1628 493158404
1440 1629 120023024
1423 1630 782771885
1568 1631 850296093
1564 1632 541294053
1460 1633 440992286
1576 1634 437062935
1564 1635 377622873
1533 1636 869371018
1417 1637 772302773
1491 1638 775464941
1513 1639 2595483
1457 1640 558727949
1539 1641 190195440
1399 1642 560857186
1502 1643 440661309
1545 1644 861311968
1574 1645 280858420
1483 1646 15708995
1518 1647 938316838
1559 1648 714764241
1510 1649 382625836
1609 1650 24472664
1481 1651 30817295
1526 1652 683821639
1518 1653 636960259
1463 1654 855664524
1569 1655 94965455
1653 1656 274287539
1584 1657 194512056
1461 1658 617398797
1411 1659 137542090
1435 1660 270065984
1652 1661 138139151
1442 1662 254546402
1643 1663 637818098
1629 1664 445074699
1657 1665 246460202
1518 1666 799351409
1430 1667 710509298
1653 1668 8779960
1647 1669 157529856
1621 1670 684691056
1571 1671 814860397
1559 1672 726385964
1559 1673 156209939
1470 1674 759351463
1484 1675 832919193
1560 1676 747006172
1651 1677 547968669
1500 1678 273675577
1577 1679 874047637
1535 1680 188017195
1623 1681 400551996
1488 1682 573576181
1463 1683 356171731
1545 1684 866807837
1489 1685 300864667
1507 1686 545287035
1470 1687 11279530
1672 1688 278485745
1514 1689 89809617
1660 1690 751719743
1452 1691 125640066
1691 1692 176230452
1628 1693 168164907
1581 1694 635231042
1591 1695 895859346
1667 1696 853175557
1620 1697 551773538
1543 1698 705846472
1473 1699 72685157
1614 1700 838027168
1482 1701 629047461
1508 1702 418260471
1605 1703 905866826
1487 1704 300701648
1578 1705 25828488
1695 1706 405474608
1480 1707 983018423
1630 1708 196227451
1488 1709 803685878
1691 1710 89059552
1539 1711 720205927
1537 1712 91778687
1463 1713 555419319
1632 1714 715736214
1565 1715 435373516
1510 1716 836789957
1702 1717 363633712
1515 1718 412098393
1624 1719 453141408
1683 1720 478995314
1480 1721 14048133
1510 1722 252286893
1554 1723 158036856
1720 1724 351423751
1571 1725 282633137
1532 1726 365018292
1563 1727 27195465
1640 1728 159411188
1714 1729 44468639
1713 1730 809335867
1524 1731 960496029
1716 1732 195885634
1617 1733 302367603
1520 1734 453318578
1716 1735 941885041
1631 1736 353127817
1557 1737 14559159
1526 1738 8981222
1683 1739 499209332
1629 1740 190534515
1611 1741 383030156
1572 1742 657074326
1517 1743 905316422
1630 1744 154764528
1518 1745 159565839
1745 1746 798616495
1524 1747 230901386
1737 1748 437984514
1698 1749 48756714
1672 1750 301096321
1590 1751 465078688
1548 1752 179590036
1589 1753 439315408
1733 1754 753083619
1690 1755 921994757
1552 1756 232832629
1740 1757 80611149
1583 1758 14168515
1567 1759 605493668
1746 1760 486756514
1646 1761 804878592
1700 1762 382768114
1599 1763 989576708
1571 1764 428860320
1631 1765 70649630
1619 1766 573449787
1619 1767 617924057
1629 1768 16080066
1538 1769 607605343
1677 1770 382801973
1598 1771 317321224
1606 1772 441639160
1611 1773 611307020
1611 1774 203125507
1627 1775 428129831
1698 1776 312373916
1615 1777 475580444
1548 1778 104356011
1538 1779 434253021
1675 1780 270102902
1593 1781 176907105
1719 1782 658795341
1730 1783 472860171
1617 1784 171344600
1695 1785 396565181
1712 1786 57467875
1625 1787 204694900
1764 1788 686223350
1629 1789 360928981
1553 1790 825255643
1637 1791 258104120
1693 1792 994063485
1563 1793 608466637
1735 1794 232897582
1769 1795 239720812
1716 1796 565185592
1697 1797 331411915
1660 1798 370710570
1782 1799 230845563
1668 1800 237298682
1645 1801 863620605
1596 1802 855066583
1707 1803 837672599
1611 1804 190553626
1558 1805 908424089
1638 1806 992284056
1580 1807 239975724
1707 1808 357473240
1650 1809 839537976
1633 1810 115991279
1570 1811 473595100
1780 1812 570639828
1805 1813 218726674
1684 1814 455311600
1782 1815 537526109
1776 1816 216140798
1644 1817 385531407
1737 1818 712031481
1787 1819 831126875
1629 1820 138242887
1683 1821 628025036
1609 1822 64425733
1736 1823 673452130
1717 1824 590904452
1663 1825 551777619
1701 1826 256198760
1629 1827 731374443
1595 1828 622016803
1814 1829 318831449
1818 1830 350822504
1722 1831 294296203
1611 1832 307908756
1588 1833 233120372
1747 1834 441011695
1655 1835 739798728
1804 1836 850979104
1817 1837 731248463
1703 1838 250635015
1825 1839 358303216
1828 1840 725754148
1793 1841 753541182
1755 1842 708994431
1683 1843 542304530
1673 1844 989558376
1600 1845 314761148
1697 1846 867796140
1646 1847 251165445
1759 1848 274447780
1821 1849 41187124
1714 1850 892751449
1663 1851 452704200
1742 1852 797371330
1847 1853 615221969
1705 1854 253082870
1664 1855 753625196
1727 1856 974085346
1701 1857 440050179
1857 1858 167107320
1769 1859 149604027
1840 1860 997310066
1815 1861 550199736
1828 1862 384704250
1807 1863 499473712
1636 1864 739354961
1746 1865 142191782
1796 1866 215118538
1714 1867 376849150
1792 1868 450314784
1777 1869 188523541
1696 1870 69998282
1753 1871 550714800
1654 1872 646721244
1789 1873 743907180
1837 1874 293226507
1686 1875 76359494
1736 1876 259503881
1831 1877 988587187
1773 1878 555958313
1746 1879 772704083
1871 1880 806469922
1698 1881 219338040
1841 1882 711165856
1653 1883 108947775
1637 1884 379307796
1855 1885 265130083
1638 1886 864946699
1802 1887 384809676
1685 1888 544938548
1660 1889 236344331
1785 1890 699942900
1860 1891 137614933
1717 1892 716257155
1757 1893 578596586
1736 1894 148188794
1749 1895 894359786
1674 1896 983544627
1780 1897 959602805
1880 1898 15895153
1805 1899 42131678
1762 1900 438995490
1749 1901 499169395
1776 1902 289262767
1673 1903 499309522
1811 1904 726780642
1776 1905 371892105
1777 1906 19238350
1905 1907 38169971
1881 1908 505528569
1797 1909 780801005
1875 1910 731570474
1909 1911 453643190
1679 1912 989391848
1890 1913 826598188
1878 1914 438038336
1732 1915 451934507
1679 1916 670164523
1688 1917 231238272
1706 1918 716375042
1751 1919 173839101
1852 1920 784159438
1801 1921 362630031
1768 1922 894534967
1812 1923 193150863
1791 1924 752974665
1800 1925 362175646
1853 1926 242641814
1777 1927 688576332
1742 1928 305133786
1812 1929 705088965
1790 1930 619631091
1796 1931 274459271
1821 1932 868467025
1684 1933 724922922
1897 1934 476524678
1897 1935 83977147
1736 1936 630926923
1764 1937 576649216
1776 1938 419785093
1695 1939 369208016
1887 1940 150687958
1723 1941 501450926
1939 1942 649563465
1929 1943 157402790
1800 1944 699047759
1759 1945 320494794
1864 1946 42113138
1927 1947 613117669
1861 1948 960380327
1928 1949 121176704
1943 1950 617053293
1892 1951 559346243
1780 1952 686755651
1943 1953 747356508
1936 1954 128950183
1738 1955 476460753
1813 1956 137750614
1950 1957 662269904
1781 1958 156994887
1879 1959 958209890
1828 1960 724308293
1847 1961 674711311
1900 1962 445551397
1834 1963 664055068
1963 1964 858150279
1952 1965 730225298
1757 1966 195965966
1815 1967 990113107
1857 1968 395410976
1818 1969 112280996
1900 1970 876666767
1765 1971 489355087
1901 1972 689697716
1726 1973 855787514
1870 1974 435156347
1819 1975 595337123
1800 1976 682516878
1964 1977 752548595
1840 1978 638373566
1918 1979 797848932
1951 1980 741935951
1761 1981 830016837
1886 1982 631896632
1885 1983 762405427
1890 1984 75925467
1750 1985 657215620
1963 1986 68201083
1824 1987 797753180
1915 1988 776482342
1830 1989 146215030
1989 1990 454638142
1866 1991 339664452
1865 1992 124673191
1965 1993 897392264
1876 1994 117609222
1793 1995 808711849
1885 1996 695218134
1785 1997 205384478
1995 1998 8881371
1977 1999 57935393
1808 2000 712307907
1844 2001 190441106
1803 2002 136114205
1988 2003 356656287
1927 2004 104694359
1824 2005 448371700
1932 2006 972300076
1875 2007 197554062
2001 2008 434478859
1817 2009 408899804
1780 2010 30194757
1833 2011 192049808
1961 2012 514390242
1876 2013 176090913
1803 2014 951783618
1956 2015 26578470
1960 2016 950158123
1908 2017 1209976
1920 2018 977337893
2011 2019 431816207
1848 2020 123653982
1832 2021 70096285
1826 2022 806400113
1876 2023 169118248
1992 2024 684212618
1988 2025 67600083
1855 2026 446716031
1895 2027 195457595
1893 2028 74593398
1933 2029 509570015
1950 2030 87430459
1852 2031 76874237
1852 2032 380699974
1853 2033 864754554
1787 2034 775924072
1855 2035 353822659
1845 2036 272557053
1893 2037 381107961
1965 2038 941695810
1934 2039 271492634
1983 2040 479855463
1852 2041 753921183
1971 2042 119654321
1954 2043 115247278
1930 2044 206133311
2043 2045 329615188
1801 2046 583999689
1930 2047 189389432
1876 2048 206683559
1930 2049 287276238
1990 2050 782578568
1937 2051 273708505
1943 2052 715004858
1851 2053 81022814
1938 2054 195114458
1889 2055 469502471
1993 2056 125293437
1936 2057 538788679
1994 2058 248202251
2030 2059 57867609
2038 2060 252602621
1887 2061 235186549
1991 2062 243011583
1837 2063 678484328
1815 2064 413517176
1875 2065 19207808
1984 2066 574758479
1958 2067 824344752
1933 2068 418952820
1955 2069 970366556
2017 2070 936858254
2060 2071 595060602
1907 2072 106619243
2016 2073 921956097
1905 2074 880002110
1938 2075 784641747
1895 2076 49165518
2017 2077 46480244
1832 2078 913243933
1974 2079 23365061
1911 2080 432577665
2015 2081 76092245
1955 2082 937838553
2017 2083 239015792
1835 2084 142700873
1982 2085 754448484
2080 2086 480334823
1860 2087 818515037
1936 2088 305834371
2023 2089 722195145
1989 2090 168714333
2078 2091 944902702
2020 2092 444233001
2033 2093 335058062
2064 2094 952188119
1975 2095 156267519
2088 2096 323724994
1936 2097 626115739
1907 2098 914398299
1855 2099 678477709
2055 2100 739400911
1918 2101 290819356
2065 2102 918978509
2019 2103 18324903
1913 2104 320703007
1865 2105 356605716
2039 2106 895679976
1986 2107 246282535
2046 2108 715241293
2057 2109 340296077
2027 2110 833617085
2084 2111 49969349
1862 2112 360327734
2033 2113 308494777
1982 2114 942170752
2067 2115 422351780
1969 2116 727451849
2097 2117 412513135
1997 2118 119826295
2020 2119 718436693
1925 2120 799945560
1935 2121 204464903
1976 2122 126930531
1893 2123 719758947
1941 2124 288769628
2123 2125 537719827
2043 2126 966165771
1882 2127 810289095
1953 2128 947226425
2010 2129 227277393
1993 2130 555872228
2124 2131 981359171
2000 2132 564108031
1906 2133 116793186
2055 2134 379928307
2012 2135 285629495
2076 2136 830495422
2062 2137 434724547
2111 2138 105462263
2098 2139 386529681
1975 2140 857321093
2092 2141 31479398
2028 2142 60722748
1946 2143 856394641
1997 2144 844407890
2007 2145 698908804
1971 2146 732985370
1986 2147 607264645
1908 2148 136870247
2037 2149 658335874
2011 2150 91507956
2104 2151 239342132
1933 2152 570024222
2145 2153 1098146
1969 2154 115235534
1972 2155 168928595
2082 2156 479977105
2106 2157 129096079
2054 2158 181152749
2095 2159 847659608
2022 2160 935438527
2154 2161 74617452
2158 2162 415408878
2021 2163 912042037
2108 2164 818955908
1997 2165 678843130
1971 2166 59069996
1925 2167 599488316
2142 2168 475395294
1979 2169 455644959
1922 2170 682128763
2087 2171 289338751
2040 2172 162596170
2077 2173 491542338
1935 2174 323155872
1959 2175 287486511
2036 2176 74640581
1941 2177 268102042
2026 2178 168401525
2144 2179 274663900
2091 2180 256669965
2171 2181 525356399
1959 2182 964896189
2078 2183 438294322
1941 2184 239791313
2041 2185 86123054
1963 2186 788339961
2183 2187 129164089
2136 2188 268654357
2040 2189 11352124
2096 2190 240860770
1968 2191 431790802
2046 2192 530407517
2166 2193 440641380
1970 2194 682161025
2173 2195 73515106
1992 2196 614414362
2055 2197 382429546
1961 2198 923988286
2095 2199 812538218
2123 2200 679041312
1965 2201 85389454
2180 2202 508563003
1960 2203 626371393
2036 2204 463916194
2141 2205 15285061
1978 2206 491458232
2035 2207 373267335
2077 2208 864457471
2080 2209 937068102
2166 2210 551057172
2006 2211 623339172
2151 2212 572871216
2062 2213 665191008
2162 2214 590500481
2117 2215 975216535
2172 2216 485425638
2083 2217 340446274
2011 2218 798441528
2147 2219 328575553
2133 2220 657652948
2217 2221 284249047
2034 2222 546503497
1992 2223 826570341
2058 2224 91965005
2125 2225 427114314
2196 2226 824840706
2077 2227 483304343
2131 2228 241348473
2160 2229 728228309
2106 2230 295254410
1998 2231 597382275
2129 2232 230897134
2189 2233 367170270
2045 2234 701295664
2038 2235 90492867
2168 2236 77936450
2006 2237 655810676
2161 2238 546005256
2214 2239 193326640
2174 2240 174519382
2209 2241 462423434
2126 2242 979846517
2105 2243 524951783
2102 2244 269980582
2216 2245 694396402
2186 2246 300945356
2176 2247 836509310
2033 2248 865859550
2079 2249 966877118
2187 2250 52777501
2088 2251 559995405
2245 2252 927108068
2082 2253 90442511
2080 2254 532471863
2160 2255 199549819
2118 2256 269672153
2077 2257 36396746
2034 2258 714605377
2192 2259 501719215
2152 2260 582602729
2170 2261 361845101
2039 2262 331201781
2162 2263 577898310
2215 2264 528609612
2196 2265 469553194
2042 2266 181790112
2148 2267 275139928
2189 2268 827252178
2120 2269 524182066
2064 2270 56517539
2122 2271 807563746
2245 2272 571380053
2167 2273 4737853
2136 2274 111309782
2269 2275 357139236
2085 2276 161672745
2228 2277 681696817
2079 2278 309205031
2182 2279 767932970
2245 2280 172802091
2031 2281 909874291
2203 2282 404959936
2199 2283 150567050
2241 2284 404665268
2042 2285 214739160
2116 2286 413889839
2135 2287 859127223
2284 2288 676183861
2063 2289 471754653
2116 2290 603534866
2059 2291 831170075
2211 2292 170584626
2062 2293 566837482
2095 2294 33673700
2201 2295 483125822
2270 2296 947262985
2282 2297 30780966
2285 2298 831606677
2276 2299 238641132
2291 2300 785019212
2224 2301 263346640
2262 2302 99210060
2261 2303 602899073
2270 2304 987465368
2139 2305 342361514
2126 2306 309431944
2281 2307 991394935
2229 2308 119036553
2117 2309 719177858
2139 2310 376966777
2065 2311 199955537
2090 2312 14231335
2310 2313 702480147
2140 2314 45321060
2149 2315 747842459
2210 2316 34530259
2191 2317 564275501
2301 2318 409248754
2276 2319 157760522
2113 2320 449091676
2078 2321 517033691
2095 2322 621379581
2308 2323 110870673
2196 2324 555539666
2195 2325 749800260
2245 2326 900906398
2310 2327 863902050
2133 2328 102534200
2307 2329 550451368
2271 2330 78808103
2295 2331 673703146
2187 2332 191530265
2133 2333 951368671
2271 2334 569094480
2152 2335 966234367
2248 2336 850880017
2310 2337 973318001
2276 2338 921241581
2097 2339 486693290
2233 2340 709881632
2106 2341 851211323
2282 2342 395104691
2094 2343 429999227
2290 2344 1017464
2296 2345 31555147
2242 2346 312140347
2324 2347 97671041
2184 2348 847501496
2203 2349 482522972
2334 2350 94427699
2197 2351 609833558
2176 2352 774095647
2154 2353 698802319
2221 2354 68001720
2172 2355 68616557
2351 2356 866109060
2306 2357 535205035
2144 2358 93207497
2258 2359 717518781
2283 2360 767846468
2198 2361 24084051
2231 2362 237250774
2189 2363 319343464
2230 2364 221490143
2278 2365 866211050
2191 2366 245661616
2207 2367 203805607
2151 2368 115811326
2323 2369 49622405
2262 2370 889116593
2132 2371 714438232
2361 2372 93267206
2134 2373 548263392
2161 2374 19503595
2271 2375 50476825
2369 2376 315516872
2298 2377 933937186
2303 2378 175493123
2324 2379 63334888
2226 2380 382127611
2309 2381 592676193
2322 2382 783178355
2249 2383 53812295
2271 2384 796183795
2333 2385 920916959
2325 2386 197198149
2200 2387 921321859
2272 2388 566891135
2349 2389 486348681
2382 2390 811578986
2282 2391 15149116
2348 2392 146901874
2384 2393 640893246
2237 2394 565597093
2360 2395 479971529
2188 2396 716191104
2181 2397 242734470
2255 2398 556676876
2218 2399 517181153
2366 2400 156486879
2212 2401 68701239
2178 2402 537641031
2313 2403 367804241
2265 2404 895124325
2364 2405 370734811
2352 2406 774646603
2300 2407 505246306
2166 2408 394758688
2325 2409 870197985
2192 2410 699959183
2316 2411 504950722
2394 2412 698864006
2341 2413 550958670
2322 2414 875488544
2192 2415 977670618
2398 2416 326145239
2246 2417 846479542
2297 2418 743037126
2273 2419 698526714
2193 2420 674744571
2328 2421 171918951
2387 2422 98220676
2368 2423 463203357
2410 2424 252789513
2207 2425 266795490
2183 2426 31035471
2303 2427 945117059
2240 2428 903279916
2258 2429 423900796
2371 2430 492757262
2334 2431 520741358
2406 2432 934950310
2432 2433 564203963
2349 2434 743509505
2260 2435 344260312
2328 2436 163462634
2405 2437 163914723
2369 2438 336782729
2288 2439 822418225
2240 2440 969296182
2283 2441 351470266
2285 2442 422767649
2216 2443 983997334
2419 2444 275752205
2225 2445 47138647
2217 2446 246825778
2310 2447 155796094
2320 2448 546273487
2239 2449 409965411
2292 2450 326600998
2248 2451 438406002
2305 2452 797557636
2394 2453 206951021
2222 2454 934947054
2268 2455 583612689
2282 2456 505207103
2230 2457 50112637
2272 2458 341927324
2210 2459 813349841
2447 2460 862911877
2403 2461 8293108
2230 2462 403934193
2416 2463 630399642
2350 2464 183651216
2442 2465 277316435
2406 2466 149199296
2355 2467 325567582
2317 2468 271728476
2256 2469 199073399
2417 2470 322962852
2373 2471 408270707
2319 2472 419189518
2229 2473 492361496
2386 2474 277404317
2289 2475 733522973
2445 2476 417058256
2334 2477 687756825
2253 2478 909334743
2312 2479 741122798
2444 2480 745816848
2370 2481 866722137
2317 2482 630718589
2372 2483 403713931
2356 2484 676293852
2448 2485 160376788
2267 2486 347721588
2484 2487 812477415
2356 2488 103767435
2361 2489 816286202
2276 2490 263986193
2487 2491 798189598
2427 2492 197853356
2313 2493 517571008
2457 2494 436193787
2456 2495 525673700
2431 2496 488025387
2369 2497 751579587
2432 2498 826685056
2394 2499 167645050
2389 2500 670423181
2404 2501 21289652
2381 2502 860290953
2447 2503 480627668
2503 2504 120998431
2278 2505 573853630
2389 2506 652109169
2320 2507 796742146
2394 2508 27687207
2483 2509 200470314
2437 2510 611154762
2391 2511 983957175
2369 2512 589876812
2263 2513 258449464
2451 2514 837734365
2314 2515 136710827
2433 2516 202156466
2277 2517 150773235
2408 2518 868362529
2379 2519 762177488
2390 2520 846236825
2454 2521 180002592
2495 2522 647680060
2353 2523 268019387
2519 2524 665308738
2405 2525 353050468
2376 2526 219077608
2430 2527 916632043
2373 2528 278688592
2477 2529 951703810
2445 2530 93909006
2494 2531 49058353
2424 2532 364882160
2464 2533 389231268
2425 2534 836374299
2402 2535 748031232
2320 2536 306197585
2532 2537 799253285
2517 2538 394359938
2417 2539 709904565
2344 2540 399464082
2300 2541 110996899
2465 2542 389325392
2456 2543 264804723
2448 2544 648945228
2503 2545 34040905
2423 2546 679637590
2448 2547 892617879
2494 2548 31176706
2536 2549 144340741
2541 2550 280037050
2375 2551 45395686
2494 2552 906104781
2540 2553 322022826
2512 2554 267342033
2461 2555 766221078
2329 2556 636795908
2307 2557 363197642
2515 2558 221597466
2374 2559 188733381
2423 2560 219398433
2530 2561 613674475
2554 2562 21016927
2459 2563 988100067
2554 2564 868908045
2381 2565 937618991
2473 2566 626786670
2404 2567 148671944
2481 2568 263353994
2420 2569 238596523
2542 2570 664646570
2498 2571 250555989
2364 2572 36266921
2328 2573 58848226
2508 2574 229762689
2329 2575 356613082
2448 2576 644516438
2405 2577 897100860
2485 2578 468095631
2465 2579 725650301
2484 2580 348163704
2534 2581 577905517
2477 2582 183901634
2422 2583 470332987
2549 2584 745329884
2577 2585 482526911
2377 2586 582804126
2468 2587 771123053
2558 2588 410237752
2467 2589 804346549
2512 2590 281454376
2368 2591 344421123
2451 2592 681136231
2477 2593 66506554
2372 2594 137783881
2532 2595 886797769
2482 2596 128395297
2472 2597 828665651
2556 2598 573964660
2438 2599 687586764
2451 2600 805908771
2420 2601 600574268
2432 2602 201902031
2355 2603 293798559
2450 2604 774759802
2375 2605 888339956
2540 2606 868409140
2540 2607 319273067
2593 2608 246162604
2415 2609 715468031
2383 2610 367626716
2380 2611 571658649
2547 2612 618176401
2595 2613 622962078
2555 2614 273966187
2368 2615 933536567
2507 2616 469663019
2570 2617 48221614
2379 2618 105678814
2411 2619 89811344
2501 2620 360030126
2472 2621 236600866
2549 2622 70619720
2603 2623 183869284
2491 2624 743879030
2520 2625 876169919
2592 2626 225854443
2466 2627 969254322
2474 2628 701098171
2613 2629 47154215
2466 2630 715503413
2445 2631 247853914
2565 2632 174109632
2589 2633 253720581
2523 2634 482589234
2416 2635 545372791
2599 2636 890264329
2518 2637 823436662
2410 2638 275340438
2401 2639 941380555
2551 2640 255723197
2599 2641 653585303
2639 2642 696403989
2505 2643 260043305
2573 2644 28649379
2486 2645 406509429
2599 2646 825266166
2494 2647 890108547
2576 2648 361282591
2519 2649 394155350
2640 2650 203357083
2520 2651 418780770
2442 2652 348194533
2504 2653 652781530
2419 2654 736182378
2620 2655 597224306
2551 2656 69417066
2443 2657 288814200
2489 2658 252688790
2415 2659 206824949
2531 2660 216338981
2496 2661 53307274
2547 2662 646548588
2646 2663 722841422
2581 2664 865145635
2548 2665 378667298
2422 2666 793169055
2432 2667 650804726
2476 2668 333932625
2652 2669 959614014
2449 2670 187604096
2459 2671 705971509
2497 2672 293203330
2463 2673 256860613
2476 2674 415310382
2560 2675 348132296
2613 2676 425701652
2435 2677 345189366
2477 2678 279217679
2637 2679 806632226
2576 2680 595373849
2650 2681 246940955
2608 2682 6481236
2642 2683 967875240
2472 2684 858218700
2479 2685 83640139
2496 2686 587044676
2672 2687 596273253
2441 2688 61163993
2619 2689 800503131
2493 2690 378469060
2587 2691 437119874
2581 2692 909547291
2678 2693 433435631
2482 2694 705322028
2565 2695 518173889
2622 2696 353235545
2606 2697 641260196
2688 2698 621391863
2480 2699 800926061
2499 2700 602755149
2526 2701 154469133
2546 2702 280854278
2480 2703 34280947
2646 2704 801420978
2679 2705 612474956
2543 2706 222683542
2611 2707 4808390
2497 2708 660149603
2466 2709 191432352
2649 2710 705872169
2649 2711 271016410
2683 2712 939964751
2679 2713 200649374
2589 2714 356587084
2607 2715 750977859
2713 2716 679950138
2588 2717 99423547
2553 2718 336060629
2685 2719 609136013
2675 2720 876667554
2535 2721 83721583
2667 2722 286933469
2600 2723 998417187
2650 2724 11231579
2662 2725 574937377
2491 2726 858508389
2584 2727 948057544
2578 2728 860327727
2699 2729 89514796
2581 2730 532214517
2719 2731 439008473
2636 2732 282040645
2561 2733 127268050
2517 2734 82578431
2557 2735 213779350
2689 2736 567484712
2695 2737 66995695
2672 2738 393868959
2567 2739 35479693
2632 2740 488882440
2711 2741 234861718
2552 2742 148740896
2675 2743 479493062
2496 2744 967302651
2718 2745 919881050
2688 2746 733111010
2540 2747 34588964
2721 2748 272559195
2732 2749 680030716
2689 2750 156367347
2725 2751 550179684
2530 2752 385239996
2724 2753 153275431
2511 2754 114753645
2717 2755 18847871
2727 2756 293228448
2683 2757 670310879
2534 2758 51396364
2591 2759 468072552
2708 2760 229667556
2544 2761 458691902
2563 2762 197886372
2761 2763 94922502
2555 2764 351567705
2661 2765 816318758
2569 2766 950958979
2654 2767 247230308
2717 2768 764079352
2580 2769 649625684
2676 2770 164422609
2746 2771 980527799
2763 2772 920894947
2595 2773 713659629
2681 2774 525828202
2661 2775 182759319
2567 2776 897404370
2534 2777 860284160
2747 2778 878140950
2658 2779 447553647
2545 2780 159964926
2606 2781 350263792
2646 2782 408646072
2750 2783 509236612
2724 2784 888977219
2559 2785 758765132
2771 2786 414708473
2780 2787 96485050
2778 2788 627543931
2700 2789 865729512
2697 2790 891225629
2730 2791 937287455
2776 2792 823404699
2715 2793 954243047
2704 2794 634973790
2791 2795 190968717
2691 2796 83606369
2550 2797 834957705
2683 2798 394523555
2768 2799 586288604
2717 2800 872447675
2760 2801 641848239
2636 2802 197492849
2700 2803 523846723
2659 2804 239867392
2633 2805 144827997
2576 2806 438646278
2590 2807 307082386
2590 2808 281654718
2792 2809 560137295
2609 2810 716708831
2606 2811 10509199
2642 2812 856726783
2584 2813 410547816
2599 2814 669724638
2660 2815 725484191
2671 2816 239036807
2654 2817 878125320
2676 2818 716780284
2736 2819 313175797
2717 2820 234404626
2579 2821 850369299
2786 2822 920234682
2722 2823 113471862
2706 2824 219801700
2772 2825 388004576
2640 2826 925343713
2779 2827 746701993
2620 2828 116190158
2691 2829 812686959
2774 2830 999455070
2663 2831 721889019
2777 2832 553710800
2745 2833 711205592
2657 2834 797383300
2715 2835 959737812
2803 2836 110947982
2593 2837 373433834
2664 2838 145912809
2724 2839 977185069
2795 2840 165992071
2811 2841 654443752
2827 2842 608761352
2789 2843 985801082
2750 2844 281693616
2755 2845 161522166
2707 2846 207631894
2804 2847 231952071
2734 2848 298894874
2779 2849 493918946
2708 2850 710625491
2782 2851 978731528
2617 2852 440111672
2653 2853 173000961
2665 2854 617014960
2724 2855 960815417
2744 2856 264443231
2681 2857 88504850
2729 2858 519549892
2743 2859 480150700
2688 2860 798694570
2763 2861 903202282
2701 2862 792789357
2774 2863 84229079
2712 2864 673435511
2785 2865 215597184
2748 2866 573573760
2647 2867 512130688
2800 2868 173436957
2788 2869 368575889
2643 2870 678334335
2645 2871 933996075
2649 2872 99414457
2628 2873 584468431
2784 2874 23443
2760 2875 448138685
2713 2876 15953469
2811 2877 884200537
2659 2878 638874638
2731 2879 425549670
2810 2880 179831955
2799 2881 261738534
2866 2882 78718487
2795 2883 590324830
2828 2884 96440707
2805 2885 673247699
2698 2886 605318167
2657 2887 638492373
2704 2888 476413207
2781 2889 750328142
2870 2890 215063272
2791 2891 486087048
2698 2892 254106295
2690 2893 69611412
2804 2894 756229419
2655 2895 464675539
2785 2896 517331752
2793 2897 975336341
2795 2898 621056024
2873 2899 305548504
2819 2900 256367220
2818 2901 294178855
2720 2902 269715890
2778 2903 596405703
2836 2904 85895628
2783 2905 678872985
2794 2906 211635642
2853 2907 50395301
2833 2908 266954415
2783 2909 450814199
2746 2910 897152121
2899 2911 112878011
2799 2912 139208088
2825 2913 881692764
2833 2914 68674737
2807 2915 552798649
2694 2916 913498670
2906 2917 701620713
2744 2918 805112724
2904 2919 240531943
2852 2920 298733193
2788 2921 913092341
2841 2922 840632270
2849 2923 280540623
2678 2924 182678057
2788 2925 976894992
2867 2926 614488146
2886 2927 244480212
2847 2928 612400552
2794 2929 314472353
2863 2930 680032385
2762 2931 151669206
2819 2932 136854092
2699 2933 600280310
2822 2934 193237941
2895 2935 950626111
2791 2936 524189428
2775 2937 933369145
2773 2938 522056781
2895 2939 719144797
2771 2940 365747079
2803 2941 947025452
2777 2942 183996481
2749 2943 656209405
2710 2944 835174976
2776 2945 619928636
2935 2946 301392478
2846 2947 903848914
2767 2948 432146276
2743 2949 627122322
2796 2950 111382751
2756 2951 425643930
2842 2952 209162822
2787 2953 824661736
2909 2954 10481424
2711 2955 51704183
2829 2956 68660141
2790 2957 49532344
2926 2958 364693416
2806 2959 862116803
2827 2960 903136345
2715 2961 676633860
2807 2962 37311316
2725 2963 887368516
2817 2964 345063953
2856 2965 46777826
2770 2966 994972304
2961 2967 39670319
2745 2968 77913307
2961 2969 936546539
2775 2970 504946264
2793 2971 51957
2793 2972 438565088
2925 2973 215277429
2888 2974 200733549
2751 2975 404411200
2927 2976 689993389
2764 2977 807868737
2761 2978 945434537
2820 2979 914290144
2767 2980 560130679
2796 2981 81992584
2831 2982 61229370
2830 2983 688925790
2809 2984 188103545
2832 2985 986350453
2848 2986 428507120
2781 2987 932030471
2841 2988 246480685
2933 2989 506717896
2972 2990 748967998
2963 2991 84018843
2861 2992 744194542
2856 2993 437022037
2779 2994 925326646
2754 2995 842220774
2806 2996 828971123
2906 2997 303600406
2750 2998 824830397
2915 2999 144883354
2855 3000 750351147
2769 3001 16956616
2991 3002 44610690
2762 3003 199508943
2793 3004 598837661
2940 3005 326478632
2761 3006 155755128
2858 3007 721773190
2769 3008 120764250
2931 3009 181221982
2871 3010 484097107
2798 3011 253794981
2927 3012 496392845
2868 3013 146226665
2764 3014 795955158
2928 3015 367935697
2771 3016 793167734
2928 3017 235266853
2803 3018 266252841
2860 3019 989666379
2988 3020 371713762
2900 3021 5712631
2823 3022 244286603
2951 3023 669046851
2844 3024 670684857
2775 3025 151723210
2835 3026 953697880
3010 3027 112251088
2810 3028 78931180
2877 3029 381545372
3018 3030 634013497
2886 3031 863358065
3029 3032 885921903
2968 3033 270381563
2956 3034 484411865
2918 3035 210358347
2984 3036 570204097
2848 3037 482004380
2868 3038 742339
2833 3039 380987029
2841 3040 848265944
2920 3041 96464777
3037 3042 82520350
2861 3043 678465947
2913 3044 773519549
2871 3045 904143141
2967 3046 505759715
3041 3047 995341794
2808 3048 712215801
2800 3049 769434447
2991 3050 784135310
2823 3051 139512871
2859 3052 576146941
2857 3053 838328557
2973 3054 737339557
2950 3055 459110113
3001 3056 651908678
3036 3057 666263852
2971 3058 60337232
2842 3059 377774908
2912 3060 877382754
2860 3061 34929319
2871 3062 522786204
2868 3063 133561314
3006 3064 176109637
2968 3065 394578163
2881 3066 213885767
3032 3067 505756583
2951 3068 211694924
2914 3069 629529617
3021 3070 63672210
2933 3071 333609314
2955 3072 757734188
2868 3073 196230106
2923 3074 255009130
2992 3075 690157757
2901 3076 258472021
3053 3077 891708377
2968 3078 62884538
2979 3079 147282809
3054 3080 958881963
2866 3081 295686198
2872 3082 156406927
2871 3083 637959205
2965 3084 174913350
2887 3085 557992444
2871 3086 106736213
3082 3087 673381171
2975 3088 466100800
2904 3089 809065513
2995 3090 900085712
2897 3091 253566653
2973 3092 613790682
3066 3093 277949159
2891 3094 760132241
2885 3095 976699274
3084 3096 516719208
2955 3097 793137154
2924 3098 1006392
2917 3099 784432973
3093 3100 383906113
2891 3101 470603653
3043 3102 343821301
3037 3103 833844435
2926 3104 364760649
3022 3105 193170052
2876 3106 630351521
3062 3107 209377735
2904 3108 210779936
2909 3109 673107712
2862 3110 180839017
2953 3111 694183788
3014 3112 257624458
3098 3113 894655400
3032 3114 337089785
3079 3115 14816000
3048 3116 597632583
3093 3117 405564258
2939 3118 940353130
3034 3119 855756548
3031 3120 961979393
3043 3121 18592630
3028 3122 964573618
2905 3123 911147195
2924 3124 774611361
2925 3125 477576865
2885 3126 418336003
2905 3127 741463517
2901 3128 707104002
2981 3129 679892551
3077 3130 40118174
3119 3131 378540365
3044 3132 610900753
3054 3133 958227865
3092 3134 875881933
3015 3135 380571113
3119 3136 642840225
2895 3137 520785875
2925 3138 241644605
3108 3139 425570287
3022 3140 789056956
2945 3141 657529999
2971 3142 655140453
3081 3143 50653711
3133 3144 725128564
3089 3145 87319503
3141 3146 866371945
2916 3147 731772061
2907 3148 905321892
2908 3149 46352669
2946 3150 857987899
3083 3151 378942080
2978 3152 376058334
3126 3153 231132630
3123 3154 577921800
3107 3155 845166934
3082 3156 304695597
3106 3157 51757171
2983 3158 842153609
3126 3159 303628471
2941 3160 67297134
3116 3161 14507758
3060 3162 290822000
2916 3163 695174788
2927 3164 197772545
3091 3165 442378671
2998 3166 269641261
3081 3167 412551290
2952 3168 123814038
3076 3169 722056731
2965 3170 46604527
3100 3171 993802113
3153 3172 175566986
3067 3173 970600202
2990 3174 268677518
3097 3175 247925170
3145 3176 337738091
3021 3177 464765095
3129 3178 900781382
3045 3179 285537570
3022 3180 967805714
3046 3181 718693199
3053 3182 501669404
3046 3183 569493375
3159 3184 140709041
2942 3185 165748823
3133 3186 130461215
2950 3187 371203203
2981 3188 757118757
3033 3189 223256297
3067 3190 747027047
2951 3191 391448938
3171 3192 199119298
2949 3193 99945028
2989 3194 277560844
3183 3195 417440322
3077 3196 685696686
3075 3197 854150062
3028 3198 332308180
3179 3199 560707610
3118 3200 219792948
3185 3201 123218494
3145 3202 343778183
3025 3203 346205573
3179 3204 338085943
3014 3205 865480862
3041 3206 484404583
3190 3207 99377583
2987 3208 922280892
3006 3209 810244853
3159 3210 221199569
3155 3211 237993813
3020 3212 515607270
3158 3213 631714483
3042 3214 491752502
3075 3215 281080620
3199 3216 837848877
2974 3217 549206855
3209 3218 72721647
2988 3219 725736321
2989 3220 889306658
3032 3221 818205547
3133 3222 691049873
3111 3223 263794980
3188 3224 735092430
3173 3225 208136491
2997 3226 685917799
2981 3227 324244992
3171 3228 993438116
3017 3229 722296384
2989 3230 619105081
2984 3231 499489470
3218 3232 90369810
3197 3233 218538616
3028 3234 45650894
3221 3235 359406380
3185 3236 694381803
3026 3237 254988035
3019 3238 487976783
3190 3239 946378182
3164 3240 32544801
3154 3241 992549992
3231 3242 800023910
3036 3243 784668254
3131 3244 281207665
3055 3245 777338436
3069 3246 978487493
3072 3247 662373423
3246 3248 256844240
3158 3249 955556576
3058 3250 739134058
3189 3251 867982922
3022 3252 387991597
3147 3253 930229349
3018 3254 860664155
3009 3255 294669683
3107 3256 569034897
3060 3257 690023450
3111 3258 111935834
3013 3259 725995169
3137 3260 399267103
3247 3261 818799050
3223 3262 570051024
3165 3263 958408465
3113 3264 193410161
3227 3265 485686915
3142 3266 516155347
3189 3267 391953475
3030 3268 174090095
3133 3269 541003054
3249 3270 474730175
3150 3271 783027378
3136 3272 686189311
3059 3273 615573854
3242 3274 411282497
3161 3275 725029142
3272 3276 764301831
3222 3277 617719320
3250 3278 267139221
3094 3279 267453192
3248 3280 199724767
3137 3281 478597272
3136 3282 424654400
3240 3283 790259287
3204 3284 470350459
3184 3285 861971927
3052 3286 958853807
3161 3287 30292364
3284 3288 78174661
3121 3289 584927433
3233 3290 74029764
3071 3291 658977615
3102 3292 440871101
3131 3293 332089568
3055 3294 95337149
3211 3295 168126430
3264 3296 158691941
3191 3297 322170901
3082 3298 183785985
3200 3299 104121886
3081 3300 967483358
3252 3301 736994048
3147 3302 225790209
3189 3303 653665309
3261 3304 530780359
3173 3305 277760022
3271 3306 602434267
3166 3307 531469958
3269 3308 75374219
3096 3309 600210150
3103 3310 16509610
3299 3311 575070143
3309 3312 196652345
3203 3313 110761459
3308 3314 772455353
3249 3315 617677346
3206 3316 319251429
3307 3317 247833398
3205 3318 894625489
3300 3319 958369810
3316 3320 638403394
3087 3321 123681965
3177 3322 286708486
3316 3323 634408652
3315 3324 768567132
3317 3325 28880360
3216 3326 346102845
3270 3327 944048140
3255 3328 400863127
3136 3329 695670799
3108 3330 842693602
3170 3331 228549062
3102 3332 202357792
3284 3333 811761539
3183 3334 975427164
3291 3335 984364316
3164 3336 332214225
3130 3337 157508191
3311 3338 75745848
3172 3339 912601954
3270 3340 225432950
3225 3341 49563512
3129 3342 445127240
3339 3343 706979377
3249 3344 439758546
3100 3345 503079045
3313 3346 246305180
3228 3347 908430286
3110 3348 678372048
3182 3349 2344949
3290 3350 176040314
3292 3351 354585012
3173 3352 371538269
3245 3353 118727499
3337 3354 155059871
3338 3355 197825985
3327 3356 141752464
3116 3357 311568464
3152 3358 368432118
3254 3359 716819361
3177 3360 523181863
3151 3361 550215654
3275 3362 868796599
3344 3363 791642997
3158 3364 252838564
3217 3365 640153655
3119 3366 734207526
3328 3367 681973183
3343 3368 173604449
3143 3369 744369587
3155 3370 75840511
3233 3371 47016876
3303 3372 457212063
3278 3373 577426384
3227 3374 233224877
3211 3375 681094199
3156 3376 230788202
3290 3377 102708388
3289 3378 101787466
3157 3379 415333817
3365 3380 31765578
3334 3381 651881415
3179 3382 918243566
3227 3383 145011976
3260 3384 13890990
3254 3385 468072113
3366 3386 852588628
3174 3387 291627072
3197 3388 64652679
3142 3389 182584610
3279 3390 607977732
3322 3391 461429108
3305 3392 717006834
3172 3393 859884167
3354 3394 827629944
3321 3395 364378940
3371 3396 891059103
3396 3397 742686372
3324 3398 322341040
3153 3399 526822386
3259 3400 363609141
3396 3401 579927156
3326 3402 997970362
3296 3403 234819246
3344 3404 847442248
3224 3405 276052990
3367 3406 169253938
3348 3407 220810256
3160 3408 237945165
3387 3409 438708988
3225 3410 805410359
3346 3411 638229804
3374 3412 490372255
3291 3413 685312589
3386 3414 82654537
3211 3415 796074452
3190 3416 450666661
3322 3417 486473738
3190 3418 405750958
3416 3419 838120618
3415 3420 694392049
3378 3421 353361526
3187 3422 101702051
3224 3423 29701520
3225 3424 57051082
3280 3425 68864399
3418 3426 904918050
3318 3427 91844191
3333 3428 883536845
3181 3429 705792764
3184 3430 739855322
3226 3431 650085458
3265 3432 537108147
3330 3433 220381857
3234 3434 414054079
3213 3435 230451932
3304 3436 384067501
3261 3437 895266876
3436 3438 38131460
3252 3439 519228214
3342 3440 652214992
3251 3441 370218609
3334 3442 861421397
3237 3443 208760585
3400 3444 897507457
3385 3445 650577242
3335 3446 178927710
3328 3447 694906165
3275 3448 856481084
3257 3449 911832671
3358 3450 288350929
3446 3451 970235010
3301 3452 489886702
3446 3453 7882078
3326 3454 491175735
3347 3455 490199285
3282 3456 55455610
3368 3457 191755282
3335 3458 807516118
3454 3459 209470064
3412 3460 12771252
3328 3461 337115687
3403 3462 84829708
3303 3463 288689749
3322 3464 509741116
3461 3465 546823499
3310 3466 58454517
3420 3467 925299636
3387 3468 592600960
3447 3469 568007648
3353 3470 528789827
3427 3471 144858216
3411 3472 157112746
3262 3473 385504341
3344 3474 907341932
3323 3475 379061919
3282 3476 472989765
3289 3477 58747137
3314 3478 341412580
3411 3479 388600958
3275 3480 173456289
3479 3481 512564956
3315 3482 345995847
3253 3483 408491337
3301 3484 425975553
3297 3485 210331894
3270 3486 522596671
3253 3487 65511248
3409 3488 575542841
3449 3489 385667033
3425 3490 825018540
3352 3491 389166746
3459 3492 7879849
3330 3493 230929945
3275 3494 139565535
3427 3495 513291448
3377 3496 653096458
3420 3497 45759988
3345 3498 72412513
3355 3499 372153649
3333 3500 63452726
3320 3501 417630180
3357 3502 56014571
3262 3503 558602541
3430 3504 907367638
3400 3505 245692553
3379 3506 179363277
3340 3507 553218044
3293 3508 701790307
3502 3509 130120000
3357 3510 721642517
3363 3511 345703066
3308 3512 890957662
3418 3513 155736819
3442 3514 802808778
3367 3515 25071419
3322 3516 981342973
3447 3517 283236539
3409 3518 832780075
3497 3519 247678918
3436 3520 933290184
3345 3521 373274877
3455 3522 462564541
3309 3523 388191729
3451 3524 319806735
3401 3525 862336730
3475 3526 611819096
3499 3527 251085580
3286 3528 817325945
3515 3529 860350208
3524 3530 713893308
3364 3531 475746703
3370 3532 261994726
3386 3533 249230680
3314 3534 351690891
3357 3535 560582423
3393 3536 270364676
3365 3537 286537156
3525 3538 286505247
3453 3539 767464528
3327 3540 407164943
3529 3541 783803542
3333 3542 904381758
3350 3543 694812414
3457 3544 672920550
3372 3545 530410418
3513 3546 703658374
3400 3547 816620039
3435 3548 882175164
3523 3549 548311386
3543 3550 323217978
3334 3551 568161057
3402 3552 222078666
3468 3553 581918122
3351 3554 795490917
3331 3555 528244720
3328 3556 248958652
3489 3557 27219226
3318 3558 396821996
3508 3559 253370327
3399 3560 101742432
3394 3561 87337892
3468 3562 451326539
3405 3563 439997865
3328 3564 341314564
3532 3565 690784885
3509 3566 295961923
3386 3567 278947539
3384 3568 66736857
3391 3569 734434355
3553 3570 766773205
3362 3571 501199798
3559 3572 6649163
3383 3573 937173775
3372 3574 393145078
3372 3575 235972843
3414 3576 245803151
3359 3577 184880533
3520 3578 109798519
3414 3579 423418634
3540 3580 751375564
3533 3581 990477438
3354 3582 187073863
3433 3583 85170845
3462 3584 156344652
3355 3585 147486492
3417 3586 983046488
3431 3587 788610206
3554 3588 257587645
3460 3589 838020612
3562 3590 18361252
3477 3591 464647783
3418 3592 247319667
3458 3593 558932939
3447 3594 460825800
3505 3595 208473465
3362 3596 706387137
3382 3597 28660076
3426 3598 688128659
3536 3599 248838377
3405 3600 302103596
3426 3601 790775878
3557 3602 193747483
3501 3603 941803685
3595 3604 171022890
3379 3605 892964128
3392 3606 600375544
3517 3607 84115943
3472 3608 804479114
3360 3609 943973296
3431 3610 479379680
3551 3611 749192435
3366 3612 312181478
3545 3613 515513835
3377 3614 98045311
3455 3615 744748324
3448 3616 322313167
3567 3617 129118551
3445 3618 255467633
3566 3619 263046801
3504 3620 22704447
3519 3621 310799202
3411 3622 140478838
3553 3623 802688484
3388 3624 893860219
3448 3625 666656586
3551 3626 417024676
3398 3627 959314948
3499 3628 22538689
3507 3629 983801851
3573 3630 554935654
3509 3631 692125637
3485 3632 235365160
3461 3633 270091795
3514 3634 634537518
3513 3635 938349305
3580 3636 934170340
3398 3637 4061212
3583 3638 823341596
3530 3639 461738459
3398 3640 374246356
3394 3641 364820064
3552 3642 950344776
3557 3643 538900528
3567 3644 963891315
3499 3645 291218525
3551 3646 997493067
3586 3647 208613328
3556 3648 244442921
3550 3649 515465090
3551 3650 725374092
3645 3651 457201279
3408 3652 383509448
3479 3653 481340734
3577 3654 401062974
3625 3655 489909179
3621 3656 179252492
3623 3657 997531855
3507 3658 601488322
3415 3659 367814659
3566 3660 757589844
3570 3661 945193487
3591 3662 747999085
3587 3663 933035389
3607 3664 233358533
3630 3665 613292869
3519 3666 868032191
3663 3667 845169231
3486 3668 439047981
3610 3669 203584397
3630 3670 590591694
3500 3671 59435147
3579 3672 109041979
3639 3673 125335087
3604 3674 6912575
3615 3675 839778038
3433 3676 409497463
3448 3677 86366120
3448 3678 491868978
3508 3679 839641701
3657 3680 251557146
3511 3681 123833784
3621 3682 989799281
3530 3683 255766285
3621 3684 445979125
3489 3685 262144273
3494 3686 494849492
3598 3687 856426367
3466 3688 450818254
3552 3689 481718321
3466 3690 287028728
3653 3691 587967782
3488 3692 68834098
3657 3693 719789925
3475 3694 557658490
3643 3695 767086018
3637 3696 380060404
3460 3697 238957565
3640 3698 63185647
3619 3699 667936230
3674 3700 474901632
3494 3701 20104631
3614 3702 417894049
3574 3703 628595233
3644 3704 196128540
3669 3705 628503002
3556 3706 269866652
3585 3707 236084835
3677 3708 776531576
3551 3709 821017967
3578 3710 502148176
3599 3711 733630981
3514 3712 482063652
3619 3713 144277603
3464 3714 830068382
3654 3715 437133535
3559 3716 753519342
3540 3717 125593599
3606 3718 990398904
3534 3719 171080301
3508 3720 361202086
3680 3721 204714987
3607 3722 672282614
3568 3723 912266498
3484 3724 964506517
3536 3725 566714868
3581 3726 886823463
3501 3727 775844374
3714 3728 131273272
3575 3729 452600527
3703 3730 496012409
3624 3731 165019852
3654 3732 616816577
3648 3733 58583115
3538 3734 876048086
3698 3735 143814704
3680 3736 975185599
3522 3737 510618194
3593 3738 990613864
3635 3739 302483830
3535 3740 366084606
3532 3741 977547554
3703 3742 735530140
3741 3743 694667261
3536 3744 606950826
3645 3745 137769346
3580 3746 102770392
3693 3747 525050920
3595 3748 144280535
3719 3749 470574957
3738 3750 493195850
3594 3751 766698230
3575 3752 691326226
3673 3753 105520763
3667 3754 451900632
3509 3755 91895383
3726 3756 718662974
3600 3757 776439839
3513 3758 749170446
3568 3759 432269440
3699 3760 922756158
3535 3761 983221327
3543 3762 715037497
3738 3763 687863731
3547 3764 630378854
3721 3765 22049539
3523 3766 250008875
3717 3767 878392080
3752 3768 932920460
3735 3769 118267393
3730 3770 542237332
3567 3771 302301922
3623 3772 907564301
3704 3773 680453741
3525 3774 567613208
3611 3775 266820783
3612 3776 199776657
3619 3777 425502245
3748 3778 664230965
3626 3779 294519084
3531 3780 401715276
3545 3781 455538406
3532 3782 448353542
3700 3783 85270884
3722 3784 979297420
3751 3785 665029284
3669 3786 601000739
3723 3787 375425015
3594 3788 121516131
3566 3789 514334294
3557 3790 279253289
3607 3791 363615707
3780 3792 622297474
3691 3793 444315501
3786 3794 920948864
3591 3795 236970408
3692 3796 730370107
3748 3797 489512190
3556 3798 870902274
3634 3799 935265159
3725 3800 241519956
3717 3801 329170170
3565 3802 271012294
3649 3803 726141465
3691 3804 439077269
3657 3805 315970875
3787 3806 274929050
3801 3807 694466374
3731 3808 761486566
3764 3809 796124934
3730 3810 88082903
3629 3811 236078787
3776 3812 190973096
3683 3813 131512472
3595 3814 839813342
3772 3815 888304395
3639 3816 447557547
3692 3817 904175860
3757 3818 715560381
3807 3819 850009535
3766 3820 735230222
3767 3821 705023117
3610 3822 565841704
3609 3823 327813841
3686 3824 104370053
3764 3825 644951165
3578 3826 489621809
3722 3827 388546945
3660 3828 27317517
3825 3829 286738213
3815 3830 825889745
3711 3831 748873962
3801 3832 961731323
3783 3833 438494068
3641 3834 712747155
3828 3835 592908286
3653 3836 753705360
3833 3837 17853825
3749 3838 849753599
3667 3839 713273990
3824 3840 942320921
3651 3841 793293087
3795 3842 976974771
3596 3843 599540825
3801 3844 98842583
3698 3845 417948006
3750 3846 994302606
3743 3847 462601345
3791 3848 854205731
3676 3849 650432221
3641 3850 824316622
3627 3851 903314713
3721 3852 227641804
3669 3853 856298609
3796 3854 951480937
3629 3855 681931372
3811 3856 120679267
3775 3857 116049989
3677 3858 508138680
3850 3859 16278299
3720 3860 93542810
3632 3861 252062107
3676 3862 837647093
3733 3863 771793101
3783 3864 965669700
3747 3865 536787565
3859 3866 118912523
3695 3867 233314136
3719 3868 691317663
3679 3869 285875986
3669 3870 923824514
3699 3871 426779
3678 3872 182956116
3673 3873 202845950
3742 3874 11929220
3762 3875 631500096
3874 3876 773582944
3671 3877 677678244
3644 3878 188808293
3687 3879 89833531
3644 3880 240481257
3783 3881 663846639
3742 3882 891382742
3734 3883 106338799
3866 3884 903138732
3776 3885 290968503
3802 3886 334828092
3816 3887 391323956
3673 3888 376110047
3807 3889 390606687
3735 3890 256276864
3786 3891 726550746
3698 3892 232113878
3889 3893 857988392
3776 3894 419589605
3803 3895 666609421
3809 3896 950298441
3820 3897 756550170
3753 3898 426233218
3895 3899 369367443
3866 3900 794312570
3862 3901 887067609
3699 3902 960801373
3716 3903 181164191
3744 3904 181504449
3869 3905 349546233
3860 3906 686554024
3786 3907 423545121
3821 3908 375238138
3838 3909 615392241
3794 3910 96037985
3883 3911 88967407
3728 3912 135197727
3845 3913 504995736
3728 3914 639242811
3735 3915 205601450
3878 3916 815307262
3764 3917 839055867
3741 3918 213531791
3808 3919 338286721
3828 3920 289895347
3850 3921 138573729
3687 3922 653735002
3762 3923 120523607
3879 3924 187432696
3768 3925 145851887
3906 3926 3442250
3850 3927 563739445
3800 3928 135868071
3901 3929 846596670
3863 3930 748700255
3832 3931 614820963
3894 3932 811641171
3726 3933 713243555
3696 3934 163472320
3721 3935 290484476
3826 3936 767716734
3845 3937 964450921
3920 3938 164884666
3842 3939 354261538
3890 3940 123247197
3835 3941 691947068
3701 3942 235893571
3914 3943 288945314
3705 3944 420214987
3727 3945 425516671
3887 3946 278263666
3877 3947 36208147
3815 3948 249759243
3766 3949 459324213
3827 3950 366592285
3834 3951 605616638
3817 3952 54200332
3738 3953 45922667
3935 3954 49991760
3725 3955 197288483
3936 3956 522086848
3885 3957 121609954
3796 3958 677490115
3832 3959 270133725
3872 3960 281483926
3879 3961 988483031
3929 3962 541637097
3800 3963 390416324
3754 3964 724417921
3873 3965 91067544
3736 3966 688636267
3720 3967 286028954
3745 3968 117045274
3891 3969 472007969
3944 3970 287252554
3846 3971 450503149
3914 3972 718363943
3881 3973 713766809
3821 3974 40458750
3951 3975 871756768
3754 3976 342300273
3739 3977 812915226
3793 3978 398561602
3940 3979 600214219
3849 3980 234266372
3876 3981 705014629
3736 3982 743237603
3781 3983 604455614
3886 3984 390814784
3914 3985 703727022
3920 3986 502552221
3880 3987 970026145
3935 3988 216275603
3968 3989 135583477
3916 3990 597822218
3799 3991 286771384
3944 3992 593037247
3776 3993 277289821
3874 3994 413371748
3886 3995 971872286
3931 3996 562064078
3782 3997 41178358
3846 3998 13598387
3762 3999 550573479
3774 4000 549270982
3767 4001 111445767
3862 4002 459325547
3919 4003 151565682
3881 4004 463845747
3982 4005 445097245
3781 4006 98805527
3904 4007 952653420
3844 4008 847382131
3967 4009 103070671
3955 4010 874253656
3907 4011 648529249
3875 4012 108072199
3984 4013 423912287
3767 4014 66140088
3910 4015 795830268
3973 4016 17129788
3983 4017 484802696
3804 4018 487520068
3814 4019 864733839
3822 4020 768646426
3821 4021 750158588
3870 4022 975630759
3860 4023 165013148
3991 4024 13134042
3870 4025 147416222
3805 4026 284666195
3962 4027 278927464
3969 4028 361739125
3912 4029 847234573
3897 4030 427071872
3992 4031 353821786
3893 4032 169354506
3932 4033 31256835
4016 4034 38277026
4015 4035 757926562
4010 4036 601332705
3889 4037 652099786
3794 4038 58208795
3843 4039 144277534
3834 4040 528454163
4036 4041 440850996
3849 4042 538750647
3871 4043 13552604
3893 4044 787872578
3998 4045 660835879
3913 4046 269595983
3876 4047 668444761
4045 4048 993548920
4015 4049 750525778
3894 4050 201234061
3998 4051 52947564
4043 4052 80351084
3829 4053 185911544
3966 4054 541125414
3907 4055 471318956
4027 4056 173939772
3819 4057 909437587
3936 4058 290807151
3811 4059 612729384
4023 4060 926655414
3917 4061 592443684
3929 4062 56972046
3842 4063 117287843
3841 4064 885998934
4055 4065 318622540
3961 4066 88321451
3896 4067 32930294
3856 4068 865384923
3868 4069 433302737
3897 4070 634699289
3953 4071 127167295
4050 4072 16936488
4009 4073 677892886
3959 4074 36859622
3890 4075 747013477
3893 4076 793490712
3837 4077 50380446
3915 4078 951013485
4061 4079 311865092
3847 4080 525422883
3869 4081 324454075
3956 4082 170003325
4028 4083 674918286
3930 4084 27424383
3902 4085 716040392
4003 4086 344507697
3964 4087 683105030
3918 4088 789272220
4020 4089 21829705
4010 4090 485859184
4068 4091 289305972
3933 4092 365523718
4082 4093 273604291
3962 4094 952898721
4040 4095 351579249
3997 4096 626249755
4044 4097 560140527
3877 4098 250130947
3871 4099 791474447
4033 4100 855510470
4037 4101 376854099
4041 4102 487821655
3880 4103 869271497
3941 4104 425564094
4068 4105 53352748
3860 4106 123311796
3918 4107 895904085
3971 4108 13463998
4044 4109 8102674
4017 4110 569492310
3930 4111 191756512
4037 4112 678718320
4090 4113 176692985
3983 4114 249992810
4036 4115 588339001
4018 4116 259165907
4058 4117 289363783
3891 4118 241704869
3950 4119 152831137
3986 4120 388440192
4070 4121 721162884
4033 4122 361399108
3890 4123 296196230
4037 4124 682119386
3894 4125 834378582
4032 4126 476524234
3920 4127 399491071
4115 4128 506570344
4122 4129 60003542
4071 4130 218793384
3909 4131 696156711
4108 4132 735576033
4047 4133 233038319
4105 4134 245306073
3977 4135 251610724
3898 4136 396211006
4040 4137 909823192
4001 4138 582543611
4041 4139 472007650
4005 4140 436229640
3981 4141 722565754
4038 4142 906513167
4000 4143 597419881
4002 4144 812939364
4017 4145 208904007
3903 4146 340306824
4109 4147 206397755
3912 4148 622989636
3959 4149 80015585
4047 4150 361841160
4076 4151 69346280
3980 4152 100037753
3946 4153 843445780
3960 4154 59809348
4029 4155 802120736
4076 4156 578142007
4129 4157 76309718
3911 4158 199788986
3928 4159 796702664
3961 4160 626908763
4109 4161 480297781
4149 4162 183798787
3946 4163 67818431
4160 4164 365480738
3924 4165 880459169
3918 4166 602682367
4064 4167 257004131
4004 4168 86966133
4009 4169 962680980
4082 4170 34582319
4119 4171 665130089
3969 4172 587274304
4022 4173 189814032
3974 4174 126952738
4060 4175 788642902
3967 4176 718782561
3930 4177 221882334
4073 4178 395492039
3939 4179 92823247
3982 4180 99008997
3972 4181 58891527
4082 4182 818053593
4065 4183 182296121
4157 4184 643719441
4058 4185 644461814
4014 4186 132774671
4131 4187 74745513
3958 4188 448478236
4039 4189 214181314
4127 4190 452411688
4034 4191 760165917
4011 4192 192934100
4048 4193 711716113
4102 4194 815984424
4010 4195 412814204
4082 4196 992126724
4073 4197 50187060
4029 4198 391582195
4033 4199 547697355
4184 4200 294487247
4144 4201 485689446
4141 4202 894322155
4001 4203 290547698
3984 4204 440095031
4199 4205 705214848
3987 4206 918369930
4070 4207 758794883
4103 4208 69862302
3965 4209 588262804
4148 4210 386217779
4079 4211 634415630
4148 4212 617820483
4081 4213 103411952
4073 4214 416943222
4046 4215 208032919
4057 4216 11345035
4110 4217 676389104
4076 4218 438730901
4016 4219 525209065
4121 4220 2363321
4009 4221 439082453
4137 4222 894569011
4169 4223 393528228
4220 4224 229726502
4000 4225 859632219
4109 4226 11949368
4175 4227 736735447
4168 4228 768841291
4179 4229 705746164
4070 4230 251827061
4154 4231 273766028
4039 4232 732237586
4121 4233 888685330
4097 4234 876715933
4186 4235 200333141
4229 4236 406416199
4041 4237 274965391
3992 4238 106586532
4102 4239 842282137
4031 4240 906107534
4126 4241 801270236
4135 4242 172327006
4186 4243 60067420
4176 4244 789793568
4090 4245 914412565
4034 4246 182018539
4167 4247 791258138
4063 4248 229443022
4118 4249 348972943
4070 4250 483492958
4211 4251 97327246
4172 4252 248299892
4109 4253 40301324
4171 4254 339861961
4223 4255 205185310
4173 4256 193922761
4112 4257 289878112
4176 4258 856798597
4219 4259 521530249
4211 4260 872471618
4223 4261 677982729
4056 4262 66671296
4051 4263 853137424
4230 4264 586100917
4151 4265 222565707
4238 4266 820933222
4135 4267 548087685
4206 4268 545542253
4084 4269 639754274
4111 4270 877781359
4135 4271 183673296
4122 4272 89244510
4052 4273 921877089
4199 4274 281464093
4045 4275 105616478
4229 4276 994646802
4159 4277 685694488
4249 4278 481569642
4185 4279 880067025
4111 4280 231416373
4135 4281 968509623
4182 4282 226118696
4109 4283 569300776
4186 4284 100647773
4061 4285 715579583
4230 4286 184702035
4062 4287 750912475
4116 4288 408868568
4200 4289 545097218
4157 4290 311819708
4278 4291 230623583
4079 4292 743919561
4232 4293 670011469
4097 4294 188953496
4232 4295 559412284
4290 4296 866741756
4218 4297 744799257
4280 4298 595784051
4151 4299 332166468
4255 4300 59438963
4134 4301 690461852
4198 4302 758022357
4201 4303 141883607
4253 4304 450769786
4058 4305 846778586
4082 4306 99907029
4137 4307 788112846
4256 4308 293168766
4237 4309 10319326
4158 4310 899074919
4181 4311 78132832
4098 4312 274383261
4242 4313 115714063
4078 4314 644127607
4123 4315 794066995
4261 4316 677046632
4102 4317 14916763
4267 4318 397906041
4274 4319 529805862
4129 4320 246309712
4154 4321 397530178
4079 4322 65002179
4149 4323 252393367
4307 4324 450809279
4091 4325 927656206
4099 4326 189911977
4120 4327 211773086
4195 4328 817227581
4142 4329 593900531
4138 4330 896945883
4177 4331 7689625
4315 4332 199981054
4253 4333 68529649
4220 4334 122780205
4283 4335 190799374
4215 4336 762057855
4180 4337 761455520
4272 4338 212098011
4178 4339 623969598
4189 4340 105082574
4291 4341 457841360
4274 4342 613225460
4218 4343 557708448
4121 4344 426887088
4341 4345 752773076
4177 4346 916311318
4252 4347 730849418
4235 4348 815823537
4271 4349 540774488
4274 4350 541848773
4138 4351 172980088
4333 4352 959299330
4346 4353 837136144
4320 4354 746809806
4182 4355 111620092
4129 4356 974303738
4232 4357 52425684
4287 4358 263062735
4280 4359 156779117
4130 4360 171157602
4193 4361 755578938
4259 4362 845237604
4121 4363 178649163
4197 4364 564348077
4350 4365 229986511
4184 4366 781983174
4288 4367 477521255
4183 4368 918604849
4132 4369 647313118
4276 4370 196529271
4277 4371 626096573
4280 4372 227813085
4218 4373 596694056
4266 4374 208671786
4343 4375 617034769
4202 4376 266668768
4309 4377 223267031
4310 4378 693431996
4376 4379 104346758
4247 4380 896159331
4256 4381 835520908
4132 4382 737794170
4171 4383 989308233
4177 4384 650802695
4340 4385 72259000
4313 4386 685839681
4205 4387 66355550
4327 4388 891817765
4192 4389 541511490
4153 4390 908999329
4285 4391 374801011
4323 4392 65012449
4282 4393 596102421
4179 4394 712981092
4314 4395 494092420
4241 4396 858460348
4248 4397 136809181
4162 4398 136195962
4273 4399 562139758
4208 4400 727753573
4292 4401 269028430
4360 4402 707439252
4371 4403 702194599
4375 4404 912628347
4348 4405 312939246
4239 4406 42602939
4401 4407 355859202
4210 4408 855623362
4209 4409 491256900
4395 4410 996612230
4219 4411 846808148
4403 4412 180791807
4289 4413 587397341
4305 4414 509184894
4231 4415 19542518
4352 4416 818174992
4169 4417 871939224
4197 4418 258015747
4369 4419 636648104
4257 4420 420107970
4231 4421 562598800
4207 4422 949641130
4198 4423 939788776
4196 4424 766027378
4226 4425 501358038
4366 4426 990823389
4417 4427 201340654
4312 4428 615869783
4375 4429 823818675
4381 4430 663399513
4362 4431 528596178
4382 4432 552869169
4362 4433 917916024
4360 4434 403064256
4327 4435 262307633
4232 4436 399417628
4235 4437 653918942
4300 4438 5114578
4412 4439 936110596
4256 4440 628152482
4327 4441 480472497
4328 4442 283332609
4319 4443 359929958
4293 4444 598530238
4317 4445 621525533
4228 4446 152659352
4304 4447 522020984
4219 4448 783423311
4411 4449 807986017
4340 4450 544783302
4320 4451 405492163
4322 4452 942460107
4387 4453 35114968
4432 4454 937621460
4300 4455 918468031
4265 4456 179674491
4374 4457 828678202
4285 4458 220458948
4211 4459 557674499
4317 4460 536072974
4261 4461 87001635
4324 4462 288782318
4259 4463 375168363
4428 4464 282013917
4452 4465 697357440
4355 4466 543783911
4219 4467 320331947
4389 4468 587820094
4370 4469 399609148
4283 4470 612452710
4392 4471 435874845
4380 4472 259240024
4307 4473 747303462
4341 4474 670095929
4447 4475 212314761
4381 4476 170896502
4411 4477 239522501
4334 4478 24232522
4299 4479 733417652
4455 4480 147839238
4294 4481 207127587
4276 4482 56561496
4349 4483 810993135
4444 4484 405560564
4432 4485 475853288
4365 4486 997016094
4379 4487 123352793
4408 4488 344804720
4245 4489 926877187
4402 4490 563848334
4300 4491 69354173
4479 4492 667702448
4263 4493 614672102
4446 4494 584532588
4444 4495 507487560
4321 4496 777330281
4288 4497 168590069
4355 4498 436099304
4274 4499 407397052
4325 4500 369969455
4339 4501 403870713
4470 4502 464934282
4272 4503 356177606
4255 4504 317645549
4283 4505 978244473
4444 4506 903475573
4439 4507 238633132
4401 4508 234827423
4457 4509 401694683
4468 4510 494706360
4280 4511 716377873
4355 4512 78031622
4345 4513 362099694
4408 4514 557164355
4389 4515 199229722
4291 4516 573814654
4443 4517 420894413
4351 4518 53557197
4445 4519 388376808
4454 4520 140188278
4372 4521 937319188
4389 4522 614108323
4494 4523 789168173
4400 4524 185938915
4485 4525 13088389
4316 4526 280339948
4320 4527 113657917
4337 4528 3062337
4340 4529 349043048
4427 4530 631553531
4479 4531 728971688
4327 4532 49771915
4400 4533 171598533
4297 4534 368644842
4293 4535 270889100
4321 4536 252644414
4341 4537 507018474
4399 4538 252485225
4526 4539 136363760
4457 4540 356169737
4482 4541 434915948
4375 4542 703656698
4400 4543 894353103
4511 4544 434772711
4433 4545 65037992
4420 4546 590815825
4493 4547 969036476
4521 4548 321958945
4339 4549 848839262
4444 4550 681772028
4361 4551 234708337
4439 4552 192431991
4365 4553 364710421
4452 4554 366158804
4359 4555 663783378
4531 4556 84476632
4495 4557 94948782
4466 4558 83548577
4535 4559 276349029
4386 4560 357266310
4474 4561 348658877
4508 4562 279479552
4505 4563 754299339
4365 4564 144233046
4551 4565 687530137
4534 4566 283219988
4443 4567 173967408
4523 4568 162869668
4522 4569 514287634
4561 4570 558817188
4355 4571 981146486
4497 4572 822362302
4563 4573 876697196
4525 4574 317987377
4499 4575 847010621
4336 4576 57022765
4436 4577 612455186
4470 4578 861297437
4537 4579 310617101
4505 4580 589631196
4376 4581 449802251
4436 4582 825808506
4436 4583 527022470
4392 4584 39960135
4549 4585 157634598
4522 4586 128592972
4462 4587 816590506
4430 4588 777335477
4457 4589 13825371
4444 4590 588476283
4434 4591 266649956
4414 4592 859723013
4504 4593 651433363
4381 4594 703791376
4547 4595 236324269
4528 4596 690686203
4376 4597 898340200
4477 4598 30661271
4586 4599 757036684
4389 4600 37796783
4536 4601 227039628
4353 4602 506966292
4424 4603 244340930
4421 4604 688969230
4439 4605 898691417
4544 4606 307398960
4406 4607 335430196
4372 4608 616908575
4484 4609 895263291
4574 4610 907361364
4515 4611 939343624
4370 4612 944855646
4583 4613 244182039
4476 4614 14030367
4384 4615 640008724
4398 4616 98665176
4413 4617 766610949
4368 4618 97885472
4538 4619 920727584
4589 4620 222183658
4519 4621 113655410
4425 4622 537082714
4600 4623 655072385
4378 4624 392336103
4574 4625 681633064
4498 4626 337319494
4551 4627 524373454
4472 4628 229100123
4404 4629 296009121
4571 4630 843027472
4524 4631 49430449
4581 4632 612246315
4524 4633 146973814
4420 4634 712669011
4393 4635 581382786
4585 4636 508421906
4472 4637 284423503
4622 4638 82646276
4509 4639 134427711
4635 4640 546236592
4455 4641 114636004
4530 4642 913497461
4632 4643 251567784
4604 4644 816694028
4625 4645 864241068
4490 4646 460912608
4562 4647 526314233
4538 4648 683806534
4596 4649 59983118
4604 4650 281970298
4514 4651 632519036
4565 4652 360439137
4429 4653 332904041
4413 4654 137438064
4652 4655 488887402
4440 4656 124354279
4605 4657 396309832
4528 4658 154419650
4421 4659 109312729
4508 4660 444228671
4534 4661 336495305
4580 4662 596907791
4580 4663 323213786
4422 4664 244521744
4652 4665 262688379
4592 4666 452494460
4631 4667 250332291
4442 4668 924216050
4510 4669 249716210
4457 4670 783966891
4505 4671 504538343
4456 4672 965599329
4500 4673 563015320
4604 4674 560650645
4537 4675 387894964
4536 4676 272664766
4640 4677 164533624
4632 4678 614568917
4560 4679 461278141
4599 4680 849194655
4651 4681 927199546
4445 4682 261420348
4476 4683 895139950
4464 4684 830819317
4604 4685 322962007
4659 4686 928091312
4594 4687 59434725
4681 4688 934747338
4450 4689 407370794
4481 4690 969145628
4679 4691 10423999
4450 4692 773427865
4667 4693 763384281
4621 4694 225179062
4577 4695 301146969
4564 4696 771319261
4640 4697 989213299
4455 4698 398649545
4616 4699 668513982
4495 4700 410281903
4451 4701 51396327
4461 4702 253091783
4623 4703 275298576
4546 4704 909214440
4680 4705 810406619
4665 4706 708218290
4645 4707 488530486
4592 4708 339143032
4493 4709 617692139
4681 4710 589121696
4526 4711 147176437
4536 4712 264476313
4687 4713 161779102
4631 4714 95551697
4499 4715 808868862
4585 4716 626852251
4525 4717 644365833
4568 4718 948913387
4576 4719 145470236
4697 4720 422456779
4692 4721 381651292
4475 4722 187659367
4591 4723 718275218
4597 4724 438648126
4485 4725 811712988
4578 4726 379036511
4586 4727 466668411
4639 4728 31415794
4617 4729 510721264
4728 4730 191600352
4680 4731 964776539
4605 4732 827460625
4561 4733 272423406
4655 4734 627225144
4539 4735 359061705
4601 4736 925454427
4578 4737 90258560
4534 4738 833030594
4608 4739 933853276
4575 4740 196841351
4577 4741 328392895
4716 4742 877271940
4655 4743 895626682
4649 4744 479678287
4699 4745 502021155
4717 4746 775305052
4558 4747 413546569
4582 4748 22377017
4517 4749 559444303
4511 4750 411087253
4718 4751 144237624
4605 4752 546648246
4670 4753 909512559
4594 4754 46605490
4686 4755 545861804
4558 4756 427499044
4565 4757 624557451
4742 4758 825281527
4726 4759 591976503
4607 4760 127458657
4696 4761 612774379
4538 4762 518893963
4619 4763 119729621
4533 4764 341159849
4709 4765 576657903
4620 4766 771018109
4569 4767 644458919
4765 4768 782483782
4589 4769 364016703
4620 4770 376873591
4595 4771 540813043
4688 4772 572238738
4555 4773 758123785
4587 4774 488889415
4726 4775 11530976
4757 4776 101944033
4768 4777 518562873
4755 4778 591881551
4615 4779 767771701
4614 4780 578349595
4659 4781 719574028
4754 4782 92853534
4622 4783 761565364
4545 4784 753774914
4688 4785 426573468
4641 4786 161984966
4595 4787 19050623
4729 4788 64589440
4665 4789 97466112
4703 4790 892004732
4757 4791 393148166
4594 4792 427045826
4583 4793 205602938
4688 4794 410788424
4602 4795 377662240
4610 4796 839175062
4700 4797 313778734
4666 4798 814029589
4772 4799 124540198
4714 4800 310015971
4607 4801 954502279
4801 4802 810544564
4696 4803 361634692
4687 4804 428104115
4615 4805 570595578
4556 4806 992356175
4682 4807 947573720
4713 4808 858709516
4793 4809 277497547
4620 4810 468870066
4567 4811 681751939
4781 4812 106583057
4675 4813 612761545
4696 4814 41529268
4593 4815 25214392
4716 4816 373762604
4719 4817 77175226
4730 4818 172277885
4704 4819 983849213
4760 4820 891100057
4583 4821 98475949
4782 4822 239653444
4730 4823 285465560
4716 4824 174750944
4629 4825 135198920
4712 4826 842759621
4710 4827 713744778
4813 4828 54274317
4603 4829 961013140
4732 4830 74904170
4812 4831 314414406
4642 4832 776541341
4709 4833 789158122
4787 4834 89721073
4640 4835 393114702
4594 4836 192193081
4656 4837 998123407
4663 4838 411466296
4833 4839 523851500
4750 4840 146620870
4653 4841 948088267
4789 4842 270296127
4618 4843 873041505
4617 4844 410299723
4650 4845 901937810
4765 4846 852754582
4698 4847 942071908
4716 4848 693862655
4684 4849 850617305
4746 4850 524917838
4755 4851 916311739
4672 4852 948056071
4693 4853 661083408
4609 4854 893319974
4728 4855 733107304
4690 4856 431205240
4783 4857 755841258
4615 4858 495692764
4626 4859 749371474
4760 4860 452872914
4689 4861 268000204
4773 4862 613276347
4797 4863 897933463
4665 4864 178374887
4619 4865 162912106
4622 4866 821546674
4659 4867 590586663
4840 4868 539617317
4859 4869 366245107
4732 4870 266224618
4714 4871 440497876
4655 4872 102348144
4869 4873 19302310
4707 4874 366056661
4728 4875 16159545
4783 4876 254928389
4714 4877 70357850
4649 4878 741450996
4681 4879 178958163
4869 4880 71615678
4868 4881 677857924
4863 4882 559667318
4668 4883 298068560
4644 4884 39188892
4721 4885 503944286
4844 4886 987509769
4734 4887 690174432
4882 4888 741651779
4820 4889 978131105
4641 4890 314159285
4845 4891 299087698
4709 4892 61048112
4770 4893 878100949
4883 4894 543341321
4756 4895 498570101
4887 4896 392957145
4811 4897 250716364
4751 4898 918938228
4805 4899 199787807
4814 4900 760594338
4897 4901 876908075
4803 4902 250460638
4772 4903 252988039
4744 4904 895372340
4796 4905 802742226
4767 4906 92615154
4716 4907 375273124
4686 4908 52311760
4685 4909 681835019
4718 4910 278824185
4807 4911 196579754
4762 4912 803869891
4881 4913 410300718
4797 4914 258595939
4712 4915 89057136
4796 4916 330139138
4806 4917 791277978
4673 4918 441934664
4796 4919 985061448
4809 4920 198255095
4869 4921 761355020
4763 4922 138469960
4709 4923 101574526
4728 4924 885737138
4887 4925 29428375
4819 4926 504523076
4754 4927 501570209
4702 4928 667094032
4772 4929 463664143
4848 4930 259868171
4834 4931 844220434
4693 4932 907301846
4737 4933 434226904
4915 4934 370968106
4780 4935 976156323
4726 4936 897721653
4916 4937 606314185
4768 4938 214049963
4773 4939 772635451
4827 4940 355258437
4915 4941 336366967
4886 4942 805702767
4841 4943 629617984
4793 4944 33630095
4728 4945 857988496
4814 4946 562060803
4899 4947 685313869
4902 4948 421947076
4924 4949 955056861
4711 4950 155383675
4908 4951 343176979
4902 4952 200371687
4848 4953 549697033
4895 4954 427326702
4905 4955 470362824
4732 4956 318509300
4860 4957 25805241
4833 4958 512587
4826 4959 580320683
4715 4960 161947364
4821 4961 505990385
4869 4962 747263750
4837 4963 276563203
4811 4964 130879289
4933 4965 915321273
4929 4966 118435422
4743 4967 190846315
4953 4968 420596133
4793 4969 843580176
4872 4970 815117805
4782 4971 135842378
4723 4972 586501380
4751 4973 658282216
4966 4974 474361947
4968 4975 683941402
4753 4976 18818207
4851 4977 431435228
4817 4978 241181312
4812 4979 765122287
4902 4980 321286235
4908 4981 570899229
4735 4982 436908731
4818 4983 500828609
4894 4984 229648056
4822 4985 519146427
4968 4986 369732816
4823 4987 518837297
4860 4988 663535413
4781 4989 783940857
4980 4990 110568958
4907 4991 92309210
4801 4992 419177429
4940 4993 820345888
4937 4994 586644599
4861 4995 463545298
4924 4996 651092995
4853 4997 571056623
4858 4998 983615160
4766 4999 466515536
4982 5000 725286276
