5000 100 36
4000 4773 1471 567 1596 1771 4199 4464 1316 775 4290 2784 1834 2174 487 584 450 2056 974 891 2699 1990 1874 4376 3074 1501 1954 847 987 931 1436 4137 3455 4665 4381 4894 3863 3005 388 2845 872 2096 3402 4927 3119 4188 3392 533 1042 1737 172 194 4531 4543 4481 139 711 490 3846 3845 4534 2460 2830 2264 826 4736 3972 3181 4402 3440 3332 3680 1143 396 1917 1620 4814 2457 1733 4070 425 1267 3916 269 789 2490 55 2681 1799 2818 662 3300 907 1837 1457 3002 3838 2755 735 3495 
1 2 34872839
2 3 677873161
3 4 880274804
4 5 954951778
5 6 428787924
6 7 368047163
7 8 793810240
8 9 722546018
9 10 400766202
10 11 135296120
11 12 978719094
12 13 614879944
13 14 770967720
14 15 932633919
15 16 368960501
16 17 63358191
17 18 403042930
18 19 668880228
19 20 12383362
20 21 528817953
21 22 32156996
22 23 966541708
23 24 160169703
24 25 238539903
25 26 67207146
26 27 853001937
27 28 513291837
28 29 106298608
29 30 869142037
30 31 209628839
31 32 30818927
32 33 44436584
33 34 9148069
34 35 132777789
35 36 811498276
36 37 535349624
37 38 537200298
38 39 999783541
39 40 478797346
40 41 521539833
41 42 227949378
42 43 881928592
43 44 973471183
44 45 913167407
45 46 247826280
46 47 925203690
47 48 285974891
48 49 520951893
49 50 5604484
50 51 356111703
51 52 148390960
52 53 930253076
53 54 334983375
54 55 136950184
55 56 863945763
56 57 915768365
57 58 760927980
58 59 279912268
59 60 102365700
60 61 375440624
61 62 974606332
62 63 127306890
63 64 681976700
64 65 577038159
65 66 636524276
66 67 546905835
67 68 191485409
68 69 55215172
69 70 76670518
70 71 247660550
71 72 941149728
72 73 501081442
73 74 460483825
74 75 718965273
75 76 755479846
76 77 118271277
77 78 244952487
78 79 104453184
79 80 412995518
80 81 212263041
81 82 903309590
82 83 665067043
83 84 625447376
84 85 370279558
85 86 383743227
86 87 264769691
87 88 448849071
88 89 166769740
89 90 965245612
90 91 557551225
91 92 606618752
92 93 157564841
93 94 566476740
94 95 489389080
95 96 654395657
96 97 418098907
97 98 610850538
98 99 292794259
99 100 201287171
100 101 555620233
101 102 223497295
102 103 847303848
103 104 965336781
104 105 138127405
105 106 551538672
106 107 322193290
107 108 297808439
108 109 569799936
109 110 358082782
110 111 283163130
111 112 175417142
112 113 478924262
113 114 965114536
114 115 77584481
115 116 152937251
116 117 313702623
117 118 252639735
118 119 284779421
119 120 589751296
120 121 858311464
121 122 819751916
122 123 460291511
123 124 443525749
124 125 597468033
125 126 744582273
126 127 960485657
127 128 899264653
128 129 687046321
129 130 22565834
130 131 691466222
131 132 597820367
132 133 18233071
133 134 392176820
134 135 317284414
135 136 574736217
136 137 324879616
137 138 589595694
138 139 427193305
139 140 114542061
140 141 881976626
141 142 428001219
142 143 527874301
143 144 472015912
144 145 819997173
145 146 185775808
146 147 812851136
147 148 825053263
148 149 344258205
149 150 721991732
150 151 92186155
151 152 248425709
152 153 145731774
153 154 707764719
154 155 309422127
155 156 199544778
156 157 79642028
157 158 542430676
158 159 97155449
159 160 3504781
160 161 174078058
161 162 578676849
162 163 694392062
163 164 33163140
164 165 23043919
165 166 572261771
166 167 530589944
167 168 268590639
168 169 706763715
169 170 352612817
170 171 774406912
171 172 34036155
172 173 26836820
173 174 709873504
174 175 912645325
175 176 91132470
176 177 247831972
177 178 307063810
178 179 824312591
179 180 667276549
180 181 949382557
181 182 238800277
182 183 627168902
183 184 550859209
184 185 748469673
185 186 978557123
186 187 718144290
187 188 340097157
188 189 742728567
189 190 798805842
190 191 474984051
191 192 604251939
192 193 92916312
193 194 352585368
194 195 482576766
195 196 74050764
196 197 205513659
197 198 896278552
198 199 95177149
199 200 159835473
200 201 713166931
201 202 997586312
202 203 318196431
203 204 83746900
204 205 443902483
205 206 249925906
206 207 456149360
207 208 446911052
208 209 979096606
209 210 237535327
210 211 568422816
211 212 463051770
212 213 368127143
213 214 82425754
214 215 757839689
215 216 483502548
216 217 690268891
217 218 712381087
218 219 663227819
219 220 430600306
220 221 601839825
221 222 4168007
222 223 710389935
223 224 686892196
224 225 664968983
225 226 273409360
226 227 231946932
227 228 330297660
228 229 973842401
229 230 705981112
230 231 246007439
231 232 753920288
232 233 999379830
233 234 207004691
234 235 293775591
235 236 463795585
236 237 140181767
237 238 890430840
238 239 915222141
239 240 441288067
240 241 106090147
241 242 915170187
242 243 961095073
243 244 108266569
244 245 112559401
245 246 720439671
246 247 219674380
247 248 6615752
248 249 883261398
249 250 18334219
250 251 119238612
251 252 822112901
252 253 276235570
253 254 78355788
254 255 550063264
255 256 799226513
256 257 740779902
257 258 831141506
258 259 804288113
259 260 705388190
260 261 769807099
261 262 995210896
262 263 356351983
263 264 671662818
264 265 122553106
265 266 189201347
266 267 123751051
267 268 590681193
268 269 207256622
269 270 263392013
270 271 244860757
271 272 121129376
272 273 981214093
273 274 783444471
274 275 64910561
275 276 422986579
276 277 792490994
277 278 72327901
278 279 153251050
279 280 987309872
280 281 133532774
281 282 6861407
282 283 783637793
283 284 464008530
284 285 60273445
285 286 580662380
286 287 142425813
287 288 205076778
288 289 685332508
289 290 770090332
290 291 707472449
291 292 762260440
292 293 293085285
293 294 555929958
294 295 195427634
295 296 973221366
296 297 322214417
297 298 787464898
298 299 316666750
299 300 5312046
300 301 136715140
301 302 544787432
302 303 21000168
303 304 870545977
304 305 37220903
305 306 932892957
306 307 930536465
307 308 248639252
308 309 581476304
309 310 892366899
310 311 948631041
311 312 273036546
312 313 177224651
313 314 745642937
314 315 725253345
315 316 637621970
316 317 492558501
317 318 744166069
318 319 220921442
319 320 73765903
320 321 750670527
321 322 35896299
322 323 616689600
323 324 197284110
324 325 362703826
325 326 760291370
326 327 875136766
327 328 923604347
328 329 277958311
329 330 210274820
330 331 837748240
331 332 374631057
332 333 345207642
333 334 712933323
334 335 226992346
335 336 754096183
336 337 291263979
337 338 796731483
338 339 2659209
339 340 597311275
340 341 710133806
341 342 252828919
342 343 24397035
343 344 44574150
344 345 96634557
345 346 221233573
346 347 500807314
347 348 592444008
348 349 890838396
349 350 677504678
350 351 263195275
351 352 114271725
352 353 145436571
353 354 552669946
354 355 954294114
355 356 281776956
356 357 18850037
357 358 59785044
358 359 988284006
359 360 11634926
360 361 879878802
361 362 938446132
362 363 337402577
363 364 791072217
364 365 19172522
365 366 761457015
366 367 779541416
367 368 999356732
368 369 407355269
369 370 442953651
370 371 248028964
371 372 78065182
372 373 709664301
373 374 550625203
374 375 339158947
375 376 501084711
376 377 725233549
377 378 309728068
378 379 206172817
379 380 438861803
380 381 947657169
381 382 466262605
382 383 145550863
383 384 689864346
384 385 349626211
385 386 402291182
386 387 430986631
387 388 152316443
388 389 374269463
389 390 674898738
390 391 168391427
391 392 877585252
392 393 270197983
393 394 383685526
394 395 322381427
395 396 703339514
396 397 684824015
397 398 972549380
398 399 87100253
399 400 986036515
400 401 128212966
401 402 917150279
402 403 109409958
403 404 345996802
404 405 301549156
405 406 114324520
406 407 677393624
407 408 600048091
408 409 963128506
409 410 319769
410 411 155988284
411 412 253984000
412 413 71552616
413 414 720920925
414 415 821143447
415 416 208046289
416 417 182963933
417 418 508532464
418 419 318709145
419 420 286937312
420 421 355700706
421 422 965343374
422 423 303501117
423 424 949684980
424 425 394314551
425 426 48362985
426 427 757084045
427 428 933369996
428 429 604435548
429 430 966881390
430 431 927015170
431 432 382989044
432 433 686404902
433 434 859554960
434 435 713664577
435 436 655754127
436 437 351036218
437 438 487806174
438 439 929337111
439 440 101834341
440 441 671625300
441 442 566175457
442 443 940901361
443 444 491178349
444 445 126413943
445 446 207685574
446 447 593922809
447 448 586328446
448 449 203914884
449 450 776732033
450 451 668052265
451 452 44487180
452 453 2425474
453 454 192740944
454 455 437175556
455 456 783193071
456 457 403246883
457 458 982150867
458 459 167557822
459 460 985801223
460 461 976083602
461 462 229653051
462 463 115876236
463 464 605766673
464 465 373487213
465 466 499295605
466 467 425485477
467 468 408108874
468 469 974676532
469 470 144685535
470 471 55110589
471 472 641602288
472 473 901833245
473 474 634701064
474 475 520500470
475 476 809050497
476 477 650191395
477 478 919051284
478 479 441080779
479 480 346219226
480 481 654585858
481 482 614964115
482 483 149539360
483 484 498089307
484 485 89031010
485 486 313339875
486 487 890036798
487 488 503740300
488 489 903872101
489 490 936876266
490 491 554040363
491 492 975135469
492 493 177224997
493 494 964233310
494 495 789970526
495 496 289646774
496 497 956490593
497 498 76268993
498 499 852859235
499 500 617176188
500 501 405655806
501 502 879177450
502 503 298689893
503 504 620797878
504 505 819391888
505 506 293248546
506 507 273275235
507 508 272693400
508 509 570548424
509 510 730807977
510 511 570831511
511 512 303012341
512 513 783245123
513 514 701149856
514 515 397874737
515 516 698010534
516 517 87284429
517 518 9439671
518 519 243419374
519 520 168924439
520 521 215850595
521 522 523951437
522 523 668123272
523 524 613163346
524 525 897441251
525 526 304441546
526 527 334514898
527 528 449824014
528 529 502955914
529 530 704885030
530 531 741650315
531 532 353473538
532 533 58292299
533 534 321745329
534 535 829285223
535 536 153841206
536 537 44489143
537 538 421511751
538 539 742736697
539 540 748432001
540 541 22819456
541 542 190934769
542 543 759073285
543 544 486878485
544 545 19628691
545 546 376671622
546 547 204583410
547 548 254971638
548 549 536694590
549 550 851250813
550 551 864607560
551 552 827911555
552 553 466573693
553 554 254599667
554 555 166491375
555 556 894069275
556 557 800937248
557 558 116177703
558 559 292564202
559 560 428780487
560 561 17818012
561 562 155149468
562 563 990325560
563 564 210881202
564 565 83402932
565 566 240793388
566 567 80572591
567 568 395435515
568 569 231252293
569 570 379709276
570 571 154281483
571 572 257444665
572 573 769916178
573 574 88413678
574 575 486974209
575 576 423533154
576 577 198175401
577 578 453053778
578 579 184784884
579 580 3430742
580 581 943578466
581 582 391297002
582 583 948995321
583 584 937947614
584 585 614547855
585 586 31676628
586 587 201165944
587 588 908826685
588 589 458023873
589 590 245837762
590 591 245394616
591 592 117116626
592 593 2994018
593 594 493072658
594 595 28858318
595 596 464491332
596 597 936304279
597 598 954816356
598 599 711352205
599 600 869837295
600 601 638641248
601 602 615118314
602 603 61279148
603 604 297073290
604 605 16804692
605 606 946695236
606 607 884300526
607 608 113800209
608 609 710676436
609 610 868485483
610 611 86434416
611 612 943525228
612 613 870383047
613 614 141098193
614 615 582349708
615 616 218699271
616 617 759416247
617 618 244010895
618 619 616910784
619 620 418494564
620 621 781353971
621 622 428744655
622 623 144625816
623 624 444370306
624 625 264047512
625 626 529966808
626 627 907005095
627 628 569842832
628 629 641866279
629 630 119865640
630 631 448172697
631 632 794079446
632 633 528239855
633 634 570767048
634 635 139869798
635 636 762468097
636 637 976933835
637 638 463669554
638 639 997776270
639 640 294350163
640 641 162793001
641 642 684521371
642 643 714160699
643 644 294159713
644 645 444311112
645 646 728056453
646 647 520351339
647 648 300296203
648 649 920785454
649 650 115373392
650 651 401471475
651 652 948968282
652 653 661791703
653 654 838587315
654 655 245791655
655 656 115292349
656 657 847744882
657 658 774089748
658 659 705947637
659 660 785766276
660 661 513821199
661 662 173561550
662 663 641126197
663 664 297469388
664 665 284501018
665 666 268359446
666 667 306507139
667 668 712636018
668 669 342669436
669 670 576003964
670 671 425515854
671 672 696676491
672 673 331291978
673 674 388068309
674 675 300272964
675 676 15291631
676 677 897648368
677 678 83223193
678 679 200202267
679 680 316337668
680 681 433169368
681 682 584241303
682 683 522947826
683 684 43340709
684 685 488746828
685 686 112056690
686 687 695985368
687 688 648673562
688 689 131299867
689 690 269606656
690 691 120981461
691 692 203376282
692 693 486849036
693 694 253615970
694 695 447103872
695 696 459017281
696 697 307952022
697 698 232412797
698 699 635481566
699 700 345191748
700 701 183351338
701 702 572791143
702 703 847912058
703 704 989670467
704 705 182543816
705 706 552278855
706 707 804609383
707 708 956504838
708 709 762330179
709 710 580679893
710 711 498849900
711 712 578164924
712 713 927443560
713 714 789598426
714 715 71694887
715 716 143957945
716 717 136042722
717 718 174493293
718 719 367774101
719 720 187855421
720 721 700421258
721 722 147188848
722 723 601564299
723 724 280411794
724 725 159496738
725 726 145992458
726 727 254435189
727 728 517296658
728 729 499461690
729 730 163012339
730 731 275271858
731 732 636242676
732 733 693395796
733 734 381026783
734 735 651389457
735 736 110385360
736 737 27092282
737 738 747597949
738 739 641074657
739 740 385525473
740 741 668536708
741 742 480968972
742 743 416145293
743 744 655122155
744 745 839404913
745 746 136191774
746 747 572328445
747 748 804498022
748 749 33083590
749 750 610815940
750 751 222513980
751 752 956749539
752 753 318620400
753 754 213367750
754 755 543943902
755 756 382185036
756 757 783009221
757 758 288744649
758 759 306169095
759 760 753547850
760 761 180180290
761 762 196641005
762 763 843231349
763 764 736877
764 765 405439500
765 766 444040850
766 767 270742084
767 768 956138302
768 769 501458531
769 770 826588828
770 771 334303221
771 772 295172204
772 773 178026991
773 774 527235757
774 775 14408871
775 776 381487597
776 777 550725270
777 778 620891524
778 779 242629078
779 780 657795503
780 781 358300889
781 782 456045056
782 783 17337041
783 784 159929025
784 785 956272035
785 786 286291481
786 787 671824815
787 788 760895613
788 789 329544368
789 790 463406024
790 791 897523526
791 792 90698116
792 793 530908629
793 794 373637686
794 795 91176838
795 796 807646199
796 797 470159408
797 798 842263064
798 799 30227538
799 800 39094239
800 801 127485352
801 802 42016188
802 803 511896625
803 804 202123138
804 805 739813784
805 806 558873129
806 807 615882119
807 808 317029648
808 809 82513508
809 810 583719923
810 811 244574787
811 812 541763872
812 813 897580880
813 814 173401894
814 815 657309726
815 816 227116108
816 817 306587721
817 818 206119502
818 819 136841047
819 820 183860880
820 821 96146603
821 822 929624675
822 823 486678350
823 824 141235986
824 825 34878222
825 826 495258713
826 827 116469606
827 828 231807478
828 829 127499549
829 830 936991169
830 831 865275431
831 832 565542638
832 833 738700797
833 834 250796950
834 835 819980734
835 836 49808258
836 837 243456978
837 838 402664214
838 839 130174656
839 840 96932922
840 841 313101195
841 842 646867397
842 843 412185444
843 844 510577963
844 845 744537680
845 846 123535334
846 847 968493645
847 848 701291892
848 849 539289283
849 850 234741663
850 851 277782197
851 852 638772215
852 853 981785786
853 854 610083261
854 855 900354961
855 856 967976586
856 857 550944301
857 858 292815748
858 859 526404333
859 860 389714401
860 861 808433145
861 862 528892115
862 863 752795417
863 864 702961795
864 865 457986516
865 866 894091839
866 867 746333038
867 868 708993100
868 869 584807568
869 870 98674163
870 871 44087913
871 872 111904126
872 873 221362189
873 874 399117208
874 875 396939756
875 876 875122181
876 877 578815070
877 878 23644601
878 879 63198142
879 880 962069604
880 881 404304255
881 882 52193893
882 883 85001505
883 884 701323887
884 885 213789047
885 886 753410366
886 887 900170414
887 888 486169185
888 889 947038428
889 890 636764893
890 891 382276182
891 892 392305304
892 893 64401265
893 894 911474673
894 895 13748725
895 896 918795780
896 897 397159831
897 898 668517301
898 899 164919262
899 900 801525210
900 901 834131889
901 902 899992287
902 903 459296860
903 904 162764388
904 905 181535362
905 906 346189186
906 907 376872160
907 908 184674396
908 909 527074872
909 910 609514786
910 911 781618364
911 912 115729723
912 913 527574745
913 914 859390539
914 915 11979400
915 916 765550133
916 917 576876610
917 918 319689662
918 919 133031423
919 920 677797416
920 921 376962780
921 922 220733717
922 923 300459532
923 924 299297409
924 925 386119868
925 926 563227588
926 927 653749473
927 928 36158419
928 929 689471989
929 930 118608559
930 931 311811029
931 932 137973587
932 933 705444560
933 934 203041413
934 935 20215399
935 936 320039062
936 937 729872005
937 938 239728830
938 939 307384430
939 940 70942939
940 941 748454546
941 942 131611964
942 943 715240089
943 944 748866039
944 945 373338103
945 946 497474422
946 947 46180163
947 948 736328509
948 949 748550084
949 950 51238676
950 951 169275636
951 952 22428686
952 953 784012649
953 954 354941413
954 955 920677919
955 956 996324282
956 957 768598997
957 958 76265325
958 959 402261768
959 960 738888546
960 961 441593057
961 962 804949830
962 963 232353104
963 964 706358968
964 965 212236073
965 966 866005497
966 967 621886294
967 968 758773173
968 969 276433262
969 970 853216498
970 971 886846525
971 972 240718624
972 973 199152570
973 974 853631415
974 975 97792023
975 976 160514831
976 977 134607541
977 978 665046030
978 979 650362097
979 980 121118766
980 981 730723186
981 982 285838725
982 983 966550526
983 984 153121049
984 985 320005610
985 986 250582571
986 987 956753970
987 988 748683175
988 989 908298977
989 990 207140595
990 991 648867570
991 992 897713812
992 993 231432391
993 994 703956464
994 995 623710020
995 996 948220962
996 997 152391937
997 998 351153354
998 999 5609840
999 1000 426812055
1000 1001 280108926
1001 1002 142343340
1002 1003 569999490
1003 1004 26446362
1004 1005 2885926
1005 1006 453918437
1006 1007 114788900
1007 1008 324543347
1008 1009 399995723
1009 1010 795458492
1010 1011 800341376
1011 1012 886760856
1012 1013 33495046
1013 1014 205364506
1014 1015 250099227
1015 1016 885832927
1016 1017 262578622
1017 1018 121572631
1018 1019 367111723
1019 1020 624809249
1020 1021 753231546
1021 1022 94984685
1022 1023 869290667
1023 1024 475294285
1024 1025 881288570
1025 1026 645844743
1026 1027 177801823
1027 1028 678133300
1028 1029 133151024
1029 1030 116961498
1030 1031 969191499
1031 1032 3325384
1032 1033 613046294
1033 1034 331842137
1034 1035 522343091
1035 1036 32281143
1036 1037 264646992
1037 1038 871437507
1038 1039 850143119
1039 1040 16558499
1040 1041 460575816
1041 1042 774555137
1042 1043 201725455
1043 1044 346107790
1044 1045 275019629
1045 1046 890951744
1046 1047 908718473
1047 1048 793094978
1048 1049 102232198
1049 1050 714384740
1050 1051 351050913
1051 1052 857873296
1052 1053 598163152
1053 1054 758652416
1054 1055 29465179
1055 1056 628557734
1056 1057 179755531
1057 1058 504025570
1058 1059 121865195
1059 1060 7546976
1060 1061 226317549
1061 1062 357011676
1062 1063 390466441
1063 1064 860626687
1064 1065 647663697
1065 1066 623990213
1066 1067 546869279
1067 1068 943811850
1068 1069 737512689
1069 1070 540488930
1070 1071 733486971
1071 1072 378304940
1072 1073 926039399
1073 1074 838368408
1074 1075 84608607
1075 1076 868220588
1076 1077 430010327
1077 1078 882181458
1078 1079 75293232
1079 1080 689552169
1080 1081 759546556
1081 1082 143247703
1082 1083 489938081
1083 1084 144132297
1084 1085 90497702
1085 1086 921725363
1086 1087 522599101
1087 1088 447962696
1088 1089 681598175
1089 1090 724383935
1090 1091 200005089
1091 1092 282370122
1092 1093 455787245
1093 1094 60671061
1094 1095 118404553
1095 1096 209852225
1096 1097 32817824
1097 1098 469759217
1098 1099 276368043
1099 1100 574190962
1100 1101 223133495
1101 1102 678462599
1102 1103 200937508
1103 1104 718358982
1104 1105 256247903
1105 1106 270746973
1106 1107 113281309
1107 1108 530355245
1108 1109 633018381
1109 1110 8029754
1110 1111 132667362
1111 1112 328110083
1112 1113 731335882
1113 1114 306470957
1114 1115 483149597
1115 1116 745249805
1116 1117 758805898
1117 1118 114119466
1118 1119 7157627
1119 1120 249167117
1120 1121 459916617
1121 1122 299518665
1122 1123 688938649
1123 1124 517373578
1124 1125 307750605
1125 1126 163937945
1126 1127 8196673
1127 1128 405961919
1128 1129 741402420
1129 1130 704888868
1130 1131 611805106
1131 1132 412862160
1132 1133 345818029
1133 1134 469144347
1134 1135 787680070
1135 1136 645032252
1136 1137 274775408
1137 1138 207420629
1138 1139 915546610
1139 1140 513494750
1140 1141 217062260
1141 1142 332555417
1142 1143 207863075
1143 1144 616418741
1144 1145 465794171
1145 1146 247892054
1146 1147 115242124
1147 1148 25200612
1148 1149 789205617
1149 1150 346978909
1150 1151 365235448
1151 1152 645647296
1152 1153 465136434
1153 1154 531644598
1154 1155 159965458
1155 1156 910677496
1156 1157 969165044
1157 1158 297765150
1158 1159 484940951
1159 1160 963424490
1160 1161 981443039
1161 1162 265009728
1162 1163 665246051
1163 1164 953680754
1164 1165 131595463
1165 1166 87016742
1166 1167 750135968
1167 1168 712689988
1168 1169 68945874
1169 1170 384977619
1170 1171 909787092
1171 1172 378546155
1172 1173 212638469
1173 1174 260624877
1174 1175 494460670
1175 1176 143030775
1176 1177 282442361
1177 1178 282981069
1178 1179 167853064
1179 1180 955194383
1180 1181 251831702
1181 1182 735899513
1182 1183 13530076
1183 1184 975662565
1184 1185 657789614
1185 1186 891941562
1186 1187 165747798
1187 1188 393226420
1188 1189 238423725
1189 1190 672881674
1190 1191 112792750
1191 1192 859545859
1192 1193 500248555
1193 1194 648347615
1194 1195 37470647
1195 1196 155684032
1196 1197 875482964
1197 1198 23482047
1198 1199 37166780
1199 1200 716050410
1200 1201 411797019
1201 1202 495437291
1202 1203 4480822
1203 1204 48678545
1204 1205 204210485
1205 1206 426918251
1206 1207 860207806
1207 1208 460448438
1208 1209 17527100
1209 1210 915330514
1210 1211 12969334
1211 1212 700306545
1212 1213 45479827
1213 1214 319241388
1214 1215 620539444
1215 1216 43358117
1216 1217 137969823
1217 1218 377177412
1218 1219 356284973
1219 1220 88611660
1220 1221 313992786
1221 1222 378819785
1222 1223 885449154
1223 1224 648243888
1224 1225 949215678
1225 1226 133518049
1226 1227 358728238
1227 1228 389836739
1228 1229 163892733
1229 1230 181159771
1230 1231 338902548
1231 1232 72921049
1232 1233 717595958
1233 1234 770612676
1234 1235 132210896
1235 1236 983961262
1236 1237 325383752
1237 1238 340121208
1238 1239 211597573
1239 1240 280652492
1240 1241 381385470
1241 1242 358969045
1242 1243 336034947
1243 1244 973550577
1244 1245 958296480
1245 1246 636635973
1246 1247 675715617
1247 1248 748992454
1248 1249 620643460
1249 1250 107271123
1250 1251 745945831
1251 1252 250695613
1252 1253 881337685
1253 1254 8089155
1254 1255 482371123
1255 1256 859127162
1256 1257 691709997
1257 1258 430236418
1258 1259 107952649
1259 1260 226034508
1260 1261 75629337
1261 1262 595353446
1262 1263 136968838
1263 1264 205473234
1264 1265 43884329
1265 1266 548686446
1266 1267 277174579
1267 1268 610616159
1268 1269 753462338
1269 1270 22744156
1270 1271 537727034
1271 1272 260215909
1272 1273 557182378
1273 1274 470333524
1274 1275 151828133
1275 1276 697899311
1276 1277 451381995
1277 1278 545540162
1278 1279 2797822
1279 1280 805656682
1280 1281 789088174
1281 1282 284706996
1282 1283 396368653
1283 1284 912773093
1284 1285 612631640
1285 1286 356880428
1286 1287 187624798
1287 1288 558852487
1288 1289 642024698
1289 1290 507308534
1290 1291 207404755
1291 1292 326703465
1292 1293 185322928
1293 1294 140861644
1294 1295 598188171
1295 1296 473417716
1296 1297 304618669
1297 1298 945118229
1298 1299 152621064
1299 1300 913243263
1300 1301 621409960
1301 1302 832294306
1302 1303 845350607
1303 1304 551422218
1304 1305 772304766
1305 1306 341613331
1306 1307 766890723
1307 1308 740197663
1308 1309 154394763
1309 1310 747205718
1310 1311 688605131
1311 1312 652011454
1312 1313 215909214
1313 1314 428980557
1314 1315 117004735
1315 1316 112846747
1316 1317 781462385
1317 1318 492167406
1318 1319 656613964
1319 1320 107191884
1320 1321 415330825
1321 1322 309415228
1322 1323 67545391
1323 1324 405147119
1324 1325 561866
1325 1326 836652115
1326 1327 400413314
1327 1328 455975449
1328 1329 685736847
1329 1330 594134314
1330 1331 644926846
1331 1332 101927953
1332 1333 425933819
1333 1334 900542713
1334 1335 291679716
1335 1336 46681504
1336 1337 104201066
1337 1338 818659627
1338 1339 76484493
1339 1340 942442495
1340 1341 142843966
1341 1342 754273001
1342 1343 220994966
1343 1344 92362352
1344 1345 674660906
1345 1346 91433398
1346 1347 143287554
1347 1348 753048298
1348 1349 667545928
1349 1350 312025119
1350 1351 176281457
1351 1352 158137963
1352 1353 111745115
1353 1354 221929451
1354 1355 245635702
1355 1356 161030400
1356 1357 84279735
1357 1358 645035101
1358 1359 491303770
1359 1360 725829484
1360 1361 626654664
1361 1362 505645168
1362 1363 81504945
1363 1364 625377183
1364 1365 698687079
1365 1366 903735991
1366 1367 770664566
1367 1368 274976588
1368 1369 277933118
1369 1370 276859517
1370 1371 786466876
1371 1372 60784128
1372 1373 113513876
1373 1374 524844846
1374 1375 773758499
1375 1376 47145261
1376 1377 139561984
1377 1378 759196974
1378 1379 812217441
1379 1380 505744631
1380 1381 304471177
1381 1382 300063275
1382 1383 343898169
1383 1384 104288217
1384 1385 908046496
1385 1386 132714749
1386 1387 630130489
1387 1388 481956419
1388 1389 111598703
1389 1390 742984050
1390 1391 517627811
1391 1392 749037906
1392 1393 198271656
1393 1394 874950085
1394 1395 233271988
1395 1396 565514698
1396 1397 698348546
1397 1398 509922134
1398 1399 592714042
1399 1400 292542480
1400 1401 399917216
1401 1402 107117180
1402 1403 376996319
1403 1404 42609781
1404 1405 846565910
1405 1406 660518983
1406 1407 320749259
1407 1408 999608599
1408 1409 926920349
1409 1410 201475908
1410 1411 209702183
1411 1412 241152980
1412 1413 190122271
1413 1414 367873080
1414 1415 667999150
1415 1416 789262184
1416 1417 843237070
1417 1418 808402151
1418 1419 611539672
1419 1420 322665162
1420 1421 144623677
1421 1422 383348946
1422 1423 849308093
1423 1424 90284262
1424 1425 298969208
1425 1426 316852201
1426 1427 615685779
1427 1428 635835401
1428 1429 282492617
1429 1430 946128387
1430 1431 225542982
1431 1432 561103503
1432 1433 725403458
1433 1434 43616880
1434 1435 58375384
1435 1436 765267843
1436 1437 913025850
1437 1438 211285287
1438 1439 875604181
1439 1440 835774935
1440 1441 453125738
1441 1442 220700009
1442 1443 449569396
1443 1444 988137483
1444 1445 377116725
1445 1446 783419274
1446 1447 284731429
1447 1448 177665073
1448 1449 159653724
1449 1450 75657536
1450 1451 26683431
1451 1452 126060826
1452 1453 45802813
1453 1454 948504139
1454 1455 277144711
1455 1456 2888528
1456 1457 997707652
1457 1458 432987385
1458 1459 210380650
1459 1460 299385733
1460 1461 936540166
1461 1462 254393411
1462 1463 870862267
1463 1464 995014282
1464 1465 944134104
1465 1466 438562435
1466 1467 442489942
1467 1468 73895644
1468 1469 196682424
1469 1470 440980590
1470 1471 101912121
1471 1472 177099448
1472 1473 45471459
1473 1474 332013177
1474 1475 839659566
1475 1476 568343744
1476 1477 449764011
1477 1478 632802620
1478 1479 247674099
1479 1480 554289933
1480 1481 218263717
1481 1482 35921381
1482 1483 202256617
1483 1484 853641673
1484 1485 763683645
1485 1486 163997252
1486 1487 456965222
1487 1488 204185762
1488 1489 276406464
1489 1490 212146333
1490 1491 557095689
1491 1492 119930708
1492 1493 106827008
1493 1494 224521136
1494 1495 217934446
1495 1496 817252534
1496 1497 173258951
1497 1498 170025485
1498 1499 840795757
1499 1500 402531766
1500 1501 587465828
1501 1502 82815207
1502 1503 825043261
1503 1504 412757774
1504 1505 518159343
1505 1506 402710978
1506 1507 883308532
1507 1508 749562576
1508 1509 454449388
1509 1510 207787796
1510 1511 777414208
1511 1512 807143801
1512 1513 651581662
1513 1514 100542528
1514 1515 121078432
1515 1516 515952698
1516 1517 586302920
1517 1518 457610844
1518 1519 982059735
1519 1520 305377970
1520 1521 150509781
1521 1522 340693234
1522 1523 741920953
1523 1524 467409945
1524 1525 523777247
1525 1526 612864730
1526 1527 162246818
1527 1528 630187751
1528 1529 560109701
1529 1530 958164624
1530 1531 330419152
1531 1532 666335455
1532 1533 686322940
1533 1534 990288786
1534 1535 66486820
1535 1536 267732577
1536 1537 17363802
1537 1538 679221371
1538 1539 366912535
1539 1540 204573174
1540 1541 94596811
1541 1542 514941093
1542 1543 936501543
1543 1544 725047686
1544 1545 727901474
1545 1546 807975593
1546 1547 746636989
1547 1548 942027281
1548 1549 207041540
1549 1550 715811817
1550 1551 696229088
1551 1552 498936547
1552 1553 130818728
1553 1554 161286552
1554 1555 99184534
1555 1556 201779031
1556 1557 779085844
1557 1558 781829878
1558 1559 204936129
1559 1560 38926981
1560 1561 314269368
1561 1562 587039422
1562 1563 633579700
1563 1564 758741777
1564 1565 617640853
1565 1566 698093736
1566 1567 505979030
1567 1568 979734437
1568 1569 788086279
1569 1570 25309846
1570 1571 330536156
1571 1572 687502908
1572 1573 406391237
1573 1574 626504266
1574 1575 985198014
1575 1576 612486740
1576 1577 210201413
1577 1578 425661161
1578 1579 805820673
1579 1580 285789268
1580 1581 192778906
1581 1582 593588754
1582 1583 989537967
1583 1584 848038238
1584 1585 150708758
1585 1586 151534744
1586 1587 283129144
1587 1588 473097324
1588 1589 534307649
1589 1590 22491138
1590 1591 521239181
1591 1592 56930290
1592 1593 554642873
1593 1594 854628124
1594 1595 668774128
1595 1596 558686102
1596 1597 179449833
1597 1598 280444283
1598 1599 569823842
1599 1600 988368253
1600 1601 645365751
1601 1602 176876964
1602 1603 840982426
1603 1604 63986710
1604 1605 884504026
1605 1606 523075734
1606 1607 148925763
1607 1608 456958438
1608 1609 773248613
1609 1610 114673804
1610 1611 559665746
1611 1612 216595224
1612 1613 943820050
1613 1614 911687206
1614 1615 468875203
1615 1616 783697399
1616 1617 818459986
1617 1618 628384092
1618 1619 864872761
1619 1620 233733267
1620 1621 642190125
1621 1622 367617918
1622 1623 135211813
1623 1624 311880160
1624 1625 103481134
1625 1626 274253865
1626 1627 609055191
1627 1628 924922504
1628 1629 645354512
1629 1630 748124338
1630 1631 63619361
1631 1632 77143164
1632 1633 404797874
1633 1634 389528310
1634 1635 505476040
1635 1636 981154919
1636 1637 239152117
1637 1638 523528689
1638 1639 199311674
1639 1640 907090538
1640 1641 80055520
1641 1642 556074812
1642 1643 714163467
1643 1644 106163224
1644 1645 461479529
1645 1646 643572959
1646 1647 252836814
1647 1648 333862919
1648 1649 938329528
1649 1650 878389776
1650 1651 979958129
1651 1652 853462532
1652 1653 245407260
1653 1654 159391043
1654 1655 105782126
1655 1656 998529758
1656 1657 399707996
1657 1658 940111013
1658 1659 559875218
1659 1660 142362195
1660 1661 397323044
1661 1662 697921471
1662 1663 924020278
1663 1664 317919301
1664 1665 81870236
1665 1666 3194998
1666 1667 278079090
1667 1668 124689591
1668 1669 182853316
1669 1670 389770675
1670 1671 82453399
1671 1672 985840352
1672 1673 412576931
1673 1674 759303234
1674 1675 707281467
1675 1676 632870805
1676 1677 257631280
1677 1678 344265263
1678 1679 815386587
1679 1680 459804523
1680 1681 393654432
1681 1682 66683723
1682 1683 925148025
1683 1684 820954778
1684 1685 242061476
1685 1686 532058078
1686 1687 830513451
1687 1688 117610292
1688 1689 977346362
1689 1690 933984184
1690 1691 199896423
1691 1692 446553503
1692 1693 555236886
1693 1694 651124098
1694 1695 382550760
1695 1696 386667008
1696 1697 878040257
1697 1698 743281442
1698 1699 526746522
1699 1700 229806154
1700 1701 186824335
1701 1702 453820323
1702 1703 659382343
1703 1704 915147328
1704 1705 779086514
1705 1706 971167934
1706 1707 595736732
1707 1708 405385455
1708 1709 696540971
1709 1710 415704479
1710 1711 960060134
1711 1712 891680304
1712 1713 860989727
1713 1714 814865398
1714 1715 240385166
1715 1716 584809768
1716 1717 768062485
1717 1718 478628056
1718 1719 254875545
1719 1720 137473585
1720 1721 37472761
1721 1722 464298885
1722 1723 953920627
1723 1724 240287308
1724 1725 917552213
1725 1726 632960747
1726 1727 724586703
1727 1728 603770565
1728 1729 415444253
1729 1730 967760783
1730 1731 849054091
1731 1732 955758794
1732 1733 927127769
1733 1734 487935357
1734 1735 584662327
1735 1736 855254025
1736 1737 221183187
1737 1738 62536221
1738 1739 734488599
1739 1740 665084965
1740 1741 159414419
1741 1742 360844605
1742 1743 368936835
1743 1744 20263394
1744 1745 328487681
1745 1746 690165020
1746 1747 637872263
1747 1748 845287383
1748 1749 640766636
1749 1750 158474363
1750 1751 9911984
1751 1752 824219076
1752 1753 383593888
1753 1754 129352357
1754 1755 907846092
1755 1756 885475337
1756 1757 849906297
1757 1758 74902156
1758 1759 540431625
1759 1760 838731081
1760 1761 226724584
1761 1762 256240565
1762 1763 498134983
1763 1764 957456521
1764 1765 266617229
1765 1766 169246316
1766 1767 816661081
1767 1768 894062895
1768 1769 479744861
1769 1770 681090976
1770 1771 94344482
1771 1772 740028576
1772 1773 895245244
1773 1774 346417779
1774 1775 317534094
1775 1776 945150342
1776 1777 960953962
1777 1778 269957038
1778 1779 652137358
1779 1780 737975752
1780 1781 815610925
1781 1782 178116954
1782 1783 849762245
1783 1784 211252509
1784 1785 47230374
1785 1786 194476612
1786 1787 579086426
1787 1788 628854234
1788 1789 940368201
1789 1790 739713724
1790 1791 39007814
1791 1792 734128430
1792 1793 473538443
1793 1794 646669425
1794 1795 634349971
1795 1796 321452341
1796 1797 177616015
1797 1798 716834652
1798 1799 954084699
1799 1800 762453329
1800 1801 13915974
1801 1802 955391537
1802 1803 834210671
1803 1804 169880035
1804 1805 734505351
1805 1806 140820427
1806 1807 695341859
1807 1808 452502198
1808 1809 474484651
1809 1810 444046141
1810 1811 146588279
1811 1812 808558920
1812 1813 541365616
1813 1814 874095066
1814 1815 649860294
1815 1816 640286776
1816 1817 727846902
1817 1818 150584997
1818 1819 398331267
1819 1820 29557427
1820 1821 707215866
1821 1822 132458412
1822 1823 296049078
1823 1824 899808486
1824 1825 843540384
1825 1826 854965539
1826 1827 869496748
1827 1828 550049309
1828 1829 448670125
1829 1830 18353171
1830 1831 852492243
1831 1832 535144025
1832 1833 778932712
1833 1834 349795395
1834 1835 843890047
1835 1836 308702416
1836 1837 635253595
1837 1838 925325206
1838 1839 813559745
1839 1840 177545089
1840 1841 888330728
1841 1842 200335250
1842 1843 34816078
1843 1844 493814873
1844 1845 544217985
1845 1846 232289091
1846 1847 720306202
1847 1848 541480903
1848 1849 783667532
1849 1850 140263904
1850 1851 143766610
1851 1852 172014400
1852 1853 94627959
1853 1854 153968255
1854 1855 893005000
1855 1856 965037586
1856 1857 409155931
1857 1858 490635290
1858 1859 988520289
1859 1860 252565479
1860 1861 553132809
1861 1862 137114567
1862 1863 160262561
1863 1864 643235084
1864 1865 392351128
1865 1866 858783054
1866 1867 298765031
1867 1868 262542293
1868 1869 876543834
1869 1870 922386931
1870 1871 736242463
1871 1872 121670041
1872 1873 125769474
1873 1874 255899797
1874 1875 392109935
1875 1876 239137804
1876 1877 37455816
1877 1878 763366611
1878 1879 679382859
1879 1880 660410290
1880 1881 296405573
1881 1882 904766442
1882 1883 53854126
1883 1884 545980903
1884 1885 204815638
1885 1886 235368030
1886 1887 318195872
1887 1888 809013938
1888 1889 26125642
1889 1890 137574775
1890 1891 457593912
1891 1892 691079428
1892 1893 782905360
1893 1894 408025565
1894 1895 704300305
1895 1896 161214799
1896 1897 481267101
1897 1898 545144039
1898 1899 80595677
1899 1900 460032787
1900 1901 561283153
1901 1902 768739234
1902 1903 684347501
1903 1904 83382201
1904 1905 387662217
1905 1906 278427605
1906 1907 49224397
1907 1908 158446187
1908 1909 786695330
1909 1910 10695927
1910 1911 769846048
1911 1912 723203254
1912 1913 990929847
1913 1914 351502126
1914 1915 348252879
1915 1916 642899183
1916 1917 266364822
1917 1918 196897366
1918 1919 3876863
1919 1920 881104192
1920 1921 735886171
1921 1922 204535258
1922 1923 434545928
1923 1924 575570399
1924 1925 540065153
1925 1926 873554386
1926 1927 752288906
1927 1928 649299393
1928 1929 819442969
1929 1930 487291417
1930 1931 862149033
1931 1932 17373059
1932 1933 817133770
1933 1934 894642156
1934 1935 937702612
1935 1936 292892369
1936 1937 745315603
1937 1938 393263443
1938 1939 244930835
1939 1940 89011623
1940 1941 558012837
1941 1942 110860447
1942 1943 713806574
1943 1944 253977327
1944 1945 427340592
1945 1946 405603725
1946 1947 616664112
1947 1948 131998800
1948 1949 928447175
1949 1950 559891230
1950 1951 690550335
1951 1952 577453456
1952 1953 806914345
1953 1954 469786796
1954 1955 140197669
1955 1956 687566774
1956 1957 951637670
1957 1958 912997956
1958 1959 280951672
1959 1960 396779928
1960 1961 643056937
1961 1962 44953954
1962 1963 951411946
1963 1964 19213748
1964 1965 559395274
1965 1966 89845758
1966 1967 398193772
1967 1968 177171720
1968 1969 43191332
1969 1970 624979885
1970 1971 293348505
1971 1972 709919425
1972 1973 204996452
1973 1974 409967451
1974 1975 168158176
1975 1976 672207690
1976 1977 2716934
1977 1978 71442908
1978 1979 908790038
1979 1980 693109805
1980 1981 534959454
1981 1982 73071155
1982 1983 589357164
1983 1984 252984570
1984 1985 919381292
1985 1986 143091901
1986 1987 606127256
1987 1988 774431908
1988 1989 754566592
1989 1990 885299518
1990 1991 101482181
1991 1992 796154800
1992 1993 169473954
1993 1994 371714280
1994 1995 875404278
1995 1996 662340236
1996 1997 290268870
1997 1998 972006948
1998 1999 181125966
1999 2000 924388013
2000 2001 810043566
2001 2002 312012051
2002 2003 503827496
2003 2004 702100134
2004 2005 300867226
2005 2006 444053643
2006 2007 580955659
2007 2008 384393098
2008 2009 705579453
2009 2010 644166524
2010 2011 384055693
2011 2012 96693035
2012 2013 288753207
2013 2014 847530510
2014 2015 265864890
2015 2016 557488196
2016 2017 451945678
2017 2018 913695341
2018 2019 489450784
2019 2020 84089152
2020 2021 105653685
2021 2022 820172200
2022 2023 795832558
2023 2024 519892580
2024 2025 290509232
2025 2026 829610689
2026 2027 812083472
2027 2028 166906214
2028 2029 334482096
2029 2030 458132672
2030 2031 362008789
2031 2032 245556622
2032 2033 982756500
2033 2034 31527540
2034 2035 182460191
2035 2036 739049578
2036 2037 911697248
2037 2038 576037984
2038 2039 685126891
2039 2040 242749259
2040 2041 504600779
2041 2042 23492732
2042 2043 346211087
2043 2044 240685656
2044 2045 650405072
2045 2046 296586446
2046 2047 300238621
2047 2048 941324589
2048 2049 327421225
2049 2050 925043132
2050 2051 254828527
2051 2052 408305195
2052 2053 693083773
2053 2054 311456383
2054 2055 987204286
2055 2056 666209730
2056 2057 81779867
2057 2058 381603497
2058 2059 420308194
2059 2060 834854707
2060 2061 248607887
2061 2062 937867321
2062 2063 146548282
2063 2064 578876731
2064 2065 117307897
2065 2066 726347243
2066 2067 54860360
2067 2068 540972838
2068 2069 289396639
2069 2070 302559656
2070 2071 709449651
2071 2072 260333476
2072 2073 835434450
2073 2074 952460621
2074 2075 172733290
2075 2076 165526781
2076 2077 463242005
2077 2078 224489241
2078 2079 380877777
2079 2080 723822600
2080 2081 872829126
2081 2082 722577957
2082 2083 292843820
2083 2084 77972581
2084 2085 146499690
2085 2086 204086405
2086 2087 10540565
2087 2088 314381297
2088 2089 95653051
2089 2090 19674388
2090 2091 820249817
2091 2092 697248714
2092 2093 77721292
2093 2094 981948304
2094 2095 722940200
2095 2096 511571800
2096 2097 370595821
2097 2098 56401679
2098 2099 122694685
2099 2100 742578603
2100 2101 627623442
2101 2102 47578015
2102 2103 239119916
2103 2104 554519679
2104 2105 883281758
2105 2106 735294359
2106 2107 777541426
2107 2108 731820822
2108 2109 102601146
2109 2110 263053843
2110 2111 405674576
2111 2112 695181835
2112 2113 772361734
2113 2114 262787037
2114 2115 37410515
2115 2116 234942819
2116 2117 507772366
2117 2118 629643137
2118 2119 531190597
2119 2120 823549827
2120 2121 664219945
2121 2122 536860161
2122 2123 288654044
2123 2124 116793007
2124 2125 179543012
2125 2126 175497863
2126 2127 129393236
2127 2128 275113110
2128 2129 635435581
2129 2130 238907059
2130 2131 348821470
2131 2132 534717072
2132 2133 941457411
2133 2134 154883940
2134 2135 190624411
2135 2136 780136994
2136 2137 459503765
2137 2138 745162859
2138 2139 332780844
2139 2140 901054073
2140 2141 980040797
2141 2142 45303936
2142 2143 780278271
2143 2144 400739971
2144 2145 802092116
2145 2146 329153092
2146 2147 603900333
2147 2148 850178469
2148 2149 526889115
2149 2150 312774400
2150 2151 468666418
2151 2152 832812234
2152 2153 551833932
2153 2154 240412921
2154 2155 473583268
2155 2156 323333151
2156 2157 688938149
2157 2158 36865266
2158 2159 43328658
2159 2160 280485321
2160 2161 65630701
2161 2162 906406273
2162 2163 681086905
2163 2164 3051957
2164 2165 203708939
2165 2166 426477162
2166 2167 665772496
2167 2168 551080164
2168 2169 390187984
2169 2170 71036478
2170 2171 81105055
2171 2172 902761336
2172 2173 18901956
2173 2174 553883608
2174 2175 505925674
2175 2176 168279396
2176 2177 307724073
2177 2178 340775213
2178 2179 509879016
2179 2180 467728041
2180 2181 661034780
2181 2182 243044240
2182 2183 750649815
2183 2184 706132640
2184 2185 256076711
2185 2186 301946260
2186 2187 268485802
2187 2188 322473323
2188 2189 140927695
2189 2190 476811813
2190 2191 147417126
2191 2192 373899438
2192 2193 199147218
2193 2194 16117254
2194 2195 791856004
2195 2196 851958775
2196 2197 25815810
2197 2198 731649650
2198 2199 938706949
2199 2200 913403347
2200 2201 282539929
2201 2202 708943855
2202 2203 190966269
2203 2204 288868636
2204 2205 447870142
2205 2206 447268819
2206 2207 860940892
2207 2208 949976312
2208 2209 888045631
2209 2210 43557291
2210 2211 24018648
2211 2212 11089347
2212 2213 791989743
2213 2214 109671925
2214 2215 854362487
2215 2216 436027821
2216 2217 542093288
2217 2218 181004373
2218 2219 567480953
2219 2220 816299939
2220 2221 49176068
2221 2222 471159136
2222 2223 850717078
2223 2224 120222800
2224 2225 20887012
2225 2226 579785415
2226 2227 111011064
2227 2228 590503089
2228 2229 474037494
2229 2230 271657817
2230 2231 717437340
2231 2232 760267096
2232 2233 80379995
2233 2234 926047045
2234 2235 219187808
2235 2236 887049871
2236 2237 175820956
2237 2238 925246794
2238 2239 468125644
2239 2240 515977431
2240 2241 748598769
2241 2242 372589655
2242 2243 966002002
2243 2244 78834135
2244 2245 279073247
2245 2246 234144320
2246 2247 375553985
2247 2248 852267873
2248 2249 732619533
2249 2250 88434393
2250 2251 115268961
2251 2252 651620908
2252 2253 185851542
2253 2254 29928777
2254 2255 194102600
2255 2256 985243603
2256 2257 581166068
2257 2258 685696529
2258 2259 270816040
2259 2260 286737737
2260 2261 347629107
2261 2262 648175406
2262 2263 466531749
2263 2264 273592622
2264 2265 727443333
2265 2266 352915485
2266 2267 811163217
2267 2268 871636863
2268 2269 137195333
2269 2270 752172543
2270 2271 572065810
2271 2272 108902519
2272 2273 838842313
2273 2274 739548526
2274 2275 21028716
2275 2276 303054339
2276 2277 243875301
2277 2278 866893
2278 2279 238743809
2279 2280 908530633
2280 2281 919884464
2281 2282 639779722
2282 2283 354829126
2283 2284 17450890
2284 2285 949028
2285 2286 268834969
2286 2287 558591717
2287 2288 289542372
2288 2289 473527259
2289 2290 549524138
2290 2291 681447695
2291 2292 973870073
2292 2293 493950668
2293 2294 257781486
2294 2295 424516805
2295 2296 256529112
2296 2297 296720571
2297 2298 356212184
2298 2299 52898851
2299 2300 768624933
2300 2301 938201649
2301 2302 877254392
2302 2303 480708403
2303 2304 17040775
2304 2305 20645433
2305 2306 842804023
2306 2307 538578076
2307 2308 51771490
2308 2309 433046857
2309 2310 34847307
2310 2311 38644787
2311 2312 1195072
2312 2313 557174386
2313 2314 27147770
2314 2315 448577843
2315 2316 185119047
2316 2317 65915256
2317 2318 413075780
2318 2319 628094470
2319 2320 497729037
2320 2321 445264867
2321 2322 573381820
2322 2323 149964089
2323 2324 71303560
2324 2325 567412685
2325 2326 694132383
2326 2327 422654518
2327 2328 826269512
2328 2329 800464581
2329 2330 414017918
2330 2331 290686997
2331 2332 96916379
2332 2333 796365773
2333 2334 145475818
2334 2335 330463056
2335 2336 304757334
2336 2337 456834939
2337 2338 84790733
2338 2339 808792108
2339 2340 853466500
2340 2341 711467437
2341 2342 550969973
2342 2343 745217929
2343 2344 89333997
2344 2345 149964844
2345 2346 584620704
2346 2347 879748970
2347 2348 914958275
2348 2349 22132430
2349 2350 19508494
2350 2351 235478641
2351 2352 270995562
2352 2353 17993578
2353 2354 50894463
2354 2355 218621658
2355 2356 882592355
2356 2357 266502590
2357 2358 26485523
2358 2359 911160219
2359 2360 418476376
2360 2361 249659407
2361 2362 77143942
2362 2363 785669535
2363 2364 528162950
2364 2365 53231090
2365 2366 922348134
2366 2367 315322673
2367 2368 131392033
2368 2369 120134053
2369 2370 121042018
2370 2371 441007363
2371 2372 167758710
2372 2373 696155566
2373 2374 139106174
2374 2375 982301183
2375 2376 178356267
2376 2377 42384514
2377 2378 746182279
2378 2379 15759642
2379 2380 690337984
2380 2381 161894629
2381 2382 112840010
2382 2383 576582637
2383 2384 901453061
2384 2385 476554170
2385 2386 255333162
2386 2387 999699030
2387 2388 451539909
2388 2389 294218794
2389 2390 931978265
2390 2391 130753179
2391 2392 95486782
2392 2393 892209460
2393 2394 489791861
2394 2395 143078048
2395 2396 247739800
2396 2397 235864336
2397 2398 589009199
2398 2399 817724461
2399 2400 884935769
2400 2401 98797987
2401 2402 167202621
2402 2403 636318054
2403 2404 523542340
2404 2405 291262442
2405 2406 107032350
2406 2407 251787179
2407 2408 722539814
2408 2409 25317630
2409 2410 185657055
2410 2411 644783577
2411 2412 855759616
2412 2413 508225599
2413 2414 302372953
2414 2415 927942406
2415 2416 866869600
2416 2417 838221487
2417 2418 776633954
2418 2419 71141041
2419 2420 349650449
2420 2421 888518558
2421 2422 756331049
2422 2423 685565206
2423 2424 536304746
2424 2425 300488237
2425 2426 339352166
2426 2427 630359216
2427 2428 235797
2428 2429 358096400
2429 2430 807759328
2430 2431 938885235
2431 2432 182974639
2432 2433 540259850
2433 2434 777725861
2434 2435 703850938
2435 2436 754111101
2436 2437 926091676
2437 2438 631132114
2438 2439 596650948
2439 2440 27402265
2440 2441 970386989
2441 2442 360298337
2442 2443 237482027
2443 2444 80633274
2444 2445 694592647
2445 2446 44715219
2446 2447 824365921
2447 2448 23624347
2448 2449 720991923
2449 2450 944278471
2450 2451 7453500
2451 2452 851407328
2452 2453 950115736
2453 2454 605716879
2454 2455 785784754
2455 2456 457873907
2456 2457 516930026
2457 2458 887597809
2458 2459 516065225
2459 2460 161941129
2460 2461 55508160
2461 2462 599988262
2462 2463 70596962
2463 2464 680499740
2464 2465 510843718
2465 2466 52937797
2466 2467 253796012
2467 2468 473837040
2468 2469 405232194
2469 2470 25128662
2470 2471 589892461
2471 2472 627128993
2472 2473 520524561
2473 2474 108664749
2474 2475 680433785
2475 2476 165048676
2476 2477 185973063
2477 2478 315486892
2478 2479 309683430
2479 2480 723122589
2480 2481 569034275
2481 2482 10931799
2482 2483 900974626
2483 2484 124461968
2484 2485 318693317
2485 2486 753238776
2486 2487 966694343
2487 2488 597705162
2488 2489 738336744
2489 2490 268466360
2490 2491 367956960
2491 2492 837740862
2492 2493 413366628
2493 2494 897122498
2494 2495 178532921
2495 2496 90580587
2496 2497 411034049
2497 2498 84758045
2498 2499 104570024
2499 2500 177822006
2500 2501 56219749
2501 2502 717883619
2502 2503 644571325
2503 2504 772760555
2504 2505 125028155
2505 2506 962385222
2506 2507 610866815
2507 2508 562976968
2508 2509 791590092
2509 2510 521086383
2510 2511 635551341
2511 2512 865021514
2512 2513 238091265
2513 2514 439981097
2514 2515 277543980
2515 2516 481883016
2516 2517 447116438
2517 2518 789560291
2518 2519 449396283
2519 2520 532978013
2520 2521 438435941
2521 2522 335518089
2522 2523 976744379
2523 2524 944389710
2524 2525 124402513
2525 2526 382355027
2526 2527 76540954
2527 2528 707943547
2528 2529 623820989
2529 2530 90719835
2530 2531 725841588
2531 2532 546527982
2532 2533 342020126
2533 2534 109902084
2534 2535 481122648
2535 2536 963484495
2536 2537 309143334
2537 2538 695831052
2538 2539 810395651
2539 2540 678519472
2540 2541 560398094
2541 2542 838733364
2542 2543 935587318
2543 2544 174250045
2544 2545 35305923
2545 2546 363978942
2546 2547 286741193
2547 2548 77798813
2548 2549 142193736
2549 2550 287825323
2550 2551 597578986
2551 2552 484560121
2552 2553 891369688
2553 2554 583904418
2554 2555 567803691
2555 2556 106558501
2556 2557 898138690
2557 2558 775625679
2558 2559 927562695
2559 2560 284871705
2560 2561 759010424
2561 2562 373228348
2562 2563 192025522
2563 2564 166362036
2564 2565 748185339
2565 2566 692464674
2566 2567 347530123
2567 2568 379881599
2568 2569 924839969
2569 2570 182038336
2570 2571 983250300
2571 2572 549512436
2572 2573 127698155
2573 2574 448472070
2574 2575 193340141
2575 2576 833136771
2576 2577 141453255
2577 2578 120185455
2578 2579 30438733
2579 2580 616447541
2580 2581 254134538
2581 2582 58247728
2582 2583 279768893
2583 2584 251705295
2584 2585 517209118
2585 2586 102219620
2586 2587 693576393
2587 2588 193229034
2588 2589 190962958
2589 2590 926914493
2590 2591 522225795
2591 2592 220627141
2592 2593 886194253
2593 2594 587193861
2594 2595 255747129
2595 2596 707762715
2596 2597 592055032
2597 2598 164540367
2598 2599 86406163
2599 2600 510166625
2600 2601 15547787
2601 2602 431107528
2602 2603 857449803
2603 2604 742861134
2604 2605 691477457
2605 2606 59597551
2606 2607 855935208
2607 2608 28610904
2608 2609 391556605
2609 2610 182168295
2610 2611 330675279
2611 2612 804604139
2612 2613 934493167
2613 2614 695418418
2614 2615 860238097
2615 2616 381266360
2616 2617 707195295
2617 2618 498856011
2618 2619 648794789
2619 2620 560591898
2620 2621 14623802
2621 2622 9264372
2622 2623 591449532
2623 2624 285877843
2624 2625 439908285
2625 2626 553546294
2626 2627 161160330
2627 2628 80954845
2628 2629 696508701
2629 2630 62136847
2630 2631 508679354
2631 2632 207089232
2632 2633 970940500
2633 2634 523172390
2634 2635 313495189
2635 2636 10647787
2636 2637 759276825
2637 2638 718654722
2638 2639 817374922
2639 2640 1986443
2640 2641 504932759
2641 2642 725793939
2642 2643 114341303
2643 2644 806353316
2644 2645 55652263
2645 2646 314629868
2646 2647 805558792
2647 2648 622511095
2648 2649 195675555
2649 2650 934023853
2650 2651 3064747
2651 2652 171049006
2652 2653 451783088
2653 2654 338038672
2654 2655 684516900
2655 2656 763006981
2656 2657 56744735
2657 2658 439988799
2658 2659 344548876
2659 2660 489253315
2660 2661 113293575
2661 2662 427473217
2662 2663 768299079
2663 2664 865427697
2664 2665 215713087
2665 2666 517284077
2666 2667 246318636
2667 2668 45601355
2668 2669 905501949
2669 2670 576566557
2670 2671 178706348
2671 2672 150825673
2672 2673 710167198
2673 2674 925471127
2674 2675 326625466
2675 2676 536545400
2676 2677 224408157
2677 2678 496724175
2678 2679 616419168
2679 2680 871249241
2680 2681 64114860
2681 2682 544718334
2682 2683 565559157
2683 2684 885165260
2684 2685 882260238
2685 2686 643283620
2686 2687 851054989
2687 2688 951000329
2688 2689 582638827
2689 2690 805739322
2690 2691 784624667
2691 2692 859963227
2692 2693 241850065
2693 2694 821561990
2694 2695 65248690
2695 2696 590744893
2696 2697 572214003
2697 2698 170467781
2698 2699 913080466
2699 2700 708679703
2700 2701 952165332
2701 2702 233293887
2702 2703 921769737
2703 2704 224323933
2704 2705 600837169
2705 2706 540489868
2706 2707 649299029
2707 2708 451054519
2708 2709 220605072
2709 2710 846517395
2710 2711 720553439
2711 2712 470300868
2712 2713 986593536
2713 2714 610619757
2714 2715 660387966
2715 2716 767241742
2716 2717 150897132
2717 2718 768613523
2718 2719 503675870
2719 2720 624065660
2720 2721 949509328
2721 2722 544610842
2722 2723 274021802
2723 2724 191431359
2724 2725 671842024
2725 2726 320263455
2726 2727 954046450
2727 2728 603482955
2728 2729 389453446
2729 2730 911422268
2730 2731 809357343
2731 2732 195973338
2732 2733 258475801
2733 2734 797924491
2734 2735 768277584
2735 2736 825504251
2736 2737 71858333
2737 2738 516211215
2738 2739 193831871
2739 2740 134628775
2740 2741 40605388
2741 2742 85689489
2742 2743 520250661
2743 2744 162585800
2744 2745 979311465
2745 2746 70320326
2746 2747 626848176
2747 2748 704124701
2748 2749 489194000
2749 2750 552759473
2750 2751 228565879
2751 2752 441892637
2752 2753 499086481
2753 2754 798567625
2754 2755 480145312
2755 2756 879250950
2756 2757 96242589
2757 2758 949540204
2758 2759 727403507
2759 2760 703019688
2760 2761 73473174
2761 2762 451360377
2762 2763 732292007
2763 2764 649028842
2764 2765 825504409
2765 2766 257604081
2766 2767 100826231
2767 2768 672592872
2768 2769 584032204
2769 2770 607665335
2770 2771 111754066
2771 2772 560872491
2772 2773 570867837
2773 2774 709613781
2774 2775 922484749
2775 2776 410174438
2776 2777 918571123
2777 2778 532928789
2778 2779 612994112
2779 2780 864568804
2780 2781 661966529
2781 2782 169852469
2782 2783 5861776
2783 2784 902955482
2784 2785 573008332
2785 2786 799306827
2786 2787 282603455
2787 2788 915232051
2788 2789 56966874
2789 2790 291410148
2790 2791 402810145
2791 2792 865749713
2792 2793 239113137
2793 2794 256349956
2794 2795 439371295
2795 2796 112800066
2796 2797 287225595
2797 2798 623333184
2798 2799 219994360
2799 2800 520650833
2800 2801 217843034
2801 2802 315279085
2802 2803 427056456
2803 2804 871499325
2804 2805 475233494
2805 2806 86909495
2806 2807 403118693
2807 2808 273385595
2808 2809 876363479
2809 2810 662678349
2810 2811 244351740
2811 2812 256324561
2812 2813 556172794
2813 2814 7038409
2814 2815 517881375
2815 2816 625254022
2816 2817 524910983
2817 2818 177205007
2818 2819 281686992
2819 2820 202428417
2820 2821 989822395
2821 2822 568674411
2822 2823 709614700
2823 2824 47393583
2824 2825 218984706
2825 2826 886491297
2826 2827 46421199
2827 2828 45271660
2828 2829 865532318
2829 2830 827874007
2830 2831 792952562
2831 2832 740524424
2832 2833 836597210
2833 2834 501533826
2834 2835 775380779
2835 2836 96594023
2836 2837 88606124
2837 2838 122682451
2838 2839 134849274
2839 2840 285334031
2840 2841 70271398
2841 2842 554057650
2842 2843 331904853
2843 2844 700289439
2844 2845 367935985
2845 2846 156933873
2846 2847 111476199
2847 2848 238877661
2848 2849 473100457
2849 2850 757030429
2850 2851 812682198
2851 2852 944483420
2852 2853 504051462
2853 2854 287599650
2854 2855 736344759
2855 2856 875849207
2856 2857 564426997
2857 2858 977275874
2858 2859 586266278
2859 2860 232423031
2860 2861 981571786
2861 2862 511500615
2862 2863 355139121
2863 2864 291089550
2864 2865 925560383
2865 2866 905419602
2866 2867 502506219
2867 2868 107590677
2868 2869 719644219
2869 2870 538613383
2870 2871 988478486
2871 2872 947343656
2872 2873 585784520
2873 2874 464803005
2874 2875 432554788
2875 2876 73359731
2876 2877 860129688
2877 2878 809100386
2878 2879 465626665
2879 2880 81800315
2880 2881 817201512
2881 2882 406598100
2882 2883 269218436
2883 2884 314155972
2884 2885 684956626
2885 2886 997097772
2886 2887 569275070
2887 2888 80431927
2888 2889 285044736
2889 2890 550689849
2890 2891 158566900
2891 2892 176287964
2892 2893 472863992
2893 2894 300649539
2894 2895 5200226
2895 2896 528684888
2896 2897 178708776
2897 2898 341731404
2898 2899 212792738
2899 2900 426583709
2900 2901 837354583
2901 2902 290772525
2902 2903 287738045
2903 2904 990809699
2904 2905 420810016
2905 2906 214707223
2906 2907 150461316
2907 2908 107432087
2908 2909 31155930
2909 2910 276764380
2910 2911 29477332
2911 2912 607050770
2912 2913 738047374
2913 2914 280033247
2914 2915 959363518
2915 2916 756032069
2916 2917 8589409
2917 2918 537545146
2918 2919 511314363
2919 2920 465400306
2920 2921 237190916
2921 2922 174160086
2922 2923 122043002
2923 2924 535491130
2924 2925 722697923
2925 2926 612919413
2926 2927 845228498
2927 2928 226201297
2928 2929 271002996
2929 2930 140647172
2930 2931 579509842
2931 2932 486503860
2932 2933 227244830
2933 2934 282538395
2934 2935 477164424
2935 2936 840187478
2936 2937 929617924
2937 2938 155392079
2938 2939 669175296
2939 2940 265300262
2940 2941 97465430
2941 2942 35858772
2942 2943 329012425
2943 2944 596400275
2944 2945 269915157
2945 2946 342395213
2946 2947 18450027
2947 2948 95060061
2948 2949 364093602
2949 2950 163141660
2950 2951 168684500
2951 2952 490662875
2952 2953 963286670
2953 2954 48527984
2954 2955 751790581
2955 2956 107605011
2956 2957 199901028
2957 2958 198101469
2958 2959 937550373
2959 2960 266594614
2960 2961 576038155
2961 2962 775410491
2962 2963 445527197
2963 2964 604307202
2964 2965 219120990
2965 2966 370213890
2966 2967 348555619
2967 2968 74872098
2968 2969 128087893
2969 2970 692731239
2970 2971 669297757
2971 2972 751423628
2972 2973 217905077
2973 2974 10758187
2974 2975 344718730
2975 2976 292077293
2976 2977 588011817
2977 2978 927036551
2978 2979 234974343
2979 2980 449936474
2980 2981 805626031
2981 2982 756135841
2982 2983 424515315
2983 2984 798339531
2984 2985 492616534
2985 2986 245901162
2986 2987 364470802
2987 2988 178378035
2988 2989 228974011
2989 2990 961643581
2990 2991 838486932
2991 2992 301541205
2992 2993 97344987
2993 2994 610938366
2994 2995 558505274
2995 2996 219287746
2996 2997 656051008
2997 2998 564474410
2998 2999 25199699
2999 3000 17817043
3000 3001 848041249
3001 3002 741784452
3002 3003 485413804
3003 3004 22325605
3004 3005 231477304
3005 3006 823751172
3006 3007 118700138
3007 3008 317333214
3008 3009 385264543
3009 3010 713395130
3010 3011 112722818
3011 3012 339002992
3012 3013 68564483
3013 3014 768199681
3014 3015 103289648
3015 3016 36235457
3016 3017 444713148
3017 3018 706270784
3018 3019 224566329
3019 3020 900730286
3020 3021 969172496
3021 3022 774228002
3022 3023 569151363
3023 3024 476499601
3024 3025 573757591
3025 3026 724267145
3026 3027 742054217
3027 3028 590738741
3028 3029 201073880
3029 3030 402760968
3030 3031 456344898
3031 3032 972329096
3032 3033 325064077
3033 3034 41702692
3034 3035 216606724
3035 3036 500215972
3036 3037 786824639
3037 3038 968523441
3038 3039 807645987
3039 3040 765316923
3040 3041 23550101
3041 3042 961553086
3042 3043 266756597
3043 3044 326321636
3044 3045 452750927
3045 3046 992030180
3046 3047 735366173
3047 3048 249821345
3048 3049 164828867
3049 3050 191051587
3050 3051 808806390
3051 3052 747336508
3052 3053 707610174
3053 3054 924245681
3054 3055 79915445
3055 3056 112380651
3056 3057 99589786
3057 3058 249916219
3058 3059 754874991
3059 3060 510415345
3060 3061 609503779
3061 3062 48056891
3062 3063 233625116
3063 3064 664170783
3064 3065 59211213
3065 3066 221845922
3066 3067 82088082
3067 3068 124303917
3068 3069 249117926
3069 3070 622732473
3070 3071 915538964
3071 3072 243886056
3072 3073 922845619
3073 3074 270289607
3074 3075 681241020
3075 3076 356127182
3076 3077 5296587
3077 3078 567300014
3078 3079 758511172
3079 3080 714769353
3080 3081 854480122
3081 3082 709213719
3082 3083 156524126
3083 3084 741054201
3084 3085 706874288
3085 3086 540779886
3086 3087 733737901
3087 3088 577143783
3088 3089 889273388
3089 3090 33575920
3090 3091 301221466
3091 3092 59660466
3092 3093 500134046
3093 3094 967949107
3094 3095 680662582
3095 3096 815444215
3096 3097 49819311
3097 3098 359004679
3098 3099 79916493
3099 3100 508863762
3100 3101 766715662
3101 3102 120337185
3102 3103 277877530
3103 3104 901661825
3104 3105 690890615
3105 3106 367574627
3106 3107 843239750
3107 3108 809096303
3108 3109 474318093
3109 3110 802091696
3110 3111 679201436
3111 3112 528959276
3112 3113 579251181
3113 3114 457814658
3114 3115 42404046
3115 3116 907421832
3116 3117 826565081
3117 3118 892736795
3118 3119 736976609
3119 3120 585586049
3120 3121 493926807
3121 3122 997057521
3122 3123 306181520
3123 3124 769328128
3124 3125 653416743
3125 3126 8493136
3126 3127 94009293
3127 3128 599956041
3128 3129 408328539
3129 3130 103915608
3130 3131 274816458
3131 3132 993491224
3132 3133 37530806
3133 3134 780185303
3134 3135 834239906
3135 3136 375877409
3136 3137 250227872
3137 3138 276738507
3138 3139 239254790
3139 3140 913650100
3140 3141 539544429
3141 3142 189954160
3142 3143 974127002
3143 3144 491279988
3144 3145 227117991
3145 3146 551912130
3146 3147 428716321
3147 3148 275685178
3148 3149 956174673
3149 3150 645143375
3150 3151 277863044
3151 3152 229698884
3152 3153 492328440
3153 3154 486371459
3154 3155 805868437
3155 3156 340389490
3156 3157 309321780
3157 3158 778241804
3158 3159 289245716
3159 3160 327809360
3160 3161 4350957
3161 3162 458699282
3162 3163 610576659
3163 3164 81456053
3164 3165 837517821
3165 3166 81067559
3166 3167 472152158
3167 3168 169421278
3168 3169 787153307
3169 3170 629715362
3170 3171 295077713
3171 3172 651489315
3172 3173 91552018
3173 3174 852476184
3174 3175 961994677
3175 3176 894477543
3176 3177 822431806
3177 3178 92544520
3178 3179 248377360
3179 3180 896770360
3180 3181 516180277
3181 3182 564440132
3182 3183 463067772
3183 3184 924727300
3184 3185 517999632
3185 3186 336773388
3186 3187 57550603
3187 3188 721600447
3188 3189 765670284
3189 3190 264207765
3190 3191 589382032
3191 3192 845660245
3192 3193 938143963
3193 3194 813620072
3194 3195 499340796
3195 3196 127802539
3196 3197 449684027
3197 3198 399534634
3198 3199 477506815
3199 3200 184990124
3200 3201 232061198
3201 3202 239150498
3202 3203 896013279
3203 3204 630948774
3204 3205 300970922
3205 3206 243599453
3206 3207 907017116
3207 3208 169897520
3208 3209 447919132
3209 3210 802203895
3210 3211 190889721
3211 3212 836339593
3212 3213 896170947
3213 3214 36075369
3214 3215 669712475
3215 3216 359471805
3216 3217 22957338
3217 3218 238031168
3218 3219 919691076
3219 3220 189266673
3220 3221 246460947
3221 3222 490260476
3222 3223 240525298
3223 3224 325556803
3224 3225 949342093
3225 3226 77004584
3226 3227 607082879
3227 3228 277629204
3228 3229 631293091
3229 3230 625676916
3230 3231 281797943
3231 3232 145136955
3232 3233 151558830
3233 3234 42387303
3234 3235 115695377
3235 3236 832609451
3236 3237 175435512
3237 3238 776800336
3238 3239 147466280
3239 3240 601184483
3240 3241 848030158
3241 3242 148992469
3242 3243 361596339
3243 3244 636281563
3244 3245 18650375
3245 3246 192774835
3246 3247 675190813
3247 3248 163516204
3248 3249 253383921
3249 3250 777357512
3250 3251 272444253
3251 3252 930389135
3252 3253 964056296
3253 3254 471464722
3254 3255 460615942
3255 3256 643614154
3256 3257 779080354
3257 3258 71134240
3258 3259 293694035
3259 3260 975601874
3260 3261 454008103
3261 3262 424087858
3262 3263 489235283
3263 3264 234995680
3264 3265 96832504
3265 3266 631521581
3266 3267 967569190
3267 3268 644982404
3268 3269 310093709
3269 3270 403096861
3270 3271 569637978
3271 3272 783963373
3272 3273 993485682
3273 3274 385260879
3274 3275 84035316
3275 3276 156702885
3276 3277 637726450
3277 3278 157366546
3278 3279 342405476
3279 3280 288510321
3280 3281 690509994
3281 3282 753269162
3282 3283 605973629
3283 3284 959461704
3284 3285 882991567
3285 3286 200830743
3286 3287 253046351
3287 3288 742666825
3288 3289 609971062
3289 3290 905372669
3290 3291 830725389
3291 3292 683339661
3292 3293 91555472
3293 3294 379133868
3294 3295 595877621
3295 3296 273886749
3296 3297 778205691
3297 3298 148184501
3298 3299 964624455
3299 3300 513163898
3300 3301 844115848
3301 3302 697166693
3302 3303 980603724
3303 3304 689566399
3304 3305 671309271
3305 3306 974398413
3306 3307 13948796
3307 3308 404694248
3308 3309 896952741
3309 3310 554620394
3310 3311 629259316
3311 3312 594920470
3312 3313 841557722
3313 3314 461757655
3314 3315 739980731
3315 3316 282119783
3316 3317 109048578
3317 3318 833986576
3318 3319 345834756
3319 3320 822759689
3320 3321 602068258
3321 3322 25705767
3322 3323 760515287
3323 3324 274286058
3324 3325 489539254
3325 3326 837028949
3326 3327 59172155
3327 3328 152694393
3328 3329 765786454
3329 3330 420432089
3330 3331 52413498
3331 3332 845004445
3332 3333 24056802
3333 3334 902621355
3334 3335 41073609
3335 3336 254287457
3336 3337 52787279
3337 3338 658196713
3338 3339 21145939
3339 3340 960632563
3340 3341 782295438
3341 3342 66552923
3342 3343 475650379
3343 3344 131776156
3344 3345 732456860
3345 3346 963905249
3346 3347 248560526
3347 3348 624279242
3348 3349 574477077
3349 3350 402004373
3350 3351 309509023
3351 3352 641252160
3352 3353 361136500
3353 3354 193479149
3354 3355 521702542
3355 3356 926612598
3356 3357 748130210
3357 3358 837597586
3358 3359 363448931
3359 3360 881441496
3360 3361 527955197
3361 3362 514206704
3362 3363 717455023
3363 3364 529391482
3364 3365 742031876
3365 3366 295874517
3366 3367 31353562
3367 3368 1467139
3368 3369 18365240
3369 3370 465208680
3370 3371 865741148
3371 3372 366909360
3372 3373 197130234
3373 3374 17441702
3374 3375 490250851
3375 3376 229440016
3376 3377 304493143
3377 3378 141163155
3378 3379 327376546
3379 3380 412232974
3380 3381 514462382
3381 3382 68027801
3382 3383 928244314
3383 3384 480339384
3384 3385 473840632
3385 3386 772693687
3386 3387 448534950
3387 3388 616796444
3388 3389 162318594
3389 3390 958864772
3390 3391 936630227
3391 3392 63705121
3392 3393 516424044
3393 3394 321531400
3394 3395 993068799
3395 3396 839790795
3396 3397 581045999
3397 3398 129188541
3398 3399 201527671
3399 3400 800677357
3400 3401 431530481
3401 3402 998447386
3402 3403 760124064
3403 3404 749234361
3404 3405 329585750
3405 3406 583150468
3406 3407 3059143
3407 3408 818902796
3408 3409 205978451
3409 3410 908093426
3410 3411 376996399
3411 3412 964538089
3412 3413 914811731
3413 3414 702172351
3414 3415 947824568
3415 3416 684534121
3416 3417 923280090
3417 3418 38299960
3418 3419 930604758
3419 3420 797468333
3420 3421 913396175
3421 3422 309124022
3422 3423 211207341
3423 3424 827595863
3424 3425 175542404
3425 3426 132325547
3426 3427 671955221
3427 3428 126065808
3428 3429 787817237
3429 3430 415549834
3430 3431 187986286
3431 3432 33636475
3432 3433 219986355
3433 3434 813044322
3434 3435 660712528
3435 3436 723308020
3436 3437 282489876
3437 3438 754095598
3438 3439 123909749
3439 3440 882933479
3440 3441 131950229
3441 3442 98353378
3442 3443 406541578
3443 3444 925882171
3444 3445 963780967
3445 3446 467752211
3446 3447 281741396
3447 3448 690387034
3448 3449 590497022
3449 3450 321441426
3450 3451 669798358
3451 3452 494775201
3452 3453 967893500
3453 3454 785260855
3454 3455 82689250
3455 3456 458892023
3456 3457 751475076
3457 3458 870040808
3458 3459 309598109
3459 3460 408911017
3460 3461 620139745
3461 3462 878025246
3462 3463 666237277
3463 3464 575541229
3464 3465 879424287
3465 3466 292287599
3466 3467 769208337
3467 3468 414856664
3468 3469 194151656
3469 3470 438154628
3470 3471 433060048
3471 3472 954647360
3472 3473 934983117
3473 3474 18915685
3474 3475 820448823
3475 3476 424564121
3476 3477 717152769
3477 3478 594312149
3478 3479 239715824
3479 3480 231223720
3480 3481 803042546
3481 3482 496509746
3482 3483 444931864
3483 3484 598745643
3484 3485 209301502
3485 3486 603907685
3486 3487 317988545
3487 3488 65460674
3488 3489 694738274
3489 3490 323233906
3490 3491 105623733
3491 3492 129424478
3492 3493 284167752
3493 3494 441206508
3494 3495 933639737
3495 3496 154179133
3496 3497 107341865
3497 3498 615851005
3498 3499 772454779
3499 3500 336392079
3500 3501 289953487
3501 3502 431065842
3502 3503 253479449
3503 3504 253255718
3504 3505 73266964
3505 3506 122178979
3506 3507 557796052
3507 3508 409472156
3508 3509 466126204
3509 3510 496887370
3510 3511 722395868
3511 3512 701385376
3512 3513 205760149
3513 3514 578327390
3514 3515 594272069
3515 3516 307614988
3516 3517 96782374
3517 3518 847773518
3518 3519 927289711
3519 3520 333731342
3520 3521 89920340
3521 3522 493683509
3522 3523 232914193
3523 3524 424989440
3524 3525 167756032
3525 3526 134693268
3526 3527 497543989
3527 3528 197325650
3528 3529 250524964
3529 3530 651841090
3530 3531 269315051
3531 3532 384278558
3532 3533 234027217
3533 3534 545229813
3534 3535 118331320
3535 3536 447460025
3536 3537 431084461
3537 3538 520689712
3538 3539 31561084
3539 3540 362219389
3540 3541 613172207
3541 3542 925848339
3542 3543 467536732
3543 3544 308455154
3544 3545 706461179
3545 3546 926085706
3546 3547 271536618
3547 3548 763431736
3548 3549 483373419
3549 3550 716002592
3550 3551 725939124
3551 3552 882807421
3552 3553 675343466
3553 3554 889625932
3554 3555 59457810
3555 3556 304004572
3556 3557 15099711
3557 3558 194515151
3558 3559 79258433
3559 3560 705275892
3560 3561 607207397
3561 3562 351271402
3562 3563 152353848
3563 3564 427230579
3564 3565 557888297
3565 3566 965346715
3566 3567 222669873
3567 3568 40795972
3568 3569 430426183
3569 3570 718127340
3570 3571 73890247
3571 3572 913779080
3572 3573 409794342
3573 3574 951869956
3574 3575 792818825
3575 3576 600574715
3576 3577 986009030
3577 3578 337063891
3578 3579 185631364
3579 3580 131289521
3580 3581 362948766
3581 3582 528267266
3582 3583 747059915
3583 3584 430345892
3584 3585 50845931
3585 3586 613474076
3586 3587 981409911
3587 3588 391290287
3588 3589 497540534
3589 3590 731635261
3590 3591 689376624
3591 3592 529098140
3592 3593 838915585
3593 3594 972705646
3594 3595 835020009
3595 3596 492132033
3596 3597 815655435
3597 3598 718147927
3598 3599 254989165
3599 3600 992387238
3600 3601 286215443
3601 3602 169038207
3602 3603 134627964
3603 3604 461714044
3604 3605 651941768
3605 3606 600479298
3606 3607 677873926
3607 3608 690681147
3608 3609 471767024
3609 3610 873552251
3610 3611 939462382
3611 3612 771391800
3612 3613 22404866
3613 3614 836625004
3614 3615 184774694
3615 3616 390285720
3616 3617 226010340
3617 3618 57171591
3618 3619 645791679
3619 3620 508099220
3620 3621 333139374
3621 3622 448861511
3622 3623 417929035
3623 3624 229740966
3624 3625 931149141
3625 3626 697289081
3626 3627 69104686
3627 3628 439444573
3628 3629 804451158
3629 3630 72664718
3630 3631 648827270
3631 3632 42570286
3632 3633 4884835
3633 3634 156346363
3634 3635 375154776
3635 3636 318491106
3636 3637 99910978
3637 3638 3082450
3638 3639 559335272
3639 3640 752401758
3640 3641 211741057
3641 3642 649126765
3642 3643 336147138
3643 3644 187240543
3644 3645 512964458
3645 3646 337419751
3646 3647 680656634
3647 3648 890665520
3648 3649 407156958
3649 3650 172732127
3650 3651 848731459
3651 3652 974438383
3652 3653 409546507
3653 3654 558441185
3654 3655 87218845
3655 3656 686528969
3656 3657 181127634
3657 3658 987323211
3658 3659 561974338
3659 3660 450536023
3660 3661 141964688
3661 3662 535177013
3662 3663 536506471
3663 3664 160810670
3664 3665 131848228
3665 3666 64420927
3666 3667 182650507
3667 3668 258226862
3668 3669 552151168
3669 3670 402111484
3670 3671 649280957
3671 3672 149141904
3672 3673 276498012
3673 3674 566682103
3674 3675 871146446
3675 3676 929987924
3676 3677 230764874
3677 3678 982591888
3678 3679 733322839
3679 3680 250943228
3680 3681 229741963
3681 3682 956747300
3682 3683 288636027
3683 3684 939484150
3684 3685 566050811
3685 3686 428628963
3686 3687 85617116
3687 3688 754859618
3688 3689 890896016
3689 3690 526746455
3690 3691 487741175
3691 3692 838908728
3692 3693 831407889
3693 3694 339227017
3694 3695 540499611
3695 3696 800332404
3696 3697 927219217
3697 3698 91217920
3698 3699 547121135
3699 3700 130198445
3700 3701 516631090
3701 3702 991774235
3702 3703 988700095
3703 3704 280347867
3704 3705 677748510
3705 3706 545424951
3706 3707 872219983
3707 3708 947640561
3708 3709 377080373
3709 3710 155052610
3710 3711 667926280
3711 3712 181185672
3712 3713 262821176
3713 3714 752534671
3714 3715 264020257
3715 3716 582605487
3716 3717 256820814
3717 3718 582228815
3718 3719 671870727
3719 3720 102298838
3720 3721 7270821
3721 3722 238720115
3722 3723 452256493
3723 3724 326310506
3724 3725 468466219
3725 3726 977141155
3726 3727 959887345
3727 3728 160611732
3728 3729 454282733
3729 3730 66291182
3730 3731 634895477
3731 3732 356287153
3732 3733 193259152
3733 3734 116280171
3734 3735 878591006
3735 3736 951905273
3736 3737 665384115
3737 3738 621687794
3738 3739 855674410
3739 3740 712176131
3740 3741 316382580
3741 3742 686142400
3742 3743 830692050
3743 3744 91614200
3744 3745 459849887
3745 3746 662799961
3746 3747 405026985
3747 3748 234894437
3748 3749 486430314
3749 3750 479104552
3750 3751 214745335
3751 3752 768167581
3752 3753 883461799
3753 3754 415460252
3754 3755 830913826
3755 3756 172120985
3756 3757 608831918
3757 3758 147696405
3758 3759 424707176
3759 3760 129862465
3760 3761 619638811
3761 3762 333559934
3762 3763 229991505
3763 3764 394536340
3764 3765 157350605
3765 3766 832086787
3766 3767 666270801
3767 3768 409959288
3768 3769 123270006
3769 3770 164665906
3770 3771 179653158
3771 3772 995108820
3772 3773 878719504
3773 3774 787374102
3774 3775 651477637
3775 3776 798005671
3776 3777 825868953
3777 3778 426449383
3778 3779 683058766
3779 3780 787328483
3780 3781 13725467
3781 3782 957055300
3782 3783 677297325
3783 3784 360154979
3784 3785 712623657
3785 3786 733648108
3786 3787 150499319
3787 3788 57790133
3788 3789 501646876
3789 3790 767581635
3790 3791 21147062
3791 3792 387501588
3792 3793 937855269
3793 3794 570435998
3794 3795 977206061
3795 3796 232898084
3796 3797 797429731
3797 3798 689515046
3798 3799 689958738
3799 3800 911066630
3800 3801 204937967
3801 3802 95864958
3802 3803 331815261
3803 3804 697772670
3804 3805 151857954
3805 3806 427595711
3806 3807 29340712
3807 3808 333274777
3808 3809 514162560
3809 3810 510855534
3810 3811 874432515
3811 3812 958051142
3812 3813 741550248
3813 3814 710634612
3814 3815 718031798
3815 3816 99559610
3816 3817 868746532
3817 3818 307879060
3818 3819 9981200
3819 3820 890742638
3820 3821 292219444
3821 3822 949780616
3822 3823 439546435
3823 3824 220944437
3824 3825 99085031
3825 3826 576337703
3826 3827 10352379
3827 3828 910090646
3828 3829 944584353
3829 3830 28816139
3830 3831 681406659
3831 3832 879592226
3832 3833 476540777
3833 3834 163898139
3834 3835 925633886
3835 3836 242731654
3836 3837 444921524
3837 3838 259660983
3838 3839 898405461
3839 3840 512474234
3840 3841 872537933
3841 3842 426794759
3842 3843 989629382
3843 3844 309600908
3844 3845 489510228
3845 3846 267238084
3846 3847 73338462
3847 3848 608829756
3848 3849 132617360
3849 3850 558186253
3850 3851 243665463
3851 3852 233523183
3852 3853 482163988
3853 3854 938470466
3854 3855 232967020
3855 3856 965389752
3856 3857 286673583
3857 3858 10070881
3858 3859 857228015
3859 3860 411329901
3860 3861 335236480
3861 3862 352860407
3862 3863 275205840
3863 3864 978441255
3864 3865 67703119
3865 3866 519820810
3866 3867 880182316
3867 3868 202216582
3868 3869 596855478
3869 3870 446282137
3870 3871 295938643
3871 3872 62004218
3872 3873 391892721
3873 3874 725238437
3874 3875 85488235
3875 3876 813280695
3876 3877 193977076
3877 3878 861384208
3878 3879 914794374
3879 3880 791276936
3880 3881 959627497
3881 3882 552649454
3882 3883 758734077
3883 3884 153475965
3884 3885 835855891
3885 3886 451617349
3886 3887 284581567
3887 3888 310916979
3888 3889 696300194
3889 3890 157555507
3890 3891 347563696
3891 3892 881338466
3892 3893 189569822
3893 3894 561294300
3894 3895 626559028
3895 3896 849167173
3896 3897 431897363
3897 3898 217843321
3898 3899 456798398
3899 3900 532636362
3900 3901 538437640
3901 3902 5241194
3902 3903 361597615
3903 3904 840794281
3904 3905 179172876
3905 3906 12497935
3906 3907 555754486
3907 3908 314514736
3908 3909 681635186
3909 3910 4502302
3910 3911 446191511
3911 3912 40590080
3912 3913 443749621
3913 3914 191666875
3914 3915 740242285
3915 3916 240087629
3916 3917 514495066
3917 3918 882750029
3918 3919 975148769
3919 3920 927139255
3920 3921 452148906
3921 3922 855349257
3922 3923 163689842
3923 3924 389581128
3924 3925 272145290
3925 3926 258656831
3926 3927 638832770
3927 3928 204914078
3928 3929 730253648
3929 3930 930706343
3930 3931 407347755
3931 3932 878102080
3932 3933 378247090
3933 3934 638549012
3934 3935 361476331
3935 3936 665621253
3936 3937 126325602
3937 3938 640037232
3938 3939 4295082
3939 3940 783423997
3940 3941 733055643
3941 3942 46560991
3942 3943 225890633
3943 3944 586021643
3944 3945 25995141
3945 3946 26307471
3946 3947 809300200
3947 3948 322301250
3948 3949 993312271
3949 3950 155740511
3950 3951 834189966
3951 3952 8887586
3952 3953 690328477
3953 3954 33226337
3954 3955 124961495
3955 3956 715551446
3956 3957 412447994
3957 3958 12066710
3958 3959 365926832
3959 3960 474362580
3960 3961 652527877
3961 3962 330799216
3962 3963 110528185
3963 3964 850952490
3964 3965 132287473
3965 3966 308399261
3966 3967 407231677
3967 3968 207501585
3968 3969 891916325
3969 3970 614400356
3970 3971 568122019
3971 3972 580996648
3972 3973 58856313
3973 3974 846365952
3974 3975 541782905
3975 3976 768371156
3976 3977 60226150
3977 3978 253348898
3978 3979 775041279
3979 3980 253800541
3980 3981 982686269
3981 3982 164570054
3982 3983 565885947
3983 3984 7595984
3984 3985 247061723
3985 3986 892847481
3986 3987 8425716
3987 3988 400532221
3988 3989 172603177
3989 3990 949449289
3990 3991 610131581
3991 3992 767445851
3992 3993 967064774
3993 3994 626145469
3994 3995 96892002
3995 3996 389220456
3996 3997 409147674
3997 3998 975561784
3998 3999 100773833
3999 4000 618872178
4000 4001 900905250
4001 4002 58915392
4002 4003 692896649
4003 4004 311186027
4004 4005 765440943
4005 4006 908408819
4006 4007 714773610
4007 4008 943502286
4008 4009 252961123
4009 4010 684541699
4010 4011 956522509
4011 4012 299199863
4012 4013 685483047
4013 4014 275910796
4014 4015 576026621
4015 4016 816304795
4016 4017 507492512
4017 4018 652240325
4018 4019 290976706
4019 4020 5127347
4020 4021 383478497
4021 4022 385624045
4022 4023 790863166
4023 4024 815416820
4024 4025 449561757
4025 4026 191451562
4026 4027 932403521
4027 4028 740761396
4028 4029 48627175
4029 4030 436255190
4030 4031 619609717
4031 4032 543192758
4032 4033 578220212
4033 4034 490570877
4034 4035 59792961
4035 4036 280527335
4036 4037 844354403
4037 4038 86761604
4038 4039 801770698
4039 4040 459388542
4040 4041 989183490
4041 4042 934504799
4042 4043 161708481
4043 4044 810356812
4044 4045 570223685
4045 4046 407710697
4046 4047 800699325
4047 4048 473540548
4048 4049 369266533
4049 4050 784174675
4050 4051 726597930
4051 4052 218781227
4052 4053 460735191
4053 4054 848719753
4054 4055 105636010
4055 4056 662941577
4056 4057 757045532
4057 4058 885750936
4058 4059 249303365
4059 4060 148413533
4060 4061 622004812
4061 4062 645875582
4062 4063 301624657
4063 4064 406230561
4064 4065 628578131
4065 4066 489015849
4066 4067 810260664
4067 4068 611684867
4068 4069 605394776
4069 4070 75582525
4070 4071 750285089
4071 4072 172168305
4072 4073 689800907
4073 4074 292165506
4074 4075 127394644
4075 4076 210842272
4076 4077 692560657
4077 4078 73388395
4078 4079 974787115
4079 4080 141818780
4080 4081 254325855
4081 4082 20151359
4082 4083 325127976
4083 4084 652482565
4084 4085 984619951
4085 4086 504453819
4086 4087 388857886
4087 4088 142226776
4088 4089 225313960
4089 4090 16462517
4090 4091 16318759
4091 4092 11810458
4092 4093 356583070
4093 4094 548815494
4094 4095 664315149
4095 4096 341780262
4096 4097 440291579
4097 4098 891131858
4098 4099 903838728
4099 4100 811604843
4100 4101 484524966
4101 4102 740960995
4102 4103 354306669
4103 4104 152657749
4104 4105 306380612
4105 4106 309668585
4106 4107 484075419
4107 4108 25917370
4108 4109 364103408
4109 4110 990804740
4110 4111 306748857
4111 4112 762349236
4112 4113 80996289
4113 4114 977190390
4114 4115 178961417
4115 4116 709834796
4116 4117 415807274
4117 4118 371546051
4118 4119 622450569
4119 4120 884230190
4120 4121 691390303
4121 4122 782382479
4122 4123 433446848
4123 4124 856114256
4124 4125 269897867
4125 4126 782054377
4126 4127 588508803
4127 4128 837472713
4128 4129 839070128
4129 4130 635574441
4130 4131 931958163
4131 4132 832248361
4132 4133 992580910
4133 4134 407711075
4134 4135 530615751
4135 4136 1273581
4136 4137 52924041
4137 4138 132361680
4138 4139 822086228
4139 4140 996435669
4140 4141 656563911
4141 4142 866487346
4142 4143 564630750
4143 4144 517311766
4144 4145 729696737
4145 4146 448592640
4146 4147 251558979
4147 4148 119493206
4148 4149 468531532
4149 4150 121157003
4150 4151 955752723
4151 4152 752445143
4152 4153 504147261
4153 4154 827474104
4154 4155 204385251
4155 4156 36912185
4156 4157 622644819
4157 4158 907156383
4158 4159 836388645
4159 4160 395972688
4160 4161 458687636
4161 4162 768437334
4162 4163 691846809
4163 4164 275325503
4164 4165 630689346
4165 4166 128339277
4166 4167 33959979
4167 4168 443646381
4168 4169 906971728
4169 4170 928792001
4170 4171 618246120
4171 4172 66414760
4172 4173 133994399
4173 4174 536123394
4174 4175 180154007
4175 4176 905226586
4176 4177 57452866
4177 4178 170036748
4178 4179 936069839
4179 4180 665416466
4180 4181 25044281
4181 4182 997872978
4182 4183 498895485
4183 4184 447253669
4184 4185 131714096
4185 4186 290636275
4186 4187 140030025
4187 4188 274641445
4188 4189 790730992
4189 4190 588267915
4190 4191 824522485
4191 4192 752567036
4192 4193 326824353
4193 4194 97149655
4194 4195 629291797
4195 4196 662905719
4196 4197 30242111
4197 4198 897827214
4198 4199 338474095
4199 4200 238462661
4200 4201 267040740
4201 4202 844989461
4202 4203 233628348
4203 4204 994943153
4204 4205 4801842
4205 4206 322186971
4206 4207 449085440
4207 4208 752653910
4208 4209 780445506
4209 4210 374417097
4210 4211 485929914
4211 4212 720194645
4212 4213 606890853
4213 4214 881263133
4214 4215 293848783
4215 4216 441823511
4216 4217 139396288
4217 4218 326444494
4218 4219 609613683
4219 4220 2195278
4220 4221 52736373
4221 4222 412818818
4222 4223 822402292
4223 4224 627532662
4224 4225 585431507
4225 4226 997950609
4226 4227 196997260
4227 4228 12712278
4228 4229 982835706
4229 4230 103209544
4230 4231 802813666
4231 4232 409827854
4232 4233 495709116
4233 4234 267954985
4234 4235 995163310
4235 4236 695923442
4236 4237 865972239
4237 4238 67249015
4238 4239 293715368
4239 4240 305027754
4240 4241 106953400
4241 4242 84425879
4242 4243 24164624
4243 4244 355238972
4244 4245 103383410
4245 4246 584675995
4246 4247 966707501
4247 4248 409486376
4248 4249 784006977
4249 4250 946973971
4250 4251 642782553
4251 4252 984102196
4252 4253 860944393
4253 4254 1926783
4254 4255 760386745
4255 4256 127773050
4256 4257 430975146
4257 4258 274040517
4258 4259 33386529
4259 4260 733483868
4260 4261 768872081
4261 4262 198450351
4262 4263 751409139
4263 4264 297965196
4264 4265 606683912
4265 4266 382838280
4266 4267 113617321
4267 4268 622065208
4268 4269 898149263
4269 4270 152218834
4270 4271 420586618
4271 4272 761303610
4272 4273 98266110
4273 4274 933101012
4274 4275 788299670
4275 4276 54176691
4276 4277 481215960
4277 4278 29587538
4278 4279 177145058
4279 4280 120237763
4280 4281 975362770
4281 4282 539834107
4282 4283 682983168
4283 4284 774828004
4284 4285 508012225
4285 4286 574790657
4286 4287 47534791
4287 4288 383831029
4288 4289 796519318
4289 4290 344276727
4290 4291 814206542
4291 4292 609333522
4292 4293 196937732
4293 4294 745743933
4294 4295 211111290
4295 4296 578978100
4296 4297 211358542
4297 4298 913869193
4298 4299 531780093
4299 4300 713949816
4300 4301 509325842
4301 4302 417608997
4302 4303 435937115
4303 4304 848456786
4304 4305 533713729
4305 4306 362617898
4306 4307 796979173
4307 4308 921561019
4308 4309 222895224
4309 4310 632108611
4310 4311 880556090
4311 4312 678336011
4312 4313 405247944
4313 4314 589710953
4314 4315 642748390
4315 4316 6730753
4316 4317 350676276
4317 4318 968520814
4318 4319 666132194
4319 4320 595104837
4320 4321 399761926
4321 4322 730061770
4322 4323 274905088
4323 4324 622476788
4324 4325 118915313
4325 4326 642568673
4326 4327 197492301
4327 4328 386505
4328 4329 151733397
4329 4330 892376078
4330 4331 373287097
4331 4332 451408804
4332 4333 490294877
4333 4334 126993382
4334 4335 530788044
4335 4336 533331429
4336 4337 685963283
4337 4338 322799639
4338 4339 158725276
4339 4340 93131060
4340 4341 165216348
4341 4342 639317831
4342 4343 829669996
4343 4344 860379776
4344 4345 49199363
4345 4346 623340412
4346 4347 173453025
4347 4348 67840412
4348 4349 592776306
4349 4350 761306834
4350 4351 567570777
4351 4352 227846434
4352 4353 168489021
4353 4354 91754945
4354 4355 803390248
4355 4356 857948627
4356 4357 999020010
4357 4358 227641184
4358 4359 656057287
4359 4360 379351276
4360 4361 150589679
4361 4362 61254138
4362 4363 822125886
4363 4364 213124127
4364 4365 913843334
4365 4366 959546952
4366 4367 870274294
4367 4368 378383519
4368 4369 617156657
4369 4370 622055074
4370 4371 316480241
4371 4372 548912492
4372 4373 263887632
4373 4374 147733635
4374 4375 640529901
4375 4376 987934861
4376 4377 3519866
4377 4378 126413969
4378 4379 103014495
4379 4380 173829985
4380 4381 501688925
4381 4382 137193638
4382 4383 870199585
4383 4384 164867150
4384 4385 209175444
4385 4386 923608293
4386 4387 45301895
4387 4388 362183256
4388 4389 636891295
4389 4390 413642015
4390 4391 364452211
4391 4392 57695626
4392 4393 832204033
4393 4394 361995901
4394 4395 892903925
4395 4396 666482324
4396 4397 986643953
4397 4398 136641423
4398 4399 1352366
4399 4400 989676297
4400 4401 28801964
4401 4402 515584988
4402 4403 215564761
4403 4404 340851767
4404 4405 899297669
4405 4406 38938445
4406 4407 828054532
4407 4408 984200762
4408 4409 5595594
4409 4410 51327711
4410 4411 351177202
4411 4412 97576426
4412 4413 221128288
4413 4414 271552696
4414 4415 44494964
4415 4416 127846014
4416 4417 506005368
4417 4418 875940481
4418 4419 907914563
4419 4420 416894989
4420 4421 877996936
4421 4422 824484574
4422 4423 852579257
4423 4424 900422249
4424 4425 483505209
4425 4426 273265469
4426 4427 562795062
4427 4428 830862225
4428 4429 339370739
4429 4430 947945626
4430 4431 962180121
4431 4432 67505503
4432 4433 210375262
4433 4434 784240934
4434 4435 312770002
4435 4436 990020410
4436 4437 851782636
4437 4438 930441940
4438 4439 179078385
4439 4440 278914357
4440 4441 934075387
4441 4442 110194798
4442 4443 2031915
4443 4444 329017630
4444 4445 512116591
4445 4446 173164788
4446 4447 918618452
4447 4448 57164395
4448 4449 211284743
4449 4450 962274975
4450 4451 422281128
4451 4452 931408758
4452 4453 398651245
4453 4454 554139418
4454 4455 608971285
4455 4456 548376190
4456 4457 352613499
4457 4458 454585891
4458 4459 477947512
4459 4460 112897773
4460 4461 580270298
4461 4462 182249776
4462 4463 518134346
4463 4464 844034074
4464 4465 959414665
4465 4466 470411582
4466 4467 82099270
4467 4468 217855085
4468 4469 255341340
4469 4470 520643370
4470 4471 333167791
4471 4472 894888178
4472 4473 846278245
4473 4474 73211888
4474 4475 898186279
4475 4476 955047113
4476 4477 47893291
4477 4478 225125027
4478 4479 412203793
4479 4480 403543518
4480 4481 624412076
4481 4482 90595395
4482 4483 544852438
4483 4484 739017459
4484 4485 280383627
4485 4486 179524056
4486 4487 741061770
4487 4488 474233261
4488 4489 288400389
4489 4490 235612814
4490 4491 129172401
4491 4492 121228719
4492 4493 790456333
4493 4494 529393082
4494 4495 215835210
4495 4496 14456096
4496 4497 353079025
4497 4498 379268019
4498 4499 267803201
4499 4500 655467081
4500 4501 66705901
4501 4502 434365860
4502 4503 61132044
4503 4504 825826858
4504 4505 630337764
4505 4506 224900572
4506 4507 461006271
4507 4508 315232060
4508 4509 789956784
4509 4510 214023233
4510 4511 691455154
4511 4512 385024877
4512 4513 291617903
4513 4514 35511910
4514 4515 548695501
4515 4516 889055729
4516 4517 198467232
4517 4518 544013562
4518 4519 324859932
4519 4520 230811495
4520 4521 605578485
4521 4522 413725999
4522 4523 931347515
4523 4524 195938568
4524 4525 222437284
4525 4526 397416218
4526 4527 960022054
4527 4528 454215797
4528 4529 830679607
4529 4530 80958529
4530 4531 117590312
4531 4532 718716760
4532 4533 65865355
4533 4534 19991223
4534 4535 443658100
4535 4536 146649731
4536 4537 249140159
4537 4538 488797343
4538 4539 708893624
4539 4540 216413856
4540 4541 549311606
4541 4542 749340185
4542 4543 456476608
4543 4544 324943875
4544 4545 123967250
4545 4546 71150139
4546 4547 523846419
4547 4548 26164020
4548 4549 357699226
4549 4550 887743360
4550 4551 400849938
4551 4552 115886211
4552 4553 217797090
4553 4554 170760605
4554 4555 872177681
4555 4556 986424252
4556 4557 181806133
4557 4558 824489739
4558 4559 205882463
4559 4560 659268075
4560 4561 474375820
4561 4562 90433498
4562 4563 117651242
4563 4564 70754434
4564 4565 541696866
4565 4566 653192566
4566 4567 659458516
4567 4568 656308649
4568 4569 578140825
4569 4570 610794486
4570 4571 848123224
4571 4572 605085786
4572 4573 873432895
4573 4574 755184106
4574 4575 200366972
4575 4576 336985747
4576 4577 460145769
4577 4578 236455817
4578 4579 82913641
4579 4580 970849168
4580 4581 546097137
4581 4582 23966548
4582 4583 121784725
4583 4584 521968703
4584 4585 674418822
4585 4586 273815601
4586 4587 39416057
4587 4588 199624132
4588 4589 228028034
4589 4590 812309168
4590 4591 252672000
4591 4592 234796947
4592 4593 290901630
4593 4594 794687962
4594 4595 195478794
4595 4596 828632981
4596 4597 915573740
4597 4598 956007564
4598 4599 719799513
4599 4600 678481892
4600 4601 438029347
4601 4602 468604188
4602 4603 790779061
4603 4604 43878770
4604 4605 132530368
4605 4606 425612962
4606 4607 63762794
4607 4608 956396448
4608 4609 461222755
4609 4610 99971989
4610 4611 30684077
4611 4612 150896357
4612 4613 539087667
4613 4614 511113628
4614 4615 378335865
4615 4616 909022020
4616 4617 245311076
4617 4618 895104575
4618 4619 683795610
4619 4620 731938766
4620 4621 949355467
4621 4622 70206301
4622 4623 10379749
4623 4624 24216139
4624 4625 436453338
4625 4626 476659059
4626 4627 788361354
4627 4628 704702093
4628 4629 428228688
4629 4630 752973013
4630 4631 167364872
4631 4632 952084619
4632 4633 456471411
4633 4634 847357425
4634 4635 193547345
4635 4636 372126549
4636 4637 489600094
4637 4638 853084039
4638 4639 160241757
4639 4640 671447764
4640 4641 428111491
4641 4642 446702536
4642 4643 206161982
4643 4644 497512802
4644 4645 768816001
4645 4646 478277715
4646 4647 942790126
4647 4648 295560470
4648 4649 10416086
4649 4650 875935980
4650 4651 379182329
4651 4652 974633404
4652 4653 50241372
4653 4654 941806749
4654 4655 265464779
4655 4656 760251969
4656 4657 463714553
4657 4658 648245491
4658 4659 558289000
4659 4660 900613128
4660 4661 322276621
4661 4662 440719395
4662 4663 994290155
4663 4664 523907118
4664 4665 105782760
4665 4666 648073605
4666 4667 724343830
4667 4668 461254597
4668 4669 157061509
4669 4670 544384671
4670 4671 982118304
4671 4672 534774037
4672 4673 16479328
4673 4674 889821238
4674 4675 476880195
4675 4676 408881973
4676 4677 178929173
4677 4678 481781287
4678 4679 475363008
4679 4680 370354702
4680 4681 84214227
4681 4682 340825298
4682 4683 801468478
4683 4684 255442420
4684 4685 271462976
4685 4686 26815626
4686 4687 782735302
4687 4688 633976142
4688 4689 451091845
4689 4690 639829385
4690 4691 760455525
4691 4692 486001815
4692 4693 351222022
4693 4694 193728704
4694 4695 993223875
4695 4696 10059589
4696 4697 343998420
4697 4698 663546629
4698 4699 19571916
4699 4700 359687412
4700 4701 95745919
4701 4702 418039402
4702 4703 431919429
4703 4704 883226385
4704 4705 904697421
4705 4706 317268074
4706 4707 349786541
4707 4708 940761515
4708 4709 926993164
4709 4710 217193606
4710 4711 151847548
4711 4712 895783374
4712 4713 551918495
4713 4714 36365307
4714 4715 536891627
4715 4716 542576420
4716 4717 472158105
4717 4718 585567689
4718 4719 349112155
4719 4720 165627044
4720 4721 887231241
4721 4722 114023046
4722 4723 23748373
4723 4724 997001177
4724 4725 750467198
4725 4726 255344183
4726 4727 715469362
4727 4728 71570406
4728 4729 270309939
4729 4730 766628010
4730 4731 96342526
4731 4732 30389698
4732 4733 32535383
4733 4734 765908133
4734 4735 231460764
4735 4736 625708765
4736 4737 447567560
4737 4738 695453293
4738 4739 95510812
4739 4740 9405679
4740 4741 523750583
4741 4742 715936867
4742 4743 161999633
4743 4744 79489671
4744 4745 709886511
4745 4746 848327202
4746 4747 702928105
4747 4748 307057978
4748 4749 528042464
4749 4750 215594427
4750 4751 278063100
4751 4752 128284363
4752 4753 197178027
4753 4754 486337658
4754 4755 991893651
4755 4756 406657384
4756 4757 703693649
4757 4758 485686522
4758 4759 796393681
4759 4760 475722002
4760 4761 163185101
4761 4762 96873891
4762 4763 889325181
4763 4764 132910539
4764 4765 161597281
4765 4766 745081210
4766 4767 446615899
4767 4768 483724332
4768 4769 133630438
4769 4770 742861359
4770 4771 311284621
4771 4772 16988206
4772 4773 552086330
4773 4774 42405911
4774 4775 486342636
4775 4776 540083014
4776 4777 436344820
4777 4778 488839945
4778 4779 216879265
4779 4780 644928398
4780 4781 754317303
4781 4782 160473482
4782 4783 98364470
4783 4784 333433863
4784 4785 939289489
4785 4786 143156496
4786 4787 577718360
4787 4788 218459691
4788 4789 290983275
4789 4790 838218714
4790 4791 483891096
4791 4792 427471177
4792 4793 516079159
4793 4794 126682538
4794 4795 943794026
4795 4796 379121071
4796 4797 929071923
4797 4798 536680837
4798 4799 737726477
4799 4800 563223712
4800 4801 418342404
4801 4802 600470815
4802 4803 308140342
4803 4804 877094376
4804 4805 431859441
4805 4806 721003908
4806 4807 658379193
4807 4808 313343002
4808 4809 174259535
4809 4810 981243143
4810 4811 593795644
4811 4812 215173837
4812 4813 115282073
4813 4814 111088340
4814 4815 722118906
4815 4816 916594493
4816 4817 806673460
4817 4818 306827233
4818 4819 564085852
4819 4820 725945210
4820 4821 256143387
4821 4822 327934133
4822 4823 99175010
4823 4824 892315539
4824 4825 56155060
4825 4826 915960668
4826 4827 260609768
4827 4828 333366433
4828 4829 550734769
4829 4830 368106601
4830 4831 96011650
4831 4832 192710508
4832 4833 720318847
4833 4834 671656884
4834 4835 279944744
4835 4836 786180314
4836 4837 618278845
4837 4838 5505517
4838 4839 859295600
4839 4840 204318933
4840 4841 622682255
4841 4842 457823475
4842 4843 255315107
4843 4844 251080913
4844 4845 25625959
4845 4846 204014093
4846 4847 317799269
4847 4848 218000141
4848 4849 589151086
4849 4850 260060574
4850 4851 310747634
4851 4852 746178707
4852 4853 902119514
4853 4854 361659087
4854 4855 775996501
4855 4856 740461281
4856 4857 470994105
4857 4858 953505263
4858 4859 174802451
4859 4860 686718957
4860 4861 243376750
4861 4862 37208575
4862 4863 108687732
4863 4864 998241337
4864 4865 886520572
4865 4866 573397355
4866 4867 987259286
4867 4868 318680505
4868 4869 767026745
4869 4870 813537620
4870 4871 162647149
4871 4872 801886550
4872 4873 750036327
4873 4874 500367251
4874 4875 749216213
4875 4876 385699792
4876 4877 247847973
4877 4878 602328843
4878 4879 497530359
4879 4880 406946893
4880 4881 244515645
4881 4882 426087375
4882 4883 354547728
4883 4884 191023743
4884 4885 174568034
4885 4886 738812392
4886 4887 19618180
4887 4888 787171692
4888 4889 634764597
4889 4890 948051194
4890 4891 649286626
4891 4892 59659586
4892 4893 817306668
4893 4894 171359028
4894 4895 799930065
4895 4896 725225573
4896 4897 209999071
4897 4898 190899016
4898 4899 294482721
4899 4900 33915455
4900 4901 35362082
4901 4902 645677136
4902 4903 479361570
4903 4904 64003949
4904 4905 17763182
4905 4906 896404307
4906 4907 905668651
4907 4908 517938952
4908 4909 871039826
4909 4910 538540666
4910 4911 579265185
4911 4912 814985649
4912 4913 995880756
4913 4914 323189857
4914 4915 263025204
4915 4916 468335091
4916 4917 913777048
4917 4918 277889884
4918 4919 228181894
4919 4920 631838652
4920 4921 628996242
4921 4922 97212282
4922 4923 697485677
4923 4924 416920942
4924 4925 333499714
4925 4926 960231919
4926 4927 226185856
4927 4928 682806146
4928 4929 451163205
4929 4930 138718146
4930 4931 645221736
4931 4932 545920091
4932 4933 526512258
4933 4934 342589882
4934 4935 971258487
4935 4936 775656772
4936 4937 20236954
4937 4938 483237843
4938 4939 378087796
4939 4940 351025778
4940 4941 35723501
4941 4942 28080658
4942 4943 284916974
4943 4944 157025844
4944 4945 311094121
4945 4946 700811403
4946 4947 759251156
4947 4948 234830291
4948 4949 803470083
4949 4950 459666159
4950 4951 597301712
4951 4952 522614703
4952 4953 146817183
4953 4954 657815065
4954 4955 761510648
4955 4956 88123695
4956 4957 84725484
4957 4958 480734841
4958 4959 776616510
4959 4960 266681220
4960 4961 87995423
4961 4962 28487457
4962 4963 905583579
4963 4964 713628493
4964 4965 12026955
4965 4966 692031191
4966 4967 704193853
4967 4968 702169466
4968 4969 15673903
4969 4970 496705678
4970 4971 362700907
4971 4972 852801608
4972 4973 883062361
4973 4974 724691097
4974 4975 531756928
4975 4976 776875563
4976 4977 455834632
4977 4978 107143255
4978 4979 223588
4979 4980 760210
4980 4981 310001561
4981 4982 380339329
4982 4983 869553447
4983 4984 142648831
4984 4985 986356909
4985 4986 310985129
4986 4987 884712080
4987 4988 44000578
4988 4989 202694230
4989 4990 109427518
4990 4991 493858644
4991 4992 25307979
4992 4993 838115191
4993 4994 225703875
4994 4995 218481469
4995 4996 684460858
4996 4997 786932629
4997 4998 776047910
4998 4999 239582370
4999 5000 101102169
