100 4 8
66 12 41 14 
1 2 309128231
2 3 381609256
3 4 13857562
4 5 47936146
5 6 872896625
6 7 920632863
7 8 332344765
8 9 49678843
9 10 904426299
10 11 425641866
11 12 967284374
12 13 544737955
13 14 673560388
14 15 863476592
15 16 10277066
16 17 179238495
17 18 398951830
18 19 2541020
19 20 60592877
20 21 858334227
21 22 899260082
22 23 579493907
23 24 14805851
24 25 900213737
25 26 665118692
26 27 360355943
27 28 699482172
28 29 42904331
29 30 190401935
30 31 219017909
31 32 343993320
32 33 103128483
33 34 992641216
34 35 173454583
35 36 904416558
36 37 591390349
37 38 338536591
38 39 187286186
39 40 288108077
40 41 916257550
41 42 534102601
42 43 65998522
43 44 185957845
44 45 522061101
45 46 545615747
46 47 331517980
47 48 743812317
48 49 112127421
49 50 341005253
50 51 63145494
51 52 59375486
52 53 954665659
53 54 168808573
54 55 710162454
55 56 649789967
56 57 91087166
57 58 54195891
58 59 166340435
59 60 525109598
60 61 712752305
61 62 879621537
62 63 256554198
63 64 350245717
64 65 379122990
65 66 613987576
66 67 264422572
67 68 265212200
68 69 305321937
69 70 126127399
70 71 594940941
71 72 404750753
72 73 639818697
73 74 760779739
74 75 773608631
75 76 854090102
76 77 636071536
77 78 934405098
78 79 846958274
79 80 597018378
80 81 552719789
81 82 465068196
82 83 442257833
83 84 854879140
84 85 112108838
85 86 180379898
86 87 556280579
87 88 802627461
88 89 250019735
89 90 19713237
90 91 512783101
91 92 240650934
92 93 960817570
93 94 394342980
94 95 870467612
95 96 229973294
96 97 306493820
97 98 297214191
98 99 4614883
99 100 521024060
