5
100 396
1 1 3
1 2 1
1 3 2
1 4 3
1 5 1
1 6 3
1 7 2
1 8 3
1 9 1
1 10 2
1 11 1
1 12 3
1 13 1
1 14 2
1 15 1
1 16 3
1 17 1
1 18 2
1 19 1
1 20 2
1 21 3
1 22 1
1 23 3
1 24 1
1 25 3
1 26 2
1 27 1
1 28 2
1 29 1
1 30 2
1 31 3
1 32 1
1 33 2
1 34 1
1 35 2
1 36 1
1 37 3
1 38 2
1 39 1
1 40 3
1 41 2
1 42 3
1 43 1
1 44 3
1 45 2
1 46 1
1 47 2
1 48 1
1 49 2
1 50 3
1 51 2
1 52 3
1 53 2
1 54 3
1 55 1
1 56 3
1 57 1
1 58 3
1 59 2
1 60 3
1 61 1
1 62 2
1 63 1
1 64 2
1 65 1
1 66 3
1 67 2
1 68 3
1 69 1
1 70 2
1 71 1
1 72 3
1 73 2
1 74 3
1 75 2
1 76 3
1 77 2
1 78 1
1 79 2
1 80 1
1 81 3
1 82 2
1 83 3
1 84 1
1 85 2
1 86 1
1 87 3
1 88 1
1 89 2
1 90 1
1 91 2
1 92 3
1 93 2
1 94 3
1 95 1
1 96 3
1 97 1
1 98 3
1 99 1
1 100 2
2 1 1
2 100 1
3 1 2
3 100 3
4 1 1
4 100 1
5 1 3
5 100 3
6 1 2
6 100 2
7 1 3
7 100 1
8 1 2
8 100 3
9 1 1
9 100 1
10 1 2
10 100 3
11 1 1
11 100 2
12 1 3
12 100 1
13 1 2
13 100 2
14 1 3
14 100 3
15 1 1
15 100 1
16 1 2
16 100 2
17 1 3
17 100 1
18 1 2
18 100 2
19 1 3
19 100 1
20 1 1
20 100 2
21 1 3
21 100 1
22 1 2
22 100 2
23 1 3
23 100 1
24 1 2
24 100 2
25 1 1
25 100 3
26 1 2
26 100 1
27 1 1
27 100 3
28 1 2
28 100 1
29 1 3
29 100 2
30 1 2
30 100 3
31 1 1
31 100 1
32 1 3
32 100 3
33 1 2
33 100 2
34 1 3
34 100 3
35 1 2
35 100 1
36 1 3
36 100 3
37 1 2
37 100 1
38 1 1
38 100 3
39 1 2
39 100 2
40 1 1
40 100 1
41 1 3
41 100 3
42 1 2
42 100 2
43 1 3
43 100 1
44 1 2
44 100 2
45 1 3
45 100 3
46 1 1
46 100 1
47 1 3
47 100 3
48 1 1
48 100 1
49 1 2
49 100 3
50 1 3
50 100 2
51 1 2
51 100 1
52 1 1
52 100 3
53 1 2
53 100 2
54 1 1
54 100 3
55 1 3
55 100 1
56 1 2
56 100 3
57 1 1
57 100 1
58 1 2
58 100 3
59 1 3
59 100 1
60 1 2
60 100 2
61 1 1
61 100 1
62 1 2
62 100 2
63 1 3
63 100 3
64 1 2
64 100 2
65 1 1
65 100 1
66 1 2
66 100 3
67 1 3
67 100 1
68 1 1
68 100 3
69 1 2
69 100 1
70 1 3
70 100 2
71 1 2
71 100 3
72 1 3
72 100 1
73 1 1
73 100 3
74 1 3
74 100 1
75 1 1
75 100 3
76 1 2
76 100 1
77 1 3
77 100 2
78 1 1
78 100 3
79 1 3
79 100 1
80 1 1
80 100 3
81 1 2
81 100 2
82 1 1
82 100 3
83 1 3
83 100 1
84 1 2
84 100 2
85 1 3
85 100 3
86 1 2
86 100 2
87 1 3
87 100 3
88 1 2
88 100 1
89 1 3
89 100 3
90 1 1
90 100 2
91 1 2
91 100 1
92 1 3
92 100 3
93 1 2
93 100 1
94 1 1
94 100 3
95 1 2
95 100 1
96 1 3
96 100 3
97 1 2
97 100 2
98 1 1
98 100 1
99 1 3
99 100 3
100 1 1
100 2 3
100 3 1
100 4 2
100 5 3
100 6 2
100 7 1
100 8 2
100 9 1
100 10 3
100 11 2
100 12 1
100 13 2
100 14 3
100 15 2
100 16 1
100 17 3
100 18 1
100 19 2
100 20 1
100 21 3
100 22 2
100 23 1
100 24 2
100 25 3
100 26 2
100 27 1
100 28 2
100 29 1
100 30 2
100 31 1
100 32 3
100 33 2
100 34 1
100 35 3
100 36 1
100 37 3
100 38 2
100 39 1
100 40 2
100 41 3
100 42 1
100 43 2
100 44 3
100 45 1
100 46 3
100 47 2
100 48 1
100 49 2
100 50 1
100 51 2
100 52 1
100 53 2
100 54 3
100 55 2
100 56 3
100 57 2
100 58 1
100 59 2
100 60 3
100 61 2
100 62 3
100 63 1
100 64 2
100 65 1
100 66 2
100 67 3
100 68 1
100 69 2
100 70 1
100 71 2
100 72 1
100 73 2
100 74 3
100 75 1
100 76 2
100 77 1
100 78 3
100 79 2
100 80 1
100 81 2
100 82 3
100 83 1
100 84 2
100 85 1
100 86 2
100 87 1
100 88 3
100 89 1
100 90 3
100 91 1
100 92 2
100 93 1
100 94 3
100 95 2
100 96 3
100 97 1
100 98 2
100 99 3
100 100 2
100 396
1 1 1
1 2 3
1 3 2
1 4 1
1 5 3
1 6 1
1 7 3
1 8 2
1 9 1
1 10 3
1 11 2
1 12 3
1 13 2
1 14 3
1 15 1
1 16 3
1 17 1
1 18 2
1 19 1
1 20 2
1 21 3
1 22 1
1 23 3
1 24 2
1 25 1
1 26 2
1 27 1
1 28 3
1 29 1
1 30 2
1 31 3
1 32 2
1 33 1
1 34 3
1 35 1
1 36 2
1 37 1
1 38 2
1 39 3
1 40 1
1 41 2
1 42 3
1 43 1
1 44 3
1 45 1
1 46 2
1 47 1
1 48 3
1 49 2
1 50 3
1 51 2
1 52 3
1 53 2
1 54 1
1 55 3
1 56 1
1 57 3
1 58 1
1 59 3
1 60 1
1 61 2
1 62 3
1 63 1
1 64 3
1 65 1
1 66 3
1 67 2
1 68 3
1 69 2
1 70 3
1 71 2
1 72 1
1 73 3
1 74 2
1 75 3
1 76 1
1 77 3
1 78 2
1 79 1
1 80 3
1 81 1
1 82 2
1 83 3
1 84 1
1 85 3
1 86 1
1 87 3
1 88 1
1 89 2
1 90 1
1 91 3
1 92 2
1 93 1
1 94 2
1 95 1
1 96 2
1 97 1
1 98 2
1 99 3
1 100 2
2 1 3
2 100 3
3 1 1
3 100 2
4 1 2
4 100 1
5 1 1
5 100 3
6 1 3
6 100 1
7 1 1
7 100 2
8 1 2
8 100 1
9 1 3
9 100 2
10 1 1
10 100 1
11 1 3
11 100 2
12 1 2
12 100 3
13 1 3
13 100 2
14 1 2
14 100 3
15 1 3
15 100 1
16 1 1
16 100 2
17 1 2
17 100 1
18 1 1
18 100 3
19 1 3
19 100 1
20 1 2
20 100 3
21 1 1
21 100 1
22 1 2
22 100 3
23 1 3
23 100 1
24 1 2
24 100 2
25 1 1
25 100 1
26 1 3
26 100 3
27 1 1
27 100 1
28 1 3
28 100 3
29 1 2
29 100 1
30 1 3
30 100 2
31 1 1
31 100 3
32 1 2
32 100 1
33 1 3
33 100 3
34 1 1
34 100 2
35 1 2
35 100 1
36 1 1
36 100 3
37 1 3
37 100 2
38 1 2
38 100 1
39 1 3
39 100 3
40 1 1
40 100 2
41 1 3
41 100 1
42 1 2
42 100 2
43 1 3
43 100 1
44 1 1
44 100 3
45 1 2
45 100 1
46 1 3
46 100 2
47 1 1
47 100 3
48 1 2
48 100 2
49 1 1
49 100 3
50 1 2
50 100 2
51 1 1
51 100 3
52 1 2
52 100 1
53 1 3
53 100 2
54 1 2
54 100 3
55 1 3
55 100 2
56 1 2
56 100 3
57 1 3
57 100 1
58 1 2
58 100 2
59 1 1
59 100 3
60 1 3
60 100 2
61 1 2
61 100 3
62 1 1
62 100 1
63 1 3
63 100 3
64 1 1
64 100 2
65 1 2
65 100 3
66 1 3
66 100 2
67 1 2
67 100 1
68 1 1
68 100 3
69 1 3
69 100 1
70 1 2
70 100 2
71 1 3
71 100 3
72 1 1
72 100 2
73 1 3
73 100 1
74 1 1
74 100 2
75 1 2
75 100 1
76 1 3
76 100 2
77 1 1
77 100 3
78 1 2
78 100 1
79 1 3
79 100 3
80 1 1
80 100 2
81 1 3
81 100 1
82 1 2
82 100 2
83 1 3
83 100 3
84 1 1
84 100 2
85 1 2
85 100 3
86 1 1
86 100 2
87 1 2
87 100 1
88 1 1
88 100 2
89 1 2
89 100 3
90 1 1
90 100 2
91 1 2
91 100 1
92 1 1
92 100 3
93 1 2
93 100 1
94 1 3
94 100 2
95 1 2
95 100 3
96 1 1
96 100 1
97 1 2
97 100 3
98 1 3
98 100 2
99 1 2
99 100 1
100 1 1
100 2 2
100 3 1
100 4 3
100 5 1
100 6 3
100 7 1
100 8 2
100 9 1
100 10 3
100 11 2
100 12 1
100 13 2
100 14 3
100 15 1
100 16 2
100 17 3
100 18 1
100 19 2
100 20 1
100 21 3
100 22 1
100 23 3
100 24 2
100 25 1
100 26 3
100 27 2
100 28 1
100 29 3
100 30 1
100 31 3
100 32 1
100 33 3
100 34 2
100 35 1
100 36 2
100 37 3
100 38 1
100 39 3
100 40 1
100 41 3
100 42 2
100 43 1
100 44 2
100 45 1
100 46 2
100 47 3
100 48 2
100 49 1
100 50 3
100 51 1
100 52 3
100 53 2
100 54 3
100 55 1
100 56 2
100 57 3
100 58 1
100 59 2
100 60 1
100 61 2
100 62 3
100 63 2
100 64 3
100 65 2
100 66 1
100 67 2
100 68 1
100 69 3
100 70 2
100 71 1
100 72 2
100 73 3
100 74 2
100 75 1
100 76 3
100 77 1
100 78 3
100 79 1
100 80 2
100 81 1
100 82 2
100 83 1
100 84 3
100 85 2
100 86 1
100 87 3
100 88 2
100 89 3
100 90 1
100 91 3
100 92 1
100 93 3
100 94 2
100 95 1
100 96 2
100 97 1
100 98 2
100 99 1
100 100 3
100 396
1 1 1
1 2 2
1 3 1
1 4 2
1 5 1
1 6 2
1 7 1
1 8 2
1 9 3
1 10 1
1 11 2
1 12 3
1 13 2
1 14 3
1 15 1
1 16 3
1 17 1
1 18 2
1 19 1
1 20 2
1 21 1
1 22 2
1 23 1
1 24 3
1 25 1
1 26 2
1 27 1
1 28 2
1 29 3
1 30 2
1 31 3
1 32 1
1 33 3
1 34 1
1 35 2
1 36 3
1 37 2
1 38 3
1 39 1
1 40 3
1 41 1
1 42 2
1 43 3
1 44 1
1 45 2
1 46 1
1 47 3
1 48 2
1 49 1
1 50 3
1 51 1
1 52 3
1 53 2
1 54 1
1 55 3
1 56 2
1 57 1
1 58 2
1 59 1
1 60 3
1 61 1
1 62 3
1 63 2
1 64 3
1 65 2
1 66 3
1 67 2
1 68 1
1 69 3
1 70 2
1 71 3
1 72 1
1 73 2
1 74 3
1 75 1
1 76 3
1 77 1
1 78 2
1 79 3
1 80 1
1 81 3
1 82 2
1 83 3
1 84 1
1 85 2
1 86 1
1 87 2
1 88 3
1 89 1
1 90 2
1 91 3
1 92 1
1 93 2
1 94 1
1 95 3
1 96 1
1 97 3
1 98 2
1 99 1
1 100 2
2 1 3
2 100 3
3 1 1
3 100 2
4 1 3
4 100 3
5 1 2
5 100 1
6 1 3
6 100 2
7 1 2
7 100 1
8 1 1
8 100 3
9 1 2
9 100 2
10 1 3
10 100 1
11 1 2
11 100 3
12 1 3
12 100 2
13 1 2
13 100 1
14 1 1
14 100 2
15 1 2
15 100 3
16 1 1
16 100 1
17 1 3
17 100 3
18 1 1
18 100 2
19 1 2
19 100 3
20 1 3
20 100 2
21 1 2
21 100 1
22 1 1
22 100 3
23 1 3
23 100 2
24 1 2
24 100 1
25 1 1
25 100 2
26 1 2
26 100 1
27 1 1
27 100 3
28 1 2
28 100 2
29 1 1
29 100 3
30 1 3
30 100 1
31 1 1
31 100 3
32 1 2
32 100 1
33 1 3
33 100 2
34 1 2
34 100 3
35 1 3
35 100 1
36 1 1
36 100 2
37 1 3
37 100 1
38 1 1
38 100 3
39 1 3
39 100 2
40 1 1
40 100 1
41 1 2
41 100 3
42 1 1
42 100 2
43 1 3
43 100 3
44 1 1
44 100 1
45 1 3
45 100 3
46 1 1
46 100 1
47 1 3
47 100 2
48 1 2
48 100 3
49 1 3
49 100 1
50 1 1
50 100 2
51 1 3
51 100 3
52 1 2
52 100 1
53 1 3
53 100 2
54 1 2
54 100 1
55 1 1
55 100 3
56 1 2
56 100 1
57 1 1
57 100 3
58 1 2
58 100 1
59 1 3
59 100 3
60 1 1
60 100 1
61 1 2
61 100 2
62 1 3
62 100 1
63 1 1
63 100 2
64 1 3
64 100 1
65 1 1
65 100 3
66 1 3
66 100 1
67 1 1
67 100 3
68 1 2
68 100 1
69 1 3
69 100 3
70 1 1
70 100 2
71 1 3
71 100 1
72 1 1
72 100 3
73 1 2
73 100 2
74 1 3
74 100 3
75 1 2
75 100 1
76 1 1
76 100 3
77 1 2
77 100 2
78 1 1
78 100 1
79 1 2
79 100 2
80 1 3
80 100 1
81 1 2
81 100 3
82 1 1
82 100 2
83 1 3
83 100 3
84 1 1
84 100 1
85 1 3
85 100 2
86 1 1
86 100 3
87 1 2
87 100 2
88 1 1
88 100 1
89 1 3
89 100 2
90 1 1
90 100 1
91 1 3
91 100 3
92 1 1
92 100 2
93 1 2
93 100 1
94 1 3
94 100 3
95 1 1
95 100 1
96 1 3
96 100 2
97 1 2
97 100 1
98 1 1
98 100 3
99 1 2
99 100 1
100 1 1
100 2 3
100 3 2
100 4 3
100 5 1
100 6 2
100 7 3
100 8 2
100 9 1
100 10 2
100 11 1
100 12 3
100 13 2
100 14 3
100 15 2
100 16 3
100 17 1
100 18 2
100 19 1
100 20 3
100 21 2
100 22 3
100 23 1
100 24 2
100 25 1
100 26 3
100 27 2
100 28 3
100 29 2
100 30 1
100 31 3
100 32 1
100 33 3
100 34 2
100 35 1
100 36 3
100 37 2
100 38 3
100 39 2
100 40 3
100 41 1
100 42 3
100 43 1
100 44 3
100 45 2
100 46 1
100 47 2
100 48 3
100 49 1
100 50 2
100 51 3
100 52 2
100 53 1
100 54 3
100 55 2
100 56 1
100 57 3
100 58 2
100 59 1
100 60 3
100 61 1
100 62 3
100 63 1
100 64 2
100 65 1
100 66 2
100 67 3
100 68 2
100 69 1
100 70 2
100 71 3
100 72 1
100 73 2
100 74 3
100 75 1
100 76 2
100 77 3
100 78 2
100 79 1
100 80 2
100 81 3
100 82 2
100 83 1
100 84 2
100 85 1
100 86 3
100 87 1
100 88 2
100 89 1
100 90 2
100 91 1
100 92 2
100 93 3
100 94 1
100 95 2
100 96 3
100 97 2
100 98 1
100 99 2
100 100 3
100 396
1 1 1
1 2 3
1 3 2
1 4 1
1 5 3
1 6 2
1 7 1
1 8 2
1 9 3
1 10 2
1 11 1
1 12 3
1 13 2
1 14 3
1 15 2
1 16 3
1 17 2
1 18 1
1 19 2
1 20 1
1 21 3
1 22 1
1 23 3
1 24 2
1 25 3
1 26 2
1 27 1
1 28 3
1 29 1
1 30 2
1 31 3
1 32 1
1 33 2
1 34 3
1 35 1
1 36 2
1 37 3
1 38 1
1 39 2
1 40 3
1 41 1
1 42 2
1 43 3
1 44 2
1 45 1
1 46 2
1 47 1
1 48 3
1 49 2
1 50 3
1 51 2
1 52 1
1 53 3
1 54 1
1 55 2
1 56 1
1 57 3
1 58 1
1 59 3
1 60 1
1 61 2
1 62 3
1 63 2
1 64 1
1 65 2
1 66 3
1 67 2
1 68 1
1 69 3
1 70 1
1 71 2
1 72 3
1 73 1
1 74 3
1 75 1
1 76 2
1 77 1
1 78 3
1 79 2
1 80 1
1 81 2
1 82 1
1 83 2
1 84 3
1 85 1
1 86 3
1 87 1
1 88 2
1 89 1
1 90 2
1 91 3
1 92 1
1 93 3
1 94 1
1 95 2
1 96 1
1 97 2
1 98 3
1 99 2
1 100 1
2 1 3
2 100 2
3 1 2
3 100 3
4 1 1
4 100 2
5 1 2
5 100 1
6 1 3
6 100 3
7 1 1
7 100 2
8 1 2
8 100 1
9 1 3
9 100 2
10 1 1
10 100 3
11 1 3
11 100 1
12 1 1
12 100 2
13 1 3
13 100 1
14 1 2
14 100 3
15 1 1
15 100 2
16 1 2
16 100 1
17 1 3
17 100 3
18 1 2
18 100 2
19 1 1
19 100 3
20 1 3
20 100 2
21 1 2
21 100 1
22 1 1
22 100 3
23 1 2
23 100 2
24 1 3
24 100 3
25 1 2
25 100 2
26 1 1
26 100 3
27 1 3
27 100 2
28 1 2
28 100 3
29 1 1
29 100 1
30 1 3
30 100 2
31 1 1
31 100 1
32 1 3
32 100 3
33 1 1
33 100 2
34 1 2
34 100 1
35 1 3
35 100 2
36 1 2
36 100 3
37 1 1
37 100 1
38 1 3
38 100 3
39 1 1
39 100 2
40 1 3
40 100 3
41 1 2
41 100 1
42 1 1
42 100 3
43 1 3
43 100 1
44 1 1
44 100 3
45 1 3
45 100 1
46 1 1
46 100 3
47 1 3
47 100 1
48 1 1
48 100 3
49 1 2
49 100 1
50 1 3
50 100 3
51 1 1
51 100 1
52 1 3
52 100 2
53 1 2
53 100 1
54 1 3
54 100 3
55 1 2
55 100 2
56 1 1
56 100 1
57 1 2
57 100 3
58 1 1
58 100 2
59 1 3
59 100 3
60 1 2
60 100 1
61 1 1
61 100 2
62 1 2
62 100 3
63 1 1
63 100 2
64 1 3
64 100 1
65 1 2
65 100 2
66 1 1
66 100 3
67 1 3
67 100 2
68 1 2
68 100 1
69 1 3
69 100 2
70 1 2
70 100 1
71 1 3
71 100 2
72 1 1
72 100 1
73 1 3
73 100 2
74 1 2
74 100 3
75 1 1
75 100 2
76 1 2
76 100 3
77 1 3
77 100 1
78 1 2
78 100 3
79 1 3
79 100 1
80 1 1
80 100 3
81 1 3
81 100 2
82 1 1
82 100 1
83 1 2
83 100 3
84 1 1
84 100 1
85 1 3
85 100 3
86 1 1
86 100 2
87 1 3
87 100 3
88 1 1
88 100 1
89 1 2
89 100 3
90 1 1
90 100 1
91 1 3
91 100 2
92 1 1
92 100 1
93 1 3
93 100 2
94 1 2
94 100 3
95 1 3
95 100 1
96 1 1
96 100 3
97 1 3
97 100 2
98 1 1
98 100 3
99 1 2
99 100 1
100 1 1
100 2 3
100 3 1
100 4 3
100 5 2
100 6 3
100 7 1
100 8 3
100 9 2
100 10 3
100 11 2
100 12 1
100 13 2
100 14 3
100 15 1
100 16 2
100 17 1
100 18 2
100 19 3
100 20 2
100 21 1
100 22 3
100 23 2
100 24 1
100 25 2
100 26 3
100 27 2
100 28 3
100 29 2
100 30 1
100 31 2
100 32 3
100 33 2
100 34 1
100 35 2
100 36 1
100 37 2
100 38 3
100 39 1
100 40 3
100 41 1
100 42 2
100 43 3
100 44 1
100 45 2
100 46 1
100 47 2
100 48 3
100 49 2
100 50 3
100 51 1
100 52 2
100 53 1
100 54 2
100 55 3
100 56 2
100 57 3
100 58 1
100 59 3
100 60 2
100 61 1
100 62 2
100 63 1
100 64 3
100 65 1
100 66 3
100 67 1
100 68 2
100 69 3
100 70 1
100 71 2
100 72 3
100 73 2
100 74 3
100 75 1
100 76 2
100 77 1
100 78 2
100 79 1
100 80 2
100 81 1
100 82 3
100 83 2
100 84 3
100 85 1
100 86 2
100 87 3
100 88 1
100 89 3
100 90 1
100 91 2
100 92 1
100 93 3
100 94 2
100 95 3
100 96 1
100 97 3
100 98 2
100 99 3
100 100 2
100 396
1 1 1
1 2 3
1 3 2
1 4 1
1 5 2
1 6 3
1 7 2
1 8 1
1 9 2
1 10 3
1 11 2
1 12 3
1 13 1
1 14 2
1 15 3
1 16 1
1 17 2
1 18 3
1 19 1
1 20 3
1 21 2
1 22 1
1 23 3
1 24 1
1 25 2
1 26 3
1 27 2
1 28 1
1 29 3
1 30 1
1 31 3
1 32 1
1 33 2
1 34 3
1 35 1
1 36 3
1 37 1
1 38 3
1 39 2
1 40 1
1 41 2
1 42 1
1 43 2
1 44 3
1 45 2
1 46 1
1 47 2
1 48 1
1 49 3
1 50 2
1 51 1
1 52 3
1 53 1
1 54 2
1 55 1
1 56 3
1 57 1
1 58 3
1 59 1
1 60 3
1 61 1
1 62 3
1 63 2
1 64 1
1 65 2
1 66 1
1 67 3
1 68 1
1 69 3
1 70 2
1 71 1
1 72 2
1 73 3
1 74 1
1 75 2
1 76 1
1 77 2
1 78 1
1 79 2
1 80 1
1 81 3
1 82 2
1 83 1
1 84 2
1 85 1
1 86 2
1 87 3
1 88 2
1 89 1
1 90 3
1 91 1
1 92 3
1 93 2
1 94 1
1 95 2
1 96 3
1 97 2
1 98 3
1 99 1
1 100 2
2 1 2
2 100 1
3 1 1
3 100 2
4 1 3
4 100 1
5 1 2
5 100 2
6 1 3
6 100 3
7 1 2
7 100 2
8 1 3
8 100 3
9 1 1
9 100 2
10 1 3
10 100 1
11 1 1
11 100 3
12 1 2
12 100 2
13 1 3
13 100 3
14 1 1
14 100 1
15 1 3
15 100 2
16 1 2
16 100 3
17 1 3
17 100 1
18 1 2
18 100 2
19 1 1
19 100 1
20 1 2
20 100 3
21 1 1
21 100 1
22 1 3
22 100 3
23 1 1
23 100 1
24 1 2
24 100 2
25 1 3
25 100 1
26 1 1
26 100 3
27 1 2
27 100 1
28 1 1
28 100 3
29 1 2
29 100 2
30 1 3
30 100 3
31 1 2
31 100 2
32 1 3
32 100 3
33 1 2
33 100 1
34 1 1
34 100 2
35 1 2
35 100 3
36 1 1
36 100 1
37 1 3
37 100 2
38 1 2
38 100 1
39 1 1
39 100 2
40 1 3
40 100 1
41 1 2
41 100 3
42 1 3
42 100 2
43 1 1
43 100 3
44 1 3
44 100 2
45 1 1
45 100 3
46 1 2
46 100 1
47 1 3
47 100 2
48 1 2
48 100 1
49 1 3
49 100 3
50 1 1
50 100 1
51 1 2
51 100 2
52 1 1
52 100 3
53 1 2
53 100 2
54 1 3
54 100 1
55 1 1
55 100 2
56 1 2
56 100 3
57 1 1
57 100 1
58 1 2
58 100 2
59 1 3
59 100 1
60 1 2
60 100 2
61 1 1
61 100 3
62 1 3
62 100 2
63 1 1
63 100 3
64 1 2
64 100 1
65 1 3
65 100 2
66 1 2
66 100 1
67 1 3
67 100 2
68 1 2
68 100 1
69 1 3
69 100 3
70 1 2
70 100 2
71 1 3
71 100 3
72 1 1
72 100 1
73 1 2
73 100 2
74 1 3
74 100 1
75 1 2
75 100 3
76 1 1
76 100 2
77 1 3
77 100 1
78 1 1
78 100 2
79 1 2
79 100 3
80 1 3
80 100 1
81 1 2
81 100 3
82 1 1
82 100 2
83 1 3
83 100 1
84 1 1
84 100 2
85 1 2
85 100 1
86 1 3
86 100 3
87 1 1
87 100 1
88 1 3
88 100 3
89 1 2
89 100 2
90 1 1
90 100 1
91 1 3
91 100 3
92 1 1
92 100 2
93 1 3
93 100 1
94 1 1
94 100 3
95 1 2
95 100 1
96 1 1
96 100 2
97 1 3
97 100 3
98 1 1
98 100 2
99 1 3
99 100 1
100 1 2
100 2 3
100 3 1
100 4 2
100 5 3
100 6 2
100 7 1
100 8 3
100 9 1
100 10 2
100 11 3
100 12 1
100 13 2
100 14 1
100 15 3
100 16 2
100 17 1
100 18 3
100 19 1
100 20 3
100 21 1
100 22 3
100 23 2
100 24 1
100 25 3
100 26 1
100 27 2
100 28 3
100 29 2
100 30 1
100 31 2
100 32 3
100 33 2
100 34 3
100 35 2
100 36 3
100 37 2
100 38 1
100 39 3
100 40 1
100 41 3
100 42 2
100 43 1
100 44 3
100 45 2
100 46 3
100 47 1
100 48 3
100 49 1
100 50 3
100 51 1
100 52 3
100 53 1
100 54 3
100 55 2
100 56 3
100 57 1
100 58 3
100 59 1
100 60 2
100 61 3
100 62 2
100 63 3
100 64 1
100 65 2
100 66 1
100 67 3
100 68 2
100 69 1
100 70 3
100 71 1
100 72 3
100 73 1
100 74 3
100 75 1
100 76 3
100 77 1
100 78 3
100 79 1
100 80 3
100 81 2
100 82 1
100 83 3
100 84 2
100 85 3
100 86 1
100 87 3
100 88 1
100 89 3
100 90 2
100 91 3
100 92 2
100 93 3
100 94 2
100 95 3
100 96 2
100 97 1
100 98 3
100 99 1
100 100 3
