31212121212121212121212121212121212121212121212121
12121212121212121212121212121212321212121212121212
21212121212121212121232121213123132121212121212121
12121212121232121212313212121212313212121212121212
21212121212121212121231321212121231321212121212121
12121212121212121212123132121212123132121212121212
21212121212121212121212313212121212313212121212121
12121212121232121212121231321212121231321212121212
21212121212313212121212123132121212123132121212121
32121312123121321212121212313212121212313212121212
13213231212313212121212121231321212121232131212121
21321312121231321212121212123132121212121212121212
12132121212312132121212121212321212123212121212121
21213212123121213212121212121212121212121212121212
12132121212312121321212121212121212121212121212121
21213212121231212132121212121212121212121212121212
12121321212123121213212121212121212121212121212121
21212132121212312121321212121212121212121212121212
12121213212121231212132121212121212121212121212121
21212121321212123121213212121212121212121212121212
12121212132121212312121321212121212121212121212121
21212121213212121231212132321212121212121212131212
13121212121321212123121321212121212121212121323121
21212121312132121212312132121212121212121212131212
12121212121213212121231213212121212121212121212121
21212121212132131212123121321212121212121212121212
12121212131213212121212312132121212321212121212121
21212121212121321212121231321312123132121212121212
32121212121232132121212123132121212313212121212121
13212121212121321312121212313212121231321212121212
21321232121213213231312121231321212123132121212121
12132313212121321313231212123132121212313212121212
23213121321212132121312121212321212121231321212121
12121212132121213212121212121212121212123213121212
21312121213212121321212121212121212121212132312121
12121212121323212132121212121212121212121213121212
21212121212131323213212121212121212121212121212121
12121212121212131321321212121212121212121212121212
21212121212121212132132121212121212121212121212121
12121212121212121213213212121212121212121232321212
23212121212121212121321321212121212121212121212121
31321212121212121212132132121212121212121212121212
23132121212121212121213213212121212121212121212123
12313212121212121212121321321212121212121212121212
21231321212121212121212132132121232121212121212121
12123132121212121212121213213212121212121212121212
21212313212121212121212121321321212121212121212121
12121231321212121212121212132132121212121212121212
21312123212121212121212121213213212121212121212121
12121212121212121212121212132131321212121212121212
31212121212121212121212121212121212121212131212121
23121212121212121212121312121212121212121212121212
12312121212121212121212121212121212121212121212121
21231212121212121212121213121212121212121212121212
12123121212121212121212121212121212121212121212121
21212312121212121212131212121212121212131212121212
12121231212121212121323121212121212121212121212121
21212123121212121212131212121312321212121212121212
12121212312121212121212121213231212121212121212121
21212121231212121212121212121312321212121212121212
13121212123121212121212121212121212121212121212121
21212121212312121212121212121212121212121212121212
12121212121231212121212321212121212121212121212121
21212121212123121212123132121212121212121212321212
12123212121212312121212313212121212121212121212121
21231321212121231212123121321212121212121312121212
12123132121212123121212312132121212121213231212121
21212313212121212312121231213212121212132123121212
12121231321212121231212123121321212121213212312121
21212123132121212123131212312132321212121321231212
12121212321312121212323121231213132131212132123121
21312121212121212121212312123121321323121213212312
13231232121212121212121231212312132131212121321231
21312121212121212121212123121231213212121212132312
12121212121212121212121212312123121321212121213121
21212131212321212121212121231212312132121212121212
12121323123132121212121212123121231213212121312121
21232131212313212121212121212312123131321213231212
12313212121231321212121212121231212323132121312121
21231321212123132121212123212123121212313212131212
12123132121212313212121212123212312121232121212121
21212313212121231321212121212121231212121212121212
12121231321212123132131212121212123121212121212121
21212123132121212313212121212121212312121212321212
12121212313212321231321212121212121231212123132123
21212131231321212123132121212121212123121212313231
12121323123132121212321212121212121212312121231312
21212131212313212121212321212121212121231232123121
12121212121231321312131212121212121212123121212312
21212121212123132131323121212121212121212312123121
12121212121212313212131212121212121212121231212312
21212121212121231321212121212121212121212313121231
12121212121212123132121212121213121212123121212123
21212121212121212313212121212132312121212312121212
12121212121212121232131312121213121212121231212121
21212121212121212121212121212121212121212123121312
12121212121212121212121212121212121212121212313231
21212121212121212121212121213121212121232121231312
12121212121212121213121212132312121212313212123121
21212121212121212132312121213121212121231321212312
23121212121212121212121212121212121212121212121212
12312121212121212121212121212121212121212321212121
21231312121212121212121212121232121212123132131212
12123121212121212121212121212313212121212321323121
21212312121212121212121212121231321212121212131212
12121231212121212121212121212123132121212121212121
21212123131212121212121212121212313212121212121212
12121212323121212121212121212123121321212121212121
21212121212312121212121212121231212132121212121312
12121212121231312121212121212123121213212121213231
21212321212123121212121212121212312121321232131312
12123132121212313121212121212121231212132313212121
21212313212121232312121212123212123121213121321212
12121231321212121231212121212121212312121212132121
21312123132123212123121212121212121231212121213212
12121212313212121212312121212121212312121213121321
21212121231323212121231212121212123121212121212132
12121212123131321212123121212121212312121212121213
21212121212312132121212312121212121231212121212121
12121212121231213212121231212121212123121212121212
21212121212123121321212123121212121212312121212121
12131212121212312132121212312121212121231212121212
21323121213121231213212121231212121212123121212121
12131212132312123121321212123121212121212312121212
21212121213121212312132321212312121212121231212121
12121212121212121231213132121231212121212123121212
21212121212121212312121213212123121212121212312121
12121212121212123121212121321212312121212321231212
21212121212121231212121212132121231212121212123121
12121212121212123123212121213212123121212121212312
21212121212121212312121232121323231232121212121231
12121212121212121231212121212131312313212121212123
21212121212121212123121212121212121231321212121212
12121212121212121212312121212121212123132121212121
21212121212121212121231212121212121212313212121212
12121212121212121212123121212121212121232121212121
21212121212121212121212312121212121212121212121212
12121212121212121212121231212121212121212121212121
21212121212121212121212123121212121212121212121212
12121212121212121212121212312121212121212121212121
21212121212121212121212121231212121212121212121212
12121212121312121212121212312321212121212121212121
31312121213231212121232121231212121212121212121212
13121212121312121212121212123121212121212121212131
21212121212121212121212121212312121212121212121212
12121212121212121212121212123121212121212121212121
21212121212121212121212121212312121212123212121212
12121213131212121212121212121231212121231321212121
21212132323121212121213121212123121232123132121213
12121213212312121212132313121212312121212313212121
21312121212121212121212121212121212121212312121212
12121212121232123212121212121212121212121231212121
21212131212313231321212123212121212121212123121212
12121212123121312132121231321213121212121212312121
21212121231212121213213123132121212121212121231213
12121212123121212121321212313212121212121212123121
21212121212312121213212121231321212121212121231212
12121212121231212132131212123213121212121212123121
21212121212123121213212121212132312121212121212312
12121212121212312121321212121321231212131212121231
21212121212121231212132121213213123121212121212123
12321212121212123121213212131321212312121212121212
23132121212121212312131321323132121231212121212121
12313212121212131231323213212321212123121212121212
21231321212121212123212121321213121212313121212121
12123132121212121212121212132121212121232312121212
21212313212121212121212121321212121212121231212123
12121231321212121212121213212121212121212123121212
21212123132121212121212132121212121212121231212121
12121212313212121212121213212121212121212123121212
21212121231321212121212121321212121212121212312121
12121212123132121212121212132121212121212121231212
21212121212321312121212121213213121212121212123121
12121212121212121212121212121321212121212121212312
21212121212121212121212121232132121212121212121231
12121212121212121212121212121213212121212121212123
21212121212121212121212121212121321212121212121212
12121212121212121212121212121312132121212121212121
21212121212121212121212121212121213212121312121212
12121212121212321212121212121312121321212121212121
21212121212121212121212121212121212132121212123212
12321212121212121212121212121212121213212121312121
21212121212121212121212121212121212131321213231212
12121212121212121212121312121212121212132121312121
21212121232121212121212121212121212121213232121212
12121212313212121212121212121212121212121313212121
21212121231321212121232121212121212121212121321212
12121212123132121212121212121212121212323212132121
21212121212313212121212121212121212123131321213212
12121212121231321212121212121212121231212132121321
21212121212123132121212121212121212123121213213212
12121212121212313213121212121212121212312121321321
21212121212121232132312121212121212121231212132132
12121212121212121213121212121212121212123121213213
21212121212121212121312321212121212121212312121321
12121212121212121212121212121212121212123123212132
21212121212121212121212121212121212121231231321213
12121213121212121212121212121212121212123123132121
21212121212121212121212121212131212131212312321212
12121212121212121212121212121212121323121231213121
12121212121212121212121212121212121212121212121212
21212131212121212121212121212121212121212121212121
12121212121212121212121212121212121212121212121213
21213121212121212121212121212121212121232121212121
12132312121212121212121212121212121212121212121212
21213121212121212121212121212123212121212121212121
32121213131212121212121212121212121212121212121212
13212132323123212121213121213121212121212121212121
21321213131231321212121212121212121212121212121212
12132121212123132121212121212121212121212121212121
21213212121212313212121212121212121212121212121212
12121321232131231321212121212121212121213121212121
21212132121212312132121212121212121212132312121212
12121213212123123213212121212121212121213121212121
21212121321212312121321212121212121212121212121212
12121212132121231212132121212121212121212121212121
21212121213212123121213212121212121212121212121212
12121212121321212312121321212121212121212121212121
21212121212132121231212132121212121212121212121212
12121212121213212123121213212121212121212121212121
21212121212121321212312121321212121212121212321213
12131212121212132121231212132121212121212123132121
21323121212121213212123121213212121212121212313212
12131212121212121321212312132121212121212121231321
21212121212121212132121231321212121212121212123132
12121212121212121213212123132121212121212121212313
21212121213121212121321212313212131212121212121231
12121212132312121212132121231321212121212121212123
31212121321231312121213212123132121212121212121212
12321212132123121212121321212313213121212121212121
23132121213212312121212132121231321212121212121212
31213212121321231212131213212123132121212121212121
12121321212132123121323121321212313212131212121212
21212132121213212312131212132121232121212121212121
12131213212121321231212121213212121212121212121212
21323121321212132123121212121321212121212121212121
13212312132121213212312121212132121212121212121212
21321231213212121321231212121213212121212121212121
12132123121321212132123121212121323212121212121212
21213212312132121213231212121212131321212121212121
12121321231213212121312121212121212132121212121212
31212132123121321212121212121212121213212121312121
23121213212312132121212121212121212121321213231212
12312121321231213212121212121212121212132121312121
21231212132123132321212121212121212121321212121212
12123121213212313132121212121212121212132121212121
21312312121321231213212121312121212121213212121212
12121231212132123121321213231212121212121321312121
21212123121213231232132121312121212121213213231212
12121212312121312313213212121212121212132132123121
