5
50 78
1 1 3
1 33 2
2 10 2
2 42 2
3 29 3
3 33 1
3 34 3
3 41 2
4 13 3
4 22 1
5 36 3
6 31 1
6 34 2
7 4 1
7 47 2
7 50 1
9 13 1
10 1 3
10 12 1
11 6 2
11 15 2
11 35 2
11 43 3
13 32 1
13 38 3
14 13 2
15 5 2
16 8 2
17 33 2
21 23 1
22 27 3
23 2 3
23 5 1
23 25 2
23 46 2
24 9 3
24 17 1
24 32 2
25 45 2
26 10 1
26 12 1
26 16 3
26 19 1
27 10 3
28 23 1
28 30 3
28 32 2
28 36 1
29 13 3
29 15 1
30 1 1
31 18 2
31 49 2
32 7 1
32 21 2
33 2 3
34 4 2
34 31 1
34 40 2
35 3 3
35 20 1
35 44 2
37 14 1
37 31 2
38 17 1
40 43 3
40 45 3
41 32 1
42 2 1
43 1 2
43 7 2
43 50 3
45 34 3
46 32 2
48 18 2
49 3 3
49 9 2
50 31 3
50 84
1 1 3
1 3 2
1 43 3
2 1 2
2 24 3
3 38 1
4 26 3
6 40 3
6 42 2
7 22 2
8 33 3
9 30 2
9 33 2
10 11 1
10 33 3
10 34 2
11 2 3
14 16 2
14 24 1
14 45 3
16 5 1
16 23 3
18 3 2
18 42 1
19 41 3
20 6 1
20 33 3
20 43 2
21 12 3
21 22 2
22 37 2
22 44 3
23 3 2
23 7 3
23 16 2
24 48 3
26 16 1
26 28 3
26 34 1
27 7 2
27 12 1
28 45 2
29 4 1
29 25 1
29 37 2
30 26 3
30 46 3
31 29 3
31 41 2
32 9 2
32 24 1
32 35 1
33 22 3
35 3 1
35 15 3
35 45 1
36 50 1
37 7 2
38 14 3
38 24 3
38 43 3
39 18 3
40 19 3
40 22 2
40 48 1
42 1 2
42 41 2
42 44 3
43 42 1
44 6 1
44 32 2
44 47 1
45 22 3
45 24 3
47 8 2
47 22 2
47 29 1
47 48 2
49 29 2
49 30 3
49 40 1
50 20 2
50 40 3
50 48 3
50 85
1 1 2
1 2 3
1 39 1
2 35 2
3 6 3
3 42 1
4 22 1
4 30 3
4 31 1
4 46 2
5 16 2
8 10 2
9 32 1
10 15 3
10 48 2
11 46 3
12 6 1
12 41 2
12 43 1
13 17 2
13 18 3
13 29 3
14 48 1
15 3 3
15 14 3
16 44 3
17 19 2
17 37 2
17 48 1
18 14 1
18 18 2
18 38 2
19 21 2
23 4 2
23 5 3
23 29 1
23 50 1
24 11 2
24 27 1
25 36 2
25 45 2
26 2 2
26 24 1
27 31 2
28 42 3
29 18 2
29 25 1
30 20 3
31 25 3
31 29 1
32 17 1
32 21 2
32 37 1
33 11 2
33 32 2
34 20 2
34 31 2
34 39 1
36 29 2
36 41 2
37 7 2
38 6 2
39 44 2
41 26 1
41 46 2
42 20 2
42 30 3
42 39 2
43 1 3
43 3 3
43 12 2
43 22 3
44 2 3
44 39 2
44 49 3
46 29 3
47 10 1
48 41 1
49 8 2
49 37 3
49 50 3
50 10 1
50 23 2
50 26 3
50 31 1
50 82
1 1 2
1 3 3
1 28 1
1 42 3
2 6 2
3 7 3
3 13 1
3 17 1
3 47 1
4 26 1
4 32 3
4 36 2
5 12 2
5 23 3
5 41 2
5 50 3
6 2 2
7 46 3
8 22 3
9 31 3
9 32 2
10 40 3
11 32 3
12 8 2
13 3 1
14 16 3
14 28 1
15 19 2
15 22 1
15 32 3
16 41 2
17 21 2
17 29 1
17 50 3
19 27 1
19 43 3
23 11 2
23 15 3
23 32 3
24 12 2
25 28 3
26 31 1
27 7 2
27 35 1
28 12 2
28 30 3
29 22 1
29 31 2
29 42 3
30 3 1
30 15 3
30 30 3
31 4 1
31 26 1
31 47 3
32 3 3
33 15 2
33 37 3
33 45 2
34 24 3
35 26 1
35 43 3
35 50 2
36 10 1
37 22 3
37 28 1
39 36 1
39 41 1
40 39 2
41 48 2
43 20 2
45 21 3
45 24 3
47 14 1
47 44 1
48 8 3
48 28 2
48 32 2
48 49 2
49 31 3
50 37 2
50 47 3
50 73
1 1 1
2 7 3
3 50 3
4 40 3
5 5 2
6 32 3
7 1 3
8 8 2
8 10 2
8 23 3
8 29 3
8 37 2
9 14 1
12 10 3
12 13 3
13 41 2
14 17 3
15 35 1
16 13 2
16 14 1
17 36 2
17 38 2
18 8 2
18 17 2
19 13 3
20 11 1
21 45 3
21 50 3
22 45 1
23 4 2
24 3 1
24 48 3
25 28 2
25 29 1
27 34 3
27 36 2
27 38 2
28 15 1
29 1 3
29 11 1
29 15 3
30 10 3
30 35 3
32 2 1
32 3 2
33 22 2
33 40 3
34 36 1
36 41 2
37 3 2
37 4 1
38 46 1
39 15 2
39 35 3
39 39 1
40 23 1
41 12 2
41 20 1
42 16 2
42 36 2
43 1 2
43 45 2
45 17 2
45 18 3
45 33 2
45 41 1
47 3 3
47 49 1
48 27 2
49 28 1
50 19 1
50 44 2
50 45 1
