3123132312131213121231313212123121213213231321212323231313231212132312132323212132312131212323131312
1212313121212121212123121321212312121321312132121212123121312121213121213131321213121212121212312121
2121231212121212121212312132121231212132121213212121212312121212121212121212132121212121212121231213
1212123121212121212121231213212123121213212121321212121231212121212121212121213212121212121212123121
3121212312121212121212123121321212312121321212132121212123121212121212121212121321212121212121212313
2312121231212121212121212312132121231212132121213212121212312121212121212121212132121212121212121232
3121212123121212121212121231213212123121213212121321212121231212121212121212121213212121212121212121
2312121212312121212121212123121321212312121321212132121212123121212121212121212121321212121212121213
1231212121231212121212121212312132121231212132121213212121212312121212121212121212132121212121212121
2123121212123121212121212121231213212123121213212121321212121231212121212121212121213212121212121213
1212312121212312121212121212123121321212312121321212132121212123121212121212121212121321212121212132
3121231212121231212121212121212312132121231212132121213212121212312121212121212121212132121212121321
2312123121212123121212121212121231213212123121213212121321212121231212121212121212121213212121212132
3121212312121212312121212121212123121321212312121321212132121212123121212121212121212121321212121213
1212121231212121231212121212121212312132121231212132121213212121212312121212121212121212132121212121
2121212123121212123121212121212121231213212123121213212121321212121231212121212121212121213212121212
3212121212312121212312121212121212123121321212312121321212132121212123121212121212121212121321212121
2121212121231212121231212121212121212312132121231212132121213212121212312121212121212121212132121212
3212121212123121212123121212121212121231213212123121213212121321212121231212121212121212121213212121
1321212121212312121212312121212121212123121321212312121321212132121212123121212121212121212121321212
3132121212121231212121231212121212121212312132121231212132121213212121212312121212121212121212132121
2313212121212123121212123121212121212121231213212123121213212121321212121231212121212121212121213212
3121321212121212312121212312121212121212123121321212312121321212132121212123121212121212121212121321
2312132121212121231212121231212121212121212312132121231212132121213212121212312121212121212121212132
1231213212121212123121212123121212121212121231213212123121213212121321212121231212121212121212121213
2123121321212121212312121212312121212121212123121321212312121321212132121212123121212121212121212121
1212312132121212121231212121231212121212121212312132121231212132121213212121212312121212121212121213
2121231213212121212123121212123121212121212121231213212123121213212121321212121231212121212121212121
3212123121321212121212312121212312121212121212123121321212312121321212132121212123121212121212121212
2121212312132121212121231212121231212121212121212312132121231212132121213212121212312121212121212123
1212121231213212121212123121212123121212121212121231213212123121213212121321212121231212121212121231
3121212123121321212121212312121212312121212121212123121321212312121321212132121212123121212121212123
2312121212312132121212121231212121231212121212121212312132121231212132121213212121212312121212121212
3121212121231213212121212123121212123121212121212121231213212123121213212121321212121231212121212123
2312121212123121321212121212312121212312121212121212123121321212312121321212132121212123121212121231
3121212121212312132121212121231212121231212121212121212312132121231212132121213212121212312121212123
2312121212121231213212121212123121212123121212121212121231213212123121213212121321212121231212121231
1231212121212123121321212121212312121212312121212121212123121321212312121321212132121212123121212123
2123121212121212312132121212121231212121231212121212121212312132121231212132121213212121212312121212
1212312121212121231213212121212123121212123121212121212121231213212123121213212121321212121231212121
3121231212121212123121321212121212312121212312121212121212123121321212312121321212132121212123121213
2312123121212121212312132121212121231212121231212121212121212312132121231212132121213212121212312132
3121212312121212121231213212121212123121212123121212121212121231213212123121213212121321212121231321
2312121231212121212123121321212121212312121212312121212121212123121321212312121321212132121212123132
3121212123121212121212312132121212121231212121231212121212121212312132121231212132121213212121212313
1212121212312121212121231213212121212123121212123121212121212121231213212123121213212121321212121231
3121212121231212121212123121321212121212312121212312121212121212123121321212312121321212132121212123
1212121212123121212121212312132121212121231212121231212121212121212312132121231212132121213212121231
2121212121212312121212121231213212121212123121212123121212121212121231213212123121213212121321212123
3212121212121231212121212123121321212121212312121212312121212121212123121321212312121321212132121212
2121212121212123121212121212312132121212121231212121231212121212121212312132121231212132121213212121
1212121212121212312121212121231213212121212123121212123121212121212121231213212123121213212121321213
2121212121212121231212121212123121321212121212312121212312121212121212123121321212312121321212132132
1212121212121212123121212121212312132121212121231212121231212121212121212312132121231212132121213213
3121212121212121212312121212121231213212121212123121212123121212121212121231213212123121213212121321
2312121212121212121231212121212123121321212121212312121212312121212121212123121321212312121321213213
1231212121212121212123121212121212312132121212121231212121231212121212121212312132121231212132121321
2123121212121212121212312121212121231213212121212123121212123121212121212121231213212123121213213213
3212312121212121212121231212121212123121321212121212312121212312121212121212123121321212312121321321
2121231212121212121212123121212121212312132121212121231212121231212121212121212312132121231212132132
1212123121212121212121212312121212121231213212121212123121212123121212121212121231213212123121321321
2121212312121212121212121231212121212123121321212121212312121212312121212121212123121321212312132132
3212121231212121212121212123121212121212312132121212121231212121231212121212121212312132121231213213
2121212123121212121212121212312121212121231213212121212123121212123121212121212121231213212123132132
1212121212312121212121212121231212121212123121321212121212312121212312121212121212123121321212321321
2121212121231212121212121212123121212121212312132121212121231212121231212121212121212312132121213213
3212121212123121212121212121212312121212121231213212121212123121212123121212121212121231213212121321
1321212121212312121212121212121231212121212123121321212121212312121212312121212121212123121321213213
2132121212121231212121212121212123121212121212312132121212121231212121231212121212121212312132121321
3213212121212123121212121212121212312121212121231213212121212123121212123121212121212121231213212132
2121321212121212312121212121212121231212121212123121321212121212312121212312121212121212123121321213
3212132121212121231212121212121212123121212121212312132121212121231212121231212121212121212312132121
1321213212121212123121212121212121212312121212121231213212121212123121212123121212121212121231213213
3132121321212121212312121212121212121231212121212123121321212121212312121212312121212121212123121321
1213212132121212121231212121212121212123121212121212312132121212121231212121231212121212121212313213
2121321213212121212123121212121212121212312121212121231213212121212123121212123121212121212121231321
3212132121321212121212312121212121212121231212121212123121321212121212312121212312121212121212123132
1321213212132121212121231212121212121212123121212121212312132121212121231212121231212121212121212313
3132121321213212121212123121212121212121212312121212121231213212121212123121212123121212121212121231
1213212132121321212121212312121212121212121231212121212123121321212121212312121212312121212121212123
2121321213212132121212121231212121212121212123121212121212312132121212121231212121231212121212121212
1212132121321213212121212123121212121212121212312121212121231213212121212123121212123121212121212123
3121213212132121321212121212312121212121212121231212121212123121321212121212312121212312121212121231
2312121321213212132121212121231212121212121212123121212121212312132121212121231212121231212121212312
3121212132121321213212121212123121212121212121212312121212121231213212121212123121212123121212123123
2312121213212132121321212121212312121212121212121231212121212123121321212121212312121212312121212312
3121212121321213212132121212121231212121212121212123121212121212312132121212121231212121231212123123
2312121212132121321213212121212123121212121212121212312121212121231213212121212123121212123121231231
3121212121213212132121321212121212312121212121212121231212121212123121321212121212312121212312123123
1212121212121321213212132121212121231212121212121212123121212121212312132121212121231212121231212312
2121212121212132121321213212121212123121212121212121212312121212121231213212121212123121212123121231
3212121212121213212132121321212121212312121212121212121231212121212123121321212121212312121212312123
2121212121212121321213212132121212121231212121212121212123121212121212312132121212121231212121231231
1212121212121212132121321213212121212123121212121212121212312121212121231213212121212123121212123123
2121212121212121213212132121321212121212312121212121212121231212121212123121321212121212312121231231
3212121212121212121321213212132121212121231212121212121212123121212121212312132121212121231212123123
2121212121212121312132121321213212121212123121212121212121212312121212121231213212121212123121212312
1212121212131213231321312132121321212131212312131313121213121231312121212123121321232321212312121231
3121212121323132123213231321212132121323121231323232313132313123231212121231213212313132323121312123
1312321213212321312132123212121321313212312313212121232321232312123121212312132123121213131213231232
1321313213232313121231321213123213121231231312132323213131312313132323213231321312313131213212121232
3132121321313121212123132121212121212123123121213131321212121231213131321312132121231212121321212123
1213212132121212121212313212121212121212312312121212132121212123121212132121213212123121212132121212
2121321213212121212121231321212121212121231231212121213212121212312121213212121321212312121213212121
1212132121321212121212123132121212121212123123121212121321212121231212121321212132121231212121321213
3121213212132121212121212313212121212121212312312121212132121212123121212132121213212123121212132121
1212121321213212121212121231321212121212121231231212121213212121212312121213212121321212312121213212
2121212132121321212121212123132121212121212123123121212121321212121231212121321212132121231212121321
3212121213212132121212121212313212121212121212312312121212132121212123121212132121213212123121212132
1321212121321213212121212121231321212121212121231231212121213212121212312121213212121321212312121321
3132121212132121321212121212123132121212121212123123121212121321212121231212121321212132121231212132
2313212121213212132121212121212313212121212121212312312121212132121212123121212132121213212123121213
3121321212121321213212121212121231321212121212121231231212121213212121212312121213212121321212312132
2312132121212132121321212121212123132121212121212123123121212121321212121231212121321212132121231213
3121213212121213212132121212121212313212121212121212312312121212132121212123121212132121213212123121
1212121321212121321213212121212121231321212121212121231231212121213212121212312121213212121321212312
2121212132121212132121321212121212123132121212121212123123121212121321212121231212121321212132121231
1212121213212121213212132121212121212313212121212121212312312121212132121212123121212132121213212123
3121212121321212121321213212121212121231321212121212121231231212121213212121212312121213212121321231
2312121212132121212132121321212121212123132121212121212123123121212121321212121231212121321212132123
1231212121213212121213212132121212121212313212121212121212312312121212132121212123121212132121213231
2123121212121321212121321213212121212121231321212121212121231231212121213212121212312121213212121313
3212312121212132121212132121321212121212123132121212121212123123121212121321212121231212121321212121
2121231212121213212121213212132121212121212313212121212121212312312121212132121212123121212132121212
1212123121212121321212121321213212121212121231321212121212121231231212121213212121212312121213212121
3121212312121212132121212132121321212121212123132121212121212123123121212121321212121231212121321213
1212121231212121213212121213212132121212121212313212121212121212312312121212132121212123121212132121
3121212123121212121321212121321213212121212121231321212121212121231231212121213212121212312121213213
2312121212312121212132121212132121321212121212123132121212121212123123121212121321212121231212121321
3121212121231212121213212121213212132121212121212313212121212121212312312121212132121212123121212132
1212121212123121212121321212121321213212121212121231321212121212121231231212121213212121212312121213
2121212121212312121212132121212132121321212121212123132121212121212123123121212121321212121231212121
3212121212121231212121213212121213212132121212121212313212121212121212312312121212132121212123121213
1321212121212123121212121321212121321213212121212121231321212121212121231231212121213212121212312132
2132121212121212312121212132121212132121321212121212123132121212121212123123121212121321212121231321
1213212121212121231212121213212121213212132121212121212313212121212121212312312121212132121212123213
3121321212121212123121212121321212121321213212121212121231321212121212121231231212121213212121212132
2312132121212121212312121212132121212132121321212121212123132121212121212123123121212121321212121321
3121213212121212121231212121213212121213212132121212121212313212121212121212312312121212132121213213
1212121321212121212123121212121321212121321213212121212121231321212121212121231231212121213212132132
3121212132121212121212312121212132121212132121321212121212123132121212121212123123121212121321321321
2312121213212121212121231212121213212121213212132121212121212313212121212121212312312121212132132132
3121212121321212121212123121212121321212121321213212121212121231321212121212121231231212121321321321
1212121212132121212121212312121212132121212132121321212121212123132121212121212123123121213213213213
2121212121213212121212121231212121213212121213212132121212121212313212121212121212312312121321321321
3212121212121321212121212123121212121321212121321213212121212121231321212121212121231231212132132132
1321212121212132121212121212312121212132121212132121321212121212123132121212121212123123121213213213
2132121212121213212121212121231212121213212121213212132121212121212313212121212121212312312132132132
1213212121212121321212121212123121212121321212121321213212121212121231321212121212121231231213213213
2121321212121212132121212121212312121212132121212132121321212121212123132121212121212123123132132132
1212132121212121213212121212121231212121213212121213212132121212121212313212121212121212312313213213
2121213212121212121321212121212123121212121321212121321213212121212121231321212121212121231231321321
3212121321212121212132121212121212312121212132121212132121321212121212123132121212121212123123132132
2121212132121212121213212121212121231212121213212121213212132121212121212313212121212121212312313213
3212121213212121212121321212121212123121212121321212121321213212121212121231321212121212121231232132
2121212121321212121212132121212121212312121212132121212132121321212121212123132121212121212123121213
3212121212132121212121213212121212121231212121213212121213212132121212121212313212121212121212312121
2121212121213212121212121321212121212123121212121321212121321213212121212121231321212121212121231212
1212121212121321212121212132121212121212312121212132121212132121321212121212123132121212121212123123
3121212121212132121212121213212121212121231212121213212121213212132121212121212313212121212121212312
2312121212121213212121212121321212121212123121212121321212121321213212121212121231321212121212123123
1231212121212121321212121212132121212121212312121212132121212132121321212121212123132121212121231231
3123121212121212132121212121213212121212121231212121213212121213212132121212121212313212121212123123
1212312121212121213212121212121321212121212123121212121321212121321213212121212121231321212121212312
2121231212121212121321212121212132121212121212312121212132121212132121321212121212123132121212123123
3212123121212121212132121212121213212121212121231212121213212121213212132121212121212313212121212312
2121212312121212121213212121212121321212121212123121212121321212121321213212121212121231321212121231
1212121231212121212121321212121212132121212121212312121212132121212132121321212121212123132121212123
3121212123121212121212132121212121213212121212121231212121213212121213212132121212121212313212121231
2312121212312121212121213212121212121321212121212123121212121321212121321213212121212121231321212312
3121212121231212121212121321212121212132121212121212312121212132121212132121321212121212123132123123
1212121212123121212121212132121212121213212121212121231212121213212121213212132121212121212313212312
3121212121212312121212121213212121212121321212121212123121212121321212121321213212121212121231321231
1212121212121231212121212121321212121212132121212121212312121212132121212132121321212121212123132312
2121212121212123121212121212132121212121213212121212121231212121213212121213212132121212121212313121
3212121212121212312121212121213212121212121321212121212123121212121321212121321213212121212121231212
1321212121212121231212121212121321212121212132121212121212312121212132121212132121321212121212123123
2132121212121212123121212121212132121212121213212121212121231212121213212121213212132121212121231231
3213212121212121212312121212121213212121212121321212121212123121212121321212121321213212121212123123
1321321212121212121231212121212121321212121212132121212121212312121212132121212132121321212121212312
3132132121212121212123121212121212132121212121213212121212121231212121213212121213212132121212121231
2313213212121212121212312121212121213212121212121321212121212123121212121321212121321213212121212312
3121321321212121212121231212121212121321212121212132121212121212312121212132121212132121321212123123
1212132132121212121212123121212121212132121212121213212121212121231212121213212121213212132121212312
2121213213212121212121212312121212121213212121212121321212121212123121212121321212121321213212123123
1212121321321212121212121231212121212121321212121212132121212121212312121212132121212132121321212312
2121212132132121212121212123121212121212132121212121213212121212121231212121213212121213212132121231
1212121213213212121212121212312121212121213212121212121321212121212123121212121321212121321213212312
2121212121321321212121212121231212121212121321212121212132121212121212312121212132121212132121323123
1212121212132132121212121212123121212121212132121212121213212121212121231212121213212121213212131212
2121212121213213212121212121212312121212121213212121212121321212121212123121212121321212121321212121
1212121212121321323212121212121231212121212121321212121212132121212121212312121212132121212132121213
2121212121212132131323212121212123121212121212132121212121213212121212121231212121213212121213212121
3212121212121213212131321212121212312121212121213212121212121323212121212123121212121321212121321212
2121212121212121323212132121212121231212121212121321212121212131323212121212312121212132121212132123
1212121212121212131323213212121212123121212121212132121212121212131321212121231212121213212121213231
2121212121212121212131321321212121212312121212121313212121212323212132123212123121212132121212121313
3212121212131212123212132132121212121231213131213232121212323131323213231321212312121321212121313132
2121212121323121231323213213232321212312132323132121312123131212131321312132323121213213121213232321
1213131213212312312131321321313132123131321212321313231231212323212132123213131212132132313132121213
1212121231232313121212131212323131232313123121321313213212131323232132312313123132312123123121313212
3121212123121231212121212121212312121231212312132121321321212131313213121231212313121212312312121323
1212121212312123121212121212121231212123121231213212132132121212121321212123121231212121231231212132
3121212121231212312121212121212123121212312123121321213213212121212132121212312123121212123123121213
2312121212123121231212121212121212312121231212312132121321321212121213212121231212312121212312312121
3121212121212312123121212121212121231212123121231213212132132121212121321212123121231212121231231212
2312121212121231212312121212121212123121212312123121321213213212121212132121212312123121212123123121
1231212121212123121231212121212121212312121231212312132121321321212121213212121231212312121212312313
2123121212121212312123121212121212121231212123121231213212132132121212121321212123121231212121231232
3212312121212121231212312121212121212123121212312123121321213213212121212132121212312123121212123121
2121231212121212123121231212121212121212312121231212312132121321321212121213212121231212312121212313
3212123121212121212312123121212121212121231212123121231213212132132121212121321212123121231212121232
2121212312121212121231212312121212121212123121212312123121321213213212121212132121212312123121212121
1212121231212121212123121231212121212121212312121231212312132121321321212121213212121231212312121212
2121212123121212121212312123121212121212121231212123121231213212132132121212121321212123121231212123
1212121212312121212121231212312121212121212123121212312123121321213213212121212132121212312123121231
3121212121231212121212123121231212121212121212312121231212312132121321321212121213212121231212312123
1212121212123121212121212312123121212121212121231212123121231213212132132121212121321212123121231212
2121212121212312121212121231212312121212121212123121212312123121321213213212121212132121212312123123
3212121212121231212121212123121231212121212121212312121231212312132121321321212121213212121231212312
2121212121212123121212121212312123121212121212121231212123121231213212132132121212121321212123121231
1212121212121212312121212121231212312121212121212123121212312123121321213213212121212132121212312123
3121212121212121231212121212123121231212121212121212312121231212312132121321321212121213212121231212
2312121212121212123121212121212312123121212121212121231212123121231213212132132121212121321212123121
1231212121212121212312121212121231212312121212121212123121212312123121321213213212121212132121212312
2123121212121212121231212121212123121231212121212121212312121231212312132121321321212121213212121231
1212312121212121212123121212121212312123121212121212121231212123121231213212132132121212121321212123
2121231212121212121212312121212121231212312121212121212123121212312123121321213213212121212132121212
1212123121212121212121231212121212123121231212121212121212312121231212312132121321321212121213212123
3121212312121212121212123121212121212312123121212121212121231212123121231213212132132121212121321231
1212121231212121212121212312121212121231212312121212121212123121212312123121321213213212121212132123
2121212123121212121212121231212121212123121231212121212121212312121231212312132121321321212121213231
3212121212312121212121212123121212121212312123121212121212121231212123121231213212132132121212121312
2121212121231212121212121212312121212121231212312121212121212123121212312123121321213213212121212123
3212121212123121212121212121231212121212123121231212121212121212312121231212312132121321321212121231
1321212121212312121212121212123121212121212312123121212121212121231212123121231213212132132121212312
3132121212121231212121212121212312121212121231212312121212121212123121212312123121321213213212121231
1213212121212123121212121212121231212121212123121231212121212121212312121231212312132121321321212123
3121321212121212312121212121212123121212121212312123121212121212121231212123121231213212132132121212
1212132121212121231212121212121212312121212121231212312121212121212123121212312123121321213213212121
2121213212121212123121212121212121231212121212123121231212121212121212312121231212312132121321321213
1212121321212121212312121212121212123121212121212312123121212121212121231212123121231213212132132132
3121212132121212121231212121212121212312121212121231212312121212121212123121212312123121321213213213
1212121213212121212123121212121212121231212121212123121231212121212121212312121231212312132121321321
3121212121321212121212312121212121212123121212121212312123121212121212121231212123121231213213213213
1212121212132121212121231212121212121212312121212121231212312121212121212123121212312123121321321321
3121212121213212121212123121212121212121231212121212123121231212121212121212312121231212312132132132
2312121212121321212121212312121212121212123121212121212312123121212121212121231212123121231213213213
3121212121212132121212121231212121212121212312121212121231212312121212121212123121212312123121321321
1212121212121213212121212123121212121212121231212121212123121231212121212121212312121231212312132132
3121212121212121321212121212312121212121212123121212121212312123121212121212121231212123121231213213
2312121212121212132121212121231212121212121212312121212121231212312121212121212123121212312123121321
3121212121212121213212121212123121212121212121231212121212123121231212121212121212312121231212312132
2312121212121212121321212121212312121212121212123121212121212312123121212121212121231212123121231321
1231212121212121212132121212121231212121212121212312121212121231212312121212121212123121212312123213
2123121212121212121213212121212123121212121212121231212121212123121231212121212121212312121231212121
1212312121212121212121321212121212312121212121212123121212121212312123121212121212121231212123121213
2121231212121212121212132121212121231212121212121212312121212121231212312121212121212123121212312121
3212123121212121212121213212121212123121212121212121231212121212123121231212121212121212312121231213
1321212312121212121212121321212121212312121212121212123121212121212312123121212121212121231212123121
2132121231212121212121212132121212121231212121212121212312121212121231212312121212121212123121212312
3213212123121212121212121213212121212123121212121212121231212121212123121231212121212121212312121231
1321321212312121212121212121321212121212312121212121212123121212121212312123121212121212121231212312
3132132121231212121212121212132121212121231212121212121212312121212121231212312121212121212123121231
1213213212123121212121212121213212121212123121212121212121231212121212123121231212121212121212312123
3121321321212312121212121212121321212121212312121212121212123121212121212312123121212121212121231231
1212132132121231212121212121212132121212121231212121212121212312121212121231212312121212121212123123
2121213213212123121212121212121213212121212123121212121212121231212121212123121231212121212121231231
3212121321321212312121212121212121321212121212312121212121212123121212121212312123121212121212123123
1321212132132121231212121212121212132121212121231212121212121212312121212121231212312121212121212312
3132121213213212123121212121212121213212121212123121212121212121231212121212123121231212121212121231
1213212121321321212312121212121212121321212121212312121212121212123121212121212312123121212121212123
2121321212132132121231212121212121212132121212121231212121212121212312121212121231212312121212121212
3212132121213213212123121212121212121213212121212123121212121212121231212121212123121231212121212123
2121213212121321321212312121212121212121321212121212312121212121212123121212121212312123121212121231
1212121321212132132121231212121212121212132121212121231212121212121212312121212121231212312121212123
2121212132121213213212123121212121212121213212121212123121212121212121231212121212123121231212121212
1212121213212121321321212312121212121212121321212121212312121212121212123121212121212312123121212121
2121212121321212132132121231212121212121212132121212121231212121212121212312121212121231212312121212
3212121212132121213213212123121212121212121213212121212123121212121212121231212121212123121231212121
2121212121213212121321321212312121212121212121321212121212312121212121212123121212121212312123121213
1212121212121321212132132121231212121212121212132121212121231212121212121212312121212121231212312132
3121212121212132121213213212123121212121212121213212121212123121212121212121231212121212123121231213
1212121212121213212121321321212312121212121212121321212121212312121212121212123121212121212312123121
3121212121212121321212132132121231212121212121212132121212121231212121212121212312121212121231212312
1212121212121212132121213213212123121212121212121213212121212123121212121212121231212121212123123123
2121212121212121213212121321321212312121212121212121321212121212312121212121212123121212121212312312
1212121212121212121321212132132121231212121212121212132121212121231212121212121212312121212121231231
3121212121212121212132121213213212123121212121212121213212121212123121212121212121231212121212312312
1212121212121212121213212121321321212312121212121212121321212121212312121212121212123121212121231231
3121212121212121212121321212132132121231212121212121212132121212121231212121212121212312121212123123
1212121212121212121212132121213213212123121212121212121213212121212123121212121212121231212121212312
2121212121212121212121213212121321321212312121212121212121321212121212312121212121212123121212121231
3212121212121212121212121321212132132121231212121212121212132121212121231212121212121212312121212123
1321212121212121212121212132121213213212123121212121212121321212121212123121212121212121231212121231
3132121212121212121212121213212121321321212312121212121213212121212121212312121212121212123121212312
2321212121212121212121212121321212132132121231212121212132131312121212121231212121212121212312121231
1212121212121212121212121212132121321213212123121212121321323231312131212123121212121212121231212123
2131212121213131212131212131321213213131323212312121213213212123231323121231212121212121212123121231
1323123212132323121323121323213132132323131321231232132132131312123212312312321232121312121231232123
1321321232132323212131323213123123123123123212132321312131312321232131231312132121231312123131212321
3132132121213131321212131321212312312312312121213132121212121212121212123121213212123121212312121212
2313213212121212132121212132121231231231231212121213212121212121212121212312121321212312121231212123
1231321321212121213212121213212123123123123121212121321212121212121212121231212132121231212123121212
2123132132121212121321212121321212312312312312121212132121212121212121212123121213212123121212312121
3212313213212121212132121212132121231231231231212121213212121212121212121212312121321212312121231213
1321231321321212121213212121213212123123123123121212121321212121212121212121231212132121231212123132
2132123132132121212121321212121321212312312312312121212132121212121212121212123121213212123121212321
3213212313213212121212132121212132121231231231231212121213212121212121212121212312121321212312121212
1321321231321321212121213212121213212123123123123121212121321212121212121212121231212132121231212123
3132132123132132121212121321212121321212312312312312121212132121212121212121212123121213212123121231
1213213212313213212121212132121212132121231231231231212121213212121212121212121212312121321212312312
3121321321231321321212121213212121213212123123123123121212121321212121212121212121231212132121231231
2312132132123132132121212121321212121321212312312312312121212132121212121212121212123121213212123123
1231213213212313213212121212132121212132121231231231231212121213212121212121212121212312121321212312
2123121321321231321321212121213212121213212123123123123121212121321212121212121212121231212132121231
3212312132132123132132121212121321212121321212312312312312121212132121212121212121212123121213212123
2121231213213212313213212121212132121212132121231231231231212121213212121212121212121212312121321212
1212123121321321231321321212121213212121213212123123123123121212121321212121212121212121231212132123
3121212312132132123132132121212121321212121321212312312312312121212132121212121212121212123121213212
2312121231213213212313213212121212132121212132121231231231231212121213212121212121212121212312121321
1231212123121321321231321321212121213212121213212123123123123121212121321212121212121212121231213213
2123121212312132132123132132121212121321212121321212312312312312121212132121212121212121212123132132
3212312121231213213212313213212121212132121212132121231231231231212121213212121212121212121212313213
2121231212123121321321231321321212121213212121213212123123123123121212121321212121212121212121232132
1212123121212312132132123132132121212121321212121321212312312312312121212132121212121212121212121213
3121212312121231213213212313213212121212132121212132121231231231231212121213212121212121212121212132
2312121231212123121321321231321321212121213212121213212123123123123121212121321212121212121212121213
1231212123121212312132132123132132121212121321212121321212312312312312121212132121212121212121212121
3123121212312121231213213212313213212121212132121212132121231231231231212121213212121212121212121212
1212312121231212123121321321231321321212121213212121213212123123123123121212121321212121212121212121
3121231212123121212312132132123132132121212121321212121321212312312312312121212132121212121212121213
1212123121212312121231213213212313213212121212132121212132121231231231231212121213212121212121212132
2121212312121231212123121321321231321321212121213212121213212123123123123121212121321212121212121321
3212121231212123121212312132132123132132121212121321212121321212312312312312121212132121212121212132
2121212123121212312121231213213212313213212121212132121212132121231231231231212121213212121212121213
1212121212312121231212123121321321231321321212121213212121213212123123123123121212121321212121212121
3121212121231212123121212312132132123132132121212121321212121321212312312312312121212132121212121213
1212121212123121212312121231213213212313213212121212132121212132121231231231231212121213212121212132
3121212121212312121231212123121321321231321321212121213212121213212123123123123121212121321212121213
2312121212121231212123121212312132132123132132121212121321212121321212312312312312121212132121212121
1231212121212123121212312121231213213212313213212121212132121212132121231231231231212121213212121213
3123121212121212312121231212123121321321231321321212121213212121213212123123123123121212121321212121
1212312121212121231212123121212312132132123132132121212121321212121321212312312312312121212132121213
3121231212121212123121212312121231213213212313213212121212132121212132121231231231231212121213212121
1212123121212121212312121231212123121321321231321321212121213212121213212123123123123121212121321213
3121212312121212121231212123121212312132132123132132121212121321212121321212312312312312121212132121
1212121231212121212123121212312121231213213212313213212121212132121212132121231231231231212121213213
2121212123121212121212312121231212123121321321231321321212121213212121213212123123123123121212121321
3212121212312121212121231212123121212312132132123132132121212121321212121321212312312312312121213213
1321212121231212121212123121212312121231213213212313213212121212132121212132121231231231231212121321
3132121212123121212121212312121231212123121321321231321321212121213212121213212123123123123121212132
2313212121212312121212121231212123121212312132132123132132121212121321212121321212312312312312121321
3121321212121231212121212123121212312121231213213212313213212121212132121212132121231231231231213213
2312132121212123121212121212312121231212123121321321231321321212121213212121213212123123123123132132
1231213212121212312121212121231212123121212312132132123132132121212121321212121321212312312312321321
2123121321212121231212121212123121212312121231213213212313213212121212132121212132121231231231213213
1212312132121212123121212121212312121231212123121321321231321321212121213212121213212123123123132132
3121231213212121212312121212121231212123121212312132132123132132121212121321212121321212312312313213
2312123121321212121231212121212123121212312121231213213212313213212121212132121212132121231231231321
1231212312132121212123121212121212312121231212123121321321231321321212121213212121213212123123123132
2123121231213212121212312121212121231212123121212312132132123132132121212121321212121321212312312313
1212312123121321212121231212121212123121212312121231213213212313213212121212132121212132121231231232
3121231212312132121212123121212121212312121231212123121321321231321321212121213212121213212123123121
2312123121231213212121212312121212121231212123121212312132132123132132121212121321212121321212312312
1231212312123121321212121231212121212123121212312121231213213212313213212121212132121212132123123123
3123121231212312132121212123121212121212312121231212123121321321231321321212121213212121213212312312
2312312123121231213212121212312121212121231212123121212312132132123132132121212121321212121321231231
3121231212312123121321212121231212121212123121212312121231213213212313213212121212132121212132312312
2312123121231212312132121212123121212121212312121231212123121321321231321321212121213212121213121231
3121212312123121231213212121212312121212121231212123121212312132132123132132121212121321212121212312
1212121231212312123121321212121231212121212123121212312121231213213212313213212121212132121212121231
3121212123121231212312132121212123121212121212312121231212123121321321231321321212121213212121212312
2312121212312123121231213212121212312121212121231212123121212312132132123132132121212121321212123123
1231212121231212312123121321212121231212121212123121212312121231213213212313213212121212132121212312
2123121212123121231212312132121212123121212121212312121231212123121321321231321321212121213212123123
3212312121212312123121231213212121212312121212121231212123121212312132132123132132121212121321231231
2121231212121231212312123121321212121231212121212123121212312121231213213212313213212121212132123123
3212123121212123121231212312132121212123121212121212312121231212123121321321231321321212121213231231
1321212312121212312123121231213212121212312121212121231212123121212312132132123132132121212121312123
3132121231212121231212312123121321212121231212121212123121212312121231213213212313213212121212121212
1213212123121212123121231212312132121212123121212121212312121231212123121321321231321321212121212121
2121321212312121212312123121231213212121212312121212121231212123121212312132132123132132121212121213
1212132121231212121231212312123121321212121231212121212123121212312121231213213212313213212121212121
3121213212123121212123121231212312132121212123121212121212312121231212123121321321231321321212121213
1212121321212312121212312123121231213212121212312121212121231212123121212312132132123132132121212132
3121212132121231212121231212312123121321212121231212121212123121212312121231213213212313213212121213
1212121213212123121212123121231212312132121212123121212121212312121231212123121321321231321321212121
2121212121321212312121212312123121231213212121212312121212121231212123121212312132132123132132121213
1212121212132121231212121231212312123121321212121231212121212123121212312121231213213212313213212121
3121212121213212123121212123121231212313132121212123121212121212312121231212123121321321231321321212
1212121212121321212312121212312123131232313212121212312121212121231212123121212312132132123132132121
3121212121212132121231212121231212323121231321212121231212121212123121212312121231313213212313213212
2312121212121213212123121212123121212313123132121212123121212121212312121231212123231321321231321323
3121212121212121321212312121212313131232312313212121212312121212121231212123121212123132132123132131
1212121212121212132121231212121232323121231232121212121231212121212123121212312121312313213212313213
3121212121212121213212123121212121212313123121212121212123121213131212312121231213231231321321232132
1212121212131212121321212312131213131232312313121212121212313132323121231212123132123123212132121213
2121312131323121212132121231323132323121231232313121212123132321212312123121212321312312121213232121
1313231323212312123213212323212321212313123121232312123231321213131231232312121213231231312132313232
1321232123231231231321312321313123131321212321213213121313131321213132123121212132121232131321232312
2132121212123123123132121212121212312132121212121321212121212132121213212312121213212121212132121231
1213212121212312312313212121212121231213212121212132121212121213212121321231212121321212121213212312
3121321212121231231231321212121212123121321212121213212121212121321212132123121212132121212121321231
2312132121212123123123132121212121212312132121212121321212121212132121213212312121213212121212132312
3121213212121212312312313212121212121231213212121212132121212121213212121321231212121321212121213123
2312121321212121231231231321212121212123121321212121213212121212121321212132123121212132121212121212
3121212132121212123123123132121212121212312132121212121321212121212132121213212312121213212121212123
1212121213212121212312312313212121212121231213212121212132121212121213212121321231212121321212121212
3121212121321212121231231231321212121212123121321212121213212121212121321212132123121212132121212121
1212121212132121212123123123132121212121212312132121212121321212121212132121213212312121213212121213
2121212121213212121212312312313212121212121231213212121212132121212121213212121321231212121321212132
3212121212121321212121231231231321212121212123121321212121213212121212121321212132123121212132121213
1321212121212132121212123123123132121212121212312132121212121321212121212132121213212312121213212121
3132121212121213212121212312312313212121212121231213212121212132121212121213212121321231212121321212
2313212121212121321212121231231231321212121212123121321212121213212121212121321212132123121212132123
3121321212121212132121212123123123132121212121212312132121212121321212121212132121213212312121213231
2312132121212121213212121212312312313212121212121231213212121212132121212121213212121321231212121312
1231213212121212121321212121231231231321212121212123121321212121213212121212121321212132123121212121
2123121321212121212132121212123123123132121212121212312132121212121321212121212132121213212312121213
1212312132121212121213212121212312312313212121212121231213212121212132121212121213212121321231212121
3121231213212121212121321212121231231231321212121212123121321212121213212121212121321212132123121213
1212123121321212121212132121212123123123132121212121212312132121212121321212121212132121213212312121
2121212312132121212121213212121212312312313212121212121231213212121212132121212121213212121321231212
3212121231213212121212121321212121231231231321212121212123121321212121213212121212121321212132123121
1321212123121321212121212132121212123123123132121212121212312132121212121321212121212132121213212313
2132121212312132121212121213212121212312312313212121212121231213212121212132121212121213212121321231
1213212121231213212121212121321212121231231231321212121212123121321212121213212121212121321212132123
2121321212123121321212121212132121212123123123132121212121212312132121212121321212121212132121213212
3212132121212312132121212121213212121212312312313212121212121231213212121212132121212121213212121323
2121213212121231213212121212121321212121231231231321212121212123121321212121213212121212121321212132
3212121321212123121321212121212132121212123123123132121212121212312132121212121321212121212132121213
2121212132121212312132121212121213212121212312312313212121212121231213212121212132121212121213212121
1212121213212121231213212121212121321212121231231231321212121212123121321212121213212121212121321212
2121212121321212123121321212121212132121212123123123132121212121212312132121212121321212121212132123
1212121212132121212312132121212121213212121212312312313212121212121231213212121212132121212121213231
3121212121213212121231213212121212121321212121231231231321212121212123121321212121213212121212121312
2312121212121321212123121321212121212132121212123123123132121212121212312132121212121321212121212121
1231212121212132121212312132121212121213212121212312312313212121212121231213212121212132121212121212
3123121212121213212121231213212121212121321212121231231231321212121212123121321212121213212121212121
2312312121212121321212123121321212121212132121212123123123132121212121212312132121212121321212121213
3121231212121212132121212312132121212121213212121212312312313212121212121231213212121212132121212132
1212123121212121213212121231213212121212121321212121231231231321212121212123121321212121213212121213
3121212312121212121321212123121321212121212132121212123123123132121212121212312132121212121321212132
1212121231212121212132121212312132121212121213212121212312312313212121212121231213212121212132121213
2121212123121212121213212121231213212121212121321212121231231231321212121212123121321212121213212121
3212121212312121212121321212123121321212121212132121212123123123132121212121212312132121212121321212
2121212121231212121212132121212312132121212121213212121212312312313212121212121231213212121212132121
3212121212123121212121213212121231213212121212121321212121231231231321212121212123121321212121213213
1321212121212312121212121321212123121321212121212132121212123123123132121212121212312132121212121321
2132121212121231212121212132121212312132121212121213212121212312312313212121212121231213212121212132
1213212121212123121212121213212121231213212121212121321212121231231231321212121212123121321212121213
2121321212121212312121212121321212123121321212121212132121212123123123132121212121212312132121212132
3212132121212121231212121212132121212312132121212121213212121212312312313212121212121231213212121321
1321213212121212123121212121213212121231213212121212121321212121231231231321212121212123121321212132
2132121321212121212312121212121321212123121321212121212132121212123123123132121212121212312132121213
1213212132121212121231212121212132121212312132121212121213212121212312312313212121212121231213212121
2121321213212121212123121212121213212121231213212121212121321212121231231231321212121212123121321212
3212132121321212121212312121212121321212123121321212121212132121212123123123132121212121212312132121
2121213212132121212121231212121212132121212312132121212121213212121212312312313212121212121231213212
1212121321213212121212123121212121213212121231213212121212121321212121231231231321212121212123121323
3121212132121321212121212312121212121321212123121321212121212132121212123123123132121212121212312132
1212121213212132121212121231212121212132121212312132121212121213212121212312312313212121212121231213
2121212121321213212121212123121212121213212121231213212121212121321212121231231231321212121212123121
3212121212132121321212121212312121212121321212123121321212121212132121212123123123132121212121212312
2121212121213212132121212121231212121212132121212312132121212121213212121212312312313212121212121231
3212121212121321213212121212123121212121213212121231213212121212121321212121231231231321212121212312
2121212121212132121321212121212312121212121321212123121321212121212132121212123123123132121212121231
3212121212121213212132121212121231212121212132121212312132121212121213212121212312312313212121212123
2121212121212121321213212121212123121212121213212121231213212121212121321212121231231231321212121212
3212121212121212132121321212121212312121212121321212123121321212121212132121212123123123132121212123
1321212121212121213212132121212121231212121212132121212312132121212121213212121212312312313212121231
2132121212121212121321213212121212123121212121213212121231213212121212121321212121231231231321212312
3213212121212121212132121321212121212312121212121321212123121321212121212132121212123123123132121231
2121321212121212121213212132121212121231212121212132121212312132121212121213212121212312312313212123
1212132121212121212121321213212121212123121212121213212121231213212121212121321212121231231231321212
3121213212121212121212132121321212121212312121212121321212123121321212121212132121212123123123132121
1212121321212121212121213212132121212121231212121212132121212312132121212121213212121212312312313212
2121212132121212121212121321213212121212123121212121213212121231213212121212121321212121231231231323
3212121213212121212121212132121321212121212312121212121321212123121321212121212132121212123123123131
2121212121321212121212121213212132121212121231212121212132121212312132121212121213212121212312312313
1212121212132121212121212121321213212121212123121212121213212121231213212121212121321212121231231232
3121212121213212121212121212132121321212121212312121212121321212123121321212121212132121212123123121
1212121212121321212121212121213212132121212121231212121212132121212312132121212121213212121212312312
2121212121212132121212121212121321213212121212123121212121213212121231213212121212121321212121231231
3212121212121213212121212121212132121321212121212312121212121321212123121321212121212132121212123123
1321212121212121321212121212121213212132121212121231212121212132121212312132121212121213212121231231
3132121212121212132121212121212121321213212121212123121212121213212121231213212121212121321212123123
2313212121212121213212121212121212132121321212121212312121212121321212123121321212121212132121212312
1231321212121212121321212121212121213212132121212121231212121212132121212312132121212121213212121231
3123132121212121212132121212121212121321213212121212123121212121213212121231213212121212121321212123
1212313212121212121213212121212121212132121321212121212312121212121321212123121321212121212132121212
3121231321212121212121321212121212121213212132121212121231212121212132121212312132121212121213212121
1212123132121212121212132121212121212121321213212121212123121212121213212121231213212121212121321213
2121212313212121212121213212121212121212132121321212121212312121212121321212123121321212121212132121
1212121231321212121212121321212121212121213212132121212121231212121212132121212312132121212121213212
3121212123132121212121213132121212121212121321213212121212123121212121213212121231321212121212121323
1212121212313212121212132313212121212121213212121321212121231212321212121321212123212121212121213212
3121212121231321212121321231321212121212132131212132321232312123132121212132323212131212131313132121
2312321312312132131313213123212323232131321323131313132313123231213213131313131321323131323232321313
