10 10 100
676275 872365 676275 600858 293517 423276 14682 358059 101917 17710
532804 257922 633281 611165 545041 611165 616352 867202 400683 577125
293517 160651 490142 202079 103823 515354 872365 350581 103823 381109
293517 647997 585576 867202 239821 892737 727503 700966 264055 773219
738088 294277 527649 5730 726537 101917 773219 293255 283032 544690
66082 178419 17710 892737 254909 700966 577762 738088 358059 872365
544690 95473 490142 401724 577125 293517 754155 738088 52130 700966
545041 178419 355976 203283 221364 998338 874838 101917 782901 532804
92623 216928 828426 892737 203283 578286 647997 782901 683370 616352
828426 647997 95473 691610 805671 577762 892737 294277 616352 293255
