0 3
500 9
298 289
378 365
70 83
214 219
477 478
394 402
446 453
9 12
152 148
388 402
358 365
48 46
450 453
244 251
410 402
31 46
215 219
355 365
42 46
155 148
178 189
437 433
158 148
50 46
346 329
200 189
398 402
363 365
306 289
184 189
44 46
319 329
467 453
140 148
274 289
20 12
77 83
487 478
100 110
269 251
172 148
84 83
287 289
360 365
216 219
67 46
459 453
37 46
265 251
85 83
338 329
256 251
193 189
406 402
254 251
281 289
415 402
324 329
96 83
208 219
202 189
313 329
113 110
34 46
485 478
419 402
317 329
112 110
132 148
286 289
412 402
385 402
151 148
417 402
45 46
318 329
460 453
238 251
258 251
283 289
175 189
475 478
303 289
120 110
425 402
339 329
186 189
276 289
81 83
55 46
343 329
416 402
19 12
240 251
328 329
495 494
400 402
492 494
170 148
3 12
118 110
456 453
498 494
222 219
461 453
373 365
483 478
342 329
260 251
162 148
6 12
232 219
137 148
35 46
257 251
249 251
188 189
111 110
272 271
370 365
379 402
279 289
133 205
300 289
10 12
203 189
230 219
179 189
226 219
331 329
173 189
75 83
141 148
125 148
395 402
108 110
436 433
352 365
476 478
101 110
211 219
242 251
13 12
482 478
421 402
58 46
277 289
192 189
47 46
441 453
231 219
499 494
463 453
387 402
113 130
38 46
64 46
356 365
368 365
236 251
285 289
345 329
24 46
302 289
95 83
15 12
457 453
233 251
438 453
253 251
171 148
500 494
361 365
198 189
473 478
350 329
16 12
80 83
247 251
280 289
27 46
434 433
278 289
65 46
150 148
315 329
330 329
344 329
163 148
162 350
341 329
129 148
5 12
497 494
32 46
157 148
149 148
305 289
335 329
422 402
29 46
40 46
182 189
61 46
52 46
59 78
168 148
72 83
22 12
153 148
442 453
325 329
268 251
309 329
266 251
14 12
104 110
493 494
187 189
54 46
292 289
1 12
139 148
223 219
414 402
21 39
51 46
92 83
290 421
393 402
229 219
94 83
4 12
103 110
147 148
347 329
327 329
449 453
237 251
426 427
374 365
396 402
106 110
380 402
93 83
326 329
418 402
60 46
420 402
224 219
78 83
122 110
114 110
362 365
397 402
228 219
261 251
431 433
424 402
486 478
41 46
369 365
246 251
348 329
444 453
21 12
428 427
78 369
359 365
79 83
204 189
480 478
145 148
382 402
26 46
259 251
275 289
439 453
336 329
11 12
267 251
273 289
62 46
435 433
464 453
451 453
28 46
207 219
322 497
248 251
245 251
194 189
7 12
474 478
312 329
299 289
357 365
74 83
364 365
334 329
218 219
99 110
354 365
161 148
217 219
181 468
17 12
316 329
252 251
448 453
432 433
391 402
90 83
297 289
33 46
2 12
405 402
49 46
291 289
314 329
159 148
288 289
413 402
181 189
167 148
310 329
458 453
121 110
107 110
144 148
116 110
133 148
407 402
353 365
109 110
241 251
301 289
404 402
185 189
423 402
381 402
262 251
11 247
138 148
408 402
143 148
479 478
86 105
481 478
169 148
213 219
174 189
136 148
367 365
409 402
154 148
91 83
403 402
87 83
454 453
386 402
440 453
86 83
227 219
489 494
295 289
63 46
197 189
465 453
165 148
443 453
156 148
255 251
322 329
488 478
462 453
189 429
59 46
66 46
210 219
239 251
23 12
102 110
212 219
447 453
190 189
220 219
225 219
430 433
471 478
311 329
282 289
243 251
135 148
142 148
371 365
484 478
270 271
57 46
469 478
164 148
455 453
105 110
351 329
333 329
389 402
472 478
466 453
323 329
68 46
376 365
119 110
134 148
196 189
43 46
131 148
53 46
124 148
392 402
39 46
18 12
209 219
130 148
445 453
83 270
284 289
176 189
97 110
135 279
377 365
221 219
166 148
383 402
390 402
304 289
117 110
36 46
490 494
195 189
337 329
452 453
25 46
340 329
307 329
126 148
146 148
264 251
191 189
263 251
496 494
332 329
399 427
293 289
89 83
183 189
8 12
177 189
234 251
61 213
411 402
180 189
384 402
206 189
160 148
349 329
235 251
429 433
321 329
470 478
296 289
205 189
468 453
115 110
372 365
491 494
73 83
308 329
320 329
201 189
30 46
375 365
250 251
71 83
294 289
76 83
88 83
199 189
290 289
128 148
123 110
399 402
366 365
401 402
98 110
69 46
179 470
127 148
82 83
56 46
363 364
210 211
463 464
42 43
135 136
204 205
253 254
142 143
6 7
219 220
284 285
169 170
79 80
154 155
211 212
288 289
435 436
273 274
347 348
137 138
475 476
380 381
396 397
175 176
61 62
443 444
427 428
331 332
314 315
283 284
201 202
194 195
136 137
298 299
88 89
373 374
341 342
402 403
195 196
328 329
460 461
155 156
9 10
483 484
78 79
73 74
89 90
476 477
158 159
75 76
67 68
234 235
126 127
397 398
353 354
326 327
494 495
376 377
265 266
20 21
350 351
297 298
481 482
30 31
479 480
91 92
400 401
398 399
37 230
247 248
332 333
77 78
315 316
76 77
93 94
464 465
409 410
188 189
497 498
268 269
436 437
255 256
290 291
238 239
375 376
58 59
97 98
163 164
274 275
36 37
45 46
203 204
319 320
114 115
412 413
279 280
309 310
383 384
448 449
19 20
149 150
357 358
324 325
3 4
83 84
261 262
180 181
280 281
270 271
484 485
359 360
86 87
228 229
439 440
453 454
13 343
411 412
68 69
473 474
317 318
184 185
300 301
465 466
122 123
366 367
250 251
349 350
343 344
132 133
469 470
84 85
278 279
462 463
94 95
28 440
207 208
161 162
225 226
34 35
183 184
498 499
40 41
434 435
224 294
495 496
372 373
456 457
12 13
55 56
293 294
325 326
223 224
344 345
103 104
241 242
2 3
130 131
458 459
221 222
157 158
406 407
115 116
342 343
48 49
235 236
66 67
107 108
220 221
81 113
87 88
82 83
143 144
162 163
369 370
18 19
21 22
499 500
292 293
24 25
388 389
305 306
141 142
445 446
199 200
279 494
118 119
472 473
100 101
389 390
226 227
181 182
321 322
50 51
429 430
287 288
29 30
54 55
431 432
426 427
404 405
492 493
14 15
386 387
415 416
339 340
254 255
496 497
423 424
85 86
457 458
129 130
365 366
71 72
22 23
35 36
186 187
368 369
153 154
320 321
110 111
295 296
7 8
224 225
44 45
11 26
374 375
354 355
391 392
101 102
218 219
346 347
53 54
5 6
5 89
452 453
168 169
259 260
59 60
15 16
323 324
420 421
193 194
477 478
25 26
113 145
237 238
410 411
189 190
361 362
196 197
422 423
10 11
433 434
51 52
286 287
16 17
393 394
182 183
128 129
441 442
190 191
28 29
466 467
230 231
212 213
102 103
461 462
263 264
454 455
262 263
145 146
440 441
81 82
43 44
236 237
105 106
60 61
470 471
264 265
322 323
62 63
37 38
267 268
167 168
418 419
217 218
113 114
416 417
266 267
124 125
222 223
364 365
146 147
173 174
185 186
275 276
56 57
459 460
125 126
165 166
256 430
282 283
133 134
385 386
419 420
478 479
446 447
399 400
134 135
345 346
360 361
74 75
213 214
13 14
57 58
401 402
229 230
11 12
52 53
285 286
291 292
99 100
209 210
408 409
294 295
493 494
95 96
179 180
467 468
192 193
392 393
471 472
160 161
442 443
403 404
489 490
362 363
394 395
119 120
120 121
200 201
41 42
358 359
148 149
112 113
177 178
302 303
405 406
379 380
90 91
490 491
138 139
455 456
208 209
336 337
430 431
432 433
150 151
227 228
333 334
308 309
303 304
242 243
23 270
215 216
233 234
65 66
382 383
355 356
301 302
327 328
395 396
152 153
46 47
166 167
335 336
27 28
98 99
33 34
1 2
121 122
289 290
214 215
39 40
417 418
257 258
106 107
109 110
451 452
178 179
296 297
249 250
252 253
72 73
381 382
83 193
147 148
198 199
140 141
64 65
49 50
92 93
159 160
449 450
197 198
377 378
47 48
482 483
371 372
299 300
447 448
312 313
144 145
348 349
245 246
313 314
139 140
202 203
108 109
387 388
424 425
367 368
38 39
131 132
171 172
316 317
222 386
421 422
187 188
4 5
311 312
416 486
444 445
8 9
117 118
191 192
258 259
277 278
70 71
271 272
474 475
413 414
356 357
174 175
151 152
176 177
338 339
248 249
216 217
390 391
487 488
243 244
260 261
17 18
450 451
414 415
272 428
310 311
156 157
485 486
340 341
337 338
330 331
438 439
304 305
352 353
127 128
31 32
164 165
480 481
240 241
80 81
491 492
276 277
116 117
205 206
486 487
114 242
3 360
239 240
63 64
251 252
111 112
170 171
384 385
32 33
334 335
244 245
104 105
318 319
407 408
281 282
329 330
256 257
246 247
26 27
370 371
307 308
231 232
500 14
278 271
151 165
22 34
44 34
62 68
103 99
36 34
77 68
19 34
331 314
14 9
86 68
489 481
455 452
43 34
115 126
169 165
101 99
197 201
251 355
131 126
64 68
213 227
341 344
279 271
18 9
382 383
467 481
408 414
13 9
177 165
155 165
375 383
410 414
360 383
419 414
110 99
273 271
96 99
329 314
120 126
154 165
122 126
356 354
211 227
319 314
196 201
473 481
309 314
482 481
116 126
153 165
458 452
55 68
225 227
63 68
440 438
32 34
362 383
338 314
223 227
353 354
390 383
157 165
245 227
474 481
109 99
56 68
133 126
218 227
368 383
69 68
53 68
166 165
497 481
340 344
337 314
396 383
159 165
24 34
158 165
147 165
73 68
442 438
287 271
104 99
387 429
364 383
5 9
217 227
288 271
190 165
352 354
415 414
496 481
499 481
26 34
105 99
443 438
457 452
117 126
52 68
35 34
248 249
500 481
361 383
412 414
485 481
425 428
370 383
493 481
303 314
250 249
244 227
433 428
378 383
304 314
152 165
274 271
71 68
214 227
258 271
321 314
29 34
17 9
252 249
113 126
2 9
182 165
128 126
84 68
78 68
281 271
65 68
358 354
322 314
195 422
49 34
254 271
191 203
357 354
198 201
21 34
175 165
259 271
264 271
421 414
454 452
313 314
380 383
199 201
384 383
28 34
76 68
25 34
305 314
7 9
373 383
136 126
216 227
326 314
280 271
386 383
186 165
262 271
178 165
231 227
184 165
188 165
330 314
74 68
291 314
84 103
397 383
226 227
320 314
114 126
88 99
193 192
283 271
142 165
470 481
132 126
174 165
233 227
202 201
37 34
187 165
180 165
405 383
388 383
70 68
439 438
232 227
355 354
241 227
495 481
371 383
487 481
260 271
328 314
468 481
478 481
463 481
294 314
118 126
450 452
426 428
1 9
435 438
183 165
148 165
176 165
476 481
385 383
285 271
268 271
488 481
407 414
270 271
237 227
334 314
464 481
301 314
149 165
336 314
261 271
135 126
4 9
141 444
41 34
50 68
220 227
108 99
13 48
23 34
25 57
255 271
377 383
72 68
27 34
460 452
253 271
465 481
181 165
350 354
185 165
307 314
295 314
67 68
293 314
290 314
143 165
475 481
51 68
80 68
11 9
422 438
413 414
310 314
335 314
345 344
365 383
170 165
212 227
401 383
200 201
402 383
54 68
6 9
346 344
462 481
89 99
61 68
219 227
119 126
156 165
228 227
172 165
210 227
343 344
251 249
79 68
81 68
494 481
387 383
121 126
436 438
102 99
312 314
83 68
395 383
206 201
491 481
3 9
199 264
221 227
327 314
296 314
205 201
389 383
46 34
141 165
449 452
446 452
57 68
406 383
282 271
230 227
85 68
97 99
347 344
31 34
138 126
445 452
339 314
429 428
204 201
483 481
205 246
162 165
236 227
93 99
477 481
123 320
145 165
123 126
315 314
47 34
144 165
92 99
100 341
1 182
480 481
299 314
498 481
168 416
363 383
399 383
459 452
124 126
137 126
107 99
394 383
229 227
125 126
393 383
434 438
416 414
98 99
150 165
466 481
48 34
266 271
300 314
256 271
272 271
10 9
456 452
15 9
308 314
349 344
167 192
423 428
127 126
332 314
235 227
325 314
263 271
286 271
167 165
40 34
240 227
130 126
376 383
275 271
20 34
173 165
171 165
224 227
469 481
461 452
490 481
161 165
94 99
30 34
8 9
349 388
359 354
427 428
430 428
66 68
316 314
367 383
215 227
246 249
42 34
400 383
60 68
398 383
289 271
417 414
379 383
189 165
106 99
366 383
111 99
284 271
91 99
269 271
112 126
234 227
203 201
90 99
447 452
297 314
59 68
311 314
208 201
195 201
242 227
342 344
317 314
265 271
209 227
247 249
431 428
222 227
306 314
179 165
324 314
95 99
277 271
391 383
140 126
38 34
453 452
471 481
163 165
411 414
323 314
437 438
418 414
292 314
75 68
432 428
492 481
424 428
194 201
45 34
403 383
381 383
451 452
168 165
374 383
486 481
243 227
146 165
444 452
351 354
276 271
33 34
420 414
348 344
472 481
16 9
479 481
129 126
160 165
302 314
348 492
12 9
392 383
267 271
134 126
404 383
207 240
484 481
139 126
318 314
164 165
239 227
57 118
372 383
441 438
257 271
448 452
87 99
39 34
58 68
333 314
207 201
369 383
298 314
82 68
409 414
238 227
191 192
100 99
10 11
425 426
403 404
143 144
117 118
388 389
424 425
139 140
301 302
137 138
5 6
304 305
487 488
427 428
229 230
69 70
194 195
309 310
261 333
41 42
49 395
402 403
354 355
369 370
138 139
451 452
120 121
293 294
378 379
482 483
40 41
146 147
333 334
480 481
450 451
97 98
473 474
436 437
167 168
80 81
355 356
163 195
173 174
298 299
242 243
214 215
335 336
338 339
452 453
357 358
109 345
296 297
22 23
390 391
88 89
106 107
189 190
470 471
353 354
405 406
265 266
81 82
368 369
64 65
180 181
130 131
62 63
156 157
274 275
493 494
375 376
213 214
317 318
37 38
303 304
153 154
61 62
275 276
486 487
113 114
438 439
246 247
9 73
268 269
444 445
195 196
123 124
238 239
101 102
99 100
366 367
21 22
172 173
386 387
115 116
182 183
102 103
89 90
20 21
13 14
126 127
177 178
192 193
12 13
239 240
282 283
132 192
48 49
127 128
416 417
310 311
38 39
271 272
466 467
112 113
221 222
165 166
456 457
154 155
257 258
253 254
302 303
489 490
281 282
284 285
236 237
157 158
285 286
118 119
485 486
320 321
286 287
447 448
59 60
220 221
141 142
270 271
134 135
428 429
430 431
429 430
299 300
316 317
380 381
179 180
116 117
223 224
454 455
325 326
474 475
74 75
383 384
381 382
7 8
272 273
73 74
394 395
29 30
385 386
288 289
331 332
496 497
42 43
184 185
300 301
476 477
160 161
30 31
393 394
85 86
463 464
26 27
58 59
205 206
75 113
397 398
52 53
497 498
495 496
34 35
178 179
483 484
70 71
305 306
17 18
209 210
98 99
215 216
313 314
374 375
423 424
159 160
324 325
475 476
18 442
135 136
329 330
1 2
124 125
232 233
307 308
488 489
399 400
224 225
404 405
295 296
494 495
259 260
356 357
44 45
19 248
227 228
471 472
351 352
277 278
431 432
132 146
198 199
78 79
442 443
75 76
211 212
348 349
222 223
84 422
15 19
3 4
107 108
352 353
262 263
84 85
346 347
484 485
315 316
379 380
51 52
345 346
96 97
408 409
39 40
119 120
108 109
341 342
445 446
481 482
256 257
441 442
163 164
448 449
458 459
492 493
244 245
240 241
226 227
250 251
323 324
455 456
334 460
45 46
24 25
94 95
322 323
334 335
125 126
166 167
104 105
318 319
206 207
279 280
109 110
71 72
110 111
43 44
142 143
79 80
398 399
249 250
367 368
144 145
129 130
169 170
230 231
28 29
328 329
191 192
418 419
46 47
432 433
412 413
247 248
14 15
114 115
105 106
170 171
340 341
347 348
87 88
210 211
76 77
459 460
426 427
155 156
95 96
311 312
491 492
196 197
255 256
392 393
148 149
464 465
248 249
32 33
319 320
287 288
419 420
276 277
377 378
260 261
278 279
188 189
453 454
326 327
478 479
360 361
103 104
83 84
176 177
469 470
499 500
23 24
90 91
237 238
446 447
460 461
342 343
231 232
228 229
65 66
149 150
122 123
150 151
477 478
297 298
472 473
234 235
36 37
161 162
407 429
11 12
264 265
373 374
233 234
192 242
267 268
371 372
420 421
389 390
136 137
57 58
314 315
9 10
133 134
292 293
407 408
308 309
365 366
490 491
350 351
131 132
84 288
6 7
269 270
363 364
15 16
372 373
204 205
384 385
417 418
164 165
344 345
128 129
185 186
457 458
82 83
258 259
330 331
201 202
27 28
77 78
382 383
336 337
56 57
235 236
415 416
121 122
387 388
395 396
361 362
17 411
449 450
413 414
358 359
16 17
400 401
200 201
225 226
376 377
396 397
147 148
291 292
401 402
212 213
312 313
479 480
35 36
337 338
370 371
66 67
50 51
266 267
60 61
465 466
294 295
411 412
439 440
343 344
187 188
83 92
275 356
251 252
391 392
332 333
409 410
388 468
145 146
197 198
47 48
183 184
261 262
290 291
171 172
283 284
55 56
8 9
219 220
186 187
434 435
462 463
216 217
175 176
273 274
158 159
2 3
217 218
181 182
410 411
4 5
241 242
54 55
67 68
168 169
72 73
321 322
132 133
364 365
31 32
498 499
280 281
362 363
327 328
92 93
467 468
25 26
199 200
91 92
203 204
202 203
93 94
68 69
151 152
263 264
53 54
174 175
243 244
254 255
468 469
19 20
152 153
437 438
414 415
33 34
100 101
63 64
207 208
218 219
435 436
440 441
306 307
162 163
500 12
197 203
479 462
33 45
165 170
185 170
335 320
24 16
464 462
317 320
453 462
188 170
313 320
12 16
119 131
344 354
147 131
18 16
496 490
168 170
498 490
500 490
400 385
111 131
460 462
397 385
277 283
481 490
338 320
458 462
311 320
229 232
85 79
297 283
220 232
393 385
469 462
425 434
101 227
447 462
218 232
305 320
172 170
38 45
19 16
142 131
68 79
456 462
225 232
491 490
39 45
235 232
78 79
349 354
27 16
23 16
443 434
291 283
376 385
104 105
420 412
113 131
1 16
154 170
125 131
257 256
230 232
310 320
423 434
304 320
279 283
30 16
91 79
74 79
418 412
107 105
371 385
407 412
359 354
435 434
370 385
488 490
17 16
224 232
415 412
81 79
409 412
295 283
20 16
214 203
35 45
353 354
270 283
336 320
319 320
139 131
153 170
286 283
47 45
361 354
181 170
191 203
89 79
292 368
395 385
73 79
80 79
240 232
137 131
478 462
190 203
427 434
99 79
261 256
72 79
22 16
54 45
399 385
269 283
307 320
193 203
169 170
364 354
23 107
140 131
182 170
242 232
378 385
316 320
383 385
430 434
265 256
157 170
289 283
411 412
228 232
324 320
4 16
63 79
5 16
42 45
210 203
100 105
110 105
347 354
362 354
149 131
118 131
328 320
231 232
215 203
389 385
208 203
227 232
178 170
264 256
61 79
255 256
375 385
351 354
480 490
173 170
467 462
308 320
200 203
184 170
13 16
413 412
442 434
497 490
103 105
3 16
482 490
386 385
129 131
162 170
219 232
130 131
155 170
204 203
183 170
252 256
234 232
296 283
246 232
384 385
266 283
345 354
347 422
127 131
487 490
337 320
275 283
141 131
292 283
392 385
51 45
109 105
68 297
282 283
194 203
455 462
28 16
258 256
10 16
273 283
75 79
67 79
387 385
8 39
366 354
439 434
25 16
120 131
122 131
52 45
237 232
60 79
377 385
55 45
325 320
483 490
31 16
143 131
285 283
154 257
158 170
187 170
339 320
90 79
268 283
477 462
46 73
221 232
355 354
6 16
87 79
466 462
150 131
250 256
112 131
254 256
381 385
34 45
330 320
236 232
36 45
128 131
163 170
259 256
192 203
419 412
50 45
276 283
340 354
180 170
7 16
341 354
94 79
356 354
216 203
448 462
43 45
306 320
15 16
274 283
65 79
432 434
391 385
202 203
369 385
248 256
166 170
247 256
2 16
77 79
380 385
114 131
249 256
365 354
428 434
401 385
198 203
302 320
299 283
271 283
148 131
244 232
133 131
71 79
303 320
368 354
31 198
84 79
189 170
422 412
281 283
243 232
223 232
445 434
207 203
323 320
463 462
459 462
123 131
108 105
226 232
201 203
93 79
205 203
334 320
151 131
414 412
416 412
437 434
233 232
102 185
53 45
209 203
132 131
485 490
315 320
161 170
327 320
29 444
46 45
9 16
171 170
343 354
367 354
436 434
450 462
97 79
382 385
62 79
360 354
358 354
103 129
253 256
352 354
121 131
451 462
56 45
471 462
44 45
241 232
322 320
64 79
11 16
446 462
495 490
159 170
499 490
374 385
136 131
424 434
404 412
298 283
314 320
211 203
238 232
390 385
70 79
152 170
82 79
262 256
263 256
475 462
438 434
444 434
373 385
86 79
394 385
222 232
318 320
332 320
333 320
116 131
363 354
426 434
69 79
348 354
287 283
288 283
284 283
300 283
294 283
58 45
433 434
66 79
486 490
454 462
280 283
175 170
199 203
396 385
101 105
260 256
440 434
26 16
417 412
493 490
164 170
144 131
106 105
350 354
96 79
245 232
40 45
57 45
492 490
293 283
212 326
135 131
8 16
476 462
102 105
441 434
206 203
196 203
251 256
146 131
117 131
239 232
457 462
470 462
473 462
429 434
88 79
76 79
403 412
44 476
468 462
301 283
37 45
278 283
95 79
388 385
461 462
59 45
134 131
312 320
290 283
179 170
309 320
92 79
167 170
329 320
484 490
213 203
126 131
24 394
465 462
49 45
326 320
124 131
32 45
342 354
195 203
379 385
357 354
372 385
115 131
346 354
402 412
331 320
41 45
98 79
405 412
398 385
145 131
421 412
267 283
176 170
474 462
160 170
83 79
321 320
410 412
174 170
494 490
138 131
431 434
408 412
489 490
14 16
156 170
212 203
21 16
29 16
472 462
217 203
449 462
48 45
186 170
218 497
177 170
406 412
452 462
272 283
263 264
391 392
193 194
245 246
211 212
306 307
30 31
376 377
355 356
250 251
471 472
90 91
395 396
200 201
64 65
175 176
304 305
327 328
463 464
69 70
258 259
418 419
237 238
331 332
239 240
382 383
271 272
302 303
76 77
415 416
262 263
323 324
468 469
45 46
280 281
241 242
132 247
85 86
208 209
281 282
364 365
154 155
224 225
388 389
81 82
203 204
433 434
117 118
254 255
367 368
166 167
51 52
230 231
268 269
42 43
133 134
145 146
108 109
40 41
257 258
8 9
38 39
259 260
183 184
229 230
205 206
160 161
284 285
424 425
24 25
410 411
144 145
188 189
288 289
470 471
429 430
330 331
375 376
29 30
139 140
434 435
341 342
234 235
106 107
403 404
199 200
16 17
180 181
12 49
27 28
272 273
344 345
238 239
15 16
103 104
213 214
372 373
497 498
346 347
32 33
191 192
7 109
435 436
432 433
459 460
185 186
184 185
21 22
412 413
270 271
273 274
313 314
282 283
290 291
2 3
190 191
57 58
454 455
307 308
98 99
28 29
285 286
240 241
1 2
11 12
171 172
328 329
148 149
91 92
67 68
400 401
460 461
314 315
406 435
370 371
232 233
17 18
19 20
331 418
26 27
41 42
164 165
275 276
472 473
374 375
62 63
79 80
140 141
478 479
194 195
49 50
396 397
70 71
248 249
426 427
450 451
100 101
305 306
126 127
177 178
225 226
187 188
125 126
485 486
66 67
337 338
380 381
33 34
420 421
172 173
75 76
105 106
276 277
378 379
439 440
207 208
74 75
178 179
10 11
431 432
405 406
444 445
332 333
147 148
473 474
467 468
419 420
226 227
141 142
373 374
165 166
317 318
319 320
216 217
379 380
118 119
48 49
480 481
407 408
107 108
474 475
484 485
402 403
135 136
220 221
398 399
39 40
92 93
161 162
440 441
493 494
83 84
72 73
335 336
242 243
336 337
277 278
61 62
227 228
158 159
289 290
182 183
53 54
320 321
170 171
267 474
383 384
279 280
4 87
293 294
318 319
198 199
309 310
127 128
168 169
488 489
427 428
350 351
266 267
356 357
34 35
359 360
457 458
18 19
157 158
88 89
132 133
129 130
464 465
6 7
315 316
82 83
102 103
202 203
169 170
58 59
361 362
114 115
65 66
408 409
89 90
176 177
113 114
149 150
137 138
43 44
120 121
492 493
3 4
96 97
461 462
186 187
256 257
466 467
297 298
37 38
489 490
36 37
347 348
206 207
121 122
221 222
442 443
393 394
54 55
55 56
101 102
196 226
150 151
204 205
387 388
385 386
22 23
353 354
494 495
195 196
340 341
249 250
251 252
274 275
97 98
44 45
437 438
20 21
490 491
423 424
95 96
345 346
475 476
243 244
456 457
252 253
299 300
128 129
308 309
131 132
219 220
458 459
287 288
215 216
455 456
451 452
155 156
430 431
392 393
338 339
130 131
417 418
295 296
142 143
57 297
115 116
163 164
162 163
453 454
46 47
449 450
495 496
326 327
244 245
358 359
300 301
196 197
386 387
421 422
476 477
210 211
498 499
174 175
12 13
231 232
179 180
60 61
156 157
122 123
124 125
443 444
411 412
406 407
413 414
445 493
441 442
292 293
469 470
389 390
223 224
77 78
311 312
247 248
322 323
209 210
371 372
101 115
499 500
50 51
152 153
236 237
7 8
329 330
334 335
264 265
487 488
267 268
67 165
369 370
9 10
212 213
278 279
414 415
390 391
119 120
291 292
394 395
197 198
425 426
94 95
56 57
303 304
482 483
133 369
491 492
173 174
86 87
324 325
496 497
136 137
348 349
446 447
384 385
363 364
447 448
321 322
452 453
294 295
365 366
71 72
360 361
47 48
228 229
343 344
255 256
153 154
296 297
357 358
138 139
93 94
143 144
465 466
312 313
354 355
87 88
477 478
310 311
159 160
351 352
286 287
112 113
201 202
409 410
73 74
116 117
486 487
235 236
104 105
167 168
80 81
68 69
316 317
63 64
134 135
84 85
192 193
381 382
298 299
309 364
222 223
362 363
397 398
416 417
181 182
261 262
399 400
352 353
13 14
325 326
214 215
366 367
4 5
269 270
436 437
253 254
462 463
111 112
483 484
233 234
481 482
260 261
146 147
23 24
342 343
428 429
438 439
117 204
349 350
52 53
218 219
78 79
283 284
448 449
377 378
14 15
35 36
404 405
25 26
50 330
5 6
123 124
109 110
333 334
