19 1000
772556694678563 2475311 17327177 69308708 931733608
726612353803732 677623 6776230 60986070 976980533
155893371060598 6343477 12686954 76121724 933764361
65475205219902 4199121 16796484 67185936 879543046
885835198787094 2011318 6033954 18101862 847184881
646268524129522 4088715 8177430 24532290 887461727
218063045600780 6889758 13779516 96456612 881136357
644432388232560 3042438 30424380 91273140 845115066
523326004001100 8072005 16144010 48432030 839164087
316463921647237 3402529 10207587 51037935 754148719
863334452687096 4603996 13811988 96683916 824747227
948941361561792 5442293 10884586 54422930 944429755
771826635838755 465092 7906564 71159076 631442611
517631809313510 169526 22377432 67132296 911810720
884925773081286 3572482 7144964 64304676 669417331
770087584660016 694064 5552512 44420096 988178062
648713013228320 7150786 14301572 57206288 907651840
791748368524864 2915381 5830762 93292192 859296867
507373401603154 427151 1281453 14095983 939171632
625252849796645 173435 5723355 74403615 859660112
887008741935373 4682664 18730656 93653280 861143261
467321493933423 502233 11049126 66294756 895239181
16579807830429 16647 216411 59513025 916993433
348364376305344 782733 6261864 50094912 929985657
424325600839919 5724294 22897176 45794352 874065483
605501962683397 4240786 16963144 50889432 699524317
730263716629370 3156242 6312484 18937452 821287419
897601049458440 29597 10477338 83818704 931528007
444251943316697 529049 1587147 42852969 988660901
546805167355287 1224051 19584816 97924080 828921945
791784098168373 3895684 11687052 23374104 981563536
717877719450548 1412442 7062210 42373260 740475646
347748365034000 372250 5211500 36480500 893333875
161508366061779 2984677 14923385 59693540 954169273
138753656521064 2774450 22195600 44391200 897594513
888565877915170 887110 5322660 69194580 847542219
374871339831351 6507511 13015022 52060088 840214317
136002046273870 2049307 10246535 81972280 813262730
158922737644500 2405178 24051780 96207120 962427295
316827360975387 3842880 11528640 57643200 915145090
843399659377489 1379482 15174302 45522906 741343537
311662166254320 264887 1324435 15893220 960872813
914335760746759 940942 6586594 85625722 888889911
770539981076928 99744 27728832 55457664 830383958
245452107225061 2031353 4062706 28438942 781607330
365534710090416 4409203 8818406 44092030 751955692
596216245728480 704015 8448180 67585440 785127863
891065265352704 4872192 14616576 29233152 916729570
505792899290480 96827 22367037 89468148 632328386
430841518338456 415496 7894424 71049816 988419774
274438720566701 4614060 13842180 27684360 853586076
250628794866916 8889016 17778032 88890160 588339985
864950648003570 859050 13744800 41234400 891106677
14484234465288 19809 3526002 14104008 727809108
426032790884431 972705 1945410 81707220 984800047
72219208828173 2981427 8944281 71554248 878005290
621195372138143 828032 2484096 96879744 979212657
730231224334860 735348 19119048 95595240 962484930
138819143190775 2021608 8086432 56605024 913442807
503668737244020 538730 7003490 84041880 868994699
610122893489382 6535372 13070744 52282976 912649574
215933340427072 1933776 7735104 85086144 558869461
201167446771006 1531928 6127712 42893984 963601906
763309380785170 2597713 7793139 70138251 934525348
600859971643176 1793444 12554108 75324648 690051936
114994041320470 1551784 10862488 86899904 956699302
925355353740224 652069 1956207 89985522 956354681
117091008990739 134789 4852404 19409616 850592085
909701190851607 869899 2609697 26096970 902794959
394954746096991 2101880 8407520 50445120 912857783
25594938707983 1924827 9624135 67368945 984000267
127849990668000 1038300 8306400 91370400 945510775
950507504233685 4393480 8786960 87869600 960485406
476200871192353 4976956 9953912 59723472 966172673
594904730599209 2683741 8051223 72461007 713734704
143398278682728 237012 4266216 59727024 573803148
383099818872640 130411 2869042 65987966 831449694
604649030797266 601237 7816081 39080405 943785589
144111754468785 1796951 19766461 98832305 800949266
814534331455033 24648 19274736 57824208 936291856
105230955949145 552905 8846480 79618320 978761063
633833300704186 1066103 5330515 74627210 897387221
258854889875010 280267 14854151 44562453 911982581
516237084162682 5528421 27642105 82926315 932897836
366915150718983 2628720 15772320 94633920 920310727
779579867195961 451113 26164554 52329108 802182593
11057760947589 3479566 6959132 55673056 841985716
708189254851177 635723 8900122 80101098 867334011
305337542856510 316714 16469128 49407384 951718471
895643653213424 1008421 2016842 12101052 986686358
965243933388515 3898699 7797398 77973980 950358246
173988433086424 180364 5771648 75031424 936809409
159478372858201 5505614 11011228 99101052 962942944
945021034129792 870866 5225196 41801568 926899815
215140376053696 1081436 4325744 25954464 736977426
456626071159542 6234966 12469932 37409796 853762893
902637488284978 2657341 10629364 21258728 956305966
709086848972128 2398422 9593688 76749504 928423955
435938285312099 4143150 8286300 58004100 918453084
54030796652097 2132139 4264278 85285560 681634363
315963816763676 2935472 5870944 17612832 703275108
374271955995334 5063053 20252212 60756636 800852455
60063020483400 4910070 9820140 49100700 979915843
469391586043380 1998276 3996552 75934488 770476645
329846038832385 5447528 10895056 65370336 955301652
634972094361396 714511 14290220 28580440 768092754
182812260182416 2572418 15434508 77172540 693813865
217694191873363 2691374 16148244 96889464 930521459
594341064023312 6459893 12919786 51679144 698384165
929410435434255 1930517 5791551 52123959 922160016
899755356157400 716600 1433200 88858400 637920397
680977579396476 409495 8599395 68795160 953479213
918306908817432 337791 15876177 63504708 773510182
174607872240161 1697851 13582808 27165616 734018624
667198384391080 1555154 6220616 55985544 956707433
253658256401135 342031 6840620 47884340 709833156
329232870834154 5421206 21684824 86739296 755562544
844923816629869 1131020 6786120 33930600 944066330
956798086931484 2425066 4850132 43651188 842586429
955625393057962 1373669 10989352 21978704 652193702
691736458728894 1080146 12961752 90732264 977680322
255313044438037 1887472 15099776 60399104 908463959
944412954411562 432228 12102384 72614304 799811278
265190873535075 4037437 12112311 60561555 946953313
128620345530300 994865 25866490 51732980 649090742
399668335131807 3410139 10230417 71612919 524239876
131204990882679 134421 15189573 91137438 968835431
721882360514630 1148047 13776564 41329692 963264773
757662101255212 2620764 7862292 55036044 675045617
205902154177043 3937654 15750616 78753080 879907502
828784187912550 1216848 4867392 9734784 961819608
65292679628022 294679 14439271 43317813 812517094
356733328172590 368110 21350380 42700760 960739303
557010570395505 306305 918915 5513490 924360020
54264310103359 4054336 16217344 81086720 656668118
993150364529472 2859596 11438384 45753536 624917835
514250454862400 1654160 8270800 49624800 920590154
264716066365744 1539622 29252818 58505636 981534893
389328179605580 1926488 7705952 61647616 924305964
493256998757641 2291125 9164500 45822500 902893558
411581076865959 1371531 15086841 45260523 963253582
216426289180343 8796751 17593502 87967510 761169605
151221704390728 5132477 25662385 51324770 846452789
156213601012823 4983208 19932832 79731328 923133506
562584037120672 584332 14023968 70119840 853562049
323248310168379 425704 3831336 30650688 872151566
18876109063106 455312 1821248 56458688 864137623
369524635246984 3353396 20120376 60361128 851124642
832128902393160 3668840 18344200 91721000 851033961
734096663508196 2234173 11170865 67025190 681018268
434445120408277 521741 2608705 5217410 749414056
157037004097767 114563 572815 16038820 972966569
901611843473736 2354724 14128344 84770064 958303332
841224339230505 2021781 12130686 97045488 664522424
943873967506893 4320657 8641314 34565256 878192224
307112420753545 1083753 29261331 58522662 973216601
489425469396944 7939841 15879682 79398410 833783881
867122277668570 858655 11162515 66975090 945125588
807879135809212 6486712 12973424 77840544 789134394
828959071467300 4322575 8645150 60516050 707958981
654640929041263 931604 2794812 92228796 806648428
651114347970582 5225871 20903484 41806968 982243834
532175518447872 425507 22126364 88505456 772554961
536271179754184 412328 1236984 17317776 898026961
70900644567200 1742212 12195484 85368388 909352398
593246921476840 3255280 19531680 78126720 958651516
263544621149806 1527536 4582608 68739120 973096892
769794746002485 3049669 18298014 36596028 979169742
157094631113552 1726071 5178213 93207834 830034023
262200880193876 2232255 8929020 98219220 902173017
586538213860637 3495720 10487160 62922960 967955418
927406074912340 1785506 5356518 32139108 982332791
72011013345986 1952975 23435700 93742800 956881561
308253420188532 343676 2062056 16496448 766124489
954068268760500 3507396 7014792 14029584 808216339
230108470657226 9979843 29939529 89818587 856997121
384545099889957 1216487 2432974 38927584 883119037
366503261709961 776623 5436361 48927249 742613575
413022286576900 460577 16120195 80600975 951946954
541667039066287 1896018 15168144 60672576 987476193
630807097105822 8888184 17776368 53329104 993978176
182025481784253 1367080 6835400 13670800 935711349
400131544190097 824211 1648422 70882146 963587793
707675074542128 4085796 8171592 24514776 827310402
780759040078080 1234280 8639960 25919880 974683632
473676302523510 1395035 4185105 54406365 827651715
535396530927300 175205 1051230 98815620 924795265
573339373824128 1415158 7075790 42454740 960386547
500917214528320 5417860 10835720 86685760 973068608
81714336134040 10788482 21576964 43153928 968467183
791058540414841 1795310 12567170 50268680 891987772
935161408549513 2688395 13441975 80651850 967734190
702770720578836 1304198 3912594 50863722 950182427
173675098958623 6816190 20448570 40897140 975702470
825001885656817 4075985 12227955 36683865 682723620
686455330439401 1003790 4015160 80303200 915237138
294469436931362 411089 2877623 17265738 757641338
916585102751334 5336363 10672726 53363630 975073822
308494669599315 1837211 9186055 82674495 864604149
356254407841571 9532534 19065068 76260272 809148558
100541053853334 4310317 8620634 17241268 737553113
405426078435360 1303508 6517540 19552620 955175839
389965333033025 2387737 4775474 42979266 754946283
434107411503529 3972740 19863700 79454800 944716681
473892610346262 644034 21253122 85012488 719094933
530809907749022 2050087 6150261 98404176 888780992
750509706598278 6672397 13344794 66723970 812926768
886084943700822 4761838 19047352 57142056 999256239
936783449611725 2064096 4128192 82563840 976369014
478333063941747 1481060 8886360 71090880 909368125
162041284038129 165603 12420225 24840450 971940619
602669181667187 5322469 10644938 21289876 926238531
416220089638372 2553108 10212432 81699456 916826262
910408976317661 3945224 11835672 94685376 973128855
479255672336389 2019744 8078976 88868736 899016626
345106639793910 3512923 21077538 63232614 847769052
48055070075234 1976774 13837418 83024508 867240302
188937603049240 6977810 13955620 27911240 978823286
363706447288076 9472431 18944862 56834586 948515682
470185562511964 207448 6638336 92936704 909184145
925941691528910 891038 9801418 29404254 976191730
479853952671088 9066818 18133636 36267272 950645706
878436760573204 3337469 20024814 40049628 960672986
752734429255094 992914 11914968 59574840 707565634
571876445943518 2255142 11275710 90205680 963872784
365654036636453 407051 21573703 43147406 889823038
518533434494171 2796610 13983050 69915250 775808330
918728567257779 5648461 33890766 67781532 762738722
283689743298655 4708637 9417274 37669096 943528975
141127198355857 5719061 22876244 91504976 819820021
738741708116884 4394118 8788236 70305888 803549923
920770713064214 449147 7186352 14372704 933979910
618801056472191 794054 1588108 12704864 942865623
602130045452680 522524 3135144 25081152 984295880
245787014323479 277741 20552834 41105668 878968997
459611744540583 812667 14628006 58512024 841229318
631417370076838 2094013 6282039 62820390 966924216
374578588934637 5176158 20704632 62113896 902338858
210267042017532 331718 9619822 67338754 615137761
981813876519955 823310 19759440 39518880 944162451
750376738938179 6799349 20398047 40796094 912369283
503833583171350 375789 2254734 40585212 995019016
952470376264518 1739188 3478376 38262136 954261290
938026972589103 8814473 17628946 35257892 809712912
989810768138400 4146825 16587300 49761900 815066058
776182744485917 6823075 13646150 68230750 883060621
162412542506124 174978 8048988 24146964 914728652
837877139441376 2883174 14415870 72079350 550606098
15848568085210 18046 16927148 84635740 875156647
73066210437807 1731621 15584589 46753767 901973894
137128544724821 4525370 13576110 40728330 824992580
238293018405090 3585390 14341560 43024680 902573785
422658127375616 4627216 9254432 46272160 811462265
531686288760753 2202247 15415729 30831458 982690823
948467794190730 3292782 16463910 82319550 936582719
314777752948440 1960319 19603190 58809570 921676723
737605732867128 6324639 12649278 63246390 918750976
349331304439770 2488257 9953028 29859084 892178837
700236533933871 3576177 21457062 64371186 881768240
409498244718695 387167 1548668 26327356 808812093
969935311109288 1111017 8888136 53328816 967560327
466758185196660 1889699 18896990 56690970 943976658
180731767525541 1642342 3284684 82117100 914971880
821027193590265 5078290 15234870 91409220 987514957
474802510114228 6746959 20240877 80963508 812047007
65716155643500 6480324 12960648 77763888 937610586
133928268994380 892794 2678382 88386606 978312612
917504399579557 1928454 9642270 48211350 990684904
24559365237600 5228957 10457914 52289570 806828759
590588981040582 862349 19834027 59502081 670197031
404099872827045 2764822 27648220 82944660 897993544
759380119092144 6891 20335341 40670682 877625877
825478801932700 3370923 10112769 50563845 981017613
646580895894620 5133020 15399060 92394360 972184923
467970680722478 5704906 17114718 34229436 949012898
435862964399067 4972502 14917506 44752518 651713029
826179551638139 1372327 10978616 43914464 902389314
40117960470127 3326649 6653298 59879682 755059101
264730163967300 536210 5362100 91155700 857217414
896905917288860 2667918 5335836 80037540 822587241
668275414117330 5705041 17115123 51345369 707615642
374631448126428 3207658 9622974 19245948 995907199
100596448864223 3569509 7139018 28556072 999453906
742866393709800 559980 5039820 50398200 966915992
458819959125844 236830 27945940 83837820 981205709
288820156972304 283384 3117224 99751168 929416951
59604739306880 66701 11939479 35818437 890236389
408474449563000 165675 7952400 87476400 853127743
173533072349864 1506325 12050600 36151800 776905646
108364115558709 118191 827337 22338099 790708401
805682776542494 3580641 25064487 50128974 794767523
541240662241613 891251 12477514 99820112 982466021
256257412561800 960084 4800420 14401260 682702745
449461392680469 2131724 8526896 17053792 935377290
626879771286900 10079409 20158818 80635272 902785414
245937994730185 6368901 19106703 38213406 812517775
880215802867568 8039743 24119229 72357687 900233337
37479452528550 1504245 3008490 60169800 959646294
921878462269448 4297894 8595788 85957880 928687466
50609094773565 768047 5376329 59139619 913959920
838846446301142 2262643 6787929 40727574 752943383
141180447128766 2721526 8164578 48987468 906985072
853306938576375 1978395 3956790 51438270 901964811
922495046771059 1803233 5409699 10819398 760381434
199583453154089 1249703 27493466 82480398 982053978
684695945081362 6033550 12067100 24134200 822982096
203430645648128 895953 28670496 86011488 553237838
798064848904340 2064883 10324415 41297660 939606715
541490450127156 1049656 16794496 33588992 623564447
330075419231639 8950462 17900924 71603696 940255232
69489283489818 951832 3807328 83761216 945394822
675496819553184 811472 35704768 71409536 822973339
736978639745919 13047129 26094258 52188516 823412511
37157269015710 1636533 9819198 19638396 979046765
511229554806876 1814494 3628988 25402916 803353498
456775449274694 3713933 14855732 29711464 815863362
736359036295585 4438384 8876768 17753536 833504449
767857657540348 1874287 9371435 93714350 885071552
821903095629284 9055306 27165918 81497754 979738765
353586413489650 326815 3921780 43139580 999952979
589995940815107 3672905 22037430 66112290 996817789
114782039220240 6472467 19417401 58252203 847103860
881453000435595 886043 10632516 42530064 932642757
948313809873720 5035080 15105240 60420960 979131338
920855341868958 1110429 13325148 26650296 794725499
692006782987980 19849 23421820 70265460 994639521
894265382928320 3403360 6806720 47647040 809331336
79645636982160 116440 7801480 39007400 832035269
366262492700100 343892 2751136 79782944 936505174
252907065000030 10496935 20993870 41987740 653987214
534636960050544 416496 1665984 44981568 974626068
242746236307051 290309 14515450 87092700 822222605
969838402242064 3913760 11741280 82188960 975268084
692285355859275 619525 3717150 70625850 941005031
345038622268483 1793424 16140816 80704080 933502010
605411160164449 2029073 10145365 50726825 919614819
693014006648610 1044566 24025018 48050036 649023794
418153984934724 438822 12287016 36861048 930211124
721073089474225 1835107 7340428 44042568 834201826
239245820458182 266814 14674770 58699080 884441347
960745798933560 3067485 18404910 73619640 899132944
539783294634880 2826602 5653204 90451264 834923813
850670102991854 1934260 11605560 69633360 705659392
282582809941440 732034 11712544 23425088 913055373
567423694193979 3212100 12848400 38545200 938658761
893691393164520 4030034 12090102 60450510 790140141
523852722790320 717220 5020540 15061620 967440911
624390249749956 3274665 16373325 65493300 719630886
2163807996401 4374557 8749114 61243798 983580196
322867804343432 352619 7404999 88859988 850510475
532283491602881 4088456 32707648 98122944 973573366
221047702339885 1349335 6746675 13493350 952677665
888428007884998 821213 8212130 98545560 982678520
667769905331794 3355965 10067895 50339475 934994125
596548386163510 2593690 15562140 77810700 765868049
70307768830704 2195401 30735614 92206842 995770746
144953498119255 5307215 21228860 63686580 611595341
125476527646749 3023680 6047360 72568320 821342738
950430120477981 1853537 5560611 27803055 915499059
457731888039471 5477082 16431246 98587476 752227653
751415593052160 614336 11058048 55290240 865487434
684978684655397 662687 11265679 33797037 993103466
453970150455176 4576336 9152672 82374048 937138913
470100121710919 1021094 2042188 69434392 746895999
899835452708887 2075385 12452310 49809240 950107843
221936169319634 2957251 5914502 41401514 948256037
747451957918092 535177 3746239 7492478 937438198
790785562598851 2191189 4382378 78882804 827407746
28943098830545 2276070 11380350 45521400 948432590
909148289174729 3041104 9123312 27369936 815747617
690448394466505 4557251 9114502 18229004 795780998
97228229117760 110916 27285336 54570672 874766294
944986321329750 34041 851025 12765375 833880223
555765739453341 2198615 4397230 17588920 887801794
358841568817400 6299518 12599036 50396144 878885140
368475273134207 2127306 4254612 34036896 931622877
530594105614549 4621767 9243534 27730602 960760813
599878932360540 2537345 5074690 76120350 986051294
69108231863964 1820209 10921254 21842508 992984121
592745624741331 1635519 3271038 65420760 799179521
959223516833920 1425944 4277832 72723144 655895408
893953161260950 7789775 15579550 93477300 752652797
300231482281489 4098760 12296280 73777680 889682268
83996869450518 640791 1922373 78817293 942901446
267638447914684 1063337 14886718 59546872 656003103
264034633185578 3075629 12302516 73815096 817986557
173274970328402 1028544 5142720 77140800 887693275
586211749675487 1567573 4702719 75243504 897389405
775298415157608 2937439 20562073 82248292 950989387
23140874294785 2829880 5659760 45278080 892274034
686637769758098 686146 17839796 89198980 969924714
864762092124816 1767884 7071536 99001504 943444812
913466662121958 1641322 4923966 34467762 989729581
926245835660111 2035479 4070958 36638622 922024475
907501712175281 5578430 11156860 89254880 881659522
653877750192891 697342 3486710 62760780 861013446
467826111731152 8332729 16665458 49996374 945681073
318698304404480 1617616 16176160 64704640 972068307
973931791074000 404850 1619400 9716400 935801182
199013975885575 5606420 11212840 33638520 939989606
822377553924144 4723252 9446504 94465040 956763802
552900276667507 21013 672416 11431072 989117499
815882847808932 11060408 33181224 66362448 991302410
59090324897804 1573442 3146884 53497028 959877145
666391743725183 636089 2544356 61064544 937738378
853441309438646 2077323 4154646 45701106 846697029
421383792077740 612155 11630945 23261890 960039547
55812686266457 7407527 14815054 29630108 981886051
254513932209864 9557745 28673235 86019705 763718759
407831322428772 184987 8139428 73254852 916546426
451644047278368 3143084 9429252 75434016 901927452
434665902618000 2673666 13368330 53473320 757523938
439794670462400 871354 8713540 87135400 832938234
88139749383771 3565164 10695492 42781968 850087018
599965460692462 629798 1259596 32749496 895442611
260783648267585 135055 270110 68878050 969251411
576658071292952 1327957 14607527 73037635 889121009
108580588173182 1156800 3470400 62467200 770648962
366550796106178 1374604 9622228 28866684 935307064
793533921799852 4136044 8272088 41360440 973007088
730154916878053 2562207 7686621 15373242 849501607
596125154640390 3716241 7432482 37162410 961390595
797691433170946 1136060 3408180 57939060 941468378
19577197711411 20507 7197957 35989785 950376405
318175758663977 3577539 17887695 89438475 689319708
400474972654356 4923413 19693652 39387304 863584676
196225243814777 1123187 2246374 62898472 949465841
48410673447936 4906149 9812298 49061490 859950759
202085155392485 5973262 11946524 95572192 859482320
302957418929661 3916162 11748486 58742430 908875691
191515729088552 287804 8058512 80585120 644045441
25844431164480 25152 402432 53121024 963297867
692171304984978 761943 18286632 54859896 883194704
804300074979163 612367 8573138 68585104 989654733
657550346882918 608774 3652644 43831728 915103724
883680089062684 736298 3681490 40496390 981953498
465987030488344 4824311 14472933 57891732 791991505
213453833378435 1993451 23921412 47842824 978971712
711609958449390 4772911 9545822 66820754 743879443
3827815980520 3626 1649830 6599320 991799688
528107197887084 3970508 7941016 23823048 882785802
941615748277378 4704476 9408952 84680568 740487703
11961238797480 3628114 10884342 54421710 928760559
499881404162845 1687972 8439860 42199300 979062714
586761164050899 5305868 21223472 42446944 893742700
610900987663604 701056 1402112 39259136 893742923
708843755509598 64373 17573829 35147658 896025276
524759066679211 4729333 14187999 85127994 721018205
162476878554060 194313 4469199 44691990 803431291
459194695652898 3044703 18268218 36536436 752335465
412730469040906 1871305 3742610 14970440 989863274
257028033268291 3731196 11193588 89548704 792402288
798515647835091 3406387 13625548 95378836 823597461
761614385988209 846751 16088269 64353076 863948981
934741662220716 4843586 9687172 58123032 881172275
438380948785512 4496109 13488327 80929962 959503014
379139179018394 3345093 20070558 80282232 907244229
144635043339242 3059797 12239188 24478376 778982723
533072746063152 10727034 21454068 85816272 948429638
983539972488920 4784714 9569428 86124852 889526233
286500286458671 1133868 3401604 68032080 799274056
771268951651294 844119 4220595 33764760 856373769
923253601299810 388551 9325224 37300896 851198716
698062192001261 1003059 2006118 86263074 891199172
427300602973078 469561 15495513 61982052 889316052
600884050382712 2563452 12817260 51269040 740006778
519904865231700 572910 12031110 24062220 885873019
837939483924939 557491 14494766 72473830 995178896
416550037572448 637426 3187130 79678250 892262338
678243194888532 652639 9789585 88106265 977647641
902721452567112 1235919 7415514 14831028 984305758
579324463084051 1948201 3896402 77928040 862186522
759428687503787 4459213 13377639 26755278 764152210
114766395231289 1113043 2226086 53426064 815137163
597991331710212 798116 15164204 60656816 914600509
337473273353782 1294263 10354104 93186936 969203238
660064609943627 1597144 7985720 15971440 907077329
495740897404992 2498343 9993372 29980116 826526540
152595921798943 3581572 17907860 71631440 890663643
479232267833270 8565620 17131240 51393720 885034522
730556298883911 4699044 18796176 37592352 766460035
596307961042548 2034947 8139788 97677456 963234559
649537003682848 401675 1606700 12853600 799477143
316810986467160 32376 1942560 56334240 932554694
716548158734898 1068277 26706925 80120775 652864516
315555243707282 4358471 13075413 91527891 878384653
600140465120196 953082 10483902 52419510 723932148
213411909545050 257350 7463150 89557800 803042545
775742999353740 1192896 10736064 75152448 897433202
179477775332931 2988031 23904248 95616992 732190964
935830546126679 6542663 19627989 78511956 910160119
471533624805230 1235270 27175940 54351880 758958667
302752702347419 4822306 24111530 48223060 826090210
613622820949140 7978907 15957814 63831256 751831201
667720494706772 773708 5415956 92071252 746977021
472798550799384 2090073 20900730 41801460 864415806
965505972556800 1209240 12092400 96739200 895347167
561594108367908 533062 3198372 9595116 936465725
31897620174717 786378 14941182 59764728 925490320
308707893571000 4694264 9388528 65719696 736309931
155012362313052 8770931 17541862 35083724 977471823
516768933086248 566318 6795816 54366528 845969659
512766939888000 1903950 11423700 57118500 855751713
951219996211056 1256772 27648984 55297968 739673526
788362830995687 5899979 23599916 70799748 690100287
701402367436476 2572028 7716084 46296504 932137026
267793235118504 298296 28338120 85014360 891436526
359978451083810 368362 9577412 47887060 947171703
811607432702640 575852 24185784 48371568 601395968
4003808505732 4347 2564730 53859330 874507721
233226509098834 2896297 31859267 95577801 969051437
123930678688645 4247912 12743736 89206152 824793378
433441889229650 485050 21342200 42684400 883446081
186729829424391 4418605 13255815 66279075 687113310
321900995992032 313146 3757752 75155040 946577110
511193036088673 180267 1982937 89232165 844789019
825890263969126 6015914 12031828 24063656 953872978
501534911619156 493166 4931660 9863320 966120499
201608560224136 2307855 6923565 62312085 834542473
883996330773297 930363 6512541 39075246 837047935
46118524249675 5322155 21288620 85154480 819785987
363381838503439 1715089 5145267 20581068 969089974
336295129497810 779730 8577030 60039210 996283702
837547355351301 1624133 27610261 82830783 912738306
402066687531090 1552667 20184671 40369342 828486837
984466953670788 988956 21757032 43514064 972836010
639056996727552 364416 3279744 88553088 988922756
30646403739228 47444 5456060 10912120 642980632
677632893036840 5961870 11923740 23847480 970430975
835479498644943 6873758 34368790 68737580 900939536
5674952300288 5696 15174144 91044864 971096005
241848616136396 2525978 17681846 88409230 944673727
43777825084240 180132 1080792 27019800 849629338
845447205317556 2757223 8271669 24815007 968318703
872487491217357 1780935 5342805 42742440 771389726
360116565679888 472552 6615728 79388736 712169691
814262360090874 56517 29671425 89014275 687001312
932152629042864 1233379 4933516 24667580 809618136
238329779030187 29851 597020 60299020 731183024
651877481818530 554674 3328044 99841320 985898466
789093984340784 3314237 6628474 66284740 820175845
451621215249792 3042668 21298676 85194704 983901625
919688775529188 1065876 6395256 12790512 790943268
61833746379152 178663 1965293 56993497 889774611
62849760734400 1899984 18999840 94999200 838117770
754638767594192 414672 1658688 87910464 741422655
533023946813166 10109353 20218706 80874824 967163973
667863976604062 3568288 28546304 57092608 879051705
557692299454204 1582724 12661792 25323584 984776578
33737776236076 8260891 16521782 33043564 773575360
348811144629545 1595828 19149936 76599744 950374709
438507322604240 902985 1805970 28895520 939614670
61214140677573 1839024 31263408 62526816 869810207
910456736961597 2660373 13301865 53207460 932887137
151036372397421 150157 1801884 30632028 926948930
233741304016126 4393899 8787798 79090182 998203235
948219047682153 3630561 10891683 54458415 711064477
837961644864792 7032408 21097224 42194448 949596797
13239072474610 1810848 10865088 97785792 784412671
369196017183398 1591817 12734536 63672680 932214088
998965334247910 1376306 34407650 68815300 927056287
818308940969683 1801001 10806006 21612012 860870609
892951864792477 7965484 15930968 95585808 812884508
263243124835915 64395 2833380 31167180 805351149
405215703519153 6488625 19465875 38931750 898677781
301834174378200 5180333 20721332 41442664 912156796
272056997904013 1416932 14169320 56677280 886916644
476314429802490 1963386 9816930 68718510 971303688
579512074778608 167306 12715256 76291536 977757979
426599595519048 30473 23037588 46075176 840817341
64275304952628 4275646 8551292 25653876 997177638
423284134791992 4344551 13033653 52134612 849101794
733225694286378 1850568 11103408 33310224 874421538
94218058580040 96310 5585980 39101860 963736425
455180704931189 3239040 19434240 58302720 983353308
621538623209381 2780865 13904325 69521625 687386235
688343937270271 772025 17756575 35513150 890807304
446953065850566 1698387 6793548 54348384 995109216
287150065639494 1595668 6382672 25530688 917979187
602572605223103 6001630 12003260 36009780 655224058
844520600342322 4225371 21126855 42253710 677548294
981494980819452 5596836 16790508 67162032 750699725
551735008453278 4435938 8871876 44359380 773171354
812541382469496 8642524 17285048 34570096 745060361
530577737354849 2340208 14041248 56164992 976461838
39768844689000 953725 2861175 14305875 997069619
490872395408482 478711 8616798 60317586 976573538
689120657958690 1750493 8752465 78772185 903019418
676115782022445 3451266 10353798 41415192 907557200
742193099415964 5347322 16041966 80209830 805666907
44787450900172 4346485 13039455 78236730 874318889
590122684952371 6987620 20962860 62888580 882933523
781924020799825 971825 6802775 74830525 700100585
336411015077752 237844 713532 82769712 947008916
350084870981520 2878634 14393170 57572680 858444133
390031358617673 402863 18531698 74126792 952360550
835119970997170 7174756 14349512 86097072 998319999
37868224898326 1989369 3978738 43766118 901257985
81438896787509 107717 24020891 72062673 753717071
884106957448897 176941 13447516 80685096 667474325
672453456960447 2224650 8898600 35594400 843603709
493537095828980 342146 1026438 45163272 972574702
762791651232048 731376 13164768 78988608 994669262
864974440624008 1254347 27595634 82786902 836453945
805876887137256 3797112 11391336 34174008 951708235
877996670841081 2505253 20042024 80168096 823030198
313191180059408 352072 15843240 31686480 879678699
27013615495079 3845953 19229765 38459530 786781737
463330486758098 3172474 9517422 76139376 978702844
52555425963678 3450276 6900552 69005520 950054174
138128267159164 716162 15755564 63022256 818246833
536880901889555 3570881 7141762 42850572 962596002
265140122053440 276060 9938160 89443440 936727895
725246479267570 800930 7208370 36041850 825015544
756948356004960 229410 8258760 74328840 827352207
823543353883221 806259 16125180 80625900 980580121
608522932345527 1682076 11774532 47098128 796045965
72413047598470 1930085 7720340 77203400 649784949
743019221880430 8798821 17597642 52792926 769126033
530315161806210 974301 21434622 64303866 893099069
686287132423200 1272915 22912470 91649880 957170496
79994569431323 1025725 8205800 90263800 963000805
319206477032898 2043590 4087180 61307700 975997210
350428641816288 1742181 13937448 55749792 923507409
158856077073126 3368637 13474548 67372740 918081396
483680929175528 578857 2315428 16207996 942067105
912366693345328 4859623 19438492 77753968 794319811
510932352678405 353924 27959996 83879988 831407613
193157561457632 251248 7034944 63314496 744379796
932909577970235 3004237 12016948 84118636 774714596
3654426951759 468215 11705375 46821500 955212169
689576480418694 555892 23903356 95613424 882799481
552427514116965 5011251 10022502 50112510 889957222
114959919736449 6518879 19556637 97783185 938512010
966904375490370 5969518 11939036 35817108 693714506
861010887232320 8541734 17083468 51250404 925712352
57325358062170 57783 14387967 71939835 988780475
778023399200026 1011269 12135228 84946596 676305166
536753517368925 1206309 32570343 65140686 890467191
752019817666886 2672064 5344128 80161920 839187547
133613157102040 173140 3462800 13851200 742754816
492963809647099 1729139 8645695 77811255 836005490
32771461323135 4178219 8356438 41782190 927468548
422102569069638 432899 20346253 61038759 962931974
80785389350823 5936075 29680375 89041125 957774728
999597284998406 1555303 7776515 62212120 899729061
318453896333240 499921 19996840 59990520 901062137
273292742375748 282798 14705496 29410992 957093627
126083396249309 602961 5426649 10853298 963449163
412772164783866 458685 7797645 23392935 965215124
220495751003986 6921330 13842660 27685320 995651477
527886919181952 2601024 7803072 62424576 919639293
949158299964820 1006610 3019830 27178470 663540085
494191959263886 4653452 13960356 97722492 931935358
299686127613823 551211 21497229 85988916 761747235
104762666423022 103294 4958112 69413568 994559551
522735661504756 1753567 29810639 59621278 687338133
482651886293397 479799 12474774 99798192 972088293
501988038353087 516403 16008493 64033972 948564136
695523877854660 2112167 10560835 63365010 939945586
773179168637870 878303 17566060 52698180 850965448
603083650353 4713275 9426550 28279650 753051547
239283318837398 3636033 10908099 43632396 799752991
504718854503753 3188203 25505624 51011248 877404795
262693167034246 2699239 8097717 16195434 935929553
865248890275334 2273739 18189912 54569736 747908121
985794590787195 1516505 10615535 53077675 985928711
930372859177805 1090122 22892562 45785124 938644825
637348661924431 7356007 14712014 88272084 899920641
179466655795564 4844899 9689798 19379596 788489356
187723802150832 489077 2934462 96837246 941159986
67979068598064 1508268 3016536 15082680 987743509
570526245586789 1370429 27408580 82225740 900868371
17836962597329 1604565 9627390 77019120 835694364
464604876468578 8195727 16391454 98348724 742057061
185316826002977 979274 2937822 47005152 994902549
587802861995149 1964623 5893869 64832559 984174407
353178812955858 4186024 8372048 75348432 855693338
31355415670679 2089135 8356540 25069620 973959738
708954135164928 133632 12561408 37684224 973148619
850926480870873 1639672 32793440 98380320 765782217
954012023085660 869860 5219160 31314960 944416057
962971755576255 237969 16895799 84478995 981470535
206750117389844 2124349 4248698 46735678 622744667
984677287749161 2450851 4901702 29410212 995322115
263963606951800 1015571 5077855 10155710 958922781
620060832868990 8308184 24924552 74773656 832053577
618884577323020 8121809 16243618 48730854 791180269
905243826131700 2657985 10631940 95687460 915188563
268921409009526 570533 2852665 82727285 846836110
712322493599846 769184 23075520 46151040 792450911
743042145903456 648214 1944642 66117828 697875007
960618779685625 2046629 22512919 45025838 849403717
964785186098866 684889 1369778 91775126 976082196
429059195800683 1385677 8314062 74826558 792974526
110407263855992 120412 8188016 32752064 906751237
981737923669657 2051564 4103128 12309384 998777991
857756551984640 2345882 4691764 93835280 991958759
245007274930145 247961 11406206 91249648 969283838
864804867350336 1306251 20900016 41800032 757950201
872144111732850 856235 2568705 84767265 923872606
283677010984008 3015933 18095598 36191196 897843645
159720312853138 3514141 14056564 56226256 946838874
189180676868946 1815387 3630774 61723158 939859895
953995031592344 4123136 32985088 98955264 694541799
867289534030693 1935450 3870900 19354500 869491811
899523147429663 1092129 4368516 69896256 897021480
789948354057099 781401 9376812 65637684 938727311
389585557037206 1384834 6924170 27696680 915822840
307989632836843 316907 21866583 65599749 962462187
96054897654774 3401633 6803266 20409798 940055806
126016281645859 2222127 4444254 53331048 998280454
610871568338706 3303715 6607430 66074300 652024055
181006921525472 357154 6785926 27143704 683725401
71689137773404 950546 14258190 85549140 906698869
13071378398506 9832425 19664850 78659400 990849660
643086618784120 4108091 24648546 49297092 900764118
284052075149640 167746 2516190 30194280 830749253
406455689348691 174471 11340615 79384305 747059517
952381608298150 2994292 14971460 59885840 970930815
658257084749250 3653250 18266250 54798750 985057363
562608402069202 1978320 7913280 31653120 946056122
628680766098224 709552 24124768 48249536 872993850
697755924379310 3213644 6427288 38563728 910305110
655555932083750 2049848 4099696 81993920 925911469
855704966363266 962951 8666559 25999677 838712610
82182568503019 1622810 3245620 64912400 955606088
999357734547728 884944 3539776 84954624 858730375
585111350486389 4699635 9399270 75194160 969617110
828477424050726 3114413 9343239 18686478 869133740
461741374752588 475588 10938524 32815572 942739835
738742970028112 676121 4056726 73021068 920632072
329059152057842 2191205 13147230 39441690 862039316
110860563501530 6468474 12936948 77621688 791324513
185295421482825 6320616 12641232 37923696 930335841
179670466233252 9808467 19616934 58850802 941353199
769839346140409 6568181 19704543 39409086 914700779
823911335665720 10587887 21175774 84703096 860448932
678890081890686 2958985 14794925 59179700 940964127
655728069314291 2316897 4633794 9267588 825733872
167017849926541 4380780 8761560 26284680 958174369
84388284821970 80214 1122996 86470692 977815704
493432608814672 1244566 4978264 29869584 858815807
983640027210577 2892725 8678175 43390875 839392568
573607059000300 2315898 11579490 57897450 871452793
734502678459010 1720286 5160858 77412870 711175714
121167836097588 2415110 12075550 48302200 994884107
660396701688582 153568 18274592 54823776 798185886
725390484307758 10514494 21028988 42057976 992775669
905948774855068 978124 5868744 46949952 791137818
807523750846053 1755059 21060708 63182124 780163361
145061192396248 2595190 10380760 93426840 932805862
561171434472925 2232810 22328100 66984300 911892751
823628123362910 2807932 22463456 44926912 932850022
915157649204368 1615501 6462004 38772024 905117871
441686267225965 5180405 25902025 51804050 871441147
76884724753546 65533 24116144 96464576 857773691
721155633487023 2918144 11672576 58362880 787398825
192995744721538 6024060 36144360 72288720 660039424
740057516749296 946032 4730160 80412720 635023419
7820824037306 4979467 29876802 89630406 823591550
583120504372769 1664904 4994712 89904816 745610212
210971166131880 1635227 6540908 39245448 841909667
227007768930544 3298852 23091964 69275892 725633690
771881756312255 633366 1266732 53202744 803687644
419895479545683 1236604 4946416 44517744 752210692
317538921862080 404340 6469440 32347200 805836768
489468384928876 2717102 8151306 65210448 832369557
909547757639304 2238367 6715101 53720808 684737574
885958142049802 4043245 28302715 56605430 918295795
18207488785676 1367870 10942960 76600720 983423945
809872237990868 2968703 8906109 35624436 914141407
53834729650782 466409 7928953 23786859 974540128
204716622770020 187420 937100 1874200 983049484
79293794820347 4053236 8106472 72958248 856876149
72750993310327 108049 20421261 61263783 670937350
77095991683207 52861 158583 34253928 974519131
664569457471715 2344788 9379152 28137456 998050955
51551540163487 2225121 4450242 13350726 868963700
298918888646330 1677672 20132064 60396192 737159106
521732451864636 1806046 10836276 75853932 979322157
271625350004575 1700435 3400870 34008700 600284385
951736220875304 3178656 12714624 89002368 892160816
737699298077585 1973063 19730630 59191890 784710603
648417804418682 3866861 27068027 54136054 990748012
663981961669520 206772 4135440 90979680 913246285
182888728584580 1336278 5345112 26725560 776393898
549186523356829 2336137 7008411 70084110 976524018
536362142835556 634742 6982162 13964324 806596465
716327802930600 2314665 6943995 97215930 603820738
742879622304204 1599632 4798896 81581232 958167193
908069964942756 893354 9826894 88442046 934332933
808621849499900 1351123 5404492 97280856 760831170
620939692800140 3706301 33356709 66713418 838171788
834703638702881 8149891 16299782 97798692 869245271
376713121728015 366361 4762693 85728474 953554178
131444269964640 168570 6574230 46019610 762605442
912903411797413 1134756 5673780 96454260 908284254
342548923151552 1006507 12078084 36234252 963248156
199379169550788 6379194 12758388 63791940 767890593
490485916388252 2671599 26715990 53431980 993164984
756066441944736 421602 3794418 91066032 962460543
269823272244490 290042 4930714 83822138 878785011
20864119825604 21388 2031860 56892080 964107151
30877807156900 3349420 6698840 93783760 974482796
435828451568375 2073836 12443016 49772064 881129802
284345572491288 4085604 16342416 98054496 977833118
290529703419184 2852292 11409168 91273344 954265600
272854357178890 3850688 11552064 57760320 927163546
67656744352956 1945756 7783024 85613264 932543313
199501438074400 51910 1142020 75373320 895405116
733972930229670 216253 2162530 73526020 836167305
144429748772930 3437341 6874682 82496184 974448070
264456501284293 962536 18288184 91440920 826824671
453416419583076 2752769 5505538 16516614 825107643
628386820876844 3865696 27059872 81179616 764732457
82973401120764 105402 10223994 20447988 783094061
111948146779807 3848543 7697086 61576688 957835589
143921281262244 5435526 10871052 21742104 929544768
843051401645474 165629 11925288 71551728 966783121
991392647976864 2325176 16276232 81381160 656772810
687056734030197 570803 1141606 92470086 609263655
325038652516893 2834429 5668858 73695154 890613777
561661457481121 3527152 14108608 28217216 939193562
999388177914000 759147 18978675 75914700 995934738
234562481989503 535961 8575376 77178384 891554675
963802546581363 1422792 11382336 79676352 999846420
38710495027464 565556 22056684 44113368 836926105
49605039183606 376387 37262313 74524626 697217410
826872205386583 1257858 8805006 96855066 948613988
61082890938610 4826531 14479593 86877558 822664308
510039580799113 1100190 3300570 79213680 944810628
314185981422779 961782 1923564 44241972 947682167
313951609466595 373245 6345165 76141980 795784293
21754804150381 5003772 10007544 20015088 984899810
748441166675979 3919915 19599575 39199150 918391680
180649984957589 26109 9686439 29059317 666985132
556150507871305 3410058 10230174 81841392 921111694
269095076308800 315204 6304080 12608160 996645696
644214237640095 364785 1094355 45962910 947716396
530409487525265 2309567 9238268 27714804 941703450
267200633226912 263238 2895618 20269326 933111567
165441547826297 5712137 17136411 51409233 891081153
863443826117057 4258376 12775128 89425896 854545537
367639701915710 2132602 4265204 17060816 647568775
929761800662873 248211 8439174 67513392 983731951
89286716028654 3646301 7292602 58340816 822438688
952582437640159 1846889 7387556 96038228 759402958
606843043528841 1604279 11229953 89839624 601337702
629420043703500 114975 6898500 20695500 751074641
355245600494110 3043434 21304038 42608076 896752189
468010019885065 1266215 10129720 60778320 951647250
381543473052157 2022357 24268284 97073136 826306805
802915011836595 2613990 18297930 36595860 954344343
815864110383446 6072632 12145264 36435792 942486477
393500545451565 1664940 4994820 34963740 751848778
508800973020653 4165671 8331342 66650736 765713784
631632478579020 5365853 10731706 53658530 757788213
727706465463843 3573136 21438816 42877632 919323759
302488246437930 971163 1942326 67981410 840294279
709443839553890 3506378 7012756 49089292 934184608
132953509928570 8930019 17860038 89300190 717729617
487831614891621 980707 10787777 64726662 990590882
642280963878561 2026761 12160566 97284528 785131119
287218766712150 1541853 9251118 64757826 881682731
906441435332857 4935469 9870938 69096566 867079236
184042957845041 1570927 7854635 39273175 993700839
276380888844609 617163 2468652 7405956 854304216
452665024441728 151370 9839050 78712400 734864420
455781167461200 900424 18908904 75635616 840226598
339444590077078 1241713 13658843 68294215 901467496
48483503551429 3160013 6320026 18960078 992781921
293946987904068 1765059 3530118 70602360 942887101
432060899248142 499778 4997780 89960040 990164779
250520982136485 3073811 12295244 36885732 779822004
367432262864214 956041 4780205 95604100 878677709
57621327406506 61317 7235406 86824872 932407260
232841344137086 2265057 6795171 61156539 966442915
695190623851800 4066086 20330430 40660860 943357912
761693517803961 594637 2378548 45192412 977558182
200517279860898 4700982 14102946 42308838 871631935
340820337137940 2193638 19742742 98713710 884036899
390785547433145 3406742 13626968 95388776 884503329
710807463603915 1297057 29832311 89496933 977413074
302707499843387 6978053 13956106 97692742 945040551
62253711055250 66638 4531384 9062768 927208543
526308271697017 2665157 13325785 93280495 826412138
808918836292980 1661613 11631291 69787746 883993573
398328307797385 1774481 30166177 90498531 798182028
692270799650152 44866 89732 57069552 789111625
37149859435050 38355 3451950 31067550 958369130
413083107253503 6794428 27177712 54355424 878984026
256949386914929 2187299 4374598 39371382 763191848
642873623137113 2245570 13473420 80840520 992094728
959125982559278 1092578 3277734 75387882 972579216
629653327141560 429060 1287180 97825680 984781428
505013707192645 6866904 13733808 27467616 639916181
423295336830499 6687914 13375828 80254968 650689013
471282437819674 464087 9745827 97458270 971981343
424516670938800 443160 20828520 62485560 944339120
98312362442334 2134758 4269516 12808548 992739621
907016676527413 4029035 8058070 24174210 897684039
780837412086971 1951020 5853060 46824480 853805435
744071081290203 2140295 36385015 72770030 760919313
318558489819933 3632950 7265900 72659000 901751851
525770868661492 1321 7005263 28021052 778231538
231860261739141 4373019 26238114 78714342 754717846
973961467633389 1118387 26841288 53682576 929929104
604293650215119 1137126 5685630 73913190 965384699
978171601236296 68622 4254564 17018256 764365520
222369705627696 327906 2951154 47218464 870884648
364187599517574 379274 27307728 81923184 951331156
384413270950269 2525501 5051002 85867034 819598396
416283174172752 5385669 21542676 86170704 985325183
111178509660422 2196343 19767087 98835435 772250669
462371613978431 3630884 18154420 54463260 867029754
812801360069633 2500669 10002676 70018732 688174282
273121587268288 311488 7787200 54510400 846762868
743323602557664 2885397 23083176 46166352 857004210
13686511660224 3682488 7364976 29459904 909652539
734295157759667 6653659 19960977 79843908 947642523
207482997223464 1186760 15427880 61711520 921114202
877254303982560 811482 4868892 53557812 917255519
768667539433835 2466561 4933122 29598732 716994792
116042459154228 2156397 6469191 38815146 816307085
289467918108617 959539 15352624 61410496 606075559
497294010741602 2976305 14881525 59526100 929326326
790613278376766 4673994 23369970 46739940 828424501
903673866929856 4078416 16313664 48940992 999997908
234416287831826 7558598 30234392 90703176 912748980
740386538261375 1076992 6461952 90467328 937468209
27341920389132 2784557 16707342 66829368 956681040
68584330487942 5384193 10768386 43073544 977529707
213979479384084 55360 3210880 77061120 956508645
309824654188896 699713 5597704 11195408 987923943
477203366811214 2073149 8292596 49755576 710485639
900106196309195 2815915 8447745 84477450 926995957
22806508328713 12675 20318025 60954075 857527823
398590774580586 1479896 11839168 82874176 868894578
721876863575190 4135157 20675785 41351570 756462897
959157243597402 2736967 8210901 49265406 813585944
381211515971793 1774197 3548394 7096788 818427828
175449501907000 187100 33490900 66981800 935086172
999253061930983 3349821 23448747 93794988 895599162
334131624783283 738263 1476526 62014092 902840091
136934711084050 1784197 19626167 98130835 913163209
123862925991468 1168814 25713908 77141724 864390390
397586443329907 2330546 4661092 41949828 961587063
161487264363614 201814 5045350 55498850 771080591
750966840162224 5031838 10063676 20127352 813239205
311822186858417 643584 1287168 39902208 999485080
156022078029049 2106802 21068020 63204060 920767685
757930405525449 879699 7037592 21112776 789780902
727403517181899 755229 5286603 42292824 842761746
810883293914876 859873 22356698 44713396 845899559
285170332889812 3956711 7913422 31653688 954426703
823485206659154 7413524 14827048 29654096 709909672
686930694832399 1728225 3456450 48390300 986486899
322236923919214 2239520 6718560 53748480 993300756
859766885366083 3884774 11654322 34962966 804895233
451147366368721 1057805 21156100 84624400 918318302
83358507904650 95975 9981400 49907000 861820378
209887727698920 758762 7587620 45525720 808667980
910612504065778 3598471 10795413 86363304 926490061
877022726015073 8304504 16609008 33218016 998131174
36729750231370 2275608 6826824 54614592 975371680
789722852617664 5653952 16961856 84809280 958253703
799602687708535 10387124 31161372 93484116 962524017
333454406774880 1928285 11569710 92557680 922237937
363785834302752 370236 6664248 79970976 932536118
548571280667508 182218 1093308 22959468 988326978
557820417952211 2110979 6332937 12665874 943332564
627848071300080 4398090 17592360 52777080 955885435
737645725952800 1479800 5919200 65111200 937676058
188404363756240 967280 4836400 72546000 852059738
271696851977250 666209 1332418 46634630 877388397
115662099330923 1086562 22817802 68453406 981759546
143049393525248 1161536 8130752 32523008 902157122
381288818147573 400141 6402256 57620304 899945067
56533516098672 4560685 9121370 72970960 855305686
705011156973710 1762885 7051540 98721560 995733251
930699288709283 4627346 13882038 27764076 998795743
566629205604251 3141061 6282122 37692732 987486946
958434325989067 4801143 9602286 57613716 850085385
957061379502784 3020195 9060585 81545265 613297956
309336963885720 10567065 21134130 42268260 889297685
445138205180760 790179 11852685 47410740 900470981
29829647099503 373872 19067472 76269888 850961441
368606425068730 438961 20631167 41262334 948808364
829853734590568 3485420 6970840 97591760 804293770
86567597240321 316157 6006983 24027932 951550624
825158145139785 4366679 8733358 17466716 941752300
295236440110875 1474384 8846304 35385216 973377127
604356839793452 3825609 7651218 84163398 728434078
157160665756860 924811 12022543 36067629 928489463
421907985453157 2531514 7594542 98729046 871768646
242267207918013 4197231 12591693 62958465 808141031
264441784474188 2048309 4096618 49159416 944031469
322724721123022 1395875 25125750 75377250 974252355
168829399993267 2228323 8913292 89132920 940514684
