15 1000
112226716458675 65663 459641 919282 950982824
90728658280680 89656 358624 717248 885435070
210901035484620 151510 303020 909060 927992031
112599015324675 88275 176550 353100 956610481
761483404166928 178422 356844 713688 969556641
102475741324530 111642 223284 446568 688410530
155687054425424 141623 424869 849738 916066148
160647820795112 143111 429333 858666 935445214
819442810734421 26193 183351 550053 964968191
5943615110190 6597 448596 897192 880836221
161809187039765 103469 206938 827752 977400895
715481825018409 29417 382421 764842 838554940
391382267368925 81679 490074 980148 825323146
104281508327100 94900 474500 949000 988902162
199060169161758 129382 258764 517528 688986188
175931827388971 167983 335966 671932 785478388
424810000705970 119603 478412 956824 796970676
547882177394514 43191 388719 777438 942068398
378857577026584 109883 219766 879064 947221434
224007271032389 32983 263864 527728 991206696
26466660056192 24608 246080 984320 993947261
222816020991944 193477 386954 773908 863723443
165569087925408 208966 417932 835864 594240794
163638795800850 156725 470175 940350 870071688
552193836249358 232962 465924 931848 856719131
943868722341484 189001 378002 756004 936137465
54507233277942 56838 454704 909408 898833811
81349120995893 233106 466212 932424 947760213
225699550184742 69697 487879 975758 965998180
113182076596812 118396 473584 947168 836413579
445659078796439 67197 403182 806364 872566888
287194376201040 4176 146160 730800 961157705
339642775366596 21586 64758 777096 743045480
254228946629934 101757 407028 814056 807352607
440869273895288 203602 407204 814408 980084993
747959198261854 232931 465862 931724 844354079
629909739364252 56191 224764 449528 959765038
654648147526450 34825 487550 975100 893538725
162201300378829 112929 451716 903432 706842709
505001395555696 156782 313564 940692 766822159
89379769425387 129741 389223 778446 832445966
260754133692990 223930 447860 895720 873326749
60004521135780 70460 281840 563680 745127015
110316730588300 177335 354670 709340 805891821
17072226472480 17488 454688 909376 957318047
456011896528110 149757 299514 599028 874315723
293310260015463 221841 443682 887364 991619408
12609055009643 19603 333251 666502 624202374
9042983382328 9463 312279 624558 940825685
620481764524384 23107 369712 739424 941607108
663126371507069 180362 360724 721448 855323095
30150993857175 37251 223506 670518 718932088
49471789853109 46931 375448 750896 988197516
574000988696342 63818 446726 893452 995074430
13840603418232 13428 255132 765396 990617904
236264216609484 162729 325458 976374 967912110
11176381076815 115448 461792 923584 921210221
206506191322522 170846 341692 683384 906538350
891808827625440 28296 169776 848880 781502920
336462709197468 70483 422898 845796 915649678
461639392416485 148364 445092 890184 923320875
115558433043100 62945 125890 251780 750382292
274159471868697 156669 313338 940014 548893482
257632614611678 221534 443068 886136 872203120
1628967528730 1762 237870 713610 906165457
432404438708693 165765 497295 994590 904144978
691668079763636 183574 367148 734296 971183804
133505430803423 112147 224294 448588 892830978
64964492790084 51426 154278 462834 982487110
184128226050792 164292 492876 985752 933947099
202555128668376 167946 335892 671784 904540961
265060731509532 205653 411306 822612 966649787
348093636525285 117429 234858 469716 893382945
933555069202790 236781 473562 947124 601259270
157041664122700 131309 393927 787854 996623019
487773924137984 58102 232408 929632 982290927
133058719399069 219425 438850 877700 849719099
164771673232704 133368 266736 533472 926585020
202943689397233 195379 390758 781516 779033417
189341092358640 218640 437280 874560 649490022
33524741855480 34630 242410 969640 863729364
9362424795456 11712 398208 796416 784552942
232236816266383 214518 429036 858072 966032182
56625579368072 76648 383240 766480 664777956
163766765698380 144820 289640 868920 753871329
24271503949178 83801 167602 838010 829464632
76169960285481 67867 271468 542936 981938725
443841213904937 40147 321176 963528 837991056
851809493904964 195062 390124 780248 902435304
276103788578568 90186 360744 721488 897871146
216361331555239 153107 306214 918642 942086277
177150908713766 137246 274492 548984 968037627
151458078510158 144866 434598 869196 871226622
233004426368519 186953 373906 747812 934741186
484747513960437 234397 468794 937588 871244261
143896514358600 25405 457290 914580 974578466
103746980837072 79624 238872 955488 977135548
33172083185112 34308 102924 926316 680289571
376003417323016 37294 111882 447528 882488944
50272522533098 26882 53764 967752 986750260
138171356717496 132078 396234 792468 871770264
18719467447398 21902 481844 963688 835143655
31246808339168 42656 85312 341248 886331388
18999197880208 18928 359632 719264 976814982
7063729483783 114732 229464 688392 923802227
201317732951460 134314 402942 805884 736276466
390340829699889 192062 384124 768248 785822076
254994685906824 140937 422811 845622 978811979
216750434014881 168921 337842 675684 962344765
920034362860200 124775 499100 998200 838785688
478542890274672 183799 367598 735196 885854319
187081757507285 66158 132316 661580 821973028
16685683532625 15325 122600 613000 978304619
288554519085657 32734 327340 654680 975219395
203276741291698 168026 336052 672104 907337407
847286495522348 199556 399112 798224 955410741
95423583818592 93348 280044 840132 795018215
325008055182992 227064 454128 908256 884293067
278709049183698 221682 443364 886728 942930557
987772762534364 164541 329082 987246 843779882
345483927637494 61767 123534 988272 702651905
508791875177953 154304 462912 925824 848629635
156079763195209 152102 304204 912612 816897093
59019711793690 55735 167205 501615 823522946
343174517505732 198169 396338 792676 868904752
135092029594292 15982 351604 703208 848488007
216614523834904 183352 366704 733408 886054050
60790730803452 133625 400875 801750 921644808
303312438305080 177407 354814 709628 981986562
52959143410738 206323 412646 825292 840420053
146056106711455 131255 393765 787530 927288267
608126142355908 185379 370758 741516 971530218
221258486175237 179317 358634 717268 925415147
243555089450786 192754 385508 771016 947656685
199434324728772 227583 455166 910332 657233292
43350526510974 41809 418090 836180 984987052
111992583494469 147693 443079 886158 967325312
915979272142824 46044 460440 920880 911535306
219483399505864 189113 378226 756452 870442329
717497841307581 246426 492852 985704 942408558
841687547066355 216600 433200 866400 876765864
663534353609715 27823 361699 723398 914689451
225333275370489 181051 362102 724204 933426918
147340178716536 126108 378324 756648 973625329
425851309982040 29108 291080 873240 858166245
69636077213932 66244 397464 794928 963582269
618655582076000 59500 119000 833000 938706804
20023142478794 15262 45786 686790 903550475
44738972619852 48314 434826 869652 874306383
953100651383800 39475 236850 473700 984197569
199070135729865 77895 389475 778950 941179700
274350443167894 211258 422516 845032 973988309
157443133879857 96411 192822 964110 979813676
435613145030059 83180 166360 998160 902403218
183036950969075 149725 299450 898350 814974215
705821475724161 37168 371680 743360 972307226
252036652079825 215461 430922 861844 877311389
170140956469557 164127 492381 984762 863845071
441794222931971 140413 421239 842478 884051439
295536386544768 198864 397728 795456 948903721
58847979580740 64890 454230 908460 841957586
210368961382290 217356 434712 869424 920834691
28971386253137 198263 396526 793052 989891368
92807221893815 77435 154870 464610 798975264
226286663008173 92649 463245 926490 613578351
383718207443882 181327 362654 725308 973499036
139332924908200 97400 194800 974000 875486195
43864890131060 44510 489610 979220 940483913
286842715142720 169655 339310 678620 894306597
226101734074120 188360 376720 753440 900276500
235699748735913 196581 393162 786324 899242824
892814618988118 63412 380472 760944 913737441
149221672599168 129312 387936 775872 961632108
206751789198261 27517 220136 880544 803955532
210147606397526 195390 390780 781560 934385267
40489566901635 94609 189218 946090 921607802
140011051906860 156370 469110 938220 746143735
467287231787850 234176 468352 936704 921068987
78202096080718 71294 285176 570352 959654329
282202532774120 236551 473102 946204 894737753
820393089686964 22587 203283 406566 941924281
125131363099040 109856 439424 878848 996648429
18184198290844 18778 375560 751120 943768521
273947653769976 239502 479004 958008 857866552
146375931729420 129795 389385 778770 939786739
431483768895036 208923 417846 835692 978260089
289634673861329 228733 457466 914932 949687141
247888362959899 36126 252882 505764 917458487
582555603815243 7659 107226 428904 880401102
905207225512788 241883 483766 967532 932955229
42141934819936 42098 378882 757764 945358128
382194146925035 56322 168966 675864 708916071
281385004633881 228927 457854 915708 921854373
280252978230107 230831 461662 923324 910577448
131551608900365 129991 389973 779946 843320037
198831333270612 169833 339666 679332 878055374
65743501951512 67397 336985 673970 877839632
484082110090880 30124 210868 843472 807640483
48387511099694 44447 177788 888940 870847206
226143747549797 174559 349118 698236 971627467
954676379394411 11406 114060 228120 803317775
270683122159520 186808 373616 747232 985236954
144938171013126 134402 268804 806412 718905965
317883430473980 244516 489032 978064 975036190
488622783313538 119242 357726 715452 772664855
68161614844233 38926 194630 389260 700699770
27391035987744 9087 199914 799656 784483484
25294301866112 23462 164234 656936 961474475
250052489112888 139062 278124 834372 776930134
117048828682080 85563 171126 684504 769929169
63290246537565 76977 230931 692793 979922934
162665256165225 115015 230030 690090 942865139
205661582575720 125769 377307 754614 911032286
179899842703896 159124 318248 954744 753694793
902480801275338 155045 465135 930270 953040655
44936111653322 182474 364948 729896 858035752
732445204738817 187102 374204 748408 809358080
704576171688195 160239 320478 640956 931499707
179235127188607 165179 495537 991074 904243256
93560060874789 54669 218676 437352 994825776
659316552842668 136612 273224 819672 937306587
560577848662438 91835 367340 734680 890660557
421035691638335 159393 478179 956358 871456447
222975766652160 72448 362240 724480 764831342
297799184794527 226097 452194 904388 987839561
187927152654043 233167 466334 932668 604474505
895659639597920 135099 405297 810594 902268691
22223660166260 20530 164240 821200 973011044
132050138043046 109114 327342 982026 941243831
592159271355569 159159 477477 954954 852643108
259821343890342 245334 490668 981336 794287923
162827995645837 140453 421359 842718 966084818
473212260192336 122052 244104 488208 866933633
139535319710850 129325 258650 775950 719296117
44513860317448 44584 401256 802512 942788689
224322520952801 85518 427590 855180 679880159
136329309051139 120736 362208 724416 963753201
749969706853554 11457 274968 549936 990398073
287923711705155 190695 381390 762780 795487833
224137587699600 218990 437980 875960 767621827
80412095398635 76357 305428 916284 877581606
822748522444758 101479 304437 608874 945609404
188522861146200 158130 316260 948780 939668057
147131600683368 98931 395724 791448 838051117
255712856048705 216887 433774 867548 884250907
98156229384798 78282 234846 704538 975201750
170455510063258 151802 303604 910812 748572317
176293218628440 162293 324586 649172 814681937
670563571489800 22966 114830 688980 924685863
224896894635567 173019 346038 692076 974872100
303825924277200 244400 488800 977600 932359658
28426777622208 34212 239484 718452 751081309
181021346860080 610 426390 852780 740537142
700244670001602 249464 498928 997856 922449560
7973110873638 8163 432639 865278 957698671
928392793379709 43792 175168 350336 980712426
509013215712261 173627 347254 694508 603344507
577859277469221 75471 150942 301884 857481711
119130634766544 134674 404022 808044 737145844
302889506655566 94009 282027 564054 882190394
234190779595184 227504 455008 910016 772042774
70481299037283 89097 356388 712776 692180363
2315227029636 2004 32064 577152 908707547
159023507150936 142138 426414 852828 932314257
735177183681135 247364 494728 989456 908416624
3772540554820 4027 418808 837616 924629035
144053710197640 116696 233392 700176 822930734
725136191126990 31268 156340 938040 961710480
31854771429048 33309 466326 932652 922139018
26828456144084 28406 482902 965804 916236663
246133650409345 226207 452414 904828 816067083
969053790607500 53300 213200 639600 593273467
12517813684237 15779 173569 694276 737171542
231267136543751 190729 381458 762916 909403163
195649192783183 129378 388134 776268 694333380
93276684076032 79164 237492 474984 981823973
146966030217045 137267 274534 549068 802969373
40473641231100 47061 282366 564732 788147881
456976329855129 47086 141258 706290 941226212
31800299217432 29724 178344 356688 980197751
628796403276408 166428 332856 998568 731964469
72924713782692 77178 463068 926136 866149262
120929155780104 142548 427644 855288 706949780
531304839100972 203670 407340 814680 717723698
930779091319116 244218 488436 976872 694152058
296668483083750 98954 494770 989540 973169233
690488971541222 210669 421338 842676 933040383
915391179112325 238241 476482 952964 861719201
459220379030280 73563 294252 882756 796440842
112352752551650 100490 301470 904410 869591477
87492923761026 84966 339864 679728 900976189
588029909582679 197651 395302 790604 992011390
70604658601827 76299 457794 915588 848170769
729743761530485 214388 428776 857552 935143094
88984123081462 74326 148652 445956 798132903
745135287560979 172636 345272 690544 955807937
193502692864810 195538 391076 782152 942651393
731197614701231 222933 445866 891732 900463960
891290122898858 163482 490446 980892 811125485
726185653006187 237265 474530 949060 901816419
236780964666201 135651 406953 813906 885878383
304412784406235 247171 494342 988684 923686761
27835713139176 79608 238824 716472 995362315
264527381417620 215620 431240 862480 920106670
114546854420784 96912 290736 581472 984933038
284473700711025 227059 454118 908236 939639183
98445463493650 101465 304395 608790 808486853
1985163904087 2009 88396 795564 945923847
273408278424372 227052 454104 908208 903120693
98814141647910 93405 467025 934050 952094750
950218922797263 244082 488164 976328 746954857
301254676360056 70524 211572 634716 977518431
457318616493807 126088 378264 756528 887642177
590966383180404 235758 471516 943032 965121265
39525556140399 46263 370104 740208 800635742
152918619373673 142309 426927 853854 895433932
65371249954248 140394 280788 561576 819772501
30436917521325 13319 372932 745864 870223779
23567587509726 184957 369914 739828 791533642
153206987062368 129944 389832 779664 982495825
10670813301008 11144 200592 401184 926072648
98507942748358 105974 317922 953766 722971459
6001442947532 7253 87036 174072 779495533
24884408893500 27339 273390 820170 848799120
17211308677051 195325 390650 781300 980468889
326780202703239 247857 495714 991428 988817164
93210657003010 112586 337758 675516 689902784
39934993716594 47998 191992 767968 676013271
791177013225781 148226 444678 889356 883749230
380993130322042 112861 225722 677166 901962934
134574487872445 136639 409917 819834 820733799
206603737512732 186132 372264 744528 832483266
220269621496540 193732 387464 774928 852727819
286129106210253 219111 438222 876444 979392209
174187004574762 121689 243378 730134 954260869
585323648862976 86048 344192 688384 921309189
148814568339613 89639 448195 896390 908999666
234509198737970 188422 376844 753688 933441479
565046615030416 168614 337228 674456 747171652
60349593864708 52497 157491 944946 830110772
126053614458390 126206 252412 504824 749078580
175283507345742 164649 329298 987894 709712167
218784039971064 193224 386448 772896 849212177
249631678434789 235749 471498 942996 666372029
237114500026392 194856 389712 779424 912638988
188284603599498 164969 494907 989814 951086363
598084676745562 97021 291063 582126 939403740
691735234091519 152943 458829 917658 894167086
180219162821710 174962 349924 699848 772533452
54024587273085 55365 221460 664380 843685015
801098979823256 86542 173084 692336 978086213
351283605112791 32387 323870 971610 977213156
32843265508770 38751 232506 930024 741402626
11158349798106 13734 164808 494424 767233670
230737645689021 176067 352134 704268 982871214
26992737255815 26765 107060 642360 797536258
122320706846940 49070 294420 588840 893339964
92151756110016 111168 333504 667008 690770407
217692254674400 172810 345620 691240 944784044
280343135594925 224055 448110 896220 938408291
424126936788100 229502 459004 918008 943397251
76991024342360 56681 113362 566810 814938332
315858910001145 223234 446468 892936 872721025
159519124278736 149392 298784 597568 800822187
401843085495416 89438 357752 715504 962292041
113307659845853 111859 223718 894872 633095023
649356206500038 227226 454452 908904 964330601
131116460926493 92603 185206 740824 884930982
238784119763910 208110 416220 832440 860545143
952013112868367 14750 442500 885000 968094459
133244574960678 106098 212196 424392 941859772
887636798778912 46163 369304 738608 997501931
149765533067040 130020 390060 780120 959851881
57178935897454 61187 367122 734244 856580182
150593467378452 123324 246648 739944 814064171
102769117826207 125453 376359 752718 682612398
256117070689380 246915 493830 987660 777943888
612256535963066 47642 476420 952840 974315164
951719739188178 208141 416282 832564 929972082
152636986554657 125301 250602 501204 913613379
563394683711948 103772 415088 830176 909065823
47677378579020 49551 396408 792816 902011588
209362185640450 171914 343828 687656 913363677
114954462711060 104254 417016 834032 964779258
99295793750640 97599 487995 975990 915622040
186887269226652 159506 478518 957036 976365312
50127969943500 43261 129783 648915 849731174
6674168068132 7652 160692 642768 840291041
178152426547408 57676 115352 230704 925022926
50772462237252 235179 470358 940716 762016038
241615298509666 189494 378988 757976 956281091
247212842839583 206417 412834 825668 898223998
705659902994183 122993 368979 737958 996300248
59613615637018 61493 430451 860902 900091718
319094910568297 2724 54480 926160 887753359
360376021600907 219825 439650 879300 934453354
109258097098866 161973 485919 971838 841561479
90266693587283 55499 110998 776986 929309512
53737825119237 40983 122949 860643 936295436
815794443955872 217398 434796 869592 970159785
24441951157353 32569 325690 651380 712747003
919894005215994 129602 259204 518408 844725902
113149082100600 102284 306852 920556 860380921
30036177362634 30598 428372 856744 946531728
195606016792315 206497 412994 825988 710441982
871585382016127 35844 107532 322596 806520295
11163325372740 12465 311625 623250 873123661
461227606471089 198696 397392 794784 847552915
52493265066545 61085 183255 916275 630151287
155673199935983 30203 453045 906090 893925919
142401813773720 132920 265840 531680 803497973
422798131380342 79007 158014 474042 977453254
35364319090938 29817 89451 805059 834407414
192493607086722 130222 260444 781332 985445569
120010367031976 97208 194416 388832 925901274
145483326832278 109999 219998 659994 881690951
23749935654079 188349 376698 753396 984407337
366561051913246 152362 457086 914172 902262910
264938950665770 119935 239870 479740 772551946
11661596986284 14364 459648 919296 796093656
961738875288979 164795 494385 988770 996956317
282203214690568 227889 455778 911556 702978943
296109554132854 173927 347854 695708 952714660
673074745952760 77180 385900 771800 993181463
172692114124194 135618 271236 542472 955010914
880093490805148 171156 342312 684624 703875481
861807274187160 104230 208460 416920 971321518
779325772146516 182882 365764 731528 840155884
781728688350883 213840 427680 855360 675272852
98340754111870 80858 161716 323432 912162355
663402732999792 198546 397092 794184 935391054
222938649810234 189106 378212 756424 884170212
18911111778212 35591 391501 783002 877366918
86139304191000 90250 270750 812250 742299872
8132312209580 8164 65312 326560 895937526
434461777978320 160740 321480 642960 762242917
168560020992264 158092 316184 948552 710803977
272111232687015 227869 455738 911476 895608931
240834920894840 199880 399760 799520 903660461
729037826443080 13805 124245 993960 922585031
220807157221641 188093 376186 752372 880433680
68726602008470 76090 380450 760900 812820628
217059332142719 193237 386474 772948 842449633
207267675075956 239071 478142 956284 849529064
561992182734691 102741 410964 821928 999741410
312800793195135 235817 471634 943268 994833241
34738435020625 34271 274168 822504 928529485
147907902935682 90381 180762 361524 880530802
247591453101795 206901 413802 827604 897496253
747949497959257 50303 402424 804848 995269394
634228463275464 222206 444412 888824 878649973
149830642843618 80088 240264 720792 951041210
55526523081483 53321 319926 639852 954296479
25971306082600 24236 169652 339304 993890410
169890083732226 142207 426621 853242 995527748
225675687516916 176059 352118 704236 961360632
29838376539405 30345 303450 606900 933215430
720773563270612 6882 289044 867132 739978501
161338474494652 142844 428532 857064 941223177
55380602302720 42040 126120 882840 940939142
119176748851951 105007 210014 630042 756608216
693959954991813 11631 162834 977004 759019721
37860315923862 40581 324648 973944 854829252
391710551026730 41821 334568 669136 770153933
99759358918982 107974 323922 647844 769923331
975038832821394 217943 435886 871772 836461819
48135361782900 50300 402400 804800 897061894
726096769386638 169157 338314 676628 936649963
105390480051832 171588 343176 686352 750073044
566774778989420 88770 177540 710160 948060733
225329612796611 49230 196920 787680 998129961
288375981549166 229018 458036 916072 944388942
860280048798969 171883 343766 687532 830676112
435623112583677 74623 223869 671607 882505279
194379755743800 193743 387486 774972 752454746
831899757382848 7812 296856 593712 863707717
290147502514870 60038 180114 720456 773895778
136716332539060 161270 483810 967620 706435579
159364143484563 108401 216802 650406 980060222
32451088117462 35693 107079 963711 639405410
3720320798016 4008 404808 809616 915670943
597685781947176 139309 417927 835854 775462196
184196573130548 162349 487047 974094 945474171
104878737757788 140046 420138 840276 624041306
22630816128563 22679 453580 907160 972629659
23424354210296 25096 175672 351344 865961646
33821189055500 108482 433928 867856 973584637
23635159971787 91831 367324 734648 763893273
925739238570943 163337 326674 653348 817821684
322676839434022 90434 271302 542604 834468182
119611890894848 118448 473792 947584 883569871
219378581774172 192879 385758 771516 853039980
279872096211540 185703 371406 742812 695090505
901090718594606 94418 188836 566508 765635915
306489828117288 247384 494768 989536 929189017
657081874074942 98451 295353 590706 962267594
202344928449224 199756 399512 799024 756668672
287174516602985 239215 478430 956860 900356308
205855229065602 223374 446748 893496 691171737
655074284855182 205780 411560 823120 969081116
874504607439469 52985 105970 953730 882833926
161177727466140 121065 242130 484260 998476309
65277082304975 70795 424770 849540 845150737
20351766851370 21278 383004 766008 929519067
852721701485253 133479 266958 533916 732899733
163463158169504 123322 246644 493288 830439883
306186016502244 138209 414627 829254 959226775
964170731596786 69137 483959 967918 724724018
444269211725655 183002 366004 732008 757779958
923045398349059 125787 251574 503148 873943631
293221925302068 236124 472248 944496 931353537
887359949666097 48752 438768 877536 938601661
188784208189038 138182 276364 829092 910787642
125032968040968 137484 412452 824904 757828750
938571075187783 71362 428172 856344 994797220
222189484557232 219998 439996 879992 757462749
155197234882908 141621 424863 849726 913207148
184651112049264 169964 339928 679856 969236179
242324351062195 190951 381902 763804 951768582
655506709790185 172924 345848 691696 696790562
329993882781516 247543 495086 990172 999802208
376900200993542 215046 430092 860184 866520462
168660928263237 138531 277062 554124 913100867
75713870710537 71941 359705 719410 947063417
736323170804342 4294 249052 996208 714379291
813915061618215 204567 409134 818268 748211918
419725472109300 13050 274050 548100 924764882
263649819793239 228283 456566 913132 866186246
947629550756167 114735 458940 917880 845606044
271806490841728 228736 457472 914944 891222819
998219556647096 153883 307766 923298 882476099
502035499543254 51322 205288 615864 947733328
115086519958907 114901 344703 689406 834638125
780075006131091 189574 379148 758296 907740092
762483123706985 188873 377746 755492 946624433
939515488972471 19586 352548 705096 947979147
675339370436500 189530 379060 758120 761200519
4601128381668 5001 210042 630126 882781066
253751238636525 234675 469350 938700 810965920
538282063325552 238714 477428 954856 966966277
79155736672960 108320 433280 866560 639406303
318079847181172 235717 471434 942868 882489726
445041249803084 141386 424158 848316 931333572
94860865339317 79233 237699 713097 729639186
110409166261344 107792 323376 646752 853512840
729576967747169 75368 226104 452208 652787391
277034272366722 226806 453612 907224 916088588
396445621916832 61926 495408 990816 911439202
242421610272924 183389 366778 733556 991414336
22951299855377 23239 488019 976038 963753874
585293769695026 240906 481812 963624 805796879
87920222532753 98943 494715 989430 799724816
81498694141834 188931 377862 755724 819834281
342728554811280 215920 431840 863680 971619503
107707194223636 94388 188776 377552 855786554
53230678901144 173722 347444 694888 919026663
695738626472977 27606 276060 552120 714240078
872076341346160 247540 495080 990160 940055894
985743177553678 167771 335542 671084 888031866
255316708262448 201222 402444 804888 951610552
124012069157193 116587 466348 932696 930695667
31890825295098 32637 261096 783288 895222690
661463877673174 97906 195812 391624 826718914
991646858207762 232562 465124 930248 966196492
290221456305408 225052 450104 900208 967177633
142321006516624 123448 370344 740688 960712563
250743863608350 237550 475100 950200 791654940
294707970101661 225591 451182 902364 979781322
296764744734495 239805 479610 959220 928141913
565774891440720 161768 485304 970608 645973737
149760678144077 100177 200354 601062 996625757
653032193800230 113601 340803 681606 749089595
103462707701408 102146 306438 612876 844027041
169608564085344 145804 437412 874824 969366910
854186330184168 224520 449040 898080 907393954
986886877374661 158990 476970 953940 958107496
512969535014116 75123 300492 901476 712153787
36381031928800 33680 202080 404160 989890598
430367082986001 223762 447524 895048 766390499
240799270284160 196070 392140 784280 921090476
288310243563275 229679 459358 918716 941455572
14238411346215 14035 350875 701750 991925114
48363205626908 237270 474540 949080 913369366
953784065197989 88319 441595 883190 980615510
480083896509175 169255 338510 677020 658650176
93107004796000 53600 107200 964800 965028914
531844042913248 34402 275216 550432 890941245
407979957772898 140407 280814 561628 975501812
33885906595700 32063 224441 673323 956192365
854149578257877 158037 316074 632148 855894504
975800192028060 95638 478190 956380 976896345
124930860213776 133456 400368 800736 780080531
93618098958592 86048 258144 774432 846191032
237988315452510 217410 434820 869640 820985843
828246818606688 234468 468936 937872 734252752
383212468065000 175315 350630 701260 832586795
761047277632078 44490 88980 800820 904543443
8920346173875 54325 271625 814875 906801545
278385552194585 209173 418346 836692 998153416
17075984651460 23052 184416 553248 677532790
783283954282272 3659 120747 845229 943047342
846365831374281 151557 303114 909342 610594564
20224632673219 18967 56901 227604 798246512
618815518930057 51645 258225 774675 936669691
271107840250048 227312 454624 909248 894496451
256499951117136 197839 395678 791356 592381756
220607503360872 188472 376944 753888 877875842
238200298251801 221721 443442 886884 805738816
261746626615584 243661 487322 974644 805660094
180020084652828 195636 391272 782544 690123069
556905325784931 34760 139040 417120 939203230
470971228430044 113684 341052 682104 841312136
296436835604339 153353 460059 920118 622729349
267764140903155 219063 438126 876252 916729466
236678302787919 182467 364934 729868 972812742
108486108656428 89761 448805 897610 856449771
88338036151995 87843 351372 702744 879932081
69025360204696 63224 316120 632240 982413423
809289458667495 96531 386124 772248 931208268
163094868852476 159038 477114 954228 854579931
96563972411823 61593 123186 492744 979800646
4048562213696 4277 384930 769860 898738652
921629267503056 86029 344116 688232 949198075
12384003993792 12912 387360 774720 940425516
334586029445448 126874 253748 507496 896323143
273332042727400 43223 216115 864460 873956795
527141304255702 234726 469452 938904 679372818
66390174760337 76441 382205 764410 781573848
796867944025477 34890 348900 697800 902483948
103589398185680 86344 259032 777096 933048604
188544650956560 178482 356964 713928 792283207
38753675637410 40010 80020 240060 645499658
683843889523019 14481 477873 955746 907300688
59980080034515 44049 88098 264294 907566328
871330509537720 24116 361740 723480 957717643
396065667467070 154290 462870 925740 941601673
641718980517888 189696 379392 758784 862553863
663355840693286 146371 439113 878226 965805180
718243856368267 99951 199902 599706 940722017
10594377953864 11098 355136 710272 939254153
121250416917625 113075 339225 678450 893581792
419387952394569 69327 415962 831924 885562899
205810997978571 219467 438934 877868 703328342
222194302382260 170404 340808 681616 977934673
2541115475860 3406 459810 919620 712615809
256175292889920 198840 397680 795360 966252544
554943505485308 179213 358426 716852 654879308
602852135400006 136076 408228 816456 687808639
6156454314928 6992 216752 650256 853347035
383873641022387 10711 21422 792614 863327816
147805129534440 152670 458010 916020 806778541
643344774938894 230881 461762 923524 893787665
121909769839665 119391 477564 955128 893443162
811398527528448 24467 391472 782944 913041758
231732392917626 81691 490146 980292 904639913
325058378998416 146356 292712 585424 992622463
719995857791846 126603 379809 759618 972182755
100531115054592 37517 450204 900408 833037580
658629310003734 21673 260076 780228 855431004
652967820496768 21848 43696 742832 940150966
43998983475577 40619 243714 731142 962652263
222351248536318 66517 133034 798204 818820539
138327506819820 124340 497360 994720 973404760
14908451617096 16444 213772 427544 868897340
261344990214000 23100 138600 693000 852212847
135870863639970 133062 399186 798372 850921211
39961728385083 174251 348502 697004 860589317
228725989875240 179682 359364 718728 954712606
81206946813318 77199 463194 926388 964198819
250477421442968 199834 399668 799336 940064232
131282795076041 62552 187656 375312 908254589
95907272154786 97998 489990 979980 880720464
140088528607872 148784 446352 892704 784606178
164796985216199 110836 332508 997524 998666788
245712269531806 186494 372988 745976 988142053
122002364018756 77876 155752 623008 978359856
546248361724087 51706 310236 620472 610024016
670687568085556 96530 482650 965300 881519595
849658620251999 170567 341134 682268 798153621
338890020758952 216892 433784 867568 937693119
81445804067826 61578 184734 738936 991941921
139047353917344 135152 405456 810912 934498565
104874490639830 93118 372472 744944 985472425
82811644663015 64117 192351 961755 947081910
286835083142748 245303 490606 981212 876975713
268320246737056 207764 415528 831056 968592473
194813806359638 168782 337564 675128 865662671
73176537637662 60357 362142 724284 841438501
332844850117976 70286 281144 843432 926494297
179238528398100 161220 322440 644880 833810528
234156890568804 86477 432385 864770 909109800
424834712997872 163255 326510 653020 985907287
246269695854260 202285 404570 809140 913068761
229556103717504 61606 369636 739272 700014469
915178414177276 114524 343572 687144 966510583
3385842799064 3778 306018 918054 876013298
47998649693848 61364 429548 859096 726253173
287508622281854 22353 380001 760002 992986095
3598514581886 4837 430493 860986 715033678
104490072621030 93594 187188 374376 837257901
282301045509323 234203 468406 936812 904024914
117114433904836 78473 156946 313892 908547714
689676630757474 23045 115225 806575 899414646
485146421060468 71550 429300 858600 982690074
861796772178608 245969 491938 983876 878553137
70175250616145 58843 235372 706116 993756123
840215404349544 168089 336178 672356 828756761
168832959840279 143829 431487 862974 978189824
181400699106720 37728 113184 565920 732940090
236982894335432 230566 461132 922264 770871284
15396586359252 15269 290111 870333 972868773
661772613869338 42744 341952 683904 758925344
178944451309922 162286 486858 973716 918872697
219144167161950 189122 378244 756488 869046649
847798114907388 176595 353190 706380 758219762
662950043217672 20902 146314 438942 843463516
262522604355360 223215 446430 892860 882072392
584889875407824 28987 405818 811636 982219495
469559574808429 145739 291478 874434 832200866
93604711658843 121583 486332 972664 673604405
26367939451035 31215 156075 312150 759851110
50442075547304 43378 130134 650670 852701770
248498068692197 247967 495934 991868 751604296
725878195579053 97258 291774 875322 930249616
746054560940160 207080 414160 828320 907742916
216595107434780 93925 281775 845325 868570049
716883039632235 19178 441094 882188 857331109
451912774111872 184776 369552 739104 853171736
5823627700314 228880 457760 915520 873784358
785400161412745 102334 307002 921006 890362535
725996597325017 109761 329283 987849 779324795
678162629347214 82786 165572 993432 863864857
526373527575936 195388 390776 781552 976530587
29938407287490 38545 423995 847990 741116983
132502842201890 111338 222676 890704 743799085
43739533740256 53728 214912 429824 712238403
709865149825910 202893 405786 811572 863577352
36950214692774 146392 292784 878352 917738092
160230023054964 28044 476748 953496 999734414
528569191698042 145354 436062 872124 936994330
61098583225785 53895 215580 431160 991758334
135615973300470 120321 360963 721926 939258553
298568881884132 242388 484776 969552 923827093
834239967485657 173966 347932 695864 817110065
182555622957960 138285 276570 553140 990083801
759101437216976 131124 262248 524496 989482421
290336213923759 230467 460934 921868 944821666
494196893403800 29514 324654 973962 794450791
169609951858016 152498 457494 914988 926835316
195233878982880 131570 263140 789420 989233866
277305399453875 237053 474106 948212 877346890
803023730395216 208742 417484 834968 996748608
922905481216836 227893 455786 911572 903503174
78052395927685 86455 432275 864550 812429174
205011405458920 175960 351920 703840 873821545
109228914299934 99138 495690 991380 991582754
180519447534307 166061 332122 664244 815284330
927265557777832 208052 416104 832208 753162695
318276433131687 153118 459354 918708 819372080
72994864458992 75928 303712 607424 841131372
23348894654850 30575 428050 856100 735718392
732062385438709 33845 473830 947660 823325054
162259174327756 209160 418320 836640 997538559
649142778683149 187044 374088 748176 996513687
16012674182320 16010 416260 832520 979187253
851617272025825 205924 411848 823696 702760324
207900680924538 205002 410004 820008 760595299
13803159418612 52980 317880 635760 886536514
863791722191179 220331 440662 881324 889618490
85117590956757 89809 359236 718472 829272936
104645276960791 30782 92346 738768 992134942
246247401341205 214863 429726 859452 859550108
426707545362971 217970 435940 871880 826815218
9207380871864 120498 361494 722988 908999301
638248030611522 114269 342807 685614 777993326
425006580564881 65621 131242 393726 971264969
121676506982450 116473 465892 931784 914044009
69342131818380 63754 318770 637540 978809954
175198696777663 200759 401518 803036 654511752
159431119322013 158277 316554 633108 755469659
274452598891122 212682 425364 850728 967824706
109097433252295 107881 323643 647286 842686104
309446687118094 180792 361584 723168 941081482
677503619891063 3922 254930 764790 909568854
528957091903215 28411 142055 852330 946167149
501357215444160 66470 132940 930580 946241131
190216898892637 161261 322522 645044 884660052
877241155505757 135272 405816 811632 993360762
384124321001304 10161 264186 528372 910598124
228742643958918 185034 370068 740136 927155945
220884259978956 215284 430568 861136 769506049
241281818394005 125245 375735 751470 932377984
289189448577076 70353 422118 844236 864848826
134290687897560 135390 270780 541560 743891783
182572392213680 160016 480048 960096 950782411
88064650496964 81196 487176 974352 994138658
189488050369191 184851 369702 739404 768807903
266699004759090 140565 421695 843390 858483796
8378191010980 9604 172872 864360 829416017
302928640553968 244816 489632 979264 928021021
1431159927167 779 82574 495444 995886278
11429676193326 11238 112380 674280 926042185
972038220222966 139633 418899 837798 846923223
79635396473340 76686 460116 920232 951831251
175468275351308 151726 455178 910356 963729167
819279810028253 226225 452450 904900 976972914
1463439048410 1810 323990 971970 744887739
314678988481536 33337 400044 800088 879849294
845586733484206 121146 242292 726876 950889217
66037686937600 73192 365960 731920 812003792
174457337943520 101072 303216 606432 756854402
227984568232824 178152 356304 712608 959781358
101203905425800 97850 293550 587100 861887580
216962222728571 171293 342586 685172 949957285
219924079018700 188860 377720 755440 873347751
89924287612908 128878 386634 773268 581426604
117221103140674 121678 365034 730068 802791946
155834555517179 137027 411081 822162 947699989
520196792602752 98184 294552 589104 913468877
882905703442080 193188 386376 772752 709399195
317668024334208 15122 483904 967808 877499316
981658180347744 140009 420027 840054 843841201
109251003370840 89878 179756 898780 729309661
259402755945728 213968 427936 855872 909253597
858101491506160 14320 300720 902160 995669561
977655960547481 71619 286476 859428 741574508
135342752126700 87910 439550 879100 847699587
103116588372908 70172 140344 982408 839646134
81157785473259 83787 335148 670296 847501997
133778134819546 126658 379974 759948 880179863
256809492114980 231940 463880 927760 830413526
572887209298036 247922 495844 991688 902544233
286258051622810 244814 489628 979256 876959921
227086098371320 178120 356240 712480 956177867
20041418624736 25836 439212 878424 751869313
183682675274263 169103 338206 676412 814661505
423649722985517 13877 388556 777112 932993936
57946081580834 56339 394373 788746 955047350
334052995444719 12191 341348 682696 881138427
592842296210636 236138 472276 944552 951237909
41374337108328 51663 206652 413304 700536043
401432303917360 163448 326896 980688 992477238
1398352574528 832 39936 119808 796019737
203648892299322 193813 387626 775252 866371147
506059769998800 12420 248400 496800 800158138
57108913942800 66984 334920 669840 732050620
315258527176392 182592 365184 730368 945288725
110193490482432 46424 185696 371392 968799849
469400732515671 122529 367587 735174 693066159
149557319199080 144680 434040 868080 861406908
385767705921920 183680 367360 734720 877382019
338297090787779 123769 495076 990152 936151463
148389480891098 126887 380661 761322 974511802
141975216477480 97652 195304 585912 969259753
460474776892542 175040 350080 700160 959689797
587045618411802 178926 357852 715704 872227580
65174847577046 71402 285608 571216 798595059
122905142480120 148808 297616 595232 619439151
720558066063953 45569 273414 820242 751177461
544355913271860 159781 319562 639124 968921396
79920630744066 86729 433645 867290 829254323
957280121152680 11190 123090 984720 899630828
845127056906073 231129 462258 924516 897964144
258685813465543 240479 480958 961916 806782555
926705898457163 39637 237822 475644 904368455
63241598691752 75339 150678 301356 992462083
66984449042460 112030 448120 896240 523167909
245180164684905 190115 380230 760460 967218637
214534578221930 77185 463110 926220 877802516
801182015360910 210981 421962 843924 768724244
837448652065559 240289 480578 961156 809747847
161670859108412 151948 303896 607792 797978854
279492456698772 218783 437566 875132 958114100
705366403270960 228260 456520 913040 728271698
179622219854986 155954 467862 935724 959783747
722633141125477 162692 325384 650768 730401393
249034465557920 206885 413770 827540 902788384
161681525224402 156742 470226 940452 859583989
202820996087403 212691 425382 850764 715194708
723787867613997 189370 378740 757480 823166351
426537596889918 164773 329546 659092 987719216
85498278711936 109796 219592 439184 853424745
657378187777584 78388 313552 940656 981024761
59497810558752 72528 290112 580224 717756552
207964512046106 192718 385436 770872 809324701
33793136166843 10019 270513 541026 949025091
945541922322901 106916 213832 641496 947430544
917573887276990 85721 428605 857210 895622651
744988230256296 73073 365365 730730 799162544
11114635423820 12445 423130 846260 878756275
173432421136752 157048 471144 942288 920248269
127030046714699 30938 402194 804388 945075472
529720752553740 60335 120670 724020 918465981
833513743401439 56176 337056 674112 964747858
158467796320543 107447 214894 644682 983222032
6826032984826 5986 17958 35916 949297159
83216411993808 66056 198168 594504 979760857
230755049327340 198747 397494 794988 968480095
930420366995940 208155 416310 832620 978979373
102985326340192 94634 378536 757072 952150105
84951918149448 64568 129136 774816 767445280
20155105194965 132086 396258 792516 632645745
714976605940595 76728 153456 920736 973085848
24830813297458 23266 116330 930640 880143392
414379187604523 247250 494500 989000 747177333
36954545054546 34678 277424 832272 976784218
178738325093520 162340 487020 974040 917507001
78952066391376 78786 393930 787860 901847014
325116763703037 77948 233844 467688 948487076
240659537461920 203976 407952 815904 884881688
708020285654570 127330 254660 763980 890071851
937690769538402 151493 302986 908958 942582509
513940236375444 168446 336892 673784 912436046
425964217150080 98820 494100 988200 988363394
59340410852328 54498 326988 653976 998036721
5521678316540 6388 146924 440772 819455975
52028813863425 53025 424200 848400 919730816
641260811937447 53890 215560 862240 960696855
155349220577690 144481 433443 866886 896016473
145015815119244 73876 369380 738760 992816904
282111814476345 248505 497010 994020 851421444
217366467339186 148038 296076 888228 978864674
429550394412636 42977 300839 902517 928997934
48137606383216 46064 368512 737024 979446025
374611973192820 4990 404190 808380 954982058
492569855654027 179726 359452 718904 983399366
155038569919149 131971 263942 527884 881094453
260634216462855 229993 459986 919972 849915196
620775288826550 245575 491150 982300 788551690
46084600385083 67093 268372 536744 600921548
230141685835671 230861 461722 923444 747656970
747792383857976 109462 437848 875696 751464981
144061140606636 13387 414997 829994 818707142
6690040497580 7348 220440 440880 894202950
338028234126330 163195 489585 979170 842790619
276051257064000 30360 455400 910800 919981516
196173357466092 154452 308904 617808 952577079
880691888010267 114856 459424 918848 803668259
917663752204800 177725 355450 710900 987163902
622540781604574 87437 174874 874370 952870862
169460467571904 127936 255872 511744 993424314
225371579520835 183535 367070 734140 920962374
231256651566960 182340 364680 729360 951190853
24795173625476 34663 207978 415956 655642124
57766182182805 32145 64290 642900 988226148
17218142615505 18715 318155 636310 892495173
793535693228314 103679 311037 933111 892971724
43586407230235 33829 101487 913383 906586384
366269446410075 187334 374668 749336 919092289
291925385896968 228792 457584 915168 956956456
173069102729600 243760 487520 975040 532493603
264330316465920 8252 222804 891216 803202589
676389758677374 62459 437213 874426 839698823
379645818587253 71096 213288 426576 835488427
983623757600753 133621 400863 801726 959477729
162535399601190 148773 446319 892638 910410517
654228077959236 73053 438318 876636 965384797
591932412103926 223801 447602 895204 956720797
86935314085200 50980 101960 713720 974443578
83913713607984 207988 415976 831952 844220811
50722784370440 47320 94640 378560 669894390
164938233986931 220117 440234 880468 561979649
721651674890948 220878 441756 883512 915370023
667311686739240 28606 486302 972604 834924873
211039513640021 52877 158631 634524 825085436
450722670846084 110212 220424 440848 894262117
7093180015605 224379 448758 897516 954286268
184351639358825 175325 350650 701300 788613894
43856113406336 53746 268730 537460 734233235
259595232809075 212675 425350 850700 915457889
409210771631064 248441 496882 993764 914127044
729810502895991 116187 348561 697122 983354909
309463803363594 176427 352854 705708 948796680
988142454409866 69229 484603 969206 999700425
236125002580505 249643 499286 998572 836910791
209028391855281 9129 191709 383418 996480347
448597542021549 239155 478310 956620 942957863
820428033308520 53085 371595 743190 991061652
78914463582724 63532 190596 762384 931519233
200199232570746 164342 328684 657368 913624654
168489386288064 155928 311856 623712 810400206
511423760582838 92013 276039 552078 893900893
270569468391340 205460 410920 821840 987667785
431893466593756 203017 406034 812068 824113970
745154399066953 210282 420564 841128 630009663
385992437197157 80048 400240 800480 955300026
25441706771460 20580 82320 987840 952153268
643307300132580 52370 104740 942660 924159776
355356769352544 149171 298342 596684 920808724
271799684473600 213760 427520 855040 953631595
202008984771450 85995 343980 687960 934793184
292249521624680 242928 485856 971712 998074729
476237504132775 89860 269580 808740 994620153
294723213479424 230283 460566 921132 959872926
771637779354156 234021 468042 936084 732702343
528441386868018 132483 397449 794898 915775015
204027606732192 146984 293968 881904 925392954
182660368995376 175796 351592 703184 779273093
107950135617165 100407 401628 803256 940729384
317537013413872 65492 458444 916888 936634138
