9 59
653349 7672 69048 345240 100
500672 62584 125168 751008 97
661605 94515 189030 945150 89
267349 10056 100560 603360 5
477164 52351 104702 209404 90
858300 28610 171660 858300 90
481666 32124 64248 513984 94
6012 23522 70566 282264 10
198000 2640 66000 990000 9
147896 7784 15568 295792 10
880686 36315 108945 544725 809
813324 67777 135554 271108 9
274040 5082 45738 594594 806
986174 10063 120756 362268 92
970999 51284 153852 615408 99
974674 21589 86356 259068 60
788688 5477 21908 788688 4
509356 61620 184860 924300 7
366588 80979 161958 323916 80
23782 31545 94635 283905 70
987660 10974 54870 164610 403
884956 11186 123046 738276 681
861910 1083 20577 884811 8
495255 33017 99051 495255 10
700785 46719 233595 700785 7
918568 19544 78176 938112 96
465593 18114 54342 489078 808
58707 6523 273966 547932 9
940999 6876 27504 550080 9
642683 12526 112734 563670 7
297867 3372 10116 677772 911
108368 8336 16672 750240 7
786623 2017 42357 254142 306
25290 2529 96102 576612 10
799346 11989 83923 839230 88
437148 48572 97144 874296 5
842557 18587 111522 334566 924
503568 39333 117999 471996 777
362642 37588 263116 526232 6
770942 28267 254403 508806 79
417175 25604 102416 921744 5
313281 23581 94324 565944 626
592488 13449 40347 887634 94
453323 39544 79088 395440 952
324165 21611 43222 172888 9
107431 97813 195626 782504 8
50400 5040 60480 665280 10
275580 13779 68895 620055 8
104410 10441 31323 939690 7
363374 14816 29632 888960 100
110045 8465 16930 270880 7
161147 22236 111180 555900 68
403378 101842 203684 611052 100
646740 53895 107790 646740 93
15056 1882 118566 948528 8
274428 693 22176 133056 95
630207 23341 210069 630207 8
83604 13934 167208 334416 6
288556 19856 79424 238272 6
