504
144
990
240
704
52
288
760
144
500
80
100
476
80
832
504
400
800
72
80
780
968
880
576
560
700
648
468
672
216
456
975
768
760
90
450
936
900
576
810
420
810
360
672
100
840
936
544
288
960
672
544
72
400
500
1000
704
936
522
600
432
900
726
252
780
80
336
288
900
576
780
96
792
192
864
222
160
264
720
160
780
88
78
288
720
432
270
320
880
675
576
840
320
576
768
400
300
192
832
352
960
384
648
504
544
96
686
576
684
960
288
528
400
1000
576
176
552
952
576
736
504
336
312
912
96
408
756
960
280
460
168
612
968
350
792
792
468
768
140
720
168
336
540
112
288
720
96
450
672
840
728
660
576
700
304
864
770
450
832
120
288
208
288
640
540
264
528
864
644
800
352
360
700
840
672
552
196
756
96
792
960
630
756
144
552
648
380
900
720
432
192
480
768
672
840
486
288
504
384
168
612
588
120
880
936
576
594
600
152
836
576
864
416
900
360
736
576
990
630
441
588
900
400
400
200
756
924
480
616
400
420
672
168
768
476
90
128
960
228
900
600
264
684
204
960
276
480
384
588
360
880
640
420
816
480
162
560
528
702
176
576
300
360
390
88
144
693
90
768
700
378
644
504
880
180
616
192
304
720
700
780
880
456
300
176
72
544
104
432
88
544
704
100
92
816
720
608
360
756
432
972
66
784
500
70
624
616
576
864
360
200
320
864
288
48
960
648
880
432
704
360
660
360
936
924
504
200
600
468
420
440
704
96
936
234
828
264
462
858
72
880
468
168
864
312
156
784
864
924
78
840
576
320
420
800
384
180
504
924
828
480
768
990
792
560
384
825
858
240
96
408
684
924
720
588
90
616
884
700
704
672
960
912
192
960
504
96
864
858
168
450
924
540
880
128
144
880
64
384
700
792
616
180
180
792
144
836
924
864
864
480
960
540
560
640
60
576
180
960
450
768
960
92
80
1000
460
340
64
960
768
160
924
384
420
380
920
144
156
168
456
68
720
294
720
400
630
90
704
748
576
720
864
528
630
184
162
880
72
960
462
640
672
792
896
440
60
420
360
288
360
924
360
432
920
504
96
288
360
936
480
504
576
240
480
336
672
320
360
720
612
980
880
540
270
990
736
576
990
72
560
756
156
297
960
264
720
180
432
100
960
704
360
144
450
960
216
672
88
756
576
336
252
360
270
736
288
605
768
72
968
968
88
420
952
400
968
378
84
728
936
500
78
640
128
960
900
648
988
99
912
684
672
576
312
420
920
84
320
720
864
560
512
240
400
340
864
336
968
460
616
400
864
720
476
960
216
270
252
368
352
726
748
160
500
900
768
168
252
450
160
864
420
700
840
368
504
288
672
800
96
644
608
960
704
644
640
100
920
270
960
858
72
336
864
360
144
504
400
200
132
960
144
900
264
360
810
800
880
984
380
198
480
1000
300
816
900
680
936
324
800
100
1000
400
192
864
144
700
252
704
576
192
600
144
912
360
532
840
320
990
88
792
720
672
432
768
594
528
576
900
608
500
900
720
672
300
828
96
616
92
960
616
672
600
924
400
672
880
800
672
960
330
380
792
756
768
968
900
672
960
924
960
188
228
540
936
576
288
630
900
616
896
988
312
600
546
228
336
500
960
504
700
336
192
504
552
704
960
756
800
504
300
90
90
736
616
800
320
288
616
792
184
490
864
720
644
576
546
792
352
840
304
480
544
644
60
672
864
300
780
704
450
320
968
288
532
540
184
720
540
288
676
960
288
252
80
576
336
90
576
108
825
384
988
216
176
672
176
832
330
792
456
368
252
880
540
390
540
504
936
240
198
368
270
92
552
204
600
988
216
270
192
182
760
375
720
270
672
672
504
152
576
120
552
70
784
192
360
504
880
480
900
136
864
768
672
288
420
360
88
550
280
450
640
440
432
840
456
168
420
456
360
360
756
720
560
540
80
768
968
360
880
960
988
552
432
120
960
832
560
600
400
352
900
252
588
720
312
486
768
768
260
880
272
216
800
440
360
616
270
648
288
990
816
576
297
616
168
720
192
884
300
960
880
390
828
560
336
168
440
500
500
546
200
700
270
672
96
192
288
476
640
960
864
686
576
980
748
96
920
672
340
560
450
576
336
150
572
420
288
588
972
880
504
880
304
276
864
900
924
840
672
952
840
644
76
720
72
54
1000
560
234
56
480
616
960
96
792
504
768
96
952
720
600
792
988
560
252
360
144
748
864
192
288
504
630
780
720
288
500
576
468
384
152
336
75
810
960
396
720
76
