1449300
266795544
6493707
8135836
2213397
3483990
2565926
1297779
1021340
13354244
690508
16050267
10330101
891464
4864124
267865072
5379620
3267198
2445751
3250452
31038432
21261135
1471977
18850545
1054650
48764492
3455310
225509674
1302010
27162
6818955
19392909
1529388
4036968
5809788
69351876
108047044
17424075
15630662
64647128
1189804
9543072
19776186
239155024
22332864
14258620
2352077
13367625
2393300
557024
562625
945000
15214256
1034202
5039142
18528670
2225128
1648350
2718386
22494234
1499050
1543248
13852920
624564
874225
1181692
2525526
4805466
2221791
21001725
2391588
791920
1499628
1251000
2206294
