374075906628408
2817072748810848
3808301599962198
14247493707619753
2540071981580721
216231734096248
5825091597925860
8638497029927955
2092173104022643
738203850270414
1076270003144414
1140482401374966
4041706871384910
951092139530850
891062125862384
1718427112291500
1866916731833685
1762569731874951
478576723338005
1836553517161484
4327891643072492
2318654940609197
1885867468564563
1594051747287873
2125636650188820
1133589801550230
11158731147130847
1015362650363754
4467338007733095
3990331259706286
4283656316818630
752510515214962
5332674698455462
13023637924746
489167822456678
404269857817630
1398226363726960
2463767617530984
1651003089589715
4233790683271505
473415057550050
10972055060889960
2690875419816003
1690043915849130
5897525093762112
979493205359436
1990865606149686
2590186272022752
523672095411027
1561930430377832
4535823317672020
12066851614434930
43633164365412
1430537860702207
8637145762587932
2999430212742546
2715851045009934
1403760366666290
3088893979538745
2869634946229857
2464891869274664
2161107889122812
3315384644239416
258432243448082
1560723868518360
11693052773604108
2169417846790526
6661600038583695
6683740408871253
1982401791145535
2508644944849927
6339944803574692
6034923586003200
1192912118335480
1384904577566874
2122042897949630
5003519334302152
5272496623911204
893501767009626
274594873040928
1429373657516901
3743085293285500
9675312759687050
417474098958483
10239297444507135
2384766704122140
5446241532820608
1766102580124012
7870422797286024
1492228521780840
949227531277740
3532414644451338
3945833141864676
4942247208151235
5585815655642552
2687219713154670
4340582033571696
8886170525260096
2043274126630674
2672676013480075
11590856105520692
889828512455748
1046005329124071
11024272893308967
1338471038784300
1828815164234955
674516913060094
7212605282163008
840897220333500
3343325001442218
2698679167707770
5187945134653561
2380610346130016
837686021987705
14910823143058210
4966423038439020
135680372411192
2692282970796288
3799978948259126
6694328993668470
1766875334158487
623938250351394
1472664916323579
3006590182730233
1769597884631190
5923340221346163
1788211987721784
2938689491129712
4329463112088765
3224019886862214
4744669057745136
3872813083494391
9271781466913248
3863936350131066
3948403748332934
3346640512787546
2256706433431390
6375558427558723
2371298511609267
4062587944307054
2675914521339477
130485328027800
1885113190838824
1535232524317446
6503723679008732
8946582334696930
11600236544474261
742870464712033
1891509768443292
224091023622333
4426391257226784
1532617564497349
1178892695281498
558425252277400
2757711220891200
1108579705674012
3697887690898874
2015667215450460
3699300634023345
5251228020732880
3809253287768062
2162196963096590
7000178480564272
839860919932122
663951899659734
1256287372806322
2339264025780128
3192802507470190
681473533837313
2270101003730625
4268254000404229
1428727809705570
1833846661986550
5281651109268996
282708866650644
5872109178495660
8136044901332656
824118747169872
2578603253606016
1799480562152746
5314947445625570
3612780295313304
1952274066833652
2975527195896717
1905219081322952
4536995020822787
8471495861092460
12440341056380398
420182606246280
936852863630540
1987066756575930
2321702581032107
2696274288008078
5752454091291844
628505386279032
4260734500194744
10916055663531391
6044052415801378
2651212806021904
7220672849162850
6902583899110025
1677196616951226
1316702746322656
2296215126458190
1379411310211200
4443274403861874
5859117507852704
14982145762698543
3052079843107350
2045669751831774
8678088530683923
3353333797196538
4202223279988877
1823191708025520
9647390799279078
1172257515804848
835220071041138
3663508021478979
2582646360373688
2459155796719426
4953773151568443
4824724323829407
1635313711081692
5284369747100640
607154494562987
636109639780352
3175078713671552
1946184612972985
5514417811668216
8335188546206526
1937365347584068
2580514979925815
1587201672133443
4280296833455393
2238185198285200
6652378317656232
2521208307298392
204513560949399
3090036297175477
6108170367959280
1838251617741447
333045181820613
4017425085516608
1835048338672045
2052519806919367
1792914929887845
1054536400595390
1437908455467726
2948943407051760
1438953649231232
1296637680208384
2358231697009188
14176154090195000
1198330471531908
9131804040545417
6570510220714110
14584417039808475
3736134526416660
1254690179160000
5689079256101247
6958787044495044
613496771796042
1737362046637400
9913375755757125
2904642081796950
642446277673344
7167832143293261
3002987646168192
2320217694915120
4162353408487362
1826693356119750
1538758652494453
11721255851150916
5289134179032000
5227806309737250
4228833180746768
593487853605750
57614813815320
1439158153549890
2128049993622883
3456444015128125
1137706921242584
3443515136324928
1362653914087824
1017107660112600
108883376700536
1338286082260125
31709789603120
7797602269620224
1168221912110235
4172449612495100
7286515358959175
2505106799164260
292633239699160
2479722290749697
5722857368544902
3998662232896611
1890981525795635
2813693841201064
1239211669084311
2027553976666608
997432594033715
123276261744180
4724438134734630
4344215861580160
8093442612628525
1279020509071595
3829537916200317
1345041687534392
2487306139098347
484263704744352
2269875580701048
11348826007781823
5048029009479546
991263481422319
3343856752988178
1465137696029625
2129329602449346
8955852854371880
1636231653065064
1310931027269908
500303851031440
17063723181161184
2135066597396672
10198219880409613
4840338437934324
960066877416094
1559066129477406
5846719269666606
2907576689264125
1990297844397642
589219752451902
4695619878759839
7675280807042738
1447444898333810
1379985727573008
3026958343205075
110394066750122
430717510195245
1344748701231650
2017511362450571
711733028717766
5707566955048619
3727497553990554
3013765574912872
854994440721411
2645047959881324
1773469882428893
2645897839004741
3446346072069472
1201597997772120
367350174961556
19510175527221984
1462097337621086
3116461565585640
1400718683115954
2448721858910515
2365243991599893
991050708163276
1671490957221241
10455200865058536
3111048461695911
1978382111444208
1445167944637560
2121433611061256
5023149166691060
542712049613946
3302478658589812
5763685089665682
3515800634803860
1271356322972606
3568731377314844
8678181745947259
1535602478278680
1193125199455065
13732762575099873
1596579428494300
10593629316520780
1374526782056350
159513386309592
6559759422472250
2608454174112124
2265109682271324
1420874452770813
274287455226587
1411273427488100
2030247766518492
6198764338081224
1396304376620375
6551895136502590
5637842046665405
2482420255208982
2933492923263264
3993622892104398
1471703585499609
1997886740276833
1722131866271558
11540267559106650
1053004769984187
621672826726189
5087840908644530
4452419227149400
586329822026496
7234704066345068
2658286253270038
5860673568492864
832958831977533
160708950727884
2504525912058054
4458435244524219
88102296941589
652318379785818
2240656503826014
7268685943431375
1493694653351355
632310292634496
10966720912877036
2257553586848560
259830155388795
4509901066655424
1966294416603456
3343874327402580
1317582513501930
1779928655526714
2033256223822059
7572101593766880
1697729573783050
893632813710078
1764733912443523
1080833916917560
1031127976138560
1772361470049280
15414771426883425
2332024072016706
281121085559610
1593393515971692
1446051240643424
3611244584817961
3624935513922184
7610434353323395
2001774686564608
3514129374314020
2338672696173000
1878066712431132
1471751277297542
1473361249971690
5024103556186800
724678084813175
1814638977282824
1437415247739222
1970103160431470
5376546154643650
914675043925812
3517622607533625
1339757475415920
8213135879649384
912725682414064
2031978903053859
5978232465139875
704233132051609
444945818401875
6308831490196752
6916053947287716
3125075593576761
575812531510012
3565313691747536
1353557764149660
3098487736886912
883594146299706
13410052949323797
1746968466613370
1358510615082097
3766019653552975
6845127920145684
1869769665522915
467835035191342
4271318687370154
1943350794267490
160292501549856
912875557590636
6207840809021952
720319341126240
1944456885119936
1254648984246036
947921070841799
1228192986349025
3342524445431924
3715576168167702
4674841235821570
1046818465208994
735407278259472
6318157090602204
1707732884988499
13191775561775440
5340644038223494
4646669654595980
6529352251158624
702608630568999
1566532758827816
963069497075280
3622427987551000
721853894301984
5057828055138495
2041391059734012
953890767427264
10492052328227068
9032873183379058
1720549324983543
1436549840068066
1551452499127170
1577019806781892
7199976679600250
5653704769677884
5779546016378750
148930159207557
26629638358804
2145162143626216
1615104864387328
70723109592376
2952013142232809
3683008384551585
13014933515030475
2853912225326200
1586586963790536
11110863528556974
7859898768976499
10969851857353983
8157645126897084
1111333789386295
1533291892939323
10110108965736162
524555394778184
2160130089379751
4098780881569333
4053037727444294
1067540299661520
3974527572749958
1030919154608156
1760678774771946
2179859899795940
791244330323112
5332226837312676
6367677381671697
1545574500133870
1783785465347720
4196594617485065
2697544672727720
1592819128757808
2408904780933060
1829989102457960
8431683569298705
8963996609251790
5878037847577562
2639207891371184
421469136333814
2828693178802042
1293260504440736
4372369384273338
1561429122919116
1821111421242000
905892437754603
2026224698773712
3056939817422400
384623867906434
1298323047700124
451384647190872
2890012721679531
1732614282312660
3334970872387408
2787199651324582
3106607159444494
1436404077782400
3518446662576608
641901479222828
1990617233361466
8386392134738640
5326254362242985
5122638014583136
7447756716006687
3189955429292460
1607667306292450
7708033639067244
1049745742266712
1565773230377684
3638487287494988
5482620603696162
230634396429034
3534263041333719
3434619144867218
1067412652856988
1581064772323155
2116081798439102
7927939824678406
2777659452959846
1720350179549658
1579284993949971
3655554053054920
5371796476890270
1305829142282682
863236303468354
6793892416550400
1200736426133911
883946913711192
2746181156522914
4697788518513034
1878470497971928
3025625516077104
1571348602371282
5270553863414133
5945814032373882
1870211416149020
1154121645588255
8090245654041409
2030208944709888
2246244256113952
844859787852540
1234680128386095
1531344625353837
357806284884912
2610261882459675
4377102784914475
6921953440446036
4039870663663380
5911025238646032
2097103422829638
4530925875217500
8377246856738359
3648654903012990
1341802224821520
970154905201257
7270456408035027
3653898957660240
3647580897854631
1861544062878576
4984533521564456
8499177476517114
12071062435282047
2853037105365440
1955243694666635
8885236154232
1818217830573916
5379065697565476
6047634990154135
1293042546400096
4231759075907758
96424271466432
1537254580236592
3619713705452930
483208344806176
9524095352292955
7596851071682466
1527773137591000
4706666052277835
876499066439906
1736069984681901
4896918153455250
2837600587428090
547934668539474
2110343228281162
10302875815817505
5242774240528394
5262918817251384
877645009698174
1522501047211680
1970456779159914
2616822931410681
3657635113640167
3686541347877304
1332061510278762
3595574919690525
4224844489146310
3298464588445488
4139129407486788
4377995158730310
1373822751240498
10689818557787614
5662832097875730
3456939226037915
628686715949798
274699567160493
1879123824179689
3088250825818840
7936673288789415
3685054069659780
1884710142125694
4230950595673542
2926020553432875
3344413036872856
673901872286670
565074494691576
3902830899886143
519950267192664
4266104395767577
7308861738493952
948227557953225
6115203823923595
2421943146616612
4779673547858555
1428907717088028
221842114667309
6971384465634875
5418341109601920
702306874332756
5939853057024908
3487953424875520
515389995171697
185889562332414
2526224086107813
1997947969280940
1390298997574270
4363855249968288
1821161745579526
5381536521231170
919732691753850
3116208031676887
2257106471142261
2169834625363974
4549036990407168
8082627208269775
3454181458372050
927518744453651
1732734938775552
1810911108169237
1003664792878050
2699553193805692
3181124239288800
1838680731601164
6293655993706270
482819629990410
1312830158871560
3623738345226279
1690005563160268
2535904693851527
1692547133360256
7171087119957813
6804972912390228
1265835666240745
1272586394162670
4709617746675884
7555021179238005
4083906235631832
5959489969253970
4918410345931992
1395025742272302
689316813694295
1927565287191999
114312298307124
1362569376613322
37250143834800
1518503601624288
3186722128909420
272909273895180
1069024494061641
7161384297950670
6744738736335747
604765130073420
6928129261277602
4157392279234300
8361267650038352
3691068090775214
2658531546409015
1438527184712930
3080532955889198
2212176146453375
6055635214948206
1147428007621361
5005359483906980
7101247571320392
5521742057960744
7812856290991675
2248206796225600
8825662270880
1319150697747095
5201364537756212
5511136481058153
2746239331470955
1805197706777443
6386571114094083
1927948381383003
1181012092012025
15574538193795
1821015436321836
7844533232053600
1505847167471420
8545493628768397
3144524209812964
1709856655033728
5106187499008528
949541166329220
6147290700640934
1721751828780960
3805108931578164
337492566106944
10919469047962725
979146851540793
1702166285813642
6039791817116654
186616371904367
7280253333787392
5176513800686325
40972071425824
5745587397937920
5066121274386620
3455723365644876
1398722104748162
1159155470948640
1329168300091544
7205143624589376
1040635970776520
13038992894034360
2658824312877005
1217197599937212
1346232140008075
887110208961980
2018207859356599
4953308450337610
2287673495115120
1914180103116775
287548570574496
7826987392585760
1117063384351110
6945345212483824
3455318002248573
2253678816011032
4505907017561643
3418014486175010
1660998244214673
2056852200284308
464335465263273
2470109668182432
1979590531058244
2088581359235895
857248153719030
11516249891873727
4298506938262392
5199822939745331
2139112448490798
3407375435283798
3100258200025236
1155926077807761
2399390850951624
14570537169982
2104602632498399
851177312601662
605660337787341
3417335219173750
13299458277354640
2408317934719983
3038090315190366
9669809485396710
878202367237408
1740966592565200
53856401770056
2053398505915
9274142890404247
1705640058612090
3539428341454548
5598525508555472
2262784754440422
1954910289876400
9330966556883142
3873694574128510
8507079135776718
3191710879637914
3258620947876037
3238917339891618
4786652116438367
3230957978638931
3107670770116150
4752774235339380
746395240513876
2209155265842948
10988734734779400
1312978134513708
834957647542715
22948163787698
547675489571742
5572619395339151
1392636513514645
2371263658882335
3809663292045258
810890785018691
1033728081061251
1264772138041440
4856066997853650
1191675682357448
7150108063002951
1347645425166940
9245822459535360
5897112723543365
9830219044662702
3222259672731476
1694666078335418
1503025758941112
1833644237821580
1294476774033100
1502522885441110
9108497886902676
292560358870820
1982145761540620
1077039578457090
1580046302985158
1710436832466384
5195321951713080
1503154379852525
1053096757033497
3286176540253685
4642134561104331
5995099081718150
159250673904335
830851006987713
1857566272806519
2128448310399034
1069951963165396
2525558478052885
1930051828192014
924534463863600
5342805495061375
10763336081710800
917728127531844
1754094450012740
3603472556552400
1736986813308630
1718048310946944
1613983464347376
3082209492743924
3504868881108280
2428090369313970
623983758276438
1470827022914052
4602270326367650
4492717017101910
10331831965199525
2551763253002098
248566266042698
431354089847499
3781924267492653
1951885308448960
2798282817750250
1317487388244230
4176372907869540
10867601633509930
1987939981336309
7643353124290708
1236227381924670
1205583400868195
426143491241688
2776941296051530
6758457724122009
14047886891398806
942658734445760
1579293998854656
2456591927786802
718569437963286
11774826032722250
4955331893619632
3535473359951306
1018352624161641
1302497238088000
12383205839849775
6787134155983709
4830166129471100
641897429595975
1107699518062098
1201400946229722
1986959516196516
2201072313626610
460724082886656
8449139451859881
2661240767864800
6698221048054104
5707767175842134
2673776556464202
8099265891426080
2253817361435875
4774602518921719
3176808296686342
2671773217038144
469556425755888
738310863600702
1721150469496630
9817485414017997
690092690703296
1769725318875462
6609290913515430
1389072283606434
2975481273833458
2818089455606250
2821062222127240
950289827437178
1049968548987168
3689442257230880
3706562037322860
2101307005837470
10467934178417460
9411419285227690
1208318445703115
1011699399674976
439406789266100
1853034220443185
