23163154239
2342263125
27989973848
6564845026
17742664600
362670366616602
9174802165
3353561960
915841057526196
944734161010290
1747113375
660900704370916
9429245982
874258132
2114145384
118602618528
886622363513559
2324577108
5392861726
9896656392
126162043640276
8534847804
3813870750
4049215768
447669289154406
1068144760
418229621808943
265186600408704
546687913983452
741993807568035
62156356420
322208581466376
5046620340
7008860159
4379250917
199723861928865
2926018770
608240931174846
510149657168848
84482623861515
1659746601
737139646434542
499205869597598
2255104098
866003985
29691519909
1773744210
26056418100
11647560210
571956482992200
1043062796
308096608518
489766946652500
2581420597
841626769511420
1985062392
620123530286520
8488311650
189746007553995
2302681381
892409408
84509147446528
5065729742
699379188130246
36567418060
5901113580
2201808609
69648029836031
8395560360
2510253855
6276481497
954121617263190
2665975800
993597339506155
860587085822621
918584131906318
2018649732
8243064687
7260559124
91138624884644
478147249410545
8845601032
267830610584816
18400474480
509646243626730
243537244977478
226437033
2856330852
15507662210
767286717530900
1350270376
3685913802
258708134092800
627438037156931
1462568202
10628923216
3791973590
126293929318956
659560771385300
875813652421920
989695707206250
833936492907369
952953910847482
579205101804037
3817211695
380686920263229
2697517250
4415259008
946320765
3500061504
46448475000
480396519879757
24614540605945
198663588070884
396214804006775
660502710324350
96394621921444
19966699102
7614988576
419266819951490
