3 33
217 42 294 588 76
599 112 336 672 97
600 58 116 464 99
950 95 380 760 9
516 86 172 860 2
210 15 45 855 8
673 190 380 760 9
347 226 452 904 82
869 110 220 660 74
786 231 462 924 6
767 240 480 960 83
435 206 412 824 69
825 155 465 930 6
64 239 478 956 8
866 143 429 858 18
870 200 400 800 4
671 20 400 800 4
948 164 328 984 99
695 219 438 876 53
845 214 428 856 87
759 69 483 966 10
778 50 500 1000 9
165 11 473 946 9
992 124 496 992 10
71 191 382 764 8
672 112 336 672 7
645 246 492 984 5
30 166 332 996 9
912 152 456 912 5
348 96 288 864 5
972 162 324 972 9
471 158 474 948 9
576 144 288 576 10
