1 1000
480 4 16 96 1
1000 5 25 100 1
936 9 36 72 1
760 2 10 40 1
252 3 18 36 1
48 3 12 48 1
36 9 18 36 1
504 4 12 72 1
216 1 4 72 1
468 1 12 36 1
60 10 20 60 1
480 1 2 60 1
504 2 6 84 1
300 1 15 75 1
594 3 9 99 1
936 9 18 72 1
672 4 12 84 1
450 1 10 90 1
672 4 8 56 1
792 2 22 88 1
252 3 6 36 1
378 1 14 42 1
576 2 12 36 1
120 2 6 60 1
960 8 24 48 1
462 1 11 66 1
400 2 8 80 1
240 5 10 60 1
552 2 8 24 1
72 3 9 36 1
558 1 31 93 1
1000 5 10 50 1
540 3 18 90 1
540 2 20 60 1
315 3 9 45 1
240 1 5 30 1
756 7 21 42 1
252 1 28 84 1
27 1 3 27 1
480 2 4 48 1
760 1 8 40 1
592 4 8 16 1
400 1 8 80 1
784 2 14 56 1
648 4 8 72 1
540 3 9 27 1
780 1 13 78 1
960 4 8 40 1
72 2 18 72 1
960 2 8 64 1
480 4 20 60 1
144 3 6 72 1
640 2 10 40 1
288 2 6 18 1
1000 5 10 40 1
532 1 19 38 1
960 3 6 48 1
360 5 15 90 1
924 3 6 84 1
360 3 12 60 1
744 3 6 24 1
160 2 4 80 1
360 3 15 60 1
189 3 9 63 1
900 2 12 60 1
576 2 18 72 1
150 1 15 75 1
748 1 2 44 1
90 9 18 90 1
756 1 6 42 1
525 5 25 75 1
384 1 4 96 1
594 1 11 66 1
200 4 8 40 1
864 4 16 32 1
636 2 6 12 1
486 2 6 54 1
912 1 12 48 1
728 2 4 52 1
288 1 8 96 1
420 1 3 42 1
720 6 18 72 1
756 3 9 63 1
864 2 18 36 1
960 4 16 32 1
720 3 6 72 1
396 1 11 99 1
720 3 15 45 1
630 1 7 42 1
525 3 15 75 1
550 5 25 50 1
360 4 20 60 1
160 8 16 32 1
864 6 12 72 1
300 1 5 60 1
320 1 8 64 1
644 1 23 92 1
882 3 21 42 1
504 4 12 84 1
160 1 2 80 1
624 1 2 52 1
540 1 9 18 1
840 2 10 70 1
600 1 2 60 1
864 4 12 96 1
210 2 14 70 1
280 2 8 56 1
120 5 15 60 1
1000 1 4 8 1
672 3 12 96 1
900 2 12 36 1
480 2 12 60 1
960 6 24 96 1
216 3 24 72 1
836 1 11 44 1
960 4 8 96 1
768 1 16 96 1
960 4 12 60 1
990 3 9 99 1
900 2 12 60 1
132 3 33 66 1
828 1 9 18 1
144 4 12 48 1
216 4 12 36 1
320 4 20 80 1
640 4 8 64 1
850 1 2 50 1
696 2 6 12 1
648 6 12 72 1
648 6 18 54 1
704 2 16 64 1
450 2 6 90 1
585 1 13 65 1
875 1 5 35 1
700 1 5 100 1
336 6 12 48 1
576 1 3 18 1
792 4 24 72 1
315 1 9 63 1
816 1 6 48 1
792 3 18 72 1
540 2 18 36 1
480 1 5 80 1
780 3 15 30 1
576 1 3 72 1
672 4 28 56 1
96 3 12 96 1
900 1 2 50 1
168 2 4 84 1
840 2 12 24 1
144 9 18 36 1
70 7 14 70 1
240 5 10 20 1
576 2 16 96 1
336 2 12 84 1
540 1 2 54 1
288 1 8 72 1
648 3 6 54 1
972 3 9 27 1
616 7 14 56 1
180 5 10 90 1
360 3 18 36 1
240 8 16 48 1
240 3 15 30 1
576 1 12 24 1
855 3 9 45 1
576 1 8 96 1
504 4 8 56 1
336 1 14 28 1
270 3 9 27 1
280 1 5 20 1
594 3 6 54 1
144 2 4 72 1
792 6 18 72 1
45 3 15 45 1
594 3 6 66 1
700 4 20 100 1
192 2 6 48 1
800 2 8 80 1
144 1 24 72 1
768 3 12 96 1
891 1 3 33 1
840 2 6 60 1
180 6 30 60 1
448 2 4 56 1
960 2 8 32 1
748 2 4 44 1
630 2 14 42 1
900 2 20 100 1
624 6 12 48 1
576 2 12 48 1
450 5 30 90 1
720 2 4 60 1
312 2 6 78 1
792 3 6 72 1
40 5 10 40 1
900 5 10 90 1
396 11 22 66 1
750 5 25 75 1
80 1 8 80 1
648 4 12 72 1
918 2 6 54 1
350 1 14 70 1
936 1 6 72 1
918 3 9 27 1
972 3 6 36 1
672 1 21 84 1
770 5 10 70 1
896 1 8 56 1
704 8 16 64 1
1000 5 20 100 1
816 8 16 48 1
648 2 8 72 1
96 6 12 96 1
840 2 6 30 1
700 5 20 100 1
72 4 8 24 1
960 4 8 96 1
576 2 32 96 1
160 4 20 40 1
480 4 12 96 1
672 4 12 84 1
108 3 9 54 1
936 3 9 18 1
192 2 12 48 1
360 3 9 90 1
630 3 6 90 1
630 5 10 90 1
216 2 4 36 1
456 2 4 8 1
420 2 12 84 1
528 2 8 24 1
216 3 18 72 1
864 2 24 96 1
990 5 10 90 1
576 6 24 72 1
800 2 4 20 1
990 3 18 90 1
180 5 10 60 1
864 3 9 54 1
432 6 12 36 1
288 2 4 32 1
968 4 8 88 1
196 7 14 98 1
98 7 14 98 1
880 2 4 88 1
680 1 4 40 1
360 6 18 90 1
495 3 9 45 1
630 5 10 90 1
440 2 10 20 1
768 1 16 32 1
840 1 4 84 1
840 2 14 84 1
756 2 6 54 1
112 1 8 56 1
960 2 6 60 1
392 1 14 28 1
210 5 10 70 1
160 5 10 80 1
450 5 25 75 1
528 1 8 24 1
600 6 12 60 1
138 1 23 69 1
165 1 11 33 1
600 1 15 60 1
952 4 28 56 1
924 4 28 84 1
686 2 14 98 1
864 4 12 24 1
64 2 4 64 1
966 7 21 42 1
560 2 10 80 1
960 2 8 64 1
300 2 6 60 1
850 1 25 50 1
600 2 20 100 1
810 5 10 90 1
64 4 8 32 1
810 3 18 90 1
324 3 9 18 1
384 1 6 96 1
630 7 21 42 1
660 3 15 30 1
240 3 6 60 1
90 6 18 90 1
858 3 6 78 1
720 6 12 60 1
560 5 10 40 1
384 2 8 96 1
320 4 8 64 1
135 5 15 45 1
520 1 20 40 1
936 6 12 36 1
360 1 4 60 1
960 1 16 80 1
168 1 14 84 1
120 5 20 60 1
665 1 5 95 1
540 3 9 36 1
864 2 8 48 1
432 3 18 36 1
640 4 20 80 1
480 1 3 48 1
336 6 12 84 1
420 2 14 42 1
448 4 32 64 1
880 1 8 40 1
560 2 8 40 1
828 9 18 36 1
630 2 14 70 1
320 2 10 80 1
910 5 35 70 1
510 3 6 30 1
96 8 32 96 1
858 1 11 22 1
528 4 8 88 1
216 6 18 72 1
936 4 8 72 1
624 1 13 78 1
1000 2 10 50 1
192 6 24 96 1
588 3 21 42 1
960 4 8 48 1
280 1 7 70 1
800 4 20 100 1
900 2 20 60 1
672 4 12 84 1
980 2 10 70 1
208 13 26 52 1
480 2 8 96 1
84 2 6 84 1
540 3 15 30 1
384 4 16 64 1
462 1 3 42 1
500 5 25 100 1
128 1 4 64 1
560 4 8 80 1
768 4 16 48 1
728 2 4 56 1
330 3 6 66 1
744 3 6 24 1
88 2 4 44 1
544 2 8 32 1
280 2 8 40 1
600 6 12 60 1
945 1 7 63 1
891 3 9 99 1
336 4 12 48 1
48 3 6 48 1
960 2 6 60 1
528 2 4 88 1
576 4 16 96 1
792 2 6 72 1
588 6 12 84 1
100 2 4 100 1
216 3 18 54 1
990 1 6 90 1
390 1 13 39 1
504 2 24 72 1
384 2 8 64 1
672 1 7 56 1
816 1 2 48 1
810 3 18 90 1
180 3 9 90 1
112 4 8 56 1
864 2 8 48 1
768 2 4 96 1
350 1 2 50 1
702 2 6 78 1
816 6 24 48 1
180 6 30 90 1
480 2 16 80 1
154 1 2 22 1
880 1 5 80 1
504 4 12 84 1
540 3 12 60 1
1000 5 20 40 1
832 1 8 64 1
672 1 6 42 1
900 1 15 75 1
760 2 4 76 1
928 2 8 16 1
704 8 16 32 1
576 4 16 64 1
168 3 12 84 1
640 5 20 80 1
288 2 8 48 1
198 1 11 33 1
136 2 4 8 1
924 2 6 66 1
240 4 8 48 1
160 4 8 80 1
704 2 4 8 1
120 1 3 12 1
640 4 16 80 1
840 7 21 84 1
70 1 14 70 1
432 4 12 48 1
930 5 15 30 1
608 2 4 76 1
464 4 8 16 1
363 1 11 33 1
680 1 17 85 1
432 2 16 48 1
968 2 22 88 1
990 2 6 90 1
300 2 12 60 1
30 5 15 30 1
400 4 20 80 1
440 5 20 40 1
988 2 4 76 1
192 3 6 96 1
504 4 28 84 1
480 3 12 96 1
384 2 16 96 1
624 4 12 24 1
832 2 4 64 1
375 5 25 75 1
935 1 5 55 1
264 1 33 66 1
900 1 15 75 1
200 1 2 50 1
544 1 4 32 1
297 3 9 27 1
144 2 6 72 1
720 3 12 60 1
144 4 12 24 1
340 1 5 85 1
144 6 18 72 1
936 3 6 78 1
288 2 16 48 1
936 3 12 36 1
150 1 15 75 1
576 2 12 96 1
960 12 24 96 1
360 3 18 72 1
100 2 10 100 1
990 3 33 66 1
288 4 24 72 1
616 7 28 56 1
588 3 6 42 1
744 1 31 93 1
630 2 18 90 1
780 5 15 30 1
924 2 4 84 1
648 1 9 72 1
792 1 11 44 1
756 4 12 36 1
75 5 15 75 1
784 7 14 56 1
350 7 14 70 1
660 5 30 60 1
700 5 10 70 1
480 6 12 96 1
288 3 24 96 1
588 7 14 42 1
84 6 12 84 1
792 1 2 66 1
896 16 32 64 1
840 1 6 84 1
840 1 21 84 1
360 3 12 72 1
96 1 32 96 1
960 2 20 40 1
375 1 15 75 1
160 1 10 80 1
144 6 18 72 1
432 2 6 48 1
630 1 18 90 1
756 3 6 18 1
180 3 30 60 1
72 1 4 36 1
256 1 8 64 1
864 6 18 72 1
270 9 18 90 1
84 1 14 84 1
560 1 10 80 1
96 2 16 32 1
560 2 20 80 1
360 3 9 90 1
900 1 15 75 1
828 3 6 18 1
980 2 4 20 1
432 2 6 36 1
888 3 12 24 1
792 1 9 72 1
560 1 16 80 1
340 1 17 85 1
336 3 6 48 1
648 3 9 27 1
630 3 21 42 1
252 4 12 84 1
540 4 12 60 1
588 1 14 84 1
324 3 6 36 1
400 5 10 80 1
540 3 6 54 1
918 1 6 18 1
297 1 9 99 1
780 1 13 52 1
270 5 15 45 1
656 1 4 16 1
96 2 24 48 1
80 4 16 80 1
560 1 10 80 1
880 1 5 55 1
144 3 6 36 1
162 3 9 81 1
387 1 3 9 1
720 1 10 30 1
891 1 11 99 1
924 1 11 44 1
540 2 10 60 1
370 1 2 74 1
608 2 4 76 1
208 2 4 52 1
240 4 12 24 1
810 1 3 54 1
312 4 8 24 1
90 1 5 30 1
714 1 6 42 1
200 2 8 40 1
864 4 16 48 1
480 4 20 80 1
510 1 15 30 1
360 3 12 72 1
702 3 18 54 1
60 4 12 60 1
600 5 15 75 1
48 2 24 48 1
140 5 10 70 1
720 3 6 90 1
210 3 6 42 1
828 2 6 12 1
552 1 4 92 1
780 2 10 20 1
768 4 16 32 1
456 6 12 24 1
252 6 12 84 1
522 2 6 18 1
936 9 18 36 1
112 1 8 56 1
648 3 9 81 1
792 4 12 24 1
360 5 10 40 1
780 2 10 60 1
864 4 8 72 1
720 5 10 60 1
900 10 20 60 1
350 1 7 14 1
126 1 14 42 1
510 1 5 85 1
420 5 20 60 1
570 1 5 95 1
270 3 18 90 1
756 1 6 18 1
900 2 10 60 1
656 4 8 16 1
640 2 4 64 1
270 1 5 90 1
800 2 4 100 1
90 9 18 90 1
180 3 6 18 1
832 1 4 64 1
420 2 12 84 1
972 1 27 81 1
84 4 12 84 1
36 2 6 36 1
588 3 6 84 1
168 2 14 84 1
152 1 19 76 1
912 2 4 76 1
990 5 10 90 1
360 2 18 72 1
864 2 18 36 1
560 1 7 56 1
400 1 10 50 1
228 3 6 12 1
416 1 4 52 1
540 1 3 12 1
136 1 17 68 1
264 2 22 44 1
864 2 8 48 1
560 4 20 80 1
216 3 6 24 1
672 2 12 84 1
900 2 18 90 1
216 1 3 6 1
864 2 6 72 1
792 3 6 12 1
336 4 8 16 1
24 1 6 12 1
128 8 16 64 1
320 2 10 80 1
682 1 11 22 1
546 13 26 78 1
945 3 15 45 1
665 1 19 95 1
720 4 20 60 1
864 4 16 96 1
128 1 8 32 1
210 1 7 42 1
864 3 6 72 1
588 3 21 42 1
448 1 4 56 1
660 1 3 60 1
504 1 8 72 1
72 2 18 36 1
507 1 3 39 1
288 3 24 96 1
136 2 4 68 1
836 2 4 76 1
768 2 8 64 1
960 1 4 12 1
672 2 6 84 1
84 7 14 42 1
990 3 15 45 1
288 1 12 36 1
792 1 6 66 1
180 3 9 90 1
456 1 19 76 1
576 3 12 72 1
336 2 4 28 1
936 3 9 18 1
504 7 21 84 1
220 2 22 44 1
104 1 26 52 1
960 4 16 96 1
800 1 5 50 1
594 3 9 99 1
918 2 6 54 1
504 1 8 24 1
189 7 21 63 1
440 1 4 88 1
960 2 12 60 1
288 6 18 72 1
400 5 25 50 1
480 2 6 48 1
986 1 17 34 1
810 3 9 81 1
60 2 4 12 1
640 4 16 80 1
864 2 12 96 1
120 6 12 60 1
468 3 12 36 1
700 2 4 20 1
216 4 8 72 1
792 1 6 66 1
264 3 6 12 1
696 3 6 24 1
324 6 12 36 1
100 5 25 50 1
576 9 36 72 1
288 8 16 96 1
540 5 20 60 1
704 1 4 88 1
64 2 32 64 1
864 1 3 72 1
972 6 12 36 1
240 1 8 80 1
672 4 16 96 1
720 4 16 80 1
132 1 4 44 1
720 4 12 48 1
594 3 9 18 1
520 2 4 52 1
600 5 15 60 1
264 3 12 24 1
360 8 24 72 1
750 5 10 30 1
504 7 14 28 1
594 3 33 99 1
768 6 12 24 1
490 5 10 70 1
192 2 6 96 1
840 2 14 84 1
600 4 12 60 1
864 1 6 72 1
864 1 16 48 1
320 4 16 64 1
39 1 13 39 1
225 1 3 75 1
726 1 11 66 1
252 7 21 84 1
400 10 20 100 1
720 2 18 72 1
90 3 6 90 1
324 3 9 36 1
624 1 16 48 1
720 3 18 72 1
420 10 20 60 1
896 2 4 64 1
216 6 18 72 1
960 2 4 80 1
672 7 28 84 1
800 4 8 80 1
288 3 12 72 1
900 2 18 36 1
920 1 2 40 1
864 4 8 96 1
400 2 10 50 1
354 1 3 6 1
216 3 18 54 1
192 2 6 96 1
440 1 4 88 1
560 4 8 40 1
780 1 4 52 1
144 4 24 72 1
800 1 10 100 1
595 1 5 85 1
252 1 3 42 1
616 7 14 28 1
156 2 6 78 1
896 8 16 64 1
320 1 5 80 1
750 5 25 75 1
270 1 30 90 1
396 1 22 66 1
432 12 24 48 1
720 5 20 80 1
780 10 30 60 1
630 5 15 90 1
665 1 19 95 1
160 4 8 32 1
672 7 14 84 1
588 7 14 98 1
375 3 15 75 1
168 1 4 24 1
740 2 10 20 1
120 3 15 30 1
420 2 28 84 1
690 1 5 10 1
810 5 10 90 1
528 1 22 88 1
672 3 21 42 1
900 2 10 50 1
280 7 14 56 1
728 2 14 56 1
936 4 12 72 1
432 4 12 72 1
624 3 12 24 1
760 1 2 40 1
168 7 14 42 1
260 2 4 52 1
400 1 25 50 1
960 4 8 80 1
160 10 20 80 1
154 1 7 77 1
96 4 8 24 1
960 2 6 96 1
192 2 16 48 1
594 3 6 54 1
480 2 8 24 1
315 7 21 63 1
336 6 12 24 1
288 4 8 72 1
850 2 10 50 1
624 4 8 24 1
1000 1 5 25 1
162 3 9 18 1
400 2 10 20 1
198 3 6 66 1
240 4 20 60 1
490 7 14 98 1
665 1 7 35 1
594 1 6 66 1
55 1 5 55 1
512 4 8 32 1
360 6 12 72 1
528 1 2 44 1
513 1 9 27 1
936 2 12 72 1
360 3 9 90 1
375 1 15 75 1
600 1 6 60 1
836 1 19 76 1
720 3 15 90 1
490 5 10 70 1
270 2 18 54 1
672 2 8 16 1
210 2 14 70 1
972 3 9 36 1
756 1 2 36 1
504 4 8 24 1
50 2 10 50 1
720 5 40 80 1
648 3 6 18 1
384 4 8 48 1
30 5 10 30 1
414 1 3 69 1
480 1 30 60 1
196 2 14 98 1
850 1 25 50 1
936 6 12 36 1
256 2 8 64 1
100 1 5 100 1
980 1 14 98 1
300 5 15 60 1
180 1 5 45 1
792 4 12 72 1
900 4 20 100 1
312 2 12 24 1
378 1 9 54 1
660 5 15 30 1
432 3 6 54 1
702 6 18 54 1
240 2 6 48 1
880 1 5 55 1
630 5 15 90 1
336 6 12 84 1
630 2 10 70 1
160 1 20 80 1
288 2 6 96 1
936 1 18 72 1
468 3 6 78 1
156 1 13 78 1
324 9 18 54 1
900 3 18 36 1
588 7 28 84 1
384 1 12 96 1
960 3 12 96 1
88 2 22 88 1
624 2 16 48 1
966 1 21 42 1
840 1 14 42 1
66 2 22 66 1
828 3 12 36 1
792 1 22 44 1
120 1 10 60 1
270 3 15 90 1
384 3 6 96 1
450 1 10 90 1
848 1 8 16 1
936 1 13 52 1
400 5 20 100 1
741 1 19 57 1
42 7 14 42 1
656 2 4 16 1
240 1 6 60 1
480 4 12 48 1
190 1 5 95 1
585 1 15 45 1
432 3 12 72 1
980 2 14 98 1
320 5 20 40 1
768 2 12 96 1
432 1 3 36 1
572 1 2 22 1
990 9 18 90 1
280 2 8 56 1
30 2 10 30 1
360 2 10 90 1
312 3 6 78 1
792 3 6 72 1
836 1 2 38 1
960 4 8 96 1
136 2 34 68 1
952 2 8 56 1
72 3 18 36 1
112 1 2 56 1
480 10 20 60 1
864 1 6 96 1
900 5 25 100 1
880 10 20 80 1
528 4 8 88 1
672 7 14 28 1
720 1 10 80 1
864 2 6 72 1
800 2 4 100 1
325 1 5 65 1
672 7 14 84 1
920 2 20 40 1
720 3 6 30 1
144 2 12 24 1
96 1 8 96 1
840 4 28 84 1
700 1 4 100 1
960 1 3 96 1
924 1 11 77 1
960 2 4 64 1
480 4 12 24 1
600 2 4 12 1
90 1 3 90 1
882 3 21 42 1
66 2 22 66 1
504 3 9 63 1
400 1 2 80 1
560 2 8 80 1
792 4 12 72 1
72 6 36 72 1
420 4 12 60 1
924 7 21 84 1
800 5 20 80 1
952 2 8 56 1
396 2 22 66 1
96 4 24 96 1
780 1 2 60 1
240 3 12 60 1
330 1 11 33 1
252 3 21 84 1
992 2 4 32 1
182 1 13 91 1
504 4 12 84 1
96 8 16 32 1
280 2 20 40 1
480 8 16 96 1
528 3 6 66 1
200 4 20 100 1
96 1 6 24 1
160 5 20 80 1
96 3 6 96 1
486 3 9 54 1
480 10 30 60 1
798 1 19 38 1
72 3 6 72 1
720 2 20 80 1
150 1 5 50 1
864 3 9 72 1
770 2 10 70 1
840 1 14 70 1
420 1 21 42 1
204 3 6 12 1
216 2 6 36 1
234 3 6 78 1
92 2 4 92 1
960 6 24 96 1
672 6 12 84 1
72 6 12 36 1
768 1 2 96 1
480 10 20 60 1
36 3 6 36 1
120 5 20 60 1
768 3 6 96 1
990 3 15 30 1
608 1 2 32 1
576 4 24 72 1
192 2 8 32 1
222 1 2 6 1
672 2 14 84 1
240 2 16 80 1
50 5 10 50 1
56 1 2 28 1
480 8 16 48 1
585 3 9 45 1
304 2 4 76 1
384 2 12 96 1
954 2 6 18 1
264 1 11 88 1
324 3 9 81 1
720 4 16 80 1
864 1 9 54 1
700 1 10 100 1
420 6 12 84 1
192 8 32 96 1
462 2 6 42 1
810 5 15 30 1
276 1 4 92 1
816 1 17 51 1
840 10 20 60 1
64 4 16 32 1
900 1 15 45 1
598 1 23 46 1
90 1 10 90 1
352 2 8 88 1
480 2 24 96 1
900 4 12 60 1
252 1 12 84 1
120 1 8 40 1
792 3 6 72 1
420 4 28 84 1
960 1 2 32 1
440 1 8 40 1
448 4 32 64 1
408 6 12 24 1
252 2 6 84 1
84 6 12 84 1
192 2 4 24 1
96 2 8 48 1
920 1 5 10 1
360 3 9 72 1
288 4 12 48 1
30 5 15 30 1
300 4 20 100 1
140 5 10 70 1
504 3 21 42 1
704 4 8 88 1
540 9 18 90 1
360 3 15 30 1
600 2 6 30 1
630 7 21 63 1
234 1 6 78 1
546 3 6 78 1
693 3 9 99 1
320 4 8 80 1
480 1 16 96 1
176 1 4 16 1
88 1 11 22 1
960 1 4 64 1
588 3 6 84 1
