14 137
409257108134466 35323 70646 706460 8
9374487993 112131 224262 448524 54070
345329349806 2581 72268 722680 9
965244363728064 20329 121974 487896 8
413284132730040 14366 71830 861960 56144
15555881844 33146 99438 198876 8
9017264617 49061 98122 392488 87889
50529797280 6560 13120 354240 6045
786598475517941 13777 96439 867951 8
11838025706 20981 125886 755316 4
231194748016960 34858 139432 557728 83296
570821175816640 60284 120568 843976 95341
841626711718155 5503 49527 742905 75589
18491304936 22584 45168 316176 99120
838213873438391 10475 104750 314250 9
41938544245 13565 108520 976680 76609
97576214040 645 64500 838500 96
703136662508113 15503 77515 542605 7
204600044435514 8162 57134 171402 73413
9557598024 2808 70200 421200 774
715276687327488 7488 329472 658944 45
696985376096800 4522 72352 217056 825
800276355217080 82230 164460 657840 8687
27486936774 29986 149930 299860 759
873428838513024 115352 230704 922816 10
27786874507 23831 47662 142986 9
310348933466760 8205 221535 443070 8
192015655811512 2632 160552 963312 68
270848056608 2533 73457 440742 43
997333709495510 27247 54494 326964 9
566334768233475 4824 33768 67536 95
854687859899320 51076 102152 510760 759
39220220940338 16746 351666 703332 6
153860971350 3450 72450 289800 833
10876424944 15386 46158 507738 950
721786056675322 25463 50926 407408 611
21550431075 29815 119260 357780 6528
34725435156 24228 266508 799524 65
600132870882733 26429 317148 951444 9
22716191928 28972 144860 289720 10
39555370244 14978 104846 314538 7187
629991811852335 17777 71108 711080 55364
964917937634709 601 37863 492219 45
4657438344 30488 60976 975616 9035
886155844967616 12443 49772 199088 87
732438932739987 11612 150956 905736 8122
521394466891480 17290 34580 553280 73
28017971410 15158 90948 818532 9205
62595216483 10499 230978 692934 6
286927760006060 8054 136918 821508 6821
24704942300 28526 142630 713150 84017
784816474035754 1359 115515 462060 889
1017649555072 838 76258 228774 5913
40305816960 13935 41805 125415 878
7669935216 36209 108627 869016 31
618608938372358 550 87450 262350 6104
17045176887 22819 68457 205371 6216
643098026270700 1820 20020 940940 81
941571397880824 20537 184833 924165 8555
2771919222268 316 43608 523296 88
109785688568 2999 14995 194935 50
757005787534656 20119 321904 643808 756
637188482038675 47819 95638 669466 81
59304655926 6561 32805 229635 10
398836736220031 29581 118324 828268 4362
765763810373271 3034 57646 230584 7074
904104532361920 25555 51110 562210 78
75819737375 8875 62125 497000 10
26717198112 28512 85536 171072 8
134117055972 2126 44646 357168 852
108024004571716 1148 58548 878220 9
104687642382750 80325 401625 803250 966
4144515692 59516 238064 714192 915
172608517778219 67318 134636 673180 10
18432086300 23900 47800 334600 86
6112893940 15124 151240 756200 7130
5473007953 67151 201453 604359 100
134790851631 4351 21755 543875 74
30120911072 10892 32676 424788 9010
804360833678112 59450 237800 475600 871
765054941178480 7124 142480 569920 67
745286562354304 12268 269896 809688 994
9630923376 20747 186723 746892 91
594512176740660 27705 166230 664920 86
21143859096 13506 162072 486216 5118
19376684344 21656 151592 909552 907
6325452144 36711 110133 220266 10
157472246481 5547 72111 360555 79
877541116682981 50108 150324 450972 729
6784549875 42771 85542 855420 9
675047111305634 47915 143745 862470 10
48620274334 14006 42018 924396 10
5165186955 30189 60378 362268 905
29419087071758 29175 145875 729375 94
30489919326 25919 181433 362866 6783
227278887108704 2482 12410 359890 7009
7039536538 63473 190419 952095 916
342724258341099 36449 72898 656082 796
88339345881530 4102 73836 959868 959
160963966719 4581 68715 412290 895
958088583678240 2495 52395 995505 795
532978191569527 15544 264248 528496 841
28088139399 16001 32002 640040 6
8162876436 22308 111540 557700 52
13796095089 39999 79998 399990 88
886779601792256 11632 46528 744448 8
218748560962774 38155 76310 152620 71
958285530 110338 220676 882704 1
119434207330578 94923 189846 569538 9
105905611272 8076 72684 436104 737
237822413866675 27511 137555 687775 73
646278672051538 16356 81780 327120 89
197510608009176 50010 100020 300060 9
442772710552784 18989 56967 911472 3
330640979815728 63864 127728 255456 62
300241023438144 5307 74298 742980 9
783632669141376 5464 98352 295056 65
816181027560968 19576 58728 352368 91
747674053013009 5351 37457 74914 8
103327492732695 141 13959 614196 38
881046919230720 32384 161920 971520 36
40892549436 15732 62928 755136 77
3737273200 52700 263500 790500 82
533898048831417 81107 243321 486642 10
666312495164844 2068 8272 33088 76
34638929785 13907 83442 750978 84
11789005936 43319 216595 433190 9
80349194590522 51747 103494 827952 8
6889745678 38197 420167 840334 6
123946572614212 35716 71432 642888 91
311657798422 2174 110874 776118 5
267360277122600 40772 81544 733896 3
403208967 14203 28406 937398 10
31499842108 15022 45066 811188 5
7609440982 11323 67938 407628 10
43543919690272 85474 170948 683792 9
477728045145201 1043 184611 923055 10
