0
0
3306160
180180
0
38304
0
738
0
0
0
0
0
0
0
0
0
0
0
0
0
0
0
0
0
0
0
0
3306160
0
20
0
0
0
0
0
0
0
0
0
0
0
0
0
0
0
0
0
0
0
0
0
0
0
0
0
0
0
236460
0
0
0
0
0
3306160
0
0
0
0
0
0
0
0
0
0
0
0
0
0
0
3306160
0
0
203610
0
0
0
0
0
0
0
0
0
0
0
0
0
0
3306160
0
0
0
0
0
0
0
0
0
0
0
0
0
0
0
0
0
0
0
20
0
0
0
0
0
0
0
0
0
0
3306160
0
0
0
0
0
19140
0
20172
0
0
0
0
0
0
18020
0
3306160
0
0
0
0
0
0
0
0
0
0
0
0
0
0
0
8120
0
0
0
0
0
0
0
0
0
0
0
0
3306160
0
0
0
0
0
76725
0
0
0
0
0
0
0
0
0
0
0
0
0
0
0
0
0
0
0
0
0
0
0
0
0
0
0
24192
0
0
0
0
0
0
3306160
0
0
0
0
0
0
0
0
0
0
0
0
0
0
0
0
0
0
0
0
0
0
0
108608
0
0
0
0
0
227360
0
0
720
50853
0
0
0
0
0
0
0
0
0
0
0
0
0
0
0
0
0
0
44864
7760
0
0
3306160
0
0
0
0
3306160
0
0
0
0
0
0
0
0
0
0
0
3306160
0
0
0
0
0
0
3306160
0
0
0
0
0
0
0
0
0
0
0
0
0
3306160
3306160
0
0
0
0
0
0
0
0
0
0
0
0
0
0
0
0
0
0
0
0
0
0
0
0
0
0
0
0
0
0
0
0
0
0
0
0
0
0
0
0
0
0
0
0
0
3306160
0
0
0
0
0
0
0
0
0
0
16500
0
139440
0
0
0
0
0
0
0
23760
0
0
94380
0
3306160
0
0
0
0
0
15576
3780
0
0
0
0
0
0
0
0
122416
0
0
674960
0
0
0
3306160
0
0
0
0
0
0
0
0
0
3306160
0
0
3306160
0
0
0
0
0
0
0
0
0
0
0
0
0
0
0
0
0
0
0
0
0
0
0
0
0
0
3306160
0
0
0
0
0
0
0
0
0
0
0
0
0
0
0
0
486200
0
0
0
0
58320
0
0
0
0
0
0
0
0
0
14100
0
3306160
0
0
0
0
4380
0
0
0
0
0
0
0
0
0
1080
0
0
0
0
0
0
0
135240
0
0
0
0
0
0
3306160
0
0
0
0
0
0
0
0
0
0
0
0
0
0
0
0
0
0
0
0
0
0
0
3306160
0
0
0
0
203610
0
0
0
0
23364
3306160
0
0
0
0
0
0
0
0
0
0
0
0
0
0
0
3306160
0
0
0
0
0
0
0
0
0
0
0
0
8120
0
0
0
0
0
0
0
0
0
0
0
0
0
0
0
0
0
0
0
3306160
0
0
0
0
0
0
0
200
3306160
0
0
0
0
0
0
0
0
674960
0
0
6948
0
0
0
3306160
0
3306160
3306160
0
0
0
0
0
0
0
0
0
3306160
0
0
0
0
0
0
0
0
0
0
0
0
0
0
0
0
11620
3306160
0
0
0
0
0
0
0
0
0
0
0
0
0
0
0
0
0
0
1458600
0
0
0
0
0
0
0
3306160
0
0
0
0
0
3306160
3306160
0
0
0
0
0
0
0
0
340416
0
0
0
0
0
0
0
0
0
0
0
0
0
0
0
0
25025
0
0
0
0
0
9900
0
0
0
0
0
0
0
0
193459
0
0
0
0
0
0
0
0
0
0
203610
0
0
0
0
0
26175
0
0
0
3306160
0
0
0
0
0
0
0
0
0
0
0
0
0
3306160
0
0
0
3306160
0
0
161832
0
0
0
0
0
3306160
0
0
0
0
0
0
29700
0
0
0
0
0
0
0
0
0
0
0
0
0
101100
0
0
0
0
0
0
0
3306160
0
0
0
0
42900
0
0
0
0
3306160
0
0
0
0
0
0
0
0
0
0
0
0
0
0
0
0
0
0
0
5148
332640
0
0
0
0
0
0
0
0
0
0
0
9270
0
0
0
0
0
0
0
0
0
0
0
0
0
0
0
0
0
0
0
3306160
0
0
0
0
0
0
0
0
0
0
0
5148
0
0
3306160
0
0
0
0
0
0
1300
0
0
0
0
0
570284
15248
0
0
0
0
0
0
0
0
0
0
0
0
3306160
0
0
0
174200
0
0
0
3306160
0
0
0
3306160
0
0
0
0
0
0
0
214170
0
3306160
0
0
0
0
0
0
0
0
0
0
0
0
0
0
0
3306160
0
0
0
3306160
18144
0
0
0
0
0
0
0
3306160
0
0
0
0
0
0
0
0
0
0
0
0
0
0
0
0
3306160
0
0
0
0
0
0
0
0
0
0
252
0
0
0
0
0
0
0
0
7020
0
0
0
0
0
3306160
0
0
0
0
0
3306160
0
0
0
0
3306160
0
0
0
0
0
0
0
0
0
0
0
0
0
0
0
0
0
0
0
0
3306160
3306160
0
0
0
0
3306160
0
0
0
0
0
0
0
0
0
6024
3306160
0
0
0
7992
0
0
0
0
0
1300
0
0
0
19950
0
0
3306160
0
0
0
0
0
0
0
0
0
0
0
0
0
0
282810
0
0
0
0
0
0
0
0
0
0
0
0
0
0
0
0
0
0
0
0
0
0
3306160
0
0
0
3306160
0
3306160
0
0
11550
0
3306160
0
0
0
3306160
0
0
0
0
0
0
0
0
0
0
0
0
0
0
0
0
0
0
0
0
0
0
0
0
0
0
0
0
0
0
0
0
0
213312
0
0
0
0
0
0
0
0
3306160
0
0
0
0
0
0
0
0
0
0
0
0
0
0
0
0
0
0
0
0
0
0
0
0
0
0
0
0
0
3306160
0
0
0
0
0
0
0
0
804
0
0
0
0
0
3306160
0
0
0
20772
0
0
0
0
0
0
0
0
0
0
0
23768
0
0
0
0
0
0
0
0
0
0
0
3306160
0
0
0
0
0
0
0
0
0
0
0
0
0
0
3306160
0
0
0
0
0
0
0
0
0
3306160
0
0
0
0
0
0
0
0
0
0
0
0
0
0
0
0
0
0
0
3306160
0
0
0
0
76725
0
0
0
0
0
0
0
3306160
0
0
0
0
0
0
0
0
124200
0
0
0
0
0
0
0
0
0
0
0
3306160
0
0
19950
0
0
0
200
0
0
3306160
0
0
3306160
0
0
0
0
0
0
0
0
0
0
0
0
0
0
0
0
0
0
3306160
3306160
0
0
0
0
0
0
0
0
0
0
0
20
3306160
214170
0
0
0
0
0
0
0
0
0
0
0
0
0
0
0
0
0
0
0
0
3306160
0
0
0
0
0
0
0
0
0
0
0
0
0
0
0
0
0
0
0
0
0
0
0
0
0
0
0
0
0
0
0
0
0
0
0
0
404690
0
3306160
0
3306160
0
0
0
0
0
0
0
0
0
0
0
3306160
0
0
0
0
0
0
0
0
0
0
0
0
0
0
3306160
0
0
23760
0
0
0
0
3306160
0
0
0
0
0
3306160
0
0
0
0
0
0
0
0
0
0
0
0
0
15750
0
0
0
0
3306160
0
0
0
0
0
0
0
0
3306160
0
0
0
0
0
0
0
0
0
0
0
0
0
0
9704
0
0
0
0
0
0
0
0
0
0
0
0
0
3306160
0
0
0
0
0
0
0
0
0
0
0
0
0
0
23100
0
3306160
0
0
0
287672
0
0
0
0
0
0
0
0
0
0
0
0
0
0
0
0
0
0
0
0
0
0
0
0
0
0
0
0
0
0
0
0
0
251790
0
0
0
0
0
0
0
0
0
0
0
0
6930
0
0
0
0
0
0
0
0
0
3306160
1687400
0
3306160
0
3306160
0
0
0
0
21420
312480
0
0
0
0
0
0
0
0
184470
0
0
0
7760
0
0
0
0
0
0
0
3306160
0
0
0
0
0
0
0
0
0
0
0
0
0
3306160
1618760
29700
0
0
0
0
0
0
0
0
0
0
0
0
0
0
0
0
0
0
0
0
0
0
0
67200
0
92664
0
0
0
0
0
0
0
0
0
0
0
3306160
0
0
0
0
924
0
0
0
0
0
0
0
0
0
0
122416
0
0
0
0
0
0
0
0
0
0
0
0
0
0
0
3306160
0
0
0
0
0
0
0
0
0
0
0
0
0
0
0
0
0
0
0
0
0
0
0
0
0
0
0
0
0
0
0
3306160
0
0
0
0
0
3306160
0
5152
0
0
0
0
0
0
0
0
0
0
0
0
0
0
0
0
0
0
0
0
0
0
3888
0
0
0
0
0
0
0
0
0
0
0
0
0
0
124200
0
0
0
0
0
3306160
0
0
0
0
0
0
0
0
0
0
427064
0
0
0
0
0
0
146790
0
0
0
0
0
0
0
0
0
0
0
0
0
0
0
0
0
0
0
0
0
0
0
3306160
0
0
0
7020
0
0
0
0
0
0
0
0
0
0
0
0
0
0
0
0
0
0
0
0
0
0
0
0
120
3306160
0
0
0
0
0
0
0
0
0
0
0
0
0
0
0
1280
0
0
0
0
0
0
0
0
0
35652
3306160
0
0
0
9000
0
0
18
3306160
0
0
0
0
0
0
196625
0
0
0
12900
0
0
0
0
0
0
0
0
0
0
0
3306160
0
3306160
0
0
0
0
0
0
0
0
0
0
0
0
0
0
0
0
0
0
0
0
0
0
0
0
0
3306160
0
0
3306160
0
0
0
0
0
3306160
0
0
0
0
0
0
0
0
0
0
0
0
0
0
0
0
0
0
0
0
0
0
0
3306160
0
0
0
0
0
0
1687400
0
251790
3306160
0
7700
0
3306160
0
0
0
0
0
4380
0
0
0
0
0
978
0
0
0
0
0
0
0
0
0
0
0
18072
0
0
0
0
0
0
6024
0
0
0
0
0
0
0
0
0
0
0
3306160
0
0
0
0
0
0
3306160
0
0
0
0
0
0
0
0
0
0
0
0
0
0
0
0
0
3306160
0
0
3306160
0
0
0
0
0
0
0
0
0
0
1100
0
0
0
0
0
0
0
0
0
3306160
0
0
0
0
0
0
0
0
0
0
0
0
0
0
0
0
0
0
0
0
0
0
0
0
0
0
0
0
0
0
0
0
0
0
0
0
0
163350
0
0
0
0
0
0
0
0
0
0
0
0
0
0
0
0
0
0
0
3306160
0
3306160
0
3306160
0
0
0
0
322080
0
0
0
0
0
0
0
0
45045
0
3306160
0
0
3306160
0
0
0
0
0
0
0
0
0
0
0
0
0
0
0
0
0
0
0
0
0
0
0
0
0
0
2664
0
0
0
3306160
3306160
0
0
0
0
0
0
0
0
0
0
0
0
0
3306160
3306160
0
0
0
0
0
0
0
0
3306160
3306160
0
0
0
0
0
0
0
0
0
0
0
0
0
0
0
0
0
0
0
0
0
0
0
0
0
0
0
0
0
0
0
12408
0
0
0
0
0
0
0
0
0
3306160
0
0
0
0
0
0
0
0
0
0
0
0
0
0
0
0
0
0
0
0
0
0
0
0
0
0
0
0
1100
3306160
0
0
404690
0
0
0
0
0
0
0
0
3306160
0
0
0
3306160
0
0
0
0
0
0
0
3306160
0
0
0
0
0
0
0
0
0
0
0
0
0
0
0
0
0
3306160
0
0
0
0
0
0
0
0
0
0
0
0
0
0
0
0
0
0
0
0
0
0
0
0
0
0
0
0
0
21868
0
0
0
0
0
0
0
0
0
1012440
0
0
0
0
0
0
0
0
0
0
3306160
0
0
0
0
0
30152
0
0
0
0
3306160
0
0
0
3306160
0
0
0
0
0
0
0
0
0
0
0
0
0
0
0
0
0
0
0
0
0
0
0
0
0
0
11655
0
0
0
0
0
19152
3306160
0
0
0
4400
0
0
0
0
0
0
0
0
0
124200
0
0
0
0
0
0
3306160
0
0
0
0
0
0
0
0
0
0
0
340416
0
0
0
0
0
0
0
0
0
0
0
0
0
3306160
0
0
0
0
0
0
0
0
0
0
0
0
0
0
0
0
0
0
0
0
0
19140
0
0
0
0
0
0
0
3306160
0
0
0
0
0
0
0
0
0
0
77220
0
0
0
0
0
0
0
0
0
0
0
0
0
0
0
0
0
0
3306160
3306160
0
0
0
0
0
0
0
0
0
0
0
0
0
0
0
0
0
0
0
0
0
0
0
0
0
0
0
0
0
0
0
0
0
0
0
0
0
0
0
0
0
0
0
0
0
0
0
0
0
404690
0
0
213312
0
0
0
0
0
0
0
0
0
0
0
0
0
0
0
0
0
0
0
0
0
3306160
4467
0
3306160
0
0
0
0
0
0
0
2258
0
0
0
0
0
0
0
0
0
0
0
0
0
0
0
0
0
0
0
0
0
0
0
0
0
0
0
0
0
0
0
0
0
0
0
0
0
0
0
0
0
0
0
0
0
0
0
0
0
0
0
0
0
0
674960
3306160
0
0
0
0
0
0
0
0
0
0
0
0
0
0
0
0
0
0
0
0
0
0
0
0
0
0
3306160
0
3306160
0
0
0
0
0
0
3306160
0
0
0
3306160
0
0
0
0
0
0
0
0
0
3306160
0
0
0
0
0
0
0
0
0
0
0
0
0
0
3306160
9720
0
3306160
0
0
0
0
0
3306160
0
0
0
0
0
0
0
0
0
0
0
0
0
3306160
0
0
171
0
0
0
0
0
0
0
0
0
0
0
0
36288
0
0
0
13848
0
0
0
0
0
0
0
0
0
0
0
0
0
0
0
0
0
0
0
0
0
0
0
77220
0
3306160
0
0
0
0
0
0
441012
0
0
0
3306160
3306160
0
0
0
0
0
0
0
0
120120
0
0
0
0
0
0
19305
0
0
0
0
0
0
0
0
0
0
0
0
0
0
0
0
0
0
0
0
0
0
0
0
0
0
0
0
0
0
0
0
0
12
0
3306160
0
0
0
0
0
0
0
0
0
0
213312
0
0
0
0
0
0
0
0
0
0
0
0
0
0
0
0
0
0
0
3306160
0
0
3306160
0
0
0
0
0
0
0
0
0
0
3306160
0
0
3306160
0
0
0
0
0
0
0
3306160
0
0
0
0
0
0
0
0
0
0
0
124200
2880
0
0
0
3960
0
0
0
0
0
0
0
0
0
0
0
29700
0
0
0
0
0
0
0
0
0
0
0
0
0
0
0
0
0
3306160
0
0
0
0
0
0
0
0
0
0
0
0
0
0
0
0
0
0
0
0
0
0
0
0
0
0
3306160
0
0
0
0
0
0
0
0
0
0
0
0
0
0
0
0
0
0
0
0
0
0
0
0
0
0
0
0
0
0
0
3306160
0
0
0
0
0
3306160
27720
0
36288
701844
0
3306160
218
0
0
0
3306160
0
14280
7992
0
404690
0
0
0
0
0
0
0
3306160
0
0
0
0
0
0
0
0
0
0
0
0
0
0
0
0
0
0
0
0
0
3306160
0
0
0
0
0
0
404690
0
0
0
0
0
0
0
24
0
0
0
0
0
0
0
0
0
0
0
0
0
276630
0
0
3306160
0
0
0
29700
0
0
0
0
0
0
0
0
0
3306160
3672
0
0
0
307020
0
0
0
0
0
0
0
0
0
0
0
0
0
0
0
3306160
0
0
0
0
228800
0
0
0
0
0
3306160
0
0
0
0
0
0
0
0
0
0
0
0
0
0
0
0
0
0
0
0
0
0
3306160
804
0
0
0
0
0
0
0
0
0
0
0
0
0
0
0
0
0
0
0
0
0
0
0
0
0
0
0
0
0
24750
0
0
3280
0
0
0
0
0
0
0
0
0
0
0
0
3306160
0
0
0
0
20172
0
0
0
0
0
0
0
3306160
0
0
0
0
0
0
0
0
0
0
6210
0
0
0
0
3306160
58320
0
0
0
0
38940
0
0
0
0
0
0
0
0
0
0
0
0
3306160
0
0
0
0
0
0
0
0
0
3306160
0
0
0
3306160
0
0
122416
0
0
0
804
0
0
0
0
0
0
0
0
0
3306160
0
0
0
0
3306160
0
0
0
11385
0
0
0
0
0
0
0
44864
0
0
0
0
0
0
0
0
0
0
0
0
3306160
0
0
0
0
0
0
0
0
0
0
0
0
0
0
0
394680
0
0
0
0
0
7200
0
0
58320
0
0
0
0
0
0
0
0
0
0
0
0
0
0
0
0
3306160
0
0
0
0
0
0
0
0
3306160
0
0
0
0
0
37680
0
0
0
0
0
0
0
0
0
0
0
0
0
3306160
37800
0
0
0
0
0
0
0
0
0
0
0
0
0
0
3306160
0
0
0
3306160
0
0
0
0
0
0
0
0
0
0
0
0
0
3306160
0
0
42900
0
0
0
0
0
0
32200
0
0
0
0
0
0
0
0
0
0
0
0
0
0
0
0
0
0
4310
0
0
0
0
0
0
0
0
0
0
0
0
0
3306160
0
0
0
0
3306160
0
0
0
0
0
0
0
0
0
0
0
0
0
0
0
0
0
0
0
0
0
70070
0
3306160
0
0
0
0
0
0
0
0
0
0
0
0
0
0
0
0
0
0
0
0
0
0
0
0
0
0
0
0
0
0
0
0
0
0
0
0
0
0
3306160
0
0
0
0
0
0
0
0
0
0
0
0
0
0
0
0
0
0
0
3306160
0
0
0
0
0
0
0
0
0
0
3306160
0
0
0
0
0
0
0
0
0
0
0
0
0
0
0
0
0
0
0
0
0
0
3306160
0
0
0
0
0
3306160
0
301290
0
0
3575
0
0
0
0
0
0
0
0
0
0
0
0
0
0
0
0
0
0
0
0
3306160
0
3306160
0
0
3306160
0
0
0
0
0
0
0
0
0
0
0
0
0
0
0
0
0
0
0
3306160
0
278784
3306160
0
0
514800
0
0
0
0
0
0
0
0
3306160
0
0
0
0
0
0
0
0
0
0
0
0
0
0
369
0
0
0
3306160
0
0
0
0
3306160
0
25920
0
0
66640
0
130284
0
0
0
1280
0
0
223830
0
0
0
0
0
0
0
0
0
0
0
0
0
0
0
0
0
0
0
0
0
0
0
0
0
0
0
3306160
0
0
0
0
0
3306160
0
0
3306160
0
0
0
0
0
0
0
0
0
0
0
0
0
0
0
0
0
0
0
0
0
0
0
3306160
0
0
0
0
0
0
0
44864
0
0
0
0
0
3306160
0
0
0
0
0
0
0
0
0
0
3306160
0
0
0
0
0
0
0
0
0
0
0
0
0
0
3306160
0
0
0
0
0
0
0
0
0
0
0
3306160
0
3306160
0
0
0
0
3306160
0
3306160
0
0
0
0
0
0
0
0
0
0
0
0
0
0
0
0
0
0
0
3306160
0
0
0
0
0
0
0
0
0
0
0
0
0
0
0
0
0
0
0
0
0
1498
0
0
0
0
0
0
0
0
0
0
322080
0
0
0
0
0
0
0
0
0
0
0
0
0
0
0
0
0
0
203610
0
0
0
0
0
0
3306160
0
0
0
0
0
0
337480
0
0
0
3306160
0
0
0
0
0
0
0
0
0
0
0
0
0
441012
0
0
301290
0
0
0
0
0
0
0
0
0
0
0
0
0
0
0
0
0
0
0
0
0
0
0
3306160
276630
0
0
0
0
0
0
0
3306160
34347
0
0
3306160
0
0
404690
0
0
0
0
0
0
0
0
0
0
0
0
3306160
0
0
0
0
11385
0
0
0
213312
0
0
0
0
0
0
0
0
0
0
0
3306160
0
0
0
0
0
3306160
0
0
0
0
0
0
0
0
0
0
0
252
0
0
0
3306160
0
0
0
0
0
0
0
0
0
0
0
0
0
0
251790
0
0
0
0
0
0
0
0
0
0
0
3306160
0
0
0
3306160
0
0
0
0
0
0
0
0
0
0
0
0
0
0
0
0
0
900
3306160
0
0
0
0
0
0
0
0
0
0
0
0
0
0
0
0
0
0
0
0
0
0
0
0
0
0
0
0
0
0
0
0
0
0
0
0
0
0
0
0
0
0
0
0
0
0
0
0
0
0
0
0
50853
0
30152
0
3306160
0
0
0
0
0
0
0
0
0
0
0
0
3575
3306160
0
0
0
3306160
0
0
0
0
3306160
0
0
3306160
0
0
0
0
0
0
0
0
0
0
0
303800
0
0
0
0
0
0
0
0
0
0
0
0
0
0
0
0
0
0
0
0
0
0
0
0
0
0
0
0
0
1300
0
0
0
0
0
0
0
0
0
0
0
0
0
0
0
0
0
0
0
0
1100
0
15840
0
0
0
0
0
0
0
0
3306160
0
0
0
0
0
0
3306160
0
3306160
0
0
3306160
0
45144
0
0
0
0
15015
0
0
0
0
0
0
0
0
0
0
0
23328
0
3306160
0
0
0
0
0
0
0
0
0
0
0
0
3306160
0
0
0
0
3306160
0
0
0
0
0
0
0
0
14100
0
0
0
3306160
0
3306160
3306160
0
0
0
0
0
0
0
0
139440
0
0
0
0
0
0
0
3306160
0
0
3306160
0
3306160
0
0
3306160
0
0
3306160
0
0
0
0
0
0
0
510
0
0
0
0
0
0
0
0
0
0
0
0
0
0
25452
0
0
0
0
0
0
34347
0
5152
0
0
0
0
0
0
228800
369
0
0
0
0
22960
0
0
0
0
3306160
0
0
0
0
180180
0
0
0
0
0
0
0
0
0
0
0
0
19152
0
0
0
0
0
0
0
0
0
0
0
0
0
301290
0
0
7728
0
0
0
3306160
0
0
0
0
0
0
0
0
0
0
0
0
0
0
0
0
102960
0
0
0
0
0
0
0
15288
0
0
0
0
139440
0
0
0
0
3329
0
0
0
0
0
0
0
0
0
0
0
0
0
0
0
0
0
0
228150
0
0
0
0
0
0
0
0
0
0
0
0
0
0
0
0
0
0
0
0
3306160
0
1854
0
0
3306160
0
0
0
0
0
0
0
0
0
0
0
0
0
0
0
0
0
0
0
25452
0
0
0
0
0
0
3306160
0
0
0
0
0
0
0
0
0
174200
0
0
4400
0
0
0
0
0
0
0
0
0
0
0
0
0
322080
3306160
0
0
0
0
0
0
0
0
0
0
0
0
0
0
0
0
0
0
0
0
0
0
0
0
131810
0
0
0
0
0
35652
0
0
0
0
3306160
0
0
0
3306160
0
0
0
0
0
0
0
0
0
0
0
0
0
0
0
19530
0
0
0
0
0
0
0
0
77220
3306160
0
0
0
0
0
0
0
0
0
0
0
0
3306160
0
3306160
0
0
0
0
3306160
0
0
0
20735
0
0
0
0
0
0
0
0
0
0
0
0
3306160
0
0
0
0
0
0
0
0
0
0
0
0
0
0
0
3306160
0
0
0
0
0
0
0
3306160
0
0
0
3306160
0
0
0
0
0
0
0
0
0
0
0
0
0
0
0
0
0
0
0
0
0
0
0
43890
0
0
0
0
0
3306160
0
0
0
0
0
0
3306160
0
0
0
0
0
3306160
0
0
0
0
0
0
0
674960
0
11655
3306160
0
0
0
0
0
0
0
3306160
0
0
0
0
0
3306160
0
0
0
0
0
0
130284
0
0
0
0
0
0
0
0
0
0
3306160
0
132132
0
0
0
1280
0
0
0
0
0
3306160
0
0
0
0
0
60060
0
0
0
0
0
0
0
0
0
0
0
0
7200
0
0
0
0
0
0
0
3306160
0
0
0
0
0
0
0
0
0
3306160
0
0
0
0
0
0
0
0
0
0
0
0
674960
278784
0
9704
0
0
0
0
0
0
0
0
0
0
15754
0
0
0
0
0
0
0
0
0
0
0
0
0
0
0
0
0
0
0
0
0
0
0
23312
0
0
0
0
0
0
0
0
0
0
0
0
3306160
0
0
0
0
0
0
0
0
0
0
0
0
0
0
0
0
0
0
0
0
0
0
0
122550
394680
0
0
0
0
0
0
0
326040
0
0
0
3306160
0
0
0
0
0
0
0
0
0
0
0
0
0
0
0
0
3306160
0
0
0
0
0
0
0
0
0
0
3306160
0
0
0
0
0
0
0
0
0
0
0
0
0
0
0
307020
0
0
0
0
0
59796
0
0
0
0
0
0
0
0
0
46480
0
0
0
0
0
0
0
0
0
0
0
0
0
0
3306160
0
0
0
0
0
77220
0
0
3306160
0
0
0
0
0
0
0
0
0
0
0
0
0
0
0
0
0
0
0
0
0
0
0
0
0
0
0
0
0
340416
0
0
0
0
0
0
0
0
6
0
0
23312
0
1669
0
3306160
0
0
0
0
0
0
0
0
0
0
0
0
0
0
0
0
0
0
0
0
0
0
0
0
0
0
0
0
0
3306160
0
0
0
0
0
0
0
0
0
0
0
0
0
0
0
0
0
0
0
0
36288
0
0
0
0
0
0
0
0
91950
0
0
23100
0
0
0
0
0
0
0
0
0
0
0
0
0
3306160
3306160
0
0
9240
3306160
0
0
7760
0
0
3329
0
0
0
0
0
0
0
0
0
0
0
0
0
0
0
0
0
0
0
0
0
3306160
0
0
0
0
0
0
0
0
0
0
0
0
0
3306160
0
0
0
3306160
0
0
0
0
0
0
0
0
0
0
0
0
0
0
0
0
0
301290
0
3306160
0
0
0
0
0
0
0
92664
0
0
0
3306160
0
0
0
0
0
0
0
0
0
0
0
0
0
0
0
0
0
0
0
135240
0
0
0
0
0
0
0
0
0
0
0
0
0
223830
0
0
0
0
0
0
0
0
3306160
0
0
0
0
0
0
0
0
0
0
0
0
0
0
0
0
0
0
0
0
1100
0
0
0
0
0
0
0
3306160
0
0
0
0
0
0
0
0
0
0
0
0
0
0
0
0
0
0
0
0
287672
0
1848
0
0
0
0
0
0
0
0
0
0
0
0
0
0
0
0
0
0
0
3306160
0
0
0
0
0
0
3306160
0
0
0
0
0
0
0
0
0
3306160
0
0
0
0
0
0
0
0
7760
0
0
0
0
38850
3306160
0
0
0
0
0
0
0
0
0
0
0
0
0
0
0
0
0
0
0
0
0
1687400
0
0
0
0
0
3306160
514800
3306160
0
0
0
0
0
0
0
0
0
3306160
0
0
127050
0
0
3575
0
0
3306160
0
0
0
9936
0
0
0
0
0
0
0
44864
0
0
0
0
0
0
3306160
0
0
0
0
0
3306160
0
301290
0
0
0
3306160
0
0
0
0
3306160
0
0
3306160
0
0
0
0
0
3306160
0
332640
0
0
0
0
0
3306160
0
0
0
0
108608
0
3306160
0
0
0
0
264
0
0
0
0
0
0
0
0
0
0
0
0
0
0
0
0
0
0
0
0
0
0
0
0
0
0
0
0
0
0
0
0
0
0
0
0
0
0
0
252
0
0
0
0
0
0
0
0
0
0
0
0
0
0
0
0
0
0
0
0
48600
0
3306160
0
3306160
0
0
0
0
0
3306160
0
0
0
3306160
0
0
0
0
12600
0
0
0
0
0
1214070
0
0
0
0
3306160
0
0
0
0
1687400
0
0
0
0
701844
0
0
0
0
0
0
3306160
0
0
0
0
0
0
0
0
3306160
0
0
0
0
0
0
37224
0
0
0
3306160
3306160
0
282810
0
0
0
0
0
0
0
0
0
0
0
0
0
1214070
0
81158
0
0
0
0
0
0
0
0
0
3306160
0
180180
0
0
0
0
0
0
0
0
0
0
0
0
0
0
0
0
51480
0
0
0
0
0
0
0
319440
0
0
0
0
0
0
0
0
0
0
0
0
0
3306160
3306160
0
0
0
0
0
0
0
0
0
0
0
0
3306160
0
0
0
0
0
3306160
91950
0
0
0
0
0
0
0
0
0
0
0
3306160
1100
0
0
0
0
514800
0
0
0
3306160
0
570284
3306160
0
0
0
0
0
0
0
37680
0
0
0
3306160
0
0
0
0
92664
0
3306160
0
0
0
3306160
0
171
0
0
0
0
34860
0
0
3306160
0
0
0
0
0
0
0
0
0
0
0
0
0
0
0
163350
0
0
0
0
0
0
0
0
7200
0
0
0
0
0
0
0
0
0
3306160
0
0
0
0
0
0
0
0
0
0
0
0
0
0
0
0
0
0
3306160
0
0
0
0
0
213312
0
322080
0
0
0
0
0
0
0
0
0
0
0
0
0
0
0
0
0
0
0
0
0
0
0
0
0
0
0
3306160
0
0
0
0
0
0
0
0
0
0
0
0
0
0
0
0
0
0
0
0
3306160
0
0
0
0
0
0
0
0
130284
3306160
0
0
0
0
0
0
0
0
0
0
0
0
0
0
0
0
0
0
0
0
0
0
0
0
0
3306160
3306160
0
0
0
0
70070
0
0
0
0
0
20
0
0
0
0
0
0
0
0
0
0
0
0
0
0
0
0
0
0
0
0
0
0
0
0
0
0
0
3306160
0
0
0
0
0
0
0
0
0
0
0
0
3306160
0
0
0
0
0
0
0
0
0
0
3306160
20
0
0
0
0
0
0
147
0
0
0
0
0
0
0
0
0
0
0
0
0
0
0
0
0
0
0
0
0
0
0
20160
0
0
143220
0
3306160
0
0
0
0
142100
0
0
0
1694
0
0
3306160
0
0
193050
3306160
0
0
0
0
0
3306160
3329
0
0
0
0
40320
0
0
0
0
0
0
0
337480
0
0
0
0
0
0
0
20692
0
0
0
0
0
0
0
0
0
0
0
0
12600
0
319440
0
0
0
0
0
0
0
3306160
0
0
0
0
0
0
0
0
0
0
0
0
0
3306160
0
0
0
0
0
0
0
0
0
0
0
1300
0
0
0
0
3306160
3306160
0
900
1100
0
0
0
0
25740
0
3306160
0
0
0
0
0
0
3306160
0
0
0
0
0
0
0
0
0
0
0
0
0
213312
0
0
0
0
0
0
0
0
0
0
0
0
0
0
23760
0
0
0
0
0
0
0
0
0
0
0
0
0
0
0
0
0
0
0
0
0
0
0
0
0
0
0
0
0
0
0
0
0
0
0
0
0
0
13440
0
0
0
0
0
0
81
0
0
0
0
0
0
0
0
0
0
0
3306160
0
0
0
0
0
0
0
0
0
0
0
0
0
3306160
3306160
0
0
0
0
3306160
0
0
4400
0
0
0
0
0
0
0
9000
0
0
0
0
0
0
0
0
0
3306160
0
0
0
0
0
13676
0
0
0
0
0
0
282810
0
0
0
0
0
0
0
3306160
0
0
0
0
0
0
0
0
3306160
0
0
0
0
0
1032
0
20735
0
3306160
0
0
0
0
25920
0
0
0
0
404690
0
0
0
0
0
0
0
0
0
0
0
0
0
0
0
0
441012
0
0
0
0
0
0
0
0
0
0
0
0
0
0
0
0
0
0
0
3306160
0
0
0
0
3306160
0
0
287672
0
0
0
0
0
0
0
0
0
0
0
18072
0
0
0
0
0
0
0
0
0
0
0
0
0
0
0
0
0
0
0
3306160
0
0
0
0
0
0
0
0
0
0
0
0
0
0
0
0
0
0
0
0
0
0
0
0
0
0
3306160
0
0
0
0
0
0
301290
0
0
0
0
0
0
163350
0
674960
0
0
0
0
0
0
0
0
0
0
0
0
143220
0
0
0
0
0
0
0
0
0
0
0
0
0
0
0
3306160
0
0
0
0
0
0
0
0
0
0
0
0
3306160
404690
3306160
0
0
0
0
0
0
0
0
3306160
0
0
0
0
0
0
0
0
0
0
0
0
0
3306160
0
0
0
0
0
0
50853
0
0
0
0
0
0
0
0
0
0
14850
0
0
0
3306160
0
0
0
0
0
0
0
0
0
0
0
0
0
0
3306160
3306160
0
0
0
0
0
0
0
0
0
0
0
0
0
0
0
0
0
0
0
0
0
0
0
0
0
3306160
0
0
780
0
0
0
0
0
0
0
0
0
0
0
0
0
0
0
0
0
0
0
0
0
0
0
0
0
0
0
0
0
0
0
3306160
0
0
0
0
0
3306160
0
0
0
0
0
0
0
0
3306160
0
0
0
15754
3306160
0
0
0
0
2550
0
0
0
0
0
0
0
0
0
0
0
0
0
0
0
0
0
0
0
0
486200
0
0
0
0
0
0
3306160
0
0
3306160
0
0
0
0
0
0
0
0
0
0
0
0
0
0
0
0
0
0
213312
0
0
0
3306160
3306160
0
0
0
0
0
0
0
0
0
0
0
0
0
0
0
0
0
0
0
0
0
0
25740
3306160
0
0
0
0
0
0
0
0
0
0
15015
0
0
0
0
0
3306160
0
0
0
0
0
0
0
0
0
0
0
0
0
0
3306160
0
0
0
0
0
0
0
386100
3306160
0
0
0
38304
0
0
0
0
0
0
0
0
0
0
0
0
3306160
0
0
0
3306160
0
0
0
0
0
0
0
0
0
0
0
0
0
3306160
0
0
0
0
0
0
0
0
0
0
0
0
1100
0
0
0
0
0
0
0
0
3306160
7700
0
0
0
0
0
0
0
0
0
0
0
0
0
0
3306160
0
0
0
0
0
0
0
0
0
0
0
0
0
0
0
0
0
0
0
0
0
0
0
0
0
0
0
0
0
0
0
0
0
0
0
0
0
0
0
0
0
0
0
0
0
25920
0
0
0
0
0
0
0
0
0
0
0
0
3306160
0
0
3306160
0
0
0
120960
0
0
0
0
0
0
0
0
0
0
0
0
0
3306160
0
3306160
0
0
0
0
0
0
0
0
0
0
0
0
0
0
0
0
0
0
0
0
0
0
0
0
3306160
0
0
0
0
3306160
0
0
39930
0
3306160
0
0
0
0
0
0
0
0
0
0
0
0
0
0
0
3306160
0
0
22704
0
0
0
0
0
0
0
0
0
0
0
0
0
0
0
0
0
0
0
23760
3306160
0
3306160
0
0
0
0
0
0
0
20
0
0
252
0
0
0
0
0
0
0
0
0
0
0
0
0
0
0
0
0
0
0
0
0
0
0
0
0
0
0
0
0
1214070
0
58320
3306160
0
0
0
0
0
0
25920
0
0
0
0
0
0
2637
0
0
0
0
0
0
0
322080
0
0
0
3306160
0
0
0
0
3306160
0
0
0
0
48
0
0
0
0
0
0
0
0
0
0
0
3306160
0
0
0
0
0
0
0
0
0
0
0
0
0
0
0
0
0
0
0
0
0
0
0
0
0
0
0
0
0
0
0
0
0
0
0
0
0
0
0
0
0
0
0
0
0
0
0
0
3306160
0
0
0
0
314
3306160
0
0
54060
0
0
0
0
0
0
0
0
0
0
0
5148
0
0
0
0
0
0
0
0
0
0
0
0
0
0
0
0
0
0
0
295536
0
0
0
13440
0
0
0
0
3306160
0
163350
0
0
0
0
3306160
0
880
80080
0
0
0
0
0
0
0
0
0
0
0
0
3306160
0
0
0
0
0
0
0
142100
0
0
0
0
0
0
0
0
0
0
0
0
0
0
0
0
0
0
0
0
0
0
0
0
3306160
0
0
63000
0
0
0
0
0
0
0
0
0
0
0
0
0
0
0
0
0
0
0
0
0
0
0
0
0
0
0
135240
0
0
0
0
0
0
0
0
0
0
0
0
3306160
0
0
0
0
0
0
0
0
0
0
0
0
0
0
0
20172
0
0
0
0
0
0
0
0
0
3306160
0
0
0
0
0
0
0
0
0
0
0
81158
0
0
0
0
8460
0
0
0
0
0
0
0
0
0
0
0
0
23312
0
0
0
0
3306160
0
3306160
0
0
0
0
3306160
0
0
0
0
0
0
0
0
0
3306160
1458600
0
0
3306160
0
1012440
0
29205
0
0
135240
0
200
0
0
0
0
0
0
0
0
0
0
0
0
3306160
0
0
0
0
0
3306160
0
0
0
0
0
0
0
0
0
0
0
0
0
0
0
0
0
0
0
0
0
0
0
0
0
0
0
0
0
486200
0
0
0
0
0
0
0
0
0
0
0
0
0
0
0
0
0
0
0
3306160
0
0
0
0
3306160
0
0
0
0
0
0
0
0
0
0
3306160
0
0
0
0
0
0
0
0
0
0
0
0
0
0
0
0
0
0
0
0
0
0
0
0
0
0
3306160
0
0
0
0
0
0
0
0
0
0
0
0
0
0
0
0
0
0
0
0
0
0
0
0
0
0
0
2664
0
0
0
0
3306160
19530
0
0
900
0
0
0
0
0
0
0
3306160
0
0
0
0
0
0
0
0
0
3306160
1458600
0
3306160
0
0
0
3306160
0
0
0
0
3306160
0
0
0
0
0
0
0
0
0
0
0
0
0
0
0
1214070
0
0
0
0
0
3306160
0
3306160
0
0
0
0
0
290400
0
0
0
0
0
0
0
0
7760
0
0
0
0
0
0
0
0
0
20328
0
3306160
0
0
0
0
0
0
0
0
0
0
0
0
0
0
0
0
0
0
0
0
0
0
0
0
0
0
3306160
0
0
0
0
3306160
0
0
0
0
0
0
0
0
0
0
0
0
0
0
0
0
690
0
0
0
0
0
0
0
0
0
0
0
0
0
0
0
0
0
0
0
0
0
0
0
0
36288
3306160
0
0
0
0
0
0
0
0
0
0
0
3306160
0
0
0
0
0
0
0
0
0
45144
3306160
0
0
0
0
38940
0
0
0
3306160
0
3306160
0
3306160
0
0
0
0
0
0
0
0
0
0
0
0
0
0
0
0
0
0
0
3306160
0
0
0
0
0
0
0
0
0
0
0
0
0
0
0
0
0
0
0
0
0
0
0
0
0
0
0
122550
0
2688
0
0
0
0
0
0
0
0
0
0
0
0
0
0
0
3306160
0
0
0
0
0
3306160
0
2996
0
0
0
0
0
73788
0
0
0
0
0
4380
0
0
0
0
9704
0
0
0
3306160
0
0
0
0
0
0
0
0
0
0
0
0
0
0
0
0
0
0
0
0
0
0
0
0
3306160
0
0
0
0
0
0
0
0
0
0
0
0
0
0
0
0
0
0
0
0
0
0
0
0
0
0
3306160
0
200
0
0
0
0
0
0
0
0
0
0
3306160
67200
0
0
3306160
0
0
0
0
0
290400
0
0
0
0
0
0
3306160
0
0
0
0
0
0
23312
0
0
0
0
0
0
0
0
0
0
0
0
0
308700
404690
0
0
0
0
0
0
0
0
0
0
0
0
0
0
0
0
0
0
0
0
0
0
0
0
60060
0
0
0
0
0
0
0
0
0
0
0
0
3306160
3306160
0
0
0
3306160
0
0
0
0
0
0
0
0
0
0
0
0
0
0
0
0
0
0
0
0
0
0
0
3306160
0
0
3306160
0
3306160
0
0
0
0
0
0
0
0
0
0
0
0
0
0
0
0
0
0
0
0
0
0
0
3306160
0
0
0
0
0
0
0
0
3306160
0
0
0
0
0
0
0
0
0
0
0
0
0
0
252
0
0
0
0
0
0
0
0
0
0
0
0
0
0
0
0
0
0
0
0
0
0
0
0
308700
0
0
0
0
0
0
0
0
0
0
0
0
0
0
514800
0
0
0
0
0
100800
0
0
0
0
0
0
0
228800
0
0
0
0
0
0
0
0
0
0
0
0
0
0
0
3306160
0
0
0
0
0
0
0
1099
0
0
0
0
0
0
0
2664
0
0
0
0
0
0
0
0
0
0
0
0
0
0
0
0
0
0
0
0
0
0
0
0
0
0
0
0
0
0
0
0
0
0
0
0
200
0
0
0
0
0
0
0
0
0
0
0
0
0
0
0
0
0
0
7770
0
3306160
0
0
0
0
0
0
15120
0
0
0
0
0
0
0
131810
0
0
6724
3306160
0
0
0
0
0
13188
0
5640
0
0
0
0
0
0
223830
3306160
0
0
0
0
0
0
0
0
0
0
0
0
0
0
3306160
0
0
0
0
0
0
0
0
0
0
0
3306160
3306160
0
0
0
0
0
0
0
0
0
0
0
0
0
0
3306160
0
0
0
0
0
0
3306160
0
0
0
0
0
0
0
0
0
0
0
0
0
0
295536
0
0
0
0
0
1214070
0
0
0
0
0
0
0
3306160
3306160
3306160
0
0
0
0
0
0
0
0
0
0
0
0
0
0
0
3306160
0
0
0
3306160
0
0
0
0
3306160
0
0
0
0
0
0
0
0
0
0
0
0
0
0
0
0
0
0
0
0
0
0
0
0
0
0
0
0
0
0
0
0
0
0
0
0
0
0
0
180
0
0
0
0
0
0
0
0
0
3306160
0
0
0
0
0
0
0
0
0
0
0
0
0
0
0
0
0
0
20790
0
0
0
0
0
3306160
0
0
0
0
0
0
163350
0
0
23100
0
25740
0
39690
0
0
0
1848
0
0
0
349635
0
0
0
0
0
0
0
0
0
0
0
0
0
0
0
0
0
0
0
0
0
0
0
0
0
0
0
0
3306160
0
0
0
0
0
0
0
0
0
0
0
0
0
0
3306160
0
0
0
0
0
0
3306160
0
0
0
0
0
0
0
0
0
0
0
0
3306160
3306160
3306160
0
0
0
0
3306160
15244
0
0
0
0
0
0
0
0
0
322080
0
0
0
0
0
0
0
0
0
0
0
0
0
0
0
0
404690
0
0
0
29700
0
0
0
0
0
0
0
0
0
0
0
0
0
0
0
0
0
0
0
0
0
0
0
0
0
0
0
0
0
0
0
0
0
0
0
0
0
0
0
0
0
0
0
0
0
0
22960
0
0
0
0
0
0
0
0
0
0
0
0
0
0
0
0
0
0
0
0
0
0
0
3306160
0
0
0
0
0
0
0
0
0
0
0
0
0
0
900
0
0
0
0
0
0
0
0
0
0
0
0
0
0
0
0
0
0
0
3306160
0
404690
0
780
3306160
0
0
0
0
0
0
0
0
0
0
0
0
0
13188
3306160
24816
3306160
0
0
0
0
0
0
0
0
0
0
0
0
0
0
0
0
0
0
0
0
0
0
0
0
0
0
0
0
0
0
0
0
0
0
0
0
0
0
0
0
48720
0
0
0
0
0
3306160
0
29700
0
0
0
0
0
0
0
0
0
0
0
0
0
0
0
0
0
0
122550
0
0
0
0
3306160
0
0
0
0
0
0
0
0
0
0
0
0
0
0
0
0
0
0
0
0
0
0
0
0
0
0
0
0
0
0
0
0
0
3306160
3306160
0
0
290400
0
0
0
0
0
0
0
0
0
0
0
0
3306160
0
0
0
15120
0
0
0
0
0
0
0
0
0
0
0
0
3306160
17325
0
0
0
0
0
0
0
223830
0
0
0
0
0
0
0
0
0
0
0
3306160
0
0
0
0
0
0
0
0
0
0
1100
0
0
0
0
0
0
349635
0
0
0
0
0
0
3306160
0
0
0
0
0
0
0
0
0
0
0
0
0
0
0
0
0
0
0
0
0
0
3306160
3306160
0
0
0
0
3306160
0
0
0
0
0
0
0
0
0
0
0
0
0
0
0
0
0
0
0
0
3306160
0
0
0
0
0
25920
0
0
0
0
0
0
0
0
0
0
0
0
0
0
0
3306160
0
0
0
0
0
0
0
0
0
3306160
0
0
0
0
0
0
0
0
0
0
0
0
0
0
0
648
0
3306160
0
0
0
3306160
0
65520
0
0
0
0
0
0
0
290400
0
0
0
0
0
0
0
0
0
0
0
0
3306160
0
0
0
0
0
0
0
0
0
0
0
0
0
0
0
0
0
0
0
0
0
0
0
0
3306160
20
1100
0
0
0
0
0
0
0
0
3306160
0
0
0
0
0
0
0
0
0
3306160
0
0
0
0
0
0
0
0
0
0
0
0
0
0
0
0
0
0
0
0
0
0
0
0
0
3306160
0
0
0
0
0
0
0
0
0
0
200
184470
3306160
0
0
0
0
3306160
0
0
0
0
0
3306160
0
0
0
0
8250
0
0
0
0
0
0
0
0
0
0
0
0
3306160
0
3240
0
0
0
0
0
0
0
0
0
0
0
0
0
0
3306160
0
0
0
0
0
0
0
0
0
0
0
0
0
0
0
7760
0
2637
0
0
0
0
0
4950
0
0
0
24750
0
0
20735
0
0
0
0
0
0
0
0
0
0
0
0
20790
0
0
0
0
0
14280
0
0
0
0
0
0
0
0
0
0
33495
0
0
0
0
0
0
0
0
0
0
0
0
0
0
0
0
0
0
60060
0
0
0
0
3306160
3306160
0
0
0
0
3306160
0
3306160
0
0
295536
0
0
0
0
0
0
0
0
0
0
0
196625
0
0
0
0
0
0
0
0
0
0
0
0
0
0
0
0
0
3960
0
0
0
0
0
0
0
0
0
0
0
0
0
0
0
0
0
0
783
0
0
0
0
0
0
0
0
0
0
0
0
0
0
0
0
0
0
0
0
0
0
3306160
0
0
0
3306160
0
0
0
0
0
0
0
0
0
0
0
0
0
0
0
0
0
0
0
0
0
0
0
0
0
0
0
0
3306160
0
0
0
0
0
0
0
0
0
0
0
0
0
0
0
3306160
0
0
0
0
0
0
0
0
0
0
0
314
0
301290
0
0
0
0
0
0
0
0
0
95810
0
0
3306160
0
0
0
0
0
3306160
0
0
0
3306160
0
3306160
0
0
0
0
0
0
0
0
0
0
0
0
0
0
0
0
0
0
0
540
0
0
0
0
0
0
3306160
0
0
0
0
0
0
0
0
0
0
0
0
0
0
0
0
3306160
0
0
0
0
0
0
0
0
0
0
0
0
0
0
0
0
0
0
0
0
0
0
0
0
122416
0
0
44864
0
0
0
0
0
0
0
0
0
0
0
0
0
0
0
0
0
0
0
0
0
0
0
0
0
0
0
0
0
0
0
0
0
0
0
0
0
0
0
0
0
3306160
0
0
0
0
0
0
0
0
0
0
0
0
0
0
0
0
0
0
0
3306160
0
3306160
0
0
3306160
0
0
7200
0
0
0
880
0
0
0
0
0
0
0
0
0
0
0
0
0
0
0
3306160
0
0
0
0
0
0
0
3306160
0
0
0
0
0
0
0
0
0
0
0
0
0
0
0
0
0
0
0
0
0
0
0
0
36288
0
0
0
0
0
3699
0
0
0
308700
0
0
0
0
0
0
0
0
0
0
0
0
0
0
0
0
0
0
0
0
0
0
0
0
0
0
29808
0
319440
0
0
0
0
0
0
0
0
0
0
0
0
0
0
0
0
3306160
0
0
0
0
3306160
25920
0
0
0
0
1687400
0
0
0
0
0
0
0
0
0
0
0
0
0
0
0
0
0
0
0
0
0
0
0
0
0
0
0
0
0
0
0
0
0
0
0
0
0
0
0
0
0
0
3306160
0
0
0
0
0
0
0
0
3306160
0
0
0
0
0
0
0
0
3306160
3306160
0
0
0
0
0
0
0
0
0
23760
0
0
0
3306160
0
0
0
0
0
70092
0
0
0
0
0
0
3306160
0
0
0
0
0
0
0
0
0
0
0
0
0
0
0
0
0
0
0
0
0
0
0
0
45144
0
0
0
0
0
0
0
6948
0
0
0
0
32340
0
0
0
0
0
0
0
60480
0
193459
0
0
0
0
3306160
0
0
0
0
0
9704
0
0
0
0
0
0
0
0
0
0
0
0
0
0
0
0
0
0
0
0
0
0
0
0
0
0
14322
0
135240
3306160
3306160
0
0
0
0
0
0
0
0
0
0
0
0
0
0
0
332640
3306160
0
0
0
0
0
0
0
0
0
0
0
0
0
0
0
0
0
0
0
0
0
0
0
0
0
0
0
3306160
0
0
0
0
0
0
0
0
0
0
0
0
0
0
0
0
0
0
0
0
0
0
0
0
0
0
0
0
0
0
0
0
0
0
0
0
0
0
0
1080
4467
0
0
0
0
0
0
0
0
0
0
0
0
120960
0
0
0
3306160
0
0
0
0
3306160
0
0
0
0
0
0
0
0
0
0
0
16660
0
0
0
0
0
0
0
0
0
0
0
0
15754
0
0
0
0
3306160
0
0
0
0
0
0
0
0
0
0
0
0
0
337480
0
0
0
0
0
50050
0
0
0
0
0
0
0
0
0
0
0
124200
252120
0
0
0
0
0
0
0
3306160
0
0
386100
0
0
0
0
0
0
3306160
0
121275
0
0
3306160
0
0
0
0
0
0
