300 50 4
73 221 127 162 219 240 40 57 164 188 45 204 200 75 105 254 237 19 259 24 156 154 177 279 62 266 230 234 270 26 158 220 108 17 11 27 241 193 46 293 178 150 91 163 31 198 257 69 122 61 
1 2 52851227
2 3 760144919
3 4 861436220
4 5 261370833
5 6 55260072
6 7 780402892
7 8 368397189
8 9 81138845
9 10 719970985
10 11 120465063
11 12 852785197
12 13 271521844
13 14 607910615
14 15 272831294
15 16 370148707
16 17 689724122
17 18 190146340
18 19 55464601
19 20 615019812
20 21 45103342
21 22 463600622
22 23 49052999
23 24 398511947
24 25 585544177
25 26 574785335
26 27 954120287
27 28 989457871
28 29 573287805
29 30 1671026
30 31 760770205
31 32 491046727
32 33 764588629
33 34 914314526
34 35 409432196
35 36 223453458
36 37 666791787
37 38 27081149
38 39 548585011
39 40 263497655
40 41 645435799
41 42 763032843
42 43 620627292
43 44 352680419
44 45 627406207
45 46 178979497
46 47 847301237
47 48 191992576
48 49 29477015
49 50 644624934
50 51 728925249
51 52 408053100
52 53 969573619
53 54 933832906
54 55 609001499
55 56 98206300
56 57 79852381
57 58 872058148
58 59 791844543
59 60 830318032
60 61 853819797
61 62 198182541
62 63 192170551
63 64 975535608
64 65 63862667
65 66 264382278
66 67 721714073
67 68 157726199
68 69 664595844
69 70 724947184
70 71 315046082
71 72 736789484
72 73 869944125
73 74 276650629
74 75 688173645
75 76 655906125
76 77 463572225
77 78 549348557
78 79 861666873
79 80 637507704
80 81 948978803
81 82 452708576
82 83 782816759
83 84 941914575
84 85 955288070
85 86 195705555
86 87 371941114
87 88 88424801
88 89 81915918
89 90 716172959
90 91 671177346
91 92 145998637
92 93 963750649
93 94 595407315
94 95 521013986
95 96 411981423
96 97 108479985
97 98 593182170
98 99 801987727
99 100 417913643
100 101 501132877
101 102 10876576
102 103 838945180
103 104 52152971
104 105 785324830
105 106 576752054
106 107 729597968
107 108 719770355
108 109 418221970
109 110 706635537
110 111 239705494
111 112 91975848
112 113 22141456
113 114 937119963
114 115 642601572
115 116 222334650
116 117 318828947
117 118 60594005
118 119 402430100
119 120 792662422
120 121 308038877
121 122 404304424
122 123 320382843
123 124 414840798
124 125 820351090
125 126 897328160
126 127 668244937
127 128 83869755
128 129 917963831
129 130 611545992
130 131 542331091
131 132 581817754
132 133 391019018
133 134 934118178
134 135 305382451
135 136 577546296
136 137 291390529
137 138 850913445
138 139 175524864
139 140 230716837
140 141 878726446
141 142 960814254
142 143 260911609
143 144 284976188
144 145 200383113
145 146 247778520
146 147 701651989
147 148 343463026
148 149 373737528
149 150 85349760
150 151 875913970
151 152 716019197
152 153 819004252
153 154 572352866
154 155 541057851
155 156 190089530
156 157 304807615
157 158 285672171
158 159 938783885
159 160 741600578
160 161 425733837
161 162 589657316
162 163 982260150
163 164 24914448
164 165 791324173
165 166 339674525
166 167 872845778
167 168 303919160
168 169 389041192
169 170 909312098
170 171 602652187
171 172 1261198
172 173 772228639
173 174 768389028
174 175 90639161
175 176 21143581
176 177 679064018
177 178 373059029
178 179 466128846
179 180 946744637
180 181 637194079
181 182 409536419
182 183 37097465
183 184 315496103
184 185 233533794
185 186 180185522
186 187 442571880
187 188 48786955
188 189 897500500
189 190 461757806
190 191 821725376
191 192 576419300
192 193 931448308
193 194 311628464
194 195 871522294
195 196 201342449
196 197 814890614
197 198 30294373
198 199 782508967
199 200 782130839
200 201 750390269
201 202 990674932
202 203 654535249
203 204 247682903
204 205 102373312
205 206 299831415
206 207 747230838
207 208 756476325
208 209 9104259
209 210 97139958
210 211 51817523
211 212 638079421
212 213 276700306
213 214 426512660
214 215 912030659
215 216 580198820
216 217 231622021
217 218 483136345
218 219 101141907
219 220 276379899
220 221 58337351
221 222 812854371
222 223 610583498
223 224 307125239
224 225 589923138
225 226 10707743
226 227 644203
227 228 181055564
228 229 473967693
229 230 738522850
230 231 113588682
231 232 417328452
232 233 824252368
233 234 44797458
234 235 220991278
235 236 472938954
236 237 482736862
237 238 552054385
238 239 223108823
239 240 564950394
240 241 229729045
241 242 573808585
242 243 338078433
243 244 449519674
244 245 27249226
245 246 874467557
246 247 45166175
247 248 167649284
248 249 502020723
249 250 365247507
250 251 267745096
251 252 605041219
252 253 447336373
253 254 458591927
254 255 554190447
255 256 567658462
256 257 145228120
257 258 426184230
258 259 703632529
259 260 530243103
260 261 397643877
261 262 254721820
262 263 5899215
263 264 195212438
264 265 800335389
265 266 787045097
266 267 323008140
267 268 276252079
268 269 406540555
269 270 314943067
270 271 472794759
271 272 27607971
272 273 941770628
273 274 698843931
274 275 71805289
275 276 217003868
276 277 713008211
277 278 235765874
278 279 659499838
279 280 649460918
280 281 193512209
281 282 753014086
282 283 679928432
283 284 826001416
284 285 839842402
285 286 564076733
286 287 113870928
287 288 359567176
288 289 15701000
289 290 918817718
290 291 243549511
291 292 537315185
292 293 755331411
293 294 301140206
294 295 194384947
295 296 831466141
296 297 720575376
297 298 134583045
298 299 355776165
299 300 3111566
