5000 100 82
2741 303 1774 829 1793 923 3003 4550 2683 683 415 4642 1424 4460 4580 1744 410 337 2722 2389 2427 1269 4259 1479 2158 2832 4363 1251 895 267 4004 2962 571 4396 4349 2073 487 4388 2565 1949 641 789 4356 2590 1729 2538 509 804 4505 1495 3615 4611 778 2436 1084 538 1033 2535 2968 4559 3548 4078 2178 950 2481 4165 2003 2571 4856 4179 4197 3254 3416 4966 4835 454 1693 74 4529 2116 1713 1167 2161 4352 4644 3474 1315 702 4636 4908 131 2991 2600 4072 1920 4232 101 3877 3105 33 
3251 2969 276392756
2969 548 155664123
548 4382 923335829
4382 3562 851237558
3562 444 838180002
444 1724 562451832
1724 1461 500527142
1461 3081 554409399
3081 3956 969284954
3956 1958 260910341
1958 3869 874473109
3869 1979 455669335
1979 3859 783087776
3859 1831 236496024
1831 3284 803159468
3284 259 596165847
259 4063 194523363
4063 4242 841462313
4242 1131 558642416
1131 3726 169585940
3726 2781 673350759
2781 3952 255860234
3952 2615 250255157
2615 870 870544264
870 874 561757936
874 2871 521581520
2871 898 761632909
898 3650 58580070
3650 1509 184264483
1509 202 939472215
202 4131 654167493
4131 1392 370864587
1392 1020 472644240
1020 2841 640212514
2841 3087 971020672
3087 626 189918474
626 2945 214102727
2945 78 54544295
78 2724 158572290
2724 825 444653956
825 831 538262932
831 846 304449023
846 2084 207365820
2084 1320 634474569
1320 2326 30894044
2326 2296 502360113
2296 1646 361621810
1646 1471 235949739
1471 1804 809546550
1804 4224 89450907
4224 2256 373991446
2256 903 464329332
903 1896 341563437
1896 1119 670051771
1119 436 842110962
436 1263 475323549
1263 272 479537115
272 121 36495056
121 3417 733113679
3417 923 820179494
923 312 194811658
312 2394 877681944
2394 1753 830957783
1753 1481 629059843
1481 3142 705454405
3142 2379 882645446
2379 4426 43541922
4426 2608 170791128
2608 1593 934442069
1593 3079 228808471
3079 4335 546997228
4335 213 895279829
213 4433 331618606
4433 2096 10386573
2096 2572 397304018
2572 1543 785092318
1543 1479 228215736
1479 779 123883142
779 3743 247074276
3743 3657 25578836
3657 1380 227191723
1380 3011 595857546
3011 1171 196610707
1171 4585 267930955
4585 2744 407269904
2744 4 359232422
4 2746 535119246
2746 3652 674915196
3652 4424 124473394
4424 4955 426266674
4955 3766 675028723
3766 250 889263718
250 4653 612181676
4653 815 173032886
815 2534 569738411
2534 1894 808120761
1894 1189 583571436
1189 1066 86785588
1066 4163 674835205
4163 1467 338864615
1467 4827 898471763
4827 1045 710438863
1045 2174 205630928
2174 4280 313649899
4280 625 768803353
625 1990 990947126
1990 2114 870016159
2114 4354 81056388
4354 84 813332247
84 556 978039281
556 2779 220597037
2779 1699 588945054
1699 4157 136848928
4157 2408 513390546
2408 2754 45537066
2754 4520 632984515
4520 2796 439248581
2796 2413 968007679
2413 2178 849564278
2178 4660 100447166
4660 2680 496763307
2680 1324 984047608
1324 3277 416868034
3277 1309 433523611
1309 1810 319920281
1810 4021 392582608
4021 2825 788163862
2825 4839 28401284
4839 3360 950212949
3360 3901 386029150
3901 1456 433027917
1456 4983 333373509
4983 1345 508520268
1345 4774 837519688
4774 3929 685848843
3929 4708 609192690
4708 40 672764014
40 3816 546420218
3816 4576 492536421
4576 1988 747271417
1988 2953 14275093
2953 3845 56493780
3845 3226 31944390
3226 2469 509698827
2469 4802 688419162
4802 1603 229558165
1603 2501 282253407
2501 3600 51083510
3600 2707 772186252
2707 1588 722892556
1588 822 530334343
822 897 468837973
897 335 369503547
335 3764 765158817
3764 746 14794606
746 2594 853857008
2594 810 129216269
810 4593 193190342
4593 2314 538489904
2314 4008 993083331
4008 3487 61860772
3487 2403 271568674
2403 4395 511345180
4395 2330 245817421
2330 4734 480160351
4734 565 831661114
565 4695 458448189
4695 4430 296957854
4430 1172 994214480
1172 212 803674068
212 4784 921759452
4784 3354 120992078
3354 134 464729979
134 433 199006399
433 4192 645937774
4192 1785 926494723
1785 4604 850399598
4604 3939 400595402
3939 1829 34006640
1829 3844 742703664
3844 4470 553337595
4470 694 805946958
694 4059 403047900
4059 4555 340474194
4555 2067 414962443
2067 3722 586715923
3722 4746 853857780
4746 2623 173373228
2623 4214 316393693
4214 4091 58401293
4091 4867 642430168
4867 46 427475040
46 1972 65379604
1972 4066 875076115
4066 731 88179554
731 4937 802612774
4937 3787 314295278
3787 3074 115449017
3074 4682 734287757
4682 4658 692392615
4658 1014 87345939
1014 3403 855732533
3403 1143 150291
1143 317 239295727
317 4402 3065559
4402 3515 327282204
3515 3785 269888863
3785 799 537334346
799 4853 885126849
4853 3819 675575866
3819 4293 20934576
4293 3934 347639132
3934 1475 849088411
1475 3507 457767842
3507 4968 119469962
4968 1934 902735806
1934 3812 556095794
3812 3540 232327957
3540 2652 472525030
2652 1274 89973238
1274 673 364209393
673 4314 584477872
4314 1293 162203869
1293 3126 515891647
3126 167 369759625
167 1092 975537549
1092 3164 170682743
3164 837 467794768
837 4609 69645599
4609 2239 872104243
2239 4406 444239771
4406 1428 42923071
1428 1112 409437644
1112 1554 242638479
1554 401 363012358
401 3509 457201331
3509 2381 194476589
2381 3590 548599402
3590 4509 772227422
4509 2900 983358914
2900 1317 594398303
1317 3997 818108958
3997 1067 808995405
1067 4818 379346639
4818 2610 270448968
2610 3547 731735938
3547 2692 193460633
2692 3411 649943516
3411 3051 367336185
3051 2106 373481538
2106 2844 159147383
2844 3005 672342286
3005 2388 271473315
2388 2209 558220176
2209 2395 60891883
2395 714 120483269
714 881 212587312
881 4589 672146407
4589 4122 261827940
4122 150 646614781
150 2357 836624889
2357 4090 428788913
4090 3065 647105296
3065 293 236692943
293 1562 507204629
1562 4769 30909939
4769 4396 115842321
4396 777 328358895
777 982 457249947
982 2505 439046804
2505 3653 531429359
3653 4481 321572720
4481 319 705877303
319 4836 798033782
4836 771 28417016
771 976 934475321
976 2782 226066567
2782 3510 361651068
3510 1442 769604666
1442 4886 940680250
4886 2920 784351308
2920 3702 377352975
3702 1288 758628114
1288 4874 459087383
4874 382 276775004
382 2474 395920310
2474 4387 14843660
4387 2525 420097591
2525 3998 911547252
3998 4524 607582347
4524 1464 764130668
1464 1614 681443884
1614 4548 207619383
4548 980 9285479
980 3771 579481792
3771 1323 795154654
1323 2198 870462056
2198 330 281857019
330 4897 202906808
4897 667 587979632
667 1586 182121171
1586 4535 88484645
4535 1427 476725412
1427 3042 103173596
3042 2689 146348544
2689 1963 996689235
1963 361 295968489
361 1508 974464245
1508 2363 280801016
2363 2952 138293661
2952 3730 209805307
3730 1545 570364369
1545 806 496842350
806 3706 481970111
3706 1951 267562581
1951 1668 663190856
1668 3423 698514353
3423 775 608802967
775 1787 877728761
1787 988 859933044
988 2975 908167078
2975 725 995496665
725 1126 45998835
1126 3746 287638255
3746 1816 273296580
1816 148 760440150
148 1023 130009261
1023 1859 749812229
1859 1939 832617185
1939 4505 326989273
4505 3894 358090548
3894 2485 932129695
2485 461 219729408
461 1383 57151209
1383 2217 240483578
2217 4171 100701798
4171 3659 936374466
3659 4958 949817752
4958 4765 62407226
4765 4737 828823396
4737 995 91227406
995 662 715157170
662 817 936515365
817 3585 881007683
3585 2570 80488217
2570 3475 117965027
3475 3648 146871803
3648 1857 615777688
1857 836 596813949
836 2705 446529898
2705 3007 627194300
3007 2458 711568540
2458 295 782788234
295 24 488588378
24 1275 694849683
1275 4369 547430831
4369 961 650673116
961 3339 8596057
3339 3182 926934474
3182 2207 99229678
2207 4029 945150676
4029 2244 25879216
2244 494 609854717
494 408 548375285
408 3416 814249453
3416 1600 88795157
1600 2503 251959588
2503 3965 624448959
3965 2862 640717398
2862 233 804235735
233 4981 184312662
4981 2398 840536684
2398 3698 714764581
3698 3308 735696735
3308 184 891111223
184 4047 174277105
4047 1774 124282940
1774 270 685281186
270 4412 194921005
4412 101 308010333
101 3048 190190727
3048 2297 439079672
2297 1007 95017355
1007 3173 8151056
3173 3573 221730662
3573 3684 70606714
3684 177 181281895
177 830 33144065
830 1771 484245899
1771 4961 410622384
4961 3863 861187823
3863 4174 105467425
4174 2982 587614561
2982 4020 38745546
4020 63 627182032
63 4624 424299479
4624 1966 730581836
1966 3247 878724563
3247 1342 826956928
1342 4621 701744461
4621 3451 222213810
3451 3920 300147458
3920 1168 515402419
1168 1140 189992679
1140 554 817550550
554 678 426084173
678 1841 280086155
1841 1640 119721947
1640 2538 272521262
2538 3100 839259386
3100 4850 58432534
4850 1913 991967077
1913 1852 268770705
1852 1018 47939502
1018 1911 988367369
1911 2667 547544663
2667 1982 671526116
1982 829 304880051
829 2248 3035491
2248 4656 196604672
4656 4851 500336720
4851 365 169332795
365 1682 790573277
1682 438 960271691
438 1930 220241902
1930 4799 998211798
4799 3362 549167544
3362 2075 495312840
2075 2643 309798096
2643 4778 67554674
4778 4806 408478191
4806 695 526107656
695 4022 752625312
4022 230 776633433
230 730 270567539
730 4220 30867764
4220 3262 5091058
3262 2407 841142942
2407 4197 510689992
4197 3310 201585156
3310 3556 991950691
3556 1455 358223598
1455 1827 240607225
1827 3122 584775849
3122 2176 887249003
2176 4646 862137774
4646 425 42748081
425 2419 623246599
2419 3692 270880435
3692 1135 288869919
1135 2390 338128010
2390 2159 978571116
2159 1022 669806285
1022 3330 83779986
3330 2802 643755003
2802 1564 410914914
1564 864 239577556
864 834 353431389
834 3591 65661610
3591 4880 218288798
4880 3567 89014753
3567 2852 904886674
2852 4499 690809055
4499 4079 560802690
4079 3387 238387825
3387 161 832234370
161 842 778999072
842 1256 151130361
1256 2027 161656547
2027 360 202455181
360 720 783986316
720 1826 816379544
1826 1115 275872632
1115 2549 47048182
2549 31 457912106
31 749 703920880
749 1248 497293743
1248 2083 81973118
2083 854 907122361
854 289 558133968
289 4482 707028188
4482 987 983160640
987 1886 412983288
1886 4667 216368788
4667 4651 142010818
4651 3058 487099433
3058 1959 571718391
1959 622 239263672
622 737 311234100
737 4618 285656063
4618 1918 88603510
1918 3026 219176169
3026 2632 242237445
2632 920 874134265
920 521 345447026
521 2614 216880432
2614 2795 818565558
2795 1477 521863678
1477 585 208140014
585 3253 34893167
3253 4136 115687774
4136 1117 67357302
1117 3959 917818001
3959 1435 257255659
1435 4247 421135069
4247 4596 634473154
4596 2827 381851925
2827 1243 732399512
1243 4264 704756481
4264 1000 198551285
1000 1316 721395506
1316 613 303808789
613 4562 533065787
4562 732 132291640
732 4837 246229907
4837 3095 471979888
3095 1686 550780355
1686 716 238714586
716 2958 922472926
2958 4841 117836078
4841 2961 126172108
2961 2568 158580484
2568 1059 839483103
1059 793 556360787
793 359 468386029
359 4599 513956825
4599 2287 157178336
2287 2700 405823073
2700 3879 694715925
3879 1120 84991211
1120 4105 372405120
4105 1731 950298008
1731 1297 340783821
1297 228 179923061
228 2344 744878161
2344 3455 397936524
3455 1558 90525765
1558 411 549430430
411 2498 753875731
2498 182 540582803
182 2338 477786439
2338 533 199537091
533 962 54046147
962 3050 565925196
3050 321 537114428
321 2412 232046293
2412 2983 36587929
2983 3851 699355232
3851 2840 477951676
2840 4358 402103578
4358 152 59588151
152 3671 638078543
3671 4319 278606452
4319 644 898497716
644 4527 902793990
4527 2360 659186790
2360 347 746882316
347 114 154065469
114 2612 226316970
2612 211 219596662
211 383 81638339
383 1346 737278883
1346 616 747726482
616 4826 718639013
4826 4389 468574490
4389 2801 415603390
2801 2813 579080645
2813 88 24328285
88 1391 635768373
1391 537 268655544
537 1658 849547734
1658 1400 240840972
1400 266 288431815
266 924 159168989
924 1840 145786052
1840 631 354273157
631 285 146756302
285 2595 32726027
2595 3619 263025082
3619 656 991251554
656 2460 124957241
2460 3820 995351074
3820 2333 704208241
2333 894 944913329
894 785 497020705
785 909 752255890
909 137 496483491
137 3238 318313553
3238 2101 349217407
2101 575 176868860
575 4150 560135006
4150 3561 451385626
3561 2499 260626910
2499 3544 893154690
3544 274 733245724
274 4036 721786777
4036 2818 644483394
2818 4391 613429934
4391 736 134093361
736 22 887096114
22 2405 10984337
2405 1137 499065125
1137 4285 79237385
4285 4821 675347475
4821 1633 485399667
1633 56 242373569
56 4310 836643465
4310 1240 369170468
1240 902 628644431
902 2452 425889967
2452 866 212302242
866 4602 732941278
4602 457 74502795
457 133 929235166
133 1079 173747701
1079 3720 1833610
3720 1845 273946399
1845 314 689047797
314 2558 78685330
2558 3438 134313978
3438 1365 278174751
1365 4697 841461571
4697 4055 987249326
4055 247 153748484
247 2819 872676888
2819 1307 18092073
1307 3149 783423754
3149 1902 244921121
1902 3021 324117295
3021 4898 411669516
4898 4117 14104018
4117 3784 197781932
3784 1397 591187872
1397 1992 566913611
1992 4166 787471428
4166 1413 909641008
1413 291 959741896
291 4706 237855987
4706 2569 4956388
2569 2076 369556438
2076 55 326646838
55 410 254057951
410 4541 865256718
4541 8 47880818
8 4762 159968533
4762 4257 332792951
4257 1698 942193991
1698 3268 348537805
3268 3402 586335438
3402 1869 692222993
1869 2660 672017030
2660 2962 397060833
2962 1465 729499436
1465 1758 95545357
1758 3913 712358264
3913 4179 629576001
4179 4872 952365947
4872 1789 649596235
1789 899 900642375
899 3235 495460304
3235 2102 325005840
2102 2354 244964980
2354 265 465204189
265 3709 8428369
3709 844 794099605
844 3111 550102083
3111 1046 146745250
1046 2229 426730851
2229 2491 106428815
2491 2843 853245458
2843 4108 718068754
4108 426 6661395
426 3678 919169139
3678 1306 588546338
1306 2264 953266588
2264 4879 622567706
4879 4135 838095294
4135 4092 120602779
4092 3060 434172834
3060 3194 150510841
3194 3175 657168663
3175 4681 301188991
4681 3091 689711858
3091 2641 3090859
2641 4188 486078856
4188 3804 669644926
3804 4831 447453601
4831 499 160309961
499 3626 458183106
3626 3467 53710407
3467 282 883223735
282 75 380261108
75 2366 918851399
2366 2109 809639298
2109 4594 961188730
4594 1311 734698966
1311 2698 198518417
2698 2341 153977546
2341 188 169231181
188 659 811760737
659 3868 915110073
3868 3832 596181823
3832 149 768618288
149 378 8842462
378 1533 157097226
1533 2389 524415861
2389 3603 258338126
3603 4976 120934546
4976 3852 613546143
3852 979 280779466
979 3995 282739149
3995 49 705451121
49 3923 136628259
3923 4690 650209357
4690 308 506553406
308 1539 346517595
1539 4155 937853415
4155 1953 902571215
1953 1651 474518127
1651 398 612366289
398 371 501641172
371 2550 531685416
2550 3501 345203435
3501 967 350089592
967 1292 976037723
1292 1028 288344043
1028 1480 766305765
1480 4181 376443634
4181 4261 60879615
4261 2401 187623773
2401 2124 268904697
2124 4361 826490738
4361 2008 171595425
2008 368 173884519
368 1330 392739101
1330 936 942289034
936 2951 305423689
2951 1165 222575276
1165 3020 108424967
3020 2172 969522584
2172 2546 188105046
2546 143 53534842
143 4107 706691057
4107 4942 890868675
4942 4489 467024335
4489 2625 848775490
2625 3476 58776947
3476 2123 675803654
2123 1882 215842609
1882 4313 710771463
4313 2260 711112484
2260 3033 114039683
3033 3786 232209750
3786 3010 498559872
3010 4519 162361020
4519 3193 209576859
3193 927 321735346
927 4549 966649091
4549 3968 813245150
3968 624 178961501
624 1004 583101076
1004 1597 486734051
1597 3446 177505372
3446 2688 39609765
2688 4631 97569152
4631 3808 403841307
3808 2095 111506111
2095 4932 448259254
4932 747 877174047
747 800 44382036
800 2299 458128058
2299 938 744772259
938 434 485958979
434 1980 397383222
1980 1642 49861477
1642 1842 591372916
1842 1194 229475275
1194 1299 17253944
1299 3114 358580572
3114 845 894224430
845 3296 609220012
3296 1760 731029528
1760 1144 412086557
1144 2162 27685922
2162 3162 120097397
3162 2691 992112670
2691 2658 437744050
2658 278 589405249
278 2112 466667257
2112 1748 770117995
1748 568 75742423
568 1906 420562614
1906 1429 455360423
1429 1521 904436186
1521 3288 622098896
3288 33 804208147
33 3233 701863177
3233 4217 315249002
4217 3312 761521338
3312 310 418399253
310 4248 963222090
4248 3724 985112875
3724 2242 750252111
2242 1711 52434743
1711 2346 209106807
2346 812 549611600
812 4466 914634785
4466 3779 634824743
3779 635 668793793
635 4833 95497605
4833 3178 87750901
3178 814 623887091
814 1529 838626345
1529 296 756284835
296 2277 24453750
2277 1125 377325538
1125 3305 58980069
3305 3035 531291032
3035 4087 878979145
4087 2317 158374025
2317 3224 93499338
3224 2942 944237103
2942 1511 192247955
1511 947 630938817
947 3420 627714813
3420 4390 987778595
4390 764 367243377
764 1862 764549365
1862 4822 137573939
4822 3858 12661565
3858 4479 994564751
4479 3810 995798041
3810 3605 536811211
3605 1408 297988472
1408 3519 902150627
3519 2466 566664619
2466 2349 61687558
2349 4427 500354179
4427 2820 787132318
2820 4915 787126422
4915 2922 723876096
2922 4543 249485459
4543 1955 792357286
1955 582 799652708
582 4791 475496852
4791 2307 332027734
2307 1231 772443450
1231 1302 33913329
1302 1238 380669250
1238 4182 578861707
4182 3201 815621713
3201 2225 617979082
2225 4732 999140003
4732 2923 570583853
2923 1340 634761074
1340 3906 954049256
3906 4815 159044736
4815 3190 598493028
3190 2864 407808061
2864 2315 787180236
2315 4352 660715221
4352 3687 49216519
3687 2263 36950371
2263 958 17581955
958 325 170221325
325 448 260300037
448 380 964019444
380 1399 379506748
1399 4545 64329035
4545 4921 636151453
4921 11 111259445
11 1590 426937418
1590 966 935152456
966 199 767937378
199 1644 897937846
1644 2674 235570489
2674 1547 825074117
1547 2723 329749540
2723 4381 740334336
4381 2475 206852422
2475 1849 153131922
1849 4754 762933501
4754 3893 734090184
3893 4333 150063168
4333 336 455016876
336 2897 146531650
2897 579 943429840
579 2646 627195025
2646 1491 294876731
1491 2495 712713845
2495 2896 704841678
2896 1805 771474166
1805 2968 842497990
2968 2205 66691888
2205 2185 667471519
2185 1478 29915237
1478 1006 607640527
1006 174 884169175
174 605 311392880
605 2878 40063108
2878 460 32635030
460 1492 603145125
1492 3303 39591755
3303 2479 911228894
2479 4904 513767322
4904 3 445098755
3 1865 82823955
1865 173 733078495
173 3294 101994908
3294 2002 585406337
2002 1368 894356796
1368 1683 25850302
1683 808 495894410
808 3319 735176290
3319 3850 123838460
3850 2118 717704550
2118 1266 558768188
1266 4622 250270107
4622 2793 408486580
2793 4342 64735479
4342 996 241395528
996 530 489580948
530 107 754166983
107 1549 976998867
1549 697 222812954
697 333 257318274
333 542 879038653
542 1001 747202337
1001 4077 401683143
4077 3975 674469314
3975 208 417954771
208 3553 498569270
3553 3733 739217447
3733 884 20482321
884 3705 874617156
3705 3120 651034910
3120 4597 550668244
4597 4693 52866735
4693 1965 88241679
1965 3334 378159244
3334 4341 977036297
4341 96 105903652
96 4546 382499865
4546 4440 870302836
4440 3306 94418294
3306 4071 386538738
4071 4913 803720238
4913 3471 215502962
3471 4338 195130178
4338 2137 756787143
2137 2979 432408015
2979 1141 144195585
1141 1871 451461260
1871 264 120417683
264 4967 755938976
4967 4544 78383048
4544 3331 137102775
3331 4298 407605185
4298 3614 521842946
3614 3479 927298686
3479 4346 769790115
4346 1905 348635872
1905 2039 137877415
2039 4207 98168988
4207 70 884708148
70 1687 121884725
1687 3279 114897969
3279 1033 670870030
1033 3546 367691017
3546 431 347742839
431 324 400826461
324 4187 820531587
4187 3358 891825416
3358 1221 693300814
1221 4300 490988421
4300 2756 650324967
2756 4620 810125214
4620 4464 147986339
4464 3075 477746058
3075 4770 9548411
4770 1057 602355871
1057 3530 285960608
3530 3554 840839833
3554 223 64115692
223 2000 283186505
2000 2758 626895246
2758 37 335773773
37 925 245906555
925 65 711012144
65 893 241473914
893 562 353318483
562 1451 13561754
1451 1038 123171321
1038 2192 375928403
2192 3430 367024996
3430 609 149933943
609 3982 480410514
3982 2090 105799888
2090 1950 402843732
1950 1535 26953015
1535 2025 466739495
2025 2717 358663682
2717 3236 180950537
3236 3389 636829372
3389 3313 615930301
3313 416 440563744
416 2913 271103618
2913 2155 166266944
2155 25 486065091
25 154 438307546
154 2659 899883321
2659 3955 55563413
3955 1513 86351050
1513 4263 180935359
4263 4972 522515514
4972 805 542586345
805 885 263901025
885 4097 742527432
4097 4337 980347322
4337 2670 718725928
2670 4067 779977672
4067 1230 625356513
1230 2374 393733258
2374 3098 897338306
3098 248 818006417
248 1215 917725962
1215 2664 535710960
2664 3066 42314261
3066 3304 247981060
3304 2560 17961621
2560 3660 925150897
3660 4332 22607675
4332 3586 291737079
3586 1097 10293811
1097 110 372269600
110 4028 392499343
4028 648 726623397
648 2845 642890473
2845 484 198469004
484 338 271819499
338 4151 286549119
4151 4993 813655457
4993 2682 127580601
2682 2046 963160536
2046 1207 76585445
1207 4374 142178362
4374 964 683281830
964 699 192665542
699 421 417715306
421 4751 404299550
4751 1634 624479118
1634 3732 863615533
3732 1373 895006045
1373 3699 157411084
3699 770 767829373
770 1707 447035119
1707 3495 773231600
3495 1396 236642640
1396 4685 35454437
4685 2504 24548034
2504 3015 356562836
3015 2033 861520569
2033 4003 454507328
4003 1797 2892991
1797 690 46223760
690 3932 706151477
3932 3976 472869656
3976 4696 96153183
4696 390 947131845
390 2343 191491885
2343 4190 214527912
4190 4812 947917595
4812 2032 202107491
2032 4657 923588443
4657 275 448158854
275 560 917429886
560 239 41022520
239 1366 458432815
1366 492 227368036
492 1835 825021057
1835 615 326127343
615 685 34136764
685 926 941644060
926 1502 70129134
1502 232 570581195
232 787 395952727
787 552 497981918
552 2715 239638438
2715 506 956316831
506 62 10299688
62 1875 749649152
1875 1142 508265847
1142 4726 321818366
4726 1370 959298869
1370 835 746454492
835 4443 636562408
4443 4004 606982395
4004 1154 989753296
1154 4408 580814685
4408 1727 578620540
1727 4504 310455266
4504 1336 131198093
1336 4782 961561961
4782 4991 87938091
4991 1504 406841238
1504 3595 993128051
3595 4278 513141275
4278 4623 147708031
4623 1167 127131670
1167 4563 387340057
4563 2399 714201354
2399 2713 352128958
2713 3207 671799476
3207 1999 633917937
1999 4692 952969502
4692 249 248447476
249 352 74559473
352 1717 156213490
1717 2847 449643082
2847 753 359763858
753 3723 581718494
3723 2794 116554747
2794 666 24974321
666 591 526950266
591 85 326180338
85 4928 626877315
4928 407 844537482
407 4446 344374227
4446 3655 2011750
3655 1813 841199856
1813 2306 797535429
2306 4933 842194758
4933 1864 789991648
1864 4128 314896118
4128 3250 993188653
3250 1924 748237117
1924 309 200714029
309 4236 699045617
4236 2575 115115550
2575 2069 484998048
2069 4095 433876778
4095 4007 183167127
4007 3576 226049563
3576 1362 364294881
1362 4013 526734558
4013 4223 666551260
4223 1412 164773212
1412 4871 877342634
4871 1261 366838746
1261 518 745227663
518 4866 286439463
4866 4511 411899469
4511 2018 6161725
2018 3609 947344834
3609 2997 136039352
2997 4952 289573763
4952 3449 506544993
3449 4339 513715344
4339 2251 43765407
2251 1928 244159915
1928 665 911911788
665 2915 681891400
2915 1661 367989937
1661 1639 901379493
1639 2322 836931062
2322 998 630942105
998 3094 456633436
3094 1780 276119031
1780 2120 492209658
2120 363 599136806
363 2535 709296123
2535 4320 96028355
4320 2131 954121421
2131 4982 258425387
4982 3129 17019744
3129 3177 465991278
3177 535 998142131
535 3570 568879503
3570 3865 550121744
3865 2769 525132331
2769 4948 415095730
4948 2656 448707867
2656 3260 220821354
3260 2212 857118450
2212 3385 940900698
3385 3153 542410434
3153 129 425547809
129 2183 548363540
2183 516 10184228
516 169 37486849
169 2603 552089899
2603 3757 372409710
3757 4147 11535119
4147 867 237857856
867 4414 635537019
4414 1485 823430519
1485 1587 244173341
1587 3777 208643888
3777 2810 253295737
2810 3407 198428928
3407 2640 13143913
2640 4024 268314685
4024 3980 338096369
3980 1702 289267268
1702 2921 3285203
2921 4943 543040010
4943 1576 980004838
1576 4577 143545973
4577 541 286855712
541 3569 161680043
3569 3255 243377084
3255 384 668819604
384 3337 65383084
3337 1377 971739657
1377 4846 508801114
4846 1981 2081091
1981 4259 523889252
4259 3931 967119862
3931 3391 918938240
3391 2580 663560793
2580 2063 27800422
2063 4739 743280241
4739 2816 382645582
2816 2824 554370265
2824 2038 588195632
2038 2508 94450981
2508 2057 493777358
2057 2753 513504990
2753 1019 289753864
1019 2193 214875773
2193 611 62232570
611 2318 525612244
2318 2049 327953851
2049 2883 868100947
2883 1645 519244098
1645 4830 846306338
4830 3993 147759624
3993 3473 256902492
3473 3753 11458141
3753 2805 561565636
2805 4975 842083791
4975 1876 321221694
1876 2208 353741857
2208 1404 683658275
1404 3598 140426389
3598 1877 936498683
1877 3744 571503674
3744 2304 920715415
2304 1083 860460895
1083 2402 266830259
2402 1715 32943589
1715 3710 807232854
3710 4847 543765871
4847 1129 264859500
1129 1684 343093284
1684 607 633287650
607 1174 839814311
1174 645 469183948
645 126 99600905
126 1803 16551652
1803 796 155700327
796 3772 47427426
3772 2544 570210788
2544 4766 473466436
4766 241 15923401
241 3459 256401414
3459 940 627067233
940 2220 90514504
2220 4165 27119871
4165 1204 942058997
1204 343 802342755
343 1050 657802566
1050 3372 865788979
3372 3029 513811549
3029 1732 257631925
1732 3750 853828692
3750 3422 209095
3422 2079 945167787
2079 1009 433185548
1009 2490 440182033
2490 603 384849997
603 993 690157455
993 1762 188451108
1762 4500 977344366
4500 1487 629324797
1487 869 145395392
869 2070 956184435
2070 564 335914274
564 1244 402241003
1244 1557 523115584
1557 1844 828290050
1844 809 170972190
809 4274 444849644
4274 841 436283726
841 485 600381847
485 4405 836406239
4405 570 701641130
570 2284 22031289
2284 4503 247426412
4503 1991 674661851
1991 3674 161832888
3674 1409 984232538
1409 4322 557566599
4322 623 328590262
623 2578 636268738
2578 4534 25576900
4534 491 147451095
491 1318 546781644
1318 2431 926084293
2431 2531 832630187
2531 576 291176761
576 3036 24909541
3036 1519 596580548
1519 1772 468311405
1772 4167 95780927
4167 713 511904323
713 4870 555531149
4870 2996 780897516
2996 443 629650600
443 4153 123404065
4153 4302 241771736
4302 1921 137258706
1921 3083 621046236
3083 435 697571307
435 2600 462568484
2600 1030 282784477
1030 634 681449845
634 3300 30411879
3300 3215 563933751
3215 2559 788595407
2559 2258 63222374
2258 4743 878825483
4743 4891 25835279
4891 1183 756332680
1183 2165 792762958
2165 2141 283879455
2141 590 953356920
590 1034 620060531
1034 652 543319886
652 4383 343320709
4383 1195 162516986
1195 304 42691216
304 1371 507310359
1371 4295 797092752
4295 4044 919570549
4044 3513 592771129
3513 205 939712905
205 4605 384111271
4605 92 513518697
92 4290 561062478
4290 297 548891654
297 1177 475135400
1177 1031 262469883
1031 2555 112927506
2555 414 480494570
414 1579 695556930
1579 4964 371562317
4964 1994 94720060
1994 1595 375766360
1595 4789 321583736
4789 3206 524555284
3206 4488 613973802
4488 1765 685991386
1765 4045 261170922
4045 1967 374920774
1967 424 618108886
424 142 708448754
142 4902 164637325
4902 3205 533671345
3205 2882 686505329
2882 1124 273206134
1124 3602 646305146
3602 77 17988095
77 2201 197250490
2201 305 900680377
305 4807 176955968
4807 3581 332129769
3581 16 692182332
16 2607 724240821
2607 4096 118436445
4096 1517 945579930
1517 3461 765732076
3461 2736 312849989
2736 4124 232548474
4124 1870 838864680
1870 4738 747263160
4738 3272 546421505
3272 3134 310708420
3134 4240 84835677
4240 3643 168044503
3643 4244 149671487
4244 3846 502454237
3846 4415 385102250
4415 4843 561106804
4843 1773 79334534
1773 4384 180689582
4384 715 528060304
715 2981 675978266
2981 4465 921084959
4465 456 350368079
456 463 613212871
463 2440 447236533
2440 2940 488507531
2940 2486 781339557
2486 3078 669685209
3078 4169 34400151
4169 2231 220785567
2231 1667 738398605
1667 4325 282388863
4325 4529 595205744
4529 3498 494043413
3498 3912 320402568
3912 3884 939709550
3884 1258 35675967
1258 1422 177443897
1422 1931 880925204
1931 3406 7402734
3406 950 376321703
950 2182 259160161
2182 617 796012778
617 1042 29790041
1042 1722 646237102
1722 1546 385467236
1546 972 447617163
972 3436 491282324
3436 4810 498298271
4810 1437 476958833
1437 3145 12636458
3145 4318 864755447
4318 3539 492506436
3539 3424 835822958
3424 739 844242092
739 1680 986372207
1680 1809 492971823
1809 4659 857742333
4659 2687 326722094
2687 3514 501114321
3514 3001 174852834
3001 52 201843808
52 337 328967938
337 238 280917708
238 2081 793113426
2081 252 579126702
252 1025 873481049
1025 4048 86696450
4048 4579 700303012
4579 3368 921524605
3368 362 183953062
362 1387 63821711
1387 873 106000244
873 1729 352734949
1729 937 986178330
937 3637 87238807
3637 2892 151365193
2892 3093 980411905
3093 3794 738261181
3794 306 5461365
306 3640 106202653
3640 2149 8712480
2149 1060 92041970
1060 2903 732919567
2903 999 682562699
999 2113 217962499
2113 2361 228549213
2361 3000 16725139
3000 686 399711443
686 1694 607540506
1694 3397 885204250
3397 1462 256088840
1462 2500 597272581
2500 2236 254981683
2236 2406 569189416
2406 916 631489494
916 2855 894005313
2855 445 248389009
445 2745 491609683
2745 331 699759884
331 3125 938686916
3125 3204 326782662
3204 2974 380660866
2974 3903 435191315
3903 4040 21194792
4040 3834 977058152
3834 179 456069038
179 3942 35447179
3942 4781 473107368
4781 4979 14130861
4979 3574 130223716
3574 4673 212055170
4673 4688 442806476
4688 1247 907931645
1247 2835 156105461
2835 2409 695114525
2409 292 375584501
292 4324 841763619
4324 4211 386187399
4211 3191 793000054
3191 3062 185956532
3062 3814 218363203
3814 4731 135045677
4731 4705 779692207
4705 3881 285299224
3881 36 399272358
36 1704 254336674
1704 235 3218882
235 3807 696410648
3807 4616 112598743
4616 2383 91486559
2383 1632 349232078
1632 1188 689355538
1188 1920 416275073
1920 877 107767853
877 4494 499566930
4494 1242 383304947
1242 1099 163160187
1099 1225 394574725
1225 1671 78549256
1671 2432 181959533
2432 4480 422887198
4480 3838 529070490
3838 3018 264041421
3018 3740 946638065
3740 3214 525485489
3214 524 300285425
524 3373 199905488
3373 4608 137065763
4608 3405 219862433
3405 2133 61036380
2133 2180 173963077
2180 2125 120230577
2125 2881 487183468
2881 358 885443419
358 4820 746943331
4820 2175 820475497
2175 3234 160409310
3234 1571 956339831
1571 1454 968868407
1454 4740 198375108
4740 4896 957419537
4896 2583 657748413
2583 79 245759671
79 3731 774922994
3731 4453 244718186
4453 675 821754534
675 2411 42110039
2411 840 799456325
840 1374 759282878
1374 2967 346066102
2967 281 266499729
281 3428 186527185
3428 630 49874943
630 3748 498807094
3748 166 862760377
166 2998 135606913
2998 4876 739557462
4876 4606 20428995
4606 404 49696035
404 1997 353205813
1997 1245 25220008
1245 1725 274066136
1725 4930 853146797
4930 1450 179959818
1450 3654 39234363
3654 1987 169781139
1987 279 49072188
279 3761 395028228
3761 4729 777138674
4729 4741 97318819
4741 2814 185617612
2814 679 833173476
679 12 955225280
12 1669 516736879
1669 2991 408775998
2991 2507 637078674
2507 300 261255731
300 2035 584059860
2035 3526 277160555
3526 1606 405514449
1606 1187 202181850
1187 4496 130416462
4496 4255 856991211
4255 1854 492834460
1854 3768 755093610
3768 3661 355972175
3661 3160 97652928
3160 4379 914205638
4379 4064 551992792
4064 957 726301764
957 1410 882602023
1410 268 989515893
268 1540 108127240
1540 4863 555296450
4863 706 742839651
706 4642 494666794
4642 488 677083040
488 2791 41136999
2791 4235 214067712
4235 3131 749589997
3131 81 420728920
81 1784 469436717
1784 1995 577483480
1995 2902 969662777
2902 3027 198540764
3027 3564 186906644
3564 111 415067471
111 3043 46519307
3043 1627 523913366
1627 4056 550392003
4056 3987 262671936
3987 4159 863622577
4159 2524 869852318
2524 1458 268893743
1458 4857 683917330
4857 302 21538123
302 3357 206143049
3357 4957 633278054
4957 2232 149696311
2232 1094 296122537
1094 2262 153983010
2262 2364 544653032
2364 3584 982476687
3584 4536 831344022
4536 3089 361464861
3089 3429 22399520
3429 3030 195219572
3030 3885 518088330
3885 4000 706193801
4000 2757 248796923
2757 918 115833199
918 3933 868803806
3933 4764 273639890
4764 517 840957902
517 3241 732909301
3241 1625 932661112
1625 267 682299007
267 2647 389091964
2647 209 301444372
209 4530 265384488
4530 888 183634740
888 3523 928375022
3523 1308 106262766
1308 3927 250825056
3927 1689 282346249
1689 1626 511205913
1626 1463 25589928
1463 483 368945887
483 1287 51758352
1287 1322 703171742
1322 307 126436447
307 2725 113846834
2725 4417 179035694
4417 4441 38605410
4441 1355 722222391
1355 4901 285951800
4901 1279 330588342
1279 4185 915760365
4185 231 325000910
231 4133 639034390
4133 4385 24472044
4385 4331 363850404
4331 1122 379527067
1122 3421 745401409
3421 597 719409793
597 4514 620316004
4514 2053 931081700
2053 3159 471387052
3159 1055 634068588
1055 4123 165940478
4123 475 278189257
475 1003 305754769
1003 4528 20498842
4528 4083 916295862
4083 3016 798361754
3016 1217 644332764
1217 3580 995670880
3580 136 967244985
136 3345 166764871
3345 4237 850424499
4237 2132 453106596
2132 1708 423072192
1708 4347 202292093
4347 2770 659812777
2770 5000 739960058
5000 1883 448880644
1883 1278 190179789
1278 1096 277726462
1096 2972 268190809
2972 970 724553436
970 1145 763151384
1145 374 604040195
374 2811 355485443
2811 1290 732801916
1290 1604 132226323
1604 2927 149414088
2927 3273 349125345
3273 1163 803033988
1163 240 881852215
240 3311 610131449
3311 1834 328677384
1834 2755 442473592
2755 4308 437447342
4308 3146 756389721
3146 3896 847075672
3896 4632 103294310
4632 459 416218876
459 4132 28954742
4132 3805 835290086
3805 4225 740305428
4225 4662 562156131
4662 3482 997361981
3482 1714 35448767
1714 2195 286433015
2195 104 756854997
104 4780 954308315
4780 1384 125651686
1384 54 540417492
54 3110 706747512
3110 2483 467812909
2483 3836 722388048
3836 2099 974108650
2099 1657 308101372
1657 3453 342714167
3453 3831 77247717
3831 2071 318082178
2071 4875 822496420
4875 951 96391410
951 30 184484147
30 2414 231915466
2414 1596 704825631
1596 4566 592335060
4566 3628 755303112
3628 3803 495743407
3803 3651 992904246
3651 4283 9157020
4283 1350 180573026
1350 639 945661809
639 1190 148165815
1190 1251 321031281
1251 1296 376058109
1296 93 703317785
93 507 997712428
507 1660 354762050
1660 1528 314532822
1528 3695 71251906
3695 2720 964385939
2720 1696 628549059
1696 1662 20821493
1662 1138 950134816
1138 2455 160544888
2455 2266 357800107
2266 89 269131010
89 198 542189668
198 598 259807641
598 4421 299006327
4421 991 201308485
991 4861 3547950
4861 1264 351543748
1264 1550 127137022
1550 2024 17456186
2024 3245 806759798
3245 3592 713497128
3592 4628 167063161
4628 4196 945942999
4196 3996 894643667
3996 4907 862260133
4907 1823 947769563
1823 3977 434044268
3977 3450 278638756
3450 168 629420779
168 91 353476969
91 2072 508061754
2072 703 727643540
703 4010 846621178
4010 657 181418194
657 162 830824152
162 3324 654434312
3324 3589 579221944
3589 2252 801511756
2252 1360 806764537
1360 3535 238039855
3535 2078 721200450
2078 4075 749149309
4075 985 182793669
985 1775 618573787
1775 4234 218341129
4234 4376 228931857
4376 2295 341767808
2295 3565 511963508
3565 1637 655274360
1637 963 536217798
963 4755 767659228
4755 1394 645488458
1394 4228 867113300
4228 4917 552743415
4917 2655 117684872
2655 3361 302792696
3361 4109 470456046
4109 2105 829925012
2105 2470 907905322
2470 1833 413574607
1833 1770 103149247
1770 1104 269434943
1104 2154 176488459
2154 1483 253572159
1483 4735 806996688
4735 2177 242742408
2177 3086 41338487
3086 1420 435557466
1420 2040 949250254
2040 1192 563118154
1192 2164 54366884
2164 3696 103846581
3696 4572 737936414
4572 1415 963460401
1415 701 144033935
701 4709 430471025
4709 13 244823790
13 1846 299153832
1846 4537 702525123
4537 1494 737520150
1494 1514 82066620
1514 2238 820575537
2238 4775 767730777
4775 1866 360517377
1866 4305 119840974
4305 1795 883201634
1795 3365 583434943
3365 3286 872404463
3286 1616 941837095
1616 1123 907354933
1123 3741 64374924
3741 2932 69175083
2932 1175 524998375
1175 2771 694945724
2771 4515 832237710
4515 3532 366451550
3532 2686 228939707
2686 3555 334877192
3555 1418 26077378
1418 4665 484739681
4665 4600 463091095
4600 2965 410138186
2965 1436 646294127
1436 2454 386103962
2454 4454 509717193
4454 4170 208459576
4170 2828 117899540
2828 4180 371115894
4180 1663 178247256
1663 2010 13817049
2010 2011 290058773
2011 120 853347320
120 1769 766396398
1769 3212 397048384
3212 1208 910300041
1208 3108 822436484
3108 117 661233795
117 1220 707506766
1220 4330 870380742
4330 1747 340312537
1747 2410 990683773
2410 4026 350559598
4026 1873 485181383
1873 907 879824004
907 4432 233485428
4432 2586 204999947
2586 2709 528402937
2709 476 435128826
476 1024 76420800
1024 2092 791933240
2092 3437 364929125
3437 4564 804885837
4564 3025 476351826
3025 3945 660449119
3945 1602 431316874
1602 2941 246859834
2941 2763 570466449
2763 1044 98958094
1044 4592 851988753
4592 1973 206760176
1973 1713 83249578
1713 2588 643983948
2588 4809 513382453
4809 4425 508697933
4425 432 649039800
432 855 831460745
855 3900 27476100
3900 1062 735230044
1062 3256 772319421
3256 5 121735675
5 3686 437172158
3686 875 589981876
875 2461 652031256
2461 1016 197674943
1016 4575 822743675
4575 4334 133351299
4334 50 219225951
50 857 621067621
857 1740 169123632
1740 833 448443549
833 3525 601534417
3525 1271 14523119
1271 2171 482623635
2171 2028 396111816
2028 3594 305273135
3594 4360 278311931
4360 1800 593383327
1800 4838 430308954
4838 3219 59161281
3219 391 388212414
391 4938 592427519
4938 4531 798951258
4531 1049 886385614
1049 2210 456311628
2210 1584 111751368
1584 3090 433611949
3090 389 513079809
389 2690 426939814
2690 1472 373639590
1472 2005 672541590
2005 2516 34566662
2516 4345 957742972
4345 4297 236570490
4297 4736 77815926
4736 2929 900622891
2929 4473 584398305
4473 668 956155747
668 4675 869192338
4675 3700 385020515
3700 3347 830566954
3347 163 165483342
163 3013 578714153
3013 3364 850320058
3364 4445 48745342
4445 189 651428743
189 3282 946947304
3282 1885 146671160
1885 1792 50837141
1792 3781 716823732
3781 3148 281012161
3148 3627 733494631
3627 973 220573577
973 2995 51937798
2995 1828 360218523
1828 4513 347849657
4513 4817 68424024
4817 3152 84380949
3152 2445 573197596
2445 375 490688553
375 1703 59707349
1703 4834 501894372
4834 159 709447282
159 4887 748535906
4887 1280 759805434
1280 1978 564597021
1978 1709 844008755
1709 3531 224093227
3531 4523 978254365
4523 1565 166161356
1565 106 997206174
106 2044 737329265
2044 9 223683496
9 1763 778783768
1763 2584 931012027
2584 4137 675980029
4137 2347 69173736
2347 3758 408508430
3758 4119 248833433
4119 2029 888507910
2029 856 870287524
856 3612 486243032
3612 2543 933479822
2543 4221 469406493
4221 3715 200625491
3715 2060 512597439
2060 4920 618802678
4920 4517 55479304
4517 3755 726802905
3755 4198 708927273
4198 3749 267341880
3749 39 224773330
39 229 945789759
229 2760 98247749
2760 393 411164167
393 1026 896375893
1026 3227 583121788
3227 4046 823998230
4046 86 832854878
86 2007 51281342
2007 399 683289455
399 3293 221624825
3293 1424 569828581
1424 4118 838579204
4118 2750 662456025
2750 1531 987578463
1531 2849 202515000
2849 3045 778712320
3045 3543 477225146
3543 1091 946875070
1091 2933 613959730
2933 3964 704819973
3964 219 437084031
219 2681 76302713
2681 4721 294714576
4721 4835 311817891
4835 802 692907950
802 1352 30054876
1352 3435 891267173
3435 3536 133441621
3536 3940 69301069
3940 1147 413529443
1147 1356 635573151
1356 210 167862396
210 2150 367712094
2150 4996 655683909
4996 3447 67934616
3447 2880 829505354
2880 3280 859719744
3280 3378 397769805
3378 2465 474496436
2465 2666 130930461
2666 921 37340992
921 932 54332069
932 3716 421901093
3716 4375 946421553
4375 4728 140256131
4728 2565 360226361
2565 2253 252289792
2253 1298 736722987
1298 3349 6110698
3349 83 262641751
83 3394 810404334
3394 4645 695291998
4645 3295 132981038
3295 797 817881724
797 3384 277730088
3384 4747 191496696
4747 3797 290862980
3797 4892 400375817
4892 4303 662294037
4303 2695 584592356
2695 1246 386578851
1246 3439 449843655
3439 1054 202084866
1054 658 169144960
658 4773 301041561
4773 3369 824691895
3369 2870 492304800
2870 3395 923962612
3395 4727 578908008
4727 4306 777666403
4306 968 251246852
968 1652 656160178
1652 1012 602409780
1012 1561 562192343
1561 2815 895376113
2815 2986 840486172
2986 784 91931383
784 1037 308606792
1037 2190 66237279
2190 4164 833973131
4164 3917 278255006
3917 3735 689538753
3735 2443 167006426
2443 735 206162370
735 1909 520086344
1909 2138 826028198
2138 4615 19980986
4615 2166 564243931
2166 3601 375738830
3601 1460 668361580
1460 4309 531200325
4309 1265 554289297
1265 2345 718140897
2345 2191 696093422
2191 4062 97689079
4062 1430 212673145
1430 3930 466209106
3930 4031 647885179
4031 2949 784374850
2949 4184 608541505
4184 889 935516084
889 3418 465334911
3418 171 309236291
171 3399 236006442
3399 2331 473625262
2331 2671 262127805
2671 2054 271718464
2054 4323 915767797
4323 4753 859999617
4753 2213 569346056
2213 1947 280756290
1947 4584 69561720
4584 4276 576516017
4276 4845 282959931
4845 4002 461857503
4002 1782 329338762
1782 2247 54279735
2247 2424 217729738
2424 3799 332113255
3799 3137 756397788
3137 4586 925111031
4586 119 39056572
119 1002 432206534
1002 2598 576197568
2598 2511 629855568
2511 1768 157711519
1768 2557 170240591
2557 1542 196826426
1542 2397 253908176
2397 1901 414289427
1901 4372 934644149
4372 4410 392352427
4410 3102 604983606
3102 4637 780673181
4637 2355 652920524
2355 2012 849333768
2012 4561 984957412
4561 3276 577874325
3276 3239 122599254
3239 1863 830032220
1863 1063 824766136
1063 4344 159215072
4344 621 287490012
621 3445 774936294
3445 4368 429474852
4368 2889 595299395
2889 4050 129247007
4050 1666 98275925
1666 1538 567318627
1538 440 644624496
440 931 713830221
931 3587 487034739
3587 3463 824754303
3463 3217 156528536
3217 3123 121509575
3123 3370 194226150
3370 3232 984090088
3232 2148 278324420
2148 3246 692663458
3246 3047 636344234
3047 1367 804203196
1367 3572 808592616
3572 901 989691609
901 1343 79877346
1343 2370 71769144
2370 1530 970113516
1530 2449 277247967
2449 4222 188032271
4222 718 197599312
718 781 20230688
781 515 98005376
515 4053 246884629
4053 2513 996504628
2513 4407 531294790
4407 3192 317355906
3192 2778 132856216
2778 2281 784807931
2281 526 150424878
526 3878 74832286
3878 2590 294027503
2590 4001 378982948
4001 661 710693299
661 2738 152341240
2738 3604 255706504
3604 2332 108111521
2332 1737 175817036
1737 1406 711138979
1406 4370 51220994
4370 3675 263514722
3675 3188 618846311
3188 3151 330163406
3151 569 341443809
569 1516 541552811
1516 3645 406106896
3645 1224 26482793
1224 3034 283700984
3034 4039 537950609
4039 1635 141093172
1635 3056 215927377
3056 4397 552310299
4397 571 778915118
571 2706 751714376
2706 3890 805317210
3890 2542 329343969
2542 3712 583551177
3712 3359 612080756
3359 933 628391442
933 1620 681174087
1620 441 618487552
441 4386 70319306
4386 788 865905003
788 2235 760266163
2235 4296 484323986
4296 3999 810393733
3999 453 603854384
453 553 813231795
553 813 865256893
813 194 470883789
194 216 105173939
216 4442 232957037
4442 2211 354052544
2211 4649 654929251
4649 4601 973571198
4601 3470 453126631
3470 2806 473838933
2806 3009 390153152
3009 1860 76983804
1860 2206 965614839
2206 262 219390463
262 158 29436272
158 4634 926752295
4634 1416 19343691
1416 4855 376275148
4855 3044 505684197
3044 294 618732186
294 1537 202428919
1537 1065 788015027
1065 3252 373023871
3252 1526 313307804
1526 3774 545911656
3774 795 424029539
795 1291 834993896
1291 2323 229931344
2323 723 937414156
723 3848 2870042
3848 4805 494329080
4805 2742 514428364
2742 6 837251534
6 477 789812898
477 1113 863652417
1113 2199 679351098
2199 618 538421098
618 3472 510980772
3472 684 566939725
684 74 410309460
74 2476 120074575
2476 236 731990610
236 791 950129656
791 2884 850214812
2884 4973 776188684
4973 4970 812831200
4970 2914 361744097
2914 3972 709389441
3972 3073 294677586
3073 1749 839260225
1749 1766 255930319
1766 929 154124276
929 2371 227554172
2371 3480 39315427
3480 3711 399656507
3711 51 272707775
51 4919 170405696
4919 403 498794341
403 105 425059494
105 4701 242386101
4701 3333 643340614
3333 1613 554948658
1613 3738 272311717
3738 4680 576773844
4680 32 602683307
32 144 879050977
144 766 109647284
766 4506 980500745
4506 4162 949533806
4162 3355 484040589
3355 2421 518987009
2421 2630 11642500
2630 3689 180654641
3689 3460 335645683
3460 1943 172256689
1943 3154 342552440
3154 4569 947177140
4569 2523 892389278
2523 4547 498772589
4547 2712 831051093
2712 2103 246806222
2103 4106 141459721
4106 4101 807517447
4101 4540 277279200
4540 557 654174619
557 1822 114825928
1822 1830 21134741
1830 1407 495390697
1407 3336 48910947
3336 1127 332181872
1127 2790 565456579
2790 727 414820172
727 4652 516288802
4652 3307 971724168
3307 2502 117413958
2502 4145 796958621
4145 2293 785338225
2293 1476 209197844
1476 978 224780565
978 482 28966569
482 664 277237301
664 4989 571253892
4989 3040 263757374
3040 629 542851898
629 550 290788545
550 4573 495007397
4573 2179 973926504
2179 3503 173143627
3503 1184 396633286
1184 2697 53230672
2697 2471 736126813
2471 2936 120928328
2936 763 563353523
763 4538 403838241
4538 4138 346074884
4138 4542 856093985
4542 3486 917176092
3486 1559 20262438
1559 1553 349806785
1553 3497 924274627
3497 2551 57006782
2551 3921 269585162
3921 983 313558585
983 698 675850167
698 3116 600659703
3116 858 997775629
858 2947 450116149
2947 2639 653194481
2639 1332 151751173
1332 3014 678894057
3014 245 538600978
245 4183 933718318
4183 4277 58102842
4277 2919 300346585
2919 2571 129241030
2571 748 971936724
748 3944 810147619
3944 1903 213182559
1903 508 690442634
508 2773 411151530
2773 71 385127898
71 4142 617796056
4142 4808 926316680
4808 243 461919244
243 2530 427070969
2530 2189 168393335
2189 1971 58271797
1971 2144 772410995
2144 1080 486336458
1080 4997 275959382
4997 1998 206615502
1998 3290 371082557
3290 3257 253754073
3257 2887 199485206
2887 323 517375396
323 826 707241192
826 2447 581863182
2447 2761 617098137
2761 1692 310645711
1692 2468 25240957
2468 4210 22591038
4210 1677 771269983
1677 2017 70475975
2017 2842 725398740
2842 4910 595427738
4910 3316 17603811
3316 3285 665985870
3285 3718 425968832
3718 3985 933001711
3985 2294 342814066
2294 851 33406484
851 3983 743282168
3983 3386 639033659
3386 4252 474461451
4252 4768 562095340
4768 707 602843073
707 1151 78706724
1151 2637 96554710
2637 4881 929887872
4881 794 667226210
794 4700 797169114
4700 2857 385493857
2857 4716 437898115
4716 975 641645816
975 4783 806827673
4783 3024 325965737
3024 4082 870255379
4082 1781 749208589
1781 1162 6034684
1162 827 348692283
827 473 133835376
473 3054 955499132
3054 2685 454633993
2685 563 321163678
563 1578 311899355
1578 1205 284593360
1205 3375 628998388
3375 4121 90376737
4121 2970 507523249
2970 819 896096139
819 2473 422707170
2473 3737 137808090
3737 740 477254038
740 3077 646683313
3077 113 183831347
113 4271 109046769
4271 1444 237537233
1444 327 998676946
327 1676 557929064
1676 2873 28559893
2873 4749 157611489
4749 1977 730512620
1977 3818 875182605
3818 2792 382079289
2792 934 752240900
934 1525 526410756
1525 2430 388031138
2430 3899 792269007
3899 269 694929110
269 4411 237585644
4411 3097 202635508
3097 3926 292619912
3926 1518 23145468
1518 2194 489130999
2194 3400 868041786
3400 157 723310776
157 4068 326372224
4068 3408 557866037
3408 1796 403488175
1796 10 947113497
10 1745 913655781
1745 2170 460808515
2170 1501 625794730
1501 1515 974128887
1515 3377 595443226
3377 954 87970751
954 1624 944293694
1624 2302 847595310
2302 4720 168127030
4720 2836 968775137
2836 4086 180750684
4086 1527 151863218
1527 3936 922307077
3936 3274 1123338
3274 4571 743724608
4571 61 588009197
61 2064 880229233
2064 3457 79910003
3457 1817 768842521
1817 760 984494979
760 1720 499315826
1720 4023 621555137
4023 3582 683816702
3582 549 9146989
549 4583 758371756
4583 4114 408589021
4114 729 994790652
729 3714 504181574
3714 2488 597553367
2488 4840 164270720
4840 4229 119025072
4229 1839 424288918
1839 1989 571547817
1989 4058 491842602
4058 2774 304572340
2774 3070 440826557
3070 2817 978966028
2817 2714 858614532
2714 4049 123601624
4049 752 647686172
752 3745 402760035
3745 1148 379271298
1148 2245 404355879
2245 595 780172537
595 313 484915110
313 2435 504853980
2435 2352 512197466
2352 2200 561750715
2200 3632 984668789
3632 1206 831909079
1206 1541 481573224
1541 2115 337928478
2115 2521 35310563
2521 1364 99463709
1364 2056 864864029
2056 850 516615545
850 406 338593035
406 2616 745613570
2616 3747 693172822
3747 4212 668704432
4212 1457 256308290
1457 2353 992559808
2353 2858 225683524
2858 4478 4419388
4478 3231 113128749
3231 4373 141309141
4373 4080 15175329
4080 3046 806984388
3046 2904 193923103
2904 960 923428561
960 4934 726885729
4934 3625 562297981
3625 193 73634048
193 1259 361643222
1259 4865 94725196
4865 953 998316160
953 913 702438512
913 1029 206180334
1029 2218 543967677
2218 2451 218099668
2451 1056 611044092
1056 2356 611858144
2356 4172 631397821
4172 4873 55776651
4873 1178 104514879
1178 4388 80782159
4388 653 73253541
653 1260 429072976
1260 1723 906111328
1723 2442 606601844
2442 677 136098158
677 1847 694837400
1847 4316 252487068
4316 3338 917534370
3338 1118 790714208
1118 3427 855786316
3427 493 36254558
493 3665 643107458
3665 949 762084984
949 1598 22231210
1598 2073 707428868
2073 2851 819424290
2851 4477 71449223
4477 1706 534474987
1706 574 276572481
574 2441 832499587
2441 2548 214240938
2548 1337 288368462
1337 782 873113328
782 1556 2916893
1556 1744 329855791
1744 3769 669678262
3769 1759 669383433
1759 3121 663334007
3121 2911 707083195
2911 4786 930682043
4786 3072 443755353
3072 4418 163625832
4418 4471 367188356
4471 346 578492787
346 3895 348089794
3895 4249 158323811
4249 1793 907460696
1793 4977 76251762
4977 2285 246026373
2285 2450 240829088
2450 4201 368250943
4201 387 149706870
387 3117 485176464
3117 1788 400315952
1788 4420 699658130
4420 4797 484730688
4797 4186 909450112
4186 4365 693988659
4365 2043 62047448
2043 3071 442914838
3071 2216 716118202
2216 3441 465005001
3441 3099 214415550
3099 298 16831238
298 4578 941285219
4578 1426 141653581
1426 3167 758405651
3167 4089 4361463
4089 4112 921744574
4112 1937 77468130
1937 3198 646934729
3198 2821 33281423
2821 1825 799141431
1825 2581 168189721
2581 1976 187063826
1976 1441 620208585
1441 2554 156087994
2554 2547 97785620
2547 601 741545615
601 807 799868434
807 2243 119620981
2243 3107 486063562
3107 2098 938104814
2098 2457 756068238
2457 7 387828250
7 1712 201763349
1712 4419 479137682
4419 4447 961606076
4447 1159 875609188
1159 4617 647683886
4617 3244 892385072
3244 1226 914998224
1226 2609 916557361
2609 2839 809842247
2839 4671 36545376
4671 4691 377582642
4691 783 296847192
783 2289 279279470
2289 1241 337066801
1241 527 760805774
527 908 559829843
908 370 570156978
370 451 297475161
451 1954 939703543
1954 4336 995853414
4336 1984 879749000
1984 1968 249995500
1968 3371 556305651
3371 342 926471806
342 2955 983703270
2955 284 94283178
284 215 489006015
215 4134 439538121
4134 3456 240398217
3456 2237 226354990
2237 442 701529671
442 3802 552182561
3802 192 295661074
192 3325 419756119
3325 2065 28359139
2065 1103 92968184
1103 529 306365982
529 2573 631317896
2573 620 430969964
620 1300 276919243
1300 1076 861220211
1076 4909 494858923
4909 743 302810188
743 4483 524509443
4483 3823 828310068
3823 1270 434935137
1270 820 201822681
820 3533 291124566
3533 3577 99319727
3577 578 313642735
578 3624 348395031
3624 3314 571386836
3314 1927 686661259
1927 543 860855836
543 38 575475385
38 4485 971352839
4485 3179 234803692
3179 1573 221176897
1573 3631 828634159
3631 3909 233659044
3909 1583 598094363
1583 3571 692975553
3571 3053 511675833
3053 1701 744011418
1701 2140 399801064
2140 1806 82511954
1806 3889 23283217
3889 3908 885037768
3908 604 288627178
604 2265 158953047
2265 1061 503366678
1061 3727 870623935
3727 1395 234562096
1395 910 58615314
910 3839 502582659
3839 3220 571129019
3220 2014 628124877
2014 1617 322660024
1617 4311 291519614
4311 3356 2146332
3356 3393 730334976
3393 1802 2324350
1802 2519 885570918
2519 1128 155305715
1128 283 292238795
283 2240 589278852
2240 1139 240310256
1139 2334 992626044
2334 586 798214194
586 3713 540111347
3713 1252 270428216
1252 1276 555483255
1276 2391 236149708
2391 2645 192628925
2645 4051 592452069
4051 3620 496478851
3620 892 648621900
892 4018 375767605
4018 4590 27774494
4590 2675 821475780
2675 4518 509513318
4518 1105 845757674
1105 2768 121657096
2768 2074 925643034
2074 4253 369781163
4253 561 585829717
561 405 860334691
405 2869 615601980
2869 2653 6260672
2653 2894 809939902
2894 4877 605876794
4877 3634 787031993
3634 4553 648692406
4553 2373 684852103
2373 3677 551454430
3677 1836 932557018
1836 2146 732109583
2146 3550 669998405
3550 1552 53524817
1552 852 161738120
852 676 843627565
676 1443 114963289
1443 3963 524019372
3963 540 294229189
540 1102 867863147
1102 3988 101528063
3988 2203 8960509
2203 1185 153096198
1185 4279 428702689
4279 693 77869971
693 315 895473908
315 1500 945945255
1500 1962 888286344
1962 409 923219493
409 522 872100422
522 4272 330083653
4272 2931 343261169
2931 849 267562576
849 2928 841037090
2928 3511 696749759
3511 1053 347872289
1053 2261 708247601
2261 26 537687190
26 3032 66974194
3032 2861 259296168
2861 890 344237867
890 2484 314825608
2484 2269 990818498
2269 3490 449412910
3490 2775 687429193
2775 1085 852060459
1085 2532 405538362
2532 2255 945621555
2255 1910 74878554
1910 3688 557428947
3688 2042 492099110
2042 2117 55353726
2117 3828 80756691
3828 3184 31211136
3184 3701 104535058
3701 4033 793932614
4033 1851 599085941
1851 3444 466598002
3444 726 482542742
726 2439 670443658
2439 4883 102029074
4883 1403 432647384
1403 2832 349345673
2832 510 281879114
510 4102 999368346
4102 2313 115107683
2313 2051 642819714
2051 3725 78822384
3725 4343 213887865
4343 774 93356940
774 2428 101303965
2428 2906 933364585
2906 1419 708322052
1419 4648 657013192
4648 2062 968239627
2062 2830 496694639
2830 2807 165585587
2807 4392 26025302
4392 4401 295402320
4401 455 232182175
455 3383 410468610
3383 4722 146142852
4722 3775 2681606
3775 2163 218450327
2163 4399 955241906
4399 2888 72000106
2888 891 754929434
891 1697 893859780
1697 1269 317876310
1269 2309 850745288
2309 4949 611368336
4949 69 28729879
69 773 671679878
773 256 161802635
256 388 32388831
388 4268 915641719
4268 4070 269472302
4070 2058 578111049
2058 4914 707282099
4914 4475 774092678
4475 2319 483095316
2319 1072 892642993
1072 4612 490459639
4612 1109 840858781
1109 3635 202016979
3635 4719 381263934
4719 4987 653998947
4987 4460 472217762
4460 2984 133591972
2984 3633 959205088
3633 2638 357200716
2638 2787 266017013
2787 1524 803745141
1524 4116 504401855
4116 20 93058260
20 3242 156907862
3242 4654 145750736
4654 3728 854189461
3728 3961 221828249
3961 674 287302052
674 1618 344846587
1618 704 273446676
704 1721 214954333
1721 4400 968159873
4400 1821 115465382
1821 1605 800814000
1605 350 120028180
350 3240 657102172
3240 3856 29374250
3856 4878 273023380
4878 1036 850679422
1036 3176 130951727
3176 2764 794197473
2764 4258 565351171
4258 1267 379887550
1267 2110 849955957
2110 1236 608842903
1236 2716 550994590
2716 2589 646719378
2589 3676 119518178
3676 2393 346845195
2393 439 731514200
439 4816 291821723
4816 3734 932038590
3734 234 915640944
234 1610 157364635
1610 4627 427503181
4627 4966 248362863
4966 428 755256053
428 1629 541003865
1629 1811 689379160
1811 175 339284181
175 1469 262176581
1469 2142 892952680
2142 4074 93669120
4074 3196 7530205
3196 4686 14476007
4686 3317 6571409
3317 1790 246857302
1790 4025 388523070
4025 1222 124037666
1222 3922 965170767
3922 155 970139162
155 2329 603986734
2329 2556 667845356
2556 838 953151750
838 2506 760921656
2506 3663 987030452
3663 2522 406778878
2522 2111 687656475
2111 495 806689
495 2004 933696088
2004 2464 867550926
2464 2487 439503213
2487 1690 473556916
1690 2489 264315753
2489 489 183911651
489 3223 27272665
3223 4113 888630646
4113 2545 110286080
2545 1563 500846727
1563 1058 717168987
1058 1534 981525630
1534 759 637827629
759 2160 957964179
2160 2375 892863900
2375 1179 799821984
1179 4925 530851336
4925 2665 711703301
2665 2886 81042478
2886 3057 276578401
3057 928 830556900
928 3954 124933190
3954 4085 240294122
4085 2378 451686031
2378 290 497050124
290 600 306155353
600 125 79158011
125 1375 519557316
1375 3283 250910013
3283 3970 300986988
3970 2324 412222784
2324 1158 710525121
1158 4423 675113580
4423 3166 681683905
3166 3258 3715462
3258 757 461061939
757 1649 463942574
1649 3542 987708894
3542 2934 256990359
2934 1611 134924548
1611 2037 989406809
2037 3798 714659822
3798 1314 454534753
1314 4894 676883708
4894 3915 198843980
3915 769 245812437
769 1182 388805308
1182 3958 104334870
3958 2642 366804966
2642 1777 319515209
1777 2202 254589598
2202 3658 225530723
3658 4081 992391086
4081 2917 140369523
2917 3992 864245152
3992 989 756346384
989 462 712178338
462 3203 198088008
3203 4629 963455962
4629 339 239774820
339 632 490137403
632 3228 140934255
3228 1648 382072481
1648 946 628115100
946 4005 834307222
4005 1210 178701559
1210 1735 739444200
1735 1431 699314686
1431 2230 502344750
2230 3642 384132411
3642 181 800288990
181 4803 216772461
4803 1505 768517809
1505 1935 479410093
1935 3068 337722028
3068 3469 27758332
3469 450 267521197
450 4856 748309559
4856 4497 829801236
4497 2703 483395899
2703 500 420531526
500 1843 381422540
1843 2478 916374254
2478 98 132646147
98 3563 270903729
3563 4281 793164497
4281 165 264038654
165 1181 270393642
1181 2728 128391224
2728 3534 44056477
3534 1952 803684737
1952 2765 144038661
2765 4027 92534943
4027 253 839940196
253 4353 147076851
4353 1134 132390022
1134 859 585542471
859 4911 438042347
4911 4195 987924862
4195 1743 765932486
1743 1319 3982438
1319 2022 174297645
2022 2153 787736275
2153 3796 98816587
3796 2278 853200367
2278 4486 485498247
4486 3606 812295640
3606 2020 213580383
2020 1074 916678658
1074 4761 618104332
4761 4823 459350104
4823 1643 479585362
1643 945 986982983
945 4363 762711604
4363 4287 491742281
4287 2909 26324416
2909 4359 74429382
4359 1589 277773364
1589 3216 987874260
3216 3230 466279057
3230 2893 273463630
2893 18 238009668
18 2601 32366598
2601 646 551012356
646 4378 239579409
4378 2539 81257305
2539 2300 978558004
2300 4093 222142714
4093 2335 628419679
2335 628 746418448
628 3156 205371208
3156 4801 225526880
4801 2957 372839959
2957 2918 834210256
2918 2187 592200735
2187 2358 37386318
2358 4472 641750021
4472 1470 251712867
1470 4206 411071127
4206 865 208571845
865 977 782956800
977 712 122046262
712 3003 69158399
3003 4795 643930618
4795 3172 4665787
3172 1039 88180819
1039 1354 412808497
1354 3329 838427947
3329 2417 444303705
2417 4908 862656926
4908 2662 208488688
2662 3128 212416073
3128 1612 674320662
1612 4689 828344700
4689 2446 544902519
2446 1170 459022775
1170 4767 307494429
4767 3528 495759314
3528 4011 78081954
4011 4550 796361945
4550 2214 657905876
2214 2158 437885695
2158 2866 242342596
2866 3127 75392521
3127 2989 307513712
2989 2173 372517397
2173 1653 459286487
1653 2733 702318660
2733 3419 711192001
3419 4435 344228866
4435 3974 980126473
3974 1917 489817029
1917 1234 140691325
1234 3412 235735222
3412 2834 153416790
2834 1693 471763176
1693 130 471272795
130 3529 231474597
3529 4525 985657203
4525 2905 484780581
2905 2973 271116015
2973 3388 415803620
3388 2621 47214276
2621 2 66000670
2 1700 536613910
1700 3557 595235981
3557 2222 301092705
2222 4785 532202237
4785 3717 281768488
3717 534 395389702
534 1734 466087261
1734 1890 851440517
1890 3558 538439283
3558 1100 336483694
1100 4988 637929697
4988 4794 160348173
4794 4521 386257896
4521 4668 422367801
4668 2719 294116205
2719 2026 733709755
2026 3597 38303350
3597 3158 262785102
3158 48 189153937
48 3315 139118558
3315 3113 999777964
3113 823 178219461
823 1130 445503878
1130 4849 283139256
4849 2036 583261907
2036 4889 612449053
4889 4885 328019724
4885 1108 582918388
1108 1736 28489153
1736 588 80558042
588 3351 215295096
3351 4168 931747818
4168 4760 641134819
4760 4502 32631697
4502 577 23832643
577 4152 498693319
4152 4756 281179943
4756 1237 837478612
1237 1591 543725868
1591 1858 521598908
1858 3941 323468721
3941 1685 202791683
1685 400 394184812
400 225 169415606
225 4215 351292060
4215 761 15439958
761 2747 222702322
2747 4804 691550161
4804 853 122000143
853 1353 602260981
1353 4676 820687152
4676 2438 943455620
2438 3326 674884721
3326 1121 828524461
1121 429 833519076
429 276 684526506
276 2999 631502197
2999 3440 329126140
3440 21 411022169
21 1445 490605760
1445 4828 221751366
4828 1819 3423714
1819 3617 445616069
3617 2605 995083711
2605 2629 250124675
2629 3795 860939604
3795 2916 730632922
2916 3346 7010153
3346 4990 346213732
4990 2001 470535701
2001 4568 26117412
4568 1423 504484290
1423 3847 569812312
3847 4926 45303149
4926 589 76892410
589 1815 878173402
1815 2591 186603085
2591 4945 193696997
4945 1254 457202942
1254 3213 988400343
3213 612 989600882
612 67 735249969
67 3448 789706231
3448 1313 618899745
1313 1922 114848757
1922 3621 543888784
3621 4238 465837612
4238 2661 509070115
2661 2087 405275441
2087 2563 58984061
2563 640 320154027
640 911 37487132
911 478 191167010
478 3641 724067930
3641 3672 182130085
3672 3815 469197632
3815 3267 886396528
3267 4462 761258539
4462 3788 97963104
3788 127 176672298
127 1156 455451671
1156 172 855729511
172 301 240972876
301 3019 926505815
3019 4702 552681136
4702 4893 193172312
4893 1212 573919943
1212 454 848739416
454 2727 659495812
2727 3707 416358217
3707 2429 456116098
2429 4903 473868483
4903 3298 139004915
3298 2964 446044609
2964 4448 29621481
4448 4204 15595107
4204 1277 446094722
1277 176 796780087
176 3208 570929366
3208 2618 673820009
2618 3492 222264014
3492 356 154194017
356 3618 575807950
3618 4644 353732384
4644 1086 8163559
1086 3465 360457182
3465 3946 742316083
3946 2151 659855841
2151 412 623798725
412 1202 275399571
1202 1728 494988349
1728 1577 266662411
1577 523 303594375
523 141 85368609
141 3862 797269464
3862 3454 817435654
3454 1152 114954950
1152 3491 13836884
3491 4127 714392942
4127 4614 733623875
4614 1378 455681083
1378 636 473320952
636 566 608741570
566 1599 230768041
1599 2946 174930182
2946 3957 463356212
3957 4619 796254796
4619 4771 376316709
4771 1779 161891656
1779 3508 631982561
3508 4017 691417024
4017 3950 972032838
3950 4213 750600335
4213 4231 95643192
4231 1448 590189338
1448 1359 955978221
1359 3636 907454849
3636 345 99533854
345 4456 120482064
4456 4457 50292278
4457 4357 556190745
4357 4793 849312022
4793 468 862227313
468 3615 29370289
3615 3668 959725488
3668 1157 662759854
1157 1386 830658470
1386 3840 152715055
3840 1623 579242652
1623 4640 181488287
4640 1631 412149826
1631 3006 825140877
3006 1574 211870627
1574 687 623537491
687 3138 484822852
3138 3855 908422247
3855 4282 440909956
4282 1567 763044900
1567 4463 317069658
4463 224 160295422
224 3413 677184169
3413 2631 890064161
2631 3690 270464990
3690 369 623703923
369 2082 488852929
2082 2433 524269452
2433 3967 475116350
3967 651 140008962
651 4034 710717277
4034 952 54869117
952 146 294024278
146 3008 951454627
3008 3059 456103357
3059 2726 859758397
2726 4043 28025371
4043 4156 744938980
4156 449 539670947
449 4194 353250703
4194 2624 944485421
2624 4088 557656423
4088 3666 712075685
3666 2085 461767824
2085 2602 830811996
2602 1468 134544700
1468 2086 646097321
2086 4635 423727368
4635 1908 662872139
1908 2576 41670402
2576 649 343312401
649 4674 496783940
4674 3189 94308642
3189 3170 551105831
3170 3353 326023241
3353 2553 535091244
2553 1499 745526597
1499 3281 745914071
3281 1438 553477279
1438 4603 840830467
4603 1960 134308796
1960 1223 298486605
1223 4019 408720401
4019 1155 863883289
1155 1440 264378743
1440 2626 303933826
2626 1838 554114634
1838 643 697205143
643 4140 271885675
4140 1986 245934256
1986 1106 549955894
1106 4291 658761395
4291 1284 964023603
1284 3552 736561345
3552 4366 732387647
4366 2734 732660458
2734 1970 247696547
1970 2701 590161878
2701 2668 441127006
2668 4687 980271543
4687 1570 454840515
1570 4796 283705199
4796 2718 35832446
2718 1899 945317472
1899 3140 905258385
3140 427 892642699
427 514 432649048
514 3872 136837154
3872 3088 939734809
3088 2415 105910462
2415 3704 296273375
3704 2926 93541196
2926 671 24418837
671 756 399763563
756 3135 184852628
3135 1035 288928051
1035 2826 153880765
2826 3017 293313576
3017 1273 20676414
1273 4250 591055895
4250 4552 821304375
4552 1390 720078493
1390 3506 977620670
3506 2100 949431976
2100 396 166212186
396 3789 817230679
3789 1133 143270666
1133 4267 890932053
4267 1449 443655574
1449 4429 464187390
4429 2462 643041200
2462 2023 888832766
2023 2279 835346234
2279 1688 629068118
1688 4154 30205447
4154 2080 566108856
2080 320 79352350
320 1312 655421608
1312 1490 199217578
1490 3434 39208692
3434 1013 889447666
1013 959 771055710
959 4963 773268171
4963 2003 743065863
2003 4717 426979873
4717 786 70215040
786 4752 313423759
4752 94 580232665
94 263 606057873
263 2130 901265919
2130 768 185451958
768 4730 982982953
4730 717 534302106
717 3483 683899969
3483 41 943460181
41 4581 4506947
4581 4890 866258026
4890 3849 181167454
3849 930 944189609
930 3432 216807084
3432 2496 399386401
2496 1585 865684697
1585 758 784595202
758 878 903021248
878 349 393941538
349 2910 247272730
2910 3792 296244028
3792 2418 354757254
2418 35 493798583
35 1592 928757694
1592 4329 813912595
4329 1716 911669985
1716 3261 489883455
3261 3973 272545280
3973 2808 74064814
2808 258 818885912
258 4469 938982205
4469 1466 316033649
1466 2045 271965043
2045 1655 291228229
1655 2015 220812092
2015 3165 99036913
3165 3118 635650572
3118 1719 154992467
1719 804 578829244
804 2696 980355809
2696 551 56391601
551 3919 192261050
3919 4532 651465069
4532 1169 434764256
1169 1985 443656879
1985 334 464462523
334 2510 59607160
2510 847 575572340
847 3829 448881503
3829 1401 2711294
1401 4176 493332841
4176 187 881863855
187 2960 113431432
2960 2561 709161861
2561 2620 976640477
2620 3157 944214594
3157 750 104106041
750 4512 987281945
4512 4551 561667264
4551 4868 454243161
4868 4371 147846640
4371 3703 396856640
3703 2515 566743484
2515 4844 672711377
4844 4763 889357738
4763 1569 588025559
1569 4495 933321277
4495 4905 426998430
4905 734 398452707
734 986 134723536
986 4944 487625654
4944 935 365277733
935 15 77186524
15 1011 222928533
1011 2227 970202690
2227 27 253609890
27 1239 133552690
1239 868 572013136
868 915 474150374
915 2677 145436812
2677 3949 210867791
3949 4458 56125420
4458 2186 210960168
2186 4922 258017045
4922 1807 784573596
1807 3302 45370088
3302 2837 224406434
2837 4800 575821762
4800 4251 162376489
4251 4912 748273138
4912 1282 13865732
1282 244 675834974
244 1892 872796192
1892 4455 8890613
4455 2592 27355204
2592 2829 126128505
2829 4959 822137042
4959 4923 878518962
4923 471 626416218
471 1915 665724109
1915 4100 268488411
4100 1459 111815805
1459 66 657223815
66 4436 471189830
4436 2448 558655781
2448 700 49002068
700 4539 564585210
4539 3867 616641800
3867 3049 205557851
3049 469 941070675
469 4588 433763446
4588 1799 477844397
1799 997 279319061
997 2270 712189778
2270 3760 118933400
3760 3404 120713006
3404 2803 157685367
2803 3875 226034581
3875 3759 443020503
3759 1754 849573136
1754 1941 790916420
1941 544 480408508
544 871 370105060
871 183 478827796
183 1369 54128795
1369 4120 275548341
4120 204 299873317
204 3390 462203652
3390 2924 236018454
2924 1679 740375046
1679 2672 626875677
2672 3697 145821416
3697 132 968681740
132 896 634407576
896 4574 196778581
4574 3442 717861736
3442 430 873699877
430 254 658652524
254 1659 325214165
1659 2320 815529711
2320 1506 84094080
1506 4498 777265733
4498 2788 938369666
2788 573 686776327
573 3962 871591205
3962 1249 121089763
1249 742 413286720
742 1329 97757911
1329 1798 876662241
1798 437 151874422
437 1425 744740077
1425 3105 228941843
3105 1940 251834896
1940 2776 906138919
2776 2526 567077223
2526 76 525328012
76 1778 855716398
1778 4859 410472857
4859 2066 630081921
2066 2562 99307523
2562 511 874173699
511 102 622919433
102 195 756627519
195 2676 320659120
2676 1923 633121393
1923 3857 769546650
3857 3708 84727703
3708 1751 974890258
1751 1071 163935751
1071 3104 805685895
3104 2985 525255615
2985 415 252339766
415 3545 936400935
3545 2732 36183829
2732 4437 985406615
4437 1594 630535492
1594 2219 404655880
2219 2694 683863603
2694 2673 395644329
2673 2291 198393258
2291 2663 141410079
2663 1975 266073255
1975 2669 550121439
2669 156 605629853
156 3575 132693376
3575 592 260443798
592 741 835483958
741 860 368103207
860 4099 881882337
4099 3874 798593377
3874 1289 600656924
1289 376 623252400
376 2292 469431559
2292 2156 926856843
2156 4677 92582231
4677 2224 650585245
2224 246 439866345
246 3721 240697688
3721 2494 867940795
2494 207 662404599
207 3270 213996480
3270 2959 257828897
2959 1075 61565150
1075 3064 993727512
3064 4630 856032063
4630 2368 511393251
2368 3367 461896029
3367 1166 30814047
1166 1008 613651223
1008 1295 909572220
1295 4969 109086567
4969 3943 584583184
3943 1820 350614330
1820 2976 301945909
2976 4193 252544454
4193 2777 765258759
2777 328 888773628
328 2654 706244885
2654 2380 989105783
2380 1051 798784441
1051 226 444759239
226 1609 255979221
1609 1098 475691159
1098 1496 6148534
1496 2094 694346425
2094 2480 237172535
2480 3186 654325582
3186 4724 48805541
4724 1305 261438477
1305 3202 952997173
3202 1315 993948573
1315 3477 279146840
3477 2978 316841596
2978 1433 933256818
1433 1398 672582849
1398 728 702116007
728 843 53661365
843 124 72455097
124 3971 320096532
3971 1868 871669761
1868 555 155880075
555 4895 839210826
4895 4450 370804181
4450 3092 564246502
3092 2759 26732280
2759 1664 710066989
1664 271 799979096
271 2303 778303122
2303 4178 799395330
4178 128 165384465
128 4149 748541690
4149 2865 327871494
2865 680 686368987
680 3061 6695706
3061 64 935021877
64 28 961919583
28 4416 554674461
4416 682 102250346
682 1232 121937538
1232 587 320758709
587 2633 88747724
2633 4461 811809324
4461 1041 49486941
1041 1872 191668854
1872 1339 127155593
1339 2228 683311847
2228 1926 306199430
1926 721 624500455
721 641 238366905
641 1341 612072029
1341 95 839621007
95 4978 588256925
4978 4974 137787364
4974 2885 851006218
2885 4158 67539704
4158 2809 763518882
2809 3833 609194999
3833 801 237271819
801 1402 981720977
1402 2622 205053873
2622 3502 854109379
3502 1560 491341274
1560 4189 288161762
4189 4733 260217998
4733 4860 957355443
4860 3180 726719537
3180 1081 358784601
1081 3644 281271205
3644 4270 517060345
4270 660 147703926
660 2574 171626255
2574 2481 285059490
2481 1010 399817090
1010 2772 46202374
2772 3670 62110159
3670 2016 985158580
2016 4712 598502331
4712 3990 501847148
3990 1956 741629357
1956 2453 977628468
2453 3341 412995537
3341 3443 205262565
3443 1285 147871348
1285 1582 728852112
1582 4698 132255606
4698 2867 516749558
2867 655 831042238
655 392 347803417
392 689 637377686
689 1881 771546395
1881 4060 944024012
4060 3254 127243349
3254 1334 276180862
1334 1705 110738972
1705 594 293077973
594 1084 781962118
1084 944 872427540
944 3537 630822018
3537 1027 720798742
1027 2823 776311710
2823 4104 560570290
4104 4862 598243444
4862 3873 792282840
3873 4501 155332180
4501 214 113939955
214 839 635921769
839 3549 84857596
3549 943 259149465
943 4591 708421228
4591 3925 66076322
3925 2119 200523355
2119 3038 572504511
3038 1328 71966967
1328 3409 186803251
3409 2619 967285871
2619 4825 518954821
4825 4246 188380554
4246 43 227634715
43 4941 230610933
4941 59 64388039
59 1447 824771693
1447 1070 196253988
1070 710 571048930
710 1912 747272597
1912 1641 134556768
1641 251 38807780
251 4233 69936281
4233 3835 46702485
3835 4072 5812155
4072 3222 255880156
3222 4962 457333392
4962 4340 517407144
4340 2877 874256235
2877 3342 177180946
3342 4750 46918703
4750 2157 703808181
2157 422 907627620
422 3860 488097111
3860 3806 262467325
3806 1073 289402686
1073 418 737792433
418 2467 514076778
2467 2372 541277826
2372 3096 887166600
3096 2250 257607182
2250 3485 170498683
3485 2013 452222995
2013 1755 257806066
1755 3452 397360285
3452 1898 496655959
1898 1741 820958351
1741 3681 362076737
3681 316 253450565
316 2365 405366840
2365 880 585955418
880 3778 340090416
3778 3791 895972512
3791 4744 282140215
4744 900 621510198
900 2097 733028971
2097 1411 842919830
1411 2784 462941983
2784 1197 79552422
1197 2708 395873407
2708 3320 955341821
3320 354 929442747
354 4216 669297398
4216 2907 558114439
2907 4776 125957464
4776 160 271733824
160 1853 292269897
1853 1227 684417814
1227 1173 184180010
1173 2362 414508395
2362 318 270386688
318 1619 254716031
1619 3882 58244721
3882 711 867170479
711 1068 129767368
1068 4227 610602600
4227 2093 789173334
2093 466 725282991
466 2636 447799899
2636 619 108428137
619 2613 648608470
2613 1925 43987255
1925 2925 140058907
2925 2872 848151509
2872 2477 203832768
2477 2427 448725539
2427 3466 105263256
3466 402 213643209
402 2135 407292902
2135 190 88504329
190 2657 901219817
2657 1446 16029461
1446 2651 638352368
2651 2147 172175316
2147 2679 413019418
2679 4595 8277381
4595 948 515794963
948 217 244190100
217 3322 864100364
3322 4393 30635371
4393 4148 896364189
4148 536 172405537
536 1738 863107338
1738 4994 179740890
4994 481 327482438
481 3646 162556493
3646 3221 155338348
3221 4666 985053382
4666 2587 154571966
2587 1268 505203540
1268 520 912187605
520 863 969385691
863 4829 175663660
4829 1801 582246526
1801 3739 25299536
3739 2854 191780293
2854 4294 62470878
4294 2860 850538653
2860 2308 963050360
2308 4643 730657505
4643 465 804026063
465 4065 924408198
4065 1497 390052107
1497 4284 220090192
4284 4557 441666417
4557 3870 851150636
3870 3382 989514907
3382 206 443270226
206 1916 274510552
1916 2831 199438861
2831 1674 937548982
1674 610 184839181
610 1814 469005250
1814 4144 434256434
4144 4965 996974460
4965 3667 306063181
3667 1884 201707714
1884 2482 63940912
2482 237 274137623
237 2128 542036815
2128 2091 908380470
2091 2749 6362809
2749 3616 208386352
3616 4038 670964114
4038 280 961973174
280 3468 391443372
3468 2943 47691396
2943 1294 268662110
1294 2731 551155256
2731 1310 493401481
1310 4929 812471752
4929 2874 714714005
2874 4985 130598439
4985 2367 619911523
2367 2048 868312624
2048 2833 187358748
2833 2908 670787382
2908 1484 390837869
1484 53 213509226
53 2930 356439598
2930 1214 565706616
1214 1358 85229797
1358 99 105761973
99 4636 663275182
4636 2267 358367824
2267 2977 557332902
2977 1116 122794078
1116 2879 883013060
2879 4030 160650645
4030 1656 370587790
1656 1385 433579138
1385 3115 789715129
3115 3790 222287246
3790 3754 635945636
3754 311 281125817
311 4633 180264128
4633 919 861578259
919 790 746729074
790 3237 114841967
3237 3608 734355855
3608 357 607562133
357 1891 591572063
1891 4953 898932184
4953 3801 428399409
3801 4650 467396152
4650 1946 351945861
1946 755 979932207
755 2351 103761502
2351 4598 868069412
4598 344 725776648
344 3197 197798604
3197 185 187805491
185 2752 591061358
2752 3275 996538056
3275 1933 957053965
1933 4678 407626191
4678 1114 427698796
1114 2863 822224918
2863 87 718290995
87 2181 321523363
2181 4757 299659450
4757 3951 506112092
3951 1111 424571343
1111 1331 42328106
1331 4468 412028625
4468 4570 222955167
4570 503 995745380
503 4884 46855044
4884 417 767204288
417 584 204866017
584 1761 801864088
1761 3809 887586127
3809 772 704427549
772 200 766295468
200 3028 242154830
3028 1219 321209861
1219 1216 296098545
1216 2276 61878871
2276 513 78900312
513 1379 164281116
1379 3928 772477211
3928 2868 402758407
2868 4202 273901791
4202 419 917556943
419 696 640481464
696 3289 509966387
3289 2988 557112324
2988 1673 843372200
1673 2301 294928129
2301 2853 493789069
2853 3041 344011145
3041 2954 867046698
2954 1253 695749570
1253 2223 879737559
2223 941 102393244
941 663 844294956
663 818 600901974
818 1961 365478080
1961 2310 57884017
2310 3174 285972523
3174 4582 972381450
4582 4694 566434204
4694 669 628494647
669 2459 990640243
2459 3736 271378310
3736 3410 678043151
3410 72 172881285
72 1432 538737693
1432 581 735171500
581 1812 488028337
1812 1363 78005119
1363 3876 156380534
3876 4745 927672508
4745 2283 465665241
2283 3493 401050817
3493 4491 140696735
4491 559 218004946
559 4852 741115474
4852 4779 572196176
4779 4951 673801219
4951 2611 370851098
2611 3827 666353977
3827 2512 846641750
2512 3323 823979400
3323 4986 944683667
4986 1069 235664761
1069 539 758948606
539 4015 7648526
4015 2340 122578557
2340 1326 913842407
1326 2783 543467364
2783 60 939943718
60 3905 425876102
3905 1417 256565873
1417 3500 756192338
3500 525 807940541
525 4459 611997034
4459 4006 975112427
4006 2950 210947827
2950 366 934288252
366 4607 222240928
4607 2350 932715783
2350 58 609061678
58 1944 407820944
1944 792 579187539
792 2382 470657420
2382 3380 235763499
3380 1568 993138039
1568 3910 784254822
3910 1974 800453554
1974 3119 579734793
3119 2050 302291281
2050 2337 936683487
2337 4275 59656956
4275 3136 54995201
3136 260 365356851
260 1942 241240547
1942 914 617423926
914 2937 74297955
2937 974 138666367
974 1213 107151879
1213 3969 100106532
3969 4641 540068766
4641 1347 26871362
1347 73 151126732
73 4560 411682043
4560 2420 468109737
2420 1228 826795077
1228 2912 743045117
2912 1510 61850414
1510 3392 51112249
3392 3004 331462539
3004 4307 25247419
4307 2312 233281619
2312 47 429845745
47 118 623974587
118 1153 487046661
1153 2859 198040827
2859 981 932076055
981 1914 866947133
1914 3039 614215841
3039 1783 382997042
1783 3484 248142390
3484 2376 553363329
2376 1551 185078345
1551 486 289328991
486 2966 102123906
2966 1695 524954848
1695 2767 845766389
2767 886 736094897
886 2528 824261008
2528 1196 45981158
1196 2838 942849273
2838 2635 906992220
2635 1439 885892189
1439 828 188991464
828 3588 52847350
3588 1670 570347459
1670 3559 61972704
3559 1052 489141056
1052 145 923233685
145 4813 836185897
4813 2751 941071181
2751 4748 793057620
4748 1929 544293454
1929 2762 121438446
2762 1101 120856869
1101 4328 252699498
4328 1361 686128936
1361 887 513375017
887 906 646720041
906 4439 330896057
4439 3265 91682225
3265 3800 83056826
3800 4243 367569841
4243 14 150414486
14 1199 843286793
1199 1047 148583196
1047 1756 222195941
1756 4199 266524822
4199 647 892181629
647 3488 450459031
3488 3080 279198158
3080 4819 420301646
4819 4103 530633091
4103 848 739252609
848 904 63364453
904 942 506138051
942 2385 4987472
2385 4438 916957696
4438 3031 545709965
3031 3911 709456350
3911 4321 462227702
4321 3067 530452081
3067 4507 647430234
4507 2275 232165314
2275 1382 270346918
1382 1498 521222463
1498 131 50244461
131 3084 44483568
3084 3489 255941579
3489 1193 245395136
1193 2536 248709600
2536 3106 698160305
3106 2077 454088230
2077 2184 311243507
2184 2282 788460883
2282 4203 206363225
4203 2541 195193818
2541 1672 885735220
1672 3669 568211242
3669 3187 272398996
3187 3069 550740085
3069 3052 37682457
3052 3321 627628033
3321 3898 285981326
3898 1949 314969083
1949 1021 615091430
1021 3825 711932272
3825 2047 566699021
2047 1746 576920479
1746 2108 717830652
2108 2204 861635838
2204 4611 863391137
4611 1486 880761673
1486 3891 88009809
3891 4173 307078238
4173 1536 703006446
1536 602 423035842
602 3916 694924781
3916 4037 268055904
4037 3263 497865152
3263 1957 63728320
1957 4580 893891481
4580 1936 264471427
1936 1555 32060551
1555 3504 735234989
3504 2068 437969718
2068 3742 419515576
3742 221 354552552
221 922 549082774
922 3318 647182261
3318 4699 940915145
4699 2990 165536448
2990 303 116531843
303 3023 887854051
3023 4484 433711937
4484 1421 763167441
1421 3679 622972678
3679 4567 219433646
4567 1150 65495399
1150 4558 51566629
4558 3966 793843013
3966 3396 152238613
3396 778 624411963
778 3401 280028416
3401 3866 751101477
3866 2604 219578588
2604 4900 398289334
4900 2789 191142871
2789 1678 727660864
1678 1856 15954299
1856 3853 570707878
3853 3877 852049661
3877 4882 656705107
4882 1907 864873465
1907 1895 562590396
1895 2404 269239826
2404 2129 693279353
2129 3793 556934822
3793 2152 618517599
2152 4787 38687506
4787 4367 466709220
4367 558 568932191
558 3938 223754871
3938 3548 365696801
3548 2034 31469827
2034 4918 343972597
4918 688 923984156
688 1032 119683932
1032 2800 736441078
2800 1351 479313350
1351 377 16925264
377 3327 864213200
3327 811 300156138
811 4041 14855828
4041 180 521485041
180 80 16806060
80 2234 626309167
2234 3773 297361367
3773 3682 210272524
3682 4638 840818448
4638 3729 760880028
3729 4350 545332033
4350 691 537607163
691 4289 157850280
4289 821 702646522
821 627 526392256
627 1879 218388310
1879 2980 676952148
2980 4111 390067366
4111 3505 900095977
3505 650 176098916
650 3538 675723688
3538 341 395565265
341 1434 654486452
1434 4777 665818509
4777 4940 331599823
4940 3340 630026845
3340 1186 286924415
1186 738 176693022
738 2798 166312326
2798 203 39819604
203 1333 469749926
1333 4073 401681682
4073 3662 318252473
3662 3937 787689483
3937 4725 742377415
4725 2233 889065649
2233 504 595113803
504 242 133143941
242 3821 374067958
3821 2426 785528296
2426 1855 597935657
1855 4016 779098939
4016 2850 641794706
2850 1088 855354179
1088 4869 571424644
4869 1969 98194979
1969 538 790603074
538 1993 140612301
1993 4262 553353986
4262 767 604708528
767 3639 514782748
3639 642 715723412
642 1691 254234167
1691 4269 417489192
4269 1544 657196703
1544 446 866321667
446 1874 292198566
1874 2274 178221310
2274 1335 684314917
1335 2899 186702259
2899 1064 824054211
1064 1548 946329994
1548 3139 40362579
3139 4094 511901198
4094 654 850910601
654 2579 53292420
2579 2348 346521968
2348 3770 790738333
3770 1136 414548113
1136 2437 865417422
2437 1938 329034884
1938 2890 536206994
2890 992 896731707
992 4126 313210577
4126 3948 973578995
3948 1286 460344503
1286 490 287830927
490 2288 724887744
2288 464 107995491
464 4380 809223310
4380 2564 772206087
2564 3022 473664162
3022 3622 419979560
3622 2875 675479665
2875 4161 158242464
4161 3880 944885307
3880 1132 735219818
1132 1176 450836699
1176 1473 1870277
1473 2434 112681370
2434 4467 709006836
4467 2311 435614251
2311 135 437708110
135 4449 930109727
4449 4516 106134651
4516 4394 40093480
4394 3629 307232211
3629 3225 169201213
3225 3986 898058489
3986 2188 28430711
2188 1149 437507885
1149 2377 373285187
2377 3063 67208178
3063 2596 158309828
2596 2895 151326975
2895 1818 482305320
1818 681 915454149
681 1636 97030385
1636 4474 115290091
4474 34 400635576
34 4848 994295495
4848 1880 95947786
1880 2743 710501530
2743 355 895653892
355 288 878818311
288 1388 626911730
1388 257 364411127
257 3830 277408680
3830 1887 141954966
1887 3583 830718570
3583 498 673389872
498 3756 409142543
3756 608 795944055
608 2971 51659731
2971 2197 111795010
2197 4842 369335603
4842 147 114219068
147 1489 675670210
1489 1201 340202611
1201 2628 254049583
2628 4476 824340630
4476 3183 63850971
3183 3381 856754381
3381 4565 704076271
4565 4054 330732164
4054 103 75548954
103 905 759975563
905 1681 756506886
1681 2030 80719303
2030 4409 808869545
4409 44 122246178
44 2384 102647257
2384 3811 625276137
3811 2342 109170943
2342 1532 92581525
1532 1575 326581177
1575 1198 620970718
1198 692 175501223
692 2585 921610770
2585 3185 274788435
3185 3623 241848295
3623 2472 491336838
2472 4947 673322040
4947 3527 114902433
3527 3824 827343057
3824 3861 656786536
3861 3822 710656320
3822 4403 370857418
4403 3037 8435580
3037 372 871060846
372 4772 696881107
4772 3694 132782104
3694 1107 479620953
1107 2634 589099499
2634 2804 151383805
2804 2400 558570804
2400 1488 460439031
1488 2730 355412836
2730 4510 251886366
4510 512 501994174
512 4139 104059230
4139 3415 866166040
3415 2994 776927534
2994 353 682186137
353 531 77685785
531 2493 151839562
2493 1675 290011511
1675 2416 818051992
2416 3150 207560650
3150 4684 379908016
4684 1161 778237984
1161 2993 453764603
2993 2748 382823200
2748 572 610849704
572 394 230543596
394 637 993535102
637 2167 943587507
2167 4742 120286871
4742 3888 658838905
3888 3309 973324871
3309 4035 744150308
4035 2606 465129037
2606 745 606347017
745 2812 842443211
2812 201 381682319
201 1948 45233004
1948 2359 679033857
2359 4428 482880444
4428 3918 48541184
3918 3837 793088858
3837 4422 675685244
4422 4832 149843383
4832 876 42385933
876 82 405515295
82 4814 966178158
4814 4413 913123836
4413 1405 281029759
1405 139 607842709
139 3841 282205339
3841 1376 113155390
1376 4936 668973256
4936 545 732247634
545 4672 660356357
4672 474 632542483
474 2710 940228698
2710 186 826977275
186 3076 310620861
3076 472 559515559
472 708 683549866
708 227 994110235
227 2846 317226101
2846 1622 101679451
1622 1389 89492431
1389 969 275780420
969 3425 792941066
3425 1164 858159212
1164 2704 152120015
2704 1203 726311601
1203 1742 990413121
1742 3082 957769446
3082 2822 22211970
2822 4125 569405535
4125 1897 50443742
1897 4790 409086637
4790 2721 731276673
2721 2006 779882725
2006 1630 649627979
1630 2739 587554377
2739 19 470535809
19 3464 429979754
3464 3647 41361639
3647 1005 440583044
1005 2463 294280181
2463 1808 658762306
1808 1250 877710701
1250 17 894905639
17 2518 142741170
2518 4956 593327742
4956 467 497554670
467 1327 201522143
1327 2898 816533138
2898 1791 993744907
1791 57 661533779
57 4205 358619004
4205 2290 258807500
2290 798 257909404
798 1503 468695015
1503 4758 110891691
4758 115 377047969
115 4493 24568992
4493 751 318232876
751 3521 85591580
3521 599 567427036
599 2566 625543020
2566 29 580138690
29 2021 134041118
2021 170 807690338
170 4315 125846881
4315 1983 405373832
1983 3680 504889914
3680 509 237625727
509 2052 613809915
2052 3012 230649023
3012 882 502942809
882 1726 173254560
1726 1733 563014564
1733 3762 235531563
3762 1572 461689266
1572 614 596053348
614 2593 267951263
2593 2520 402906094
2520 3264 302102798
3264 4533 1581025
4533 4265 60256417
4265 1200 163589188
1200 42 22216960
42 423 688531220
423 322 69839409
322 2336 368330724
2336 386 987368444
386 261 604495647
261 3551 993157278
3551 2009 900942857
2009 4655 797379710
4655 1750 846296565
1750 3886 846696542
3886 2168 669831266
2168 2221 225697696
2221 4626 678579610
4626 1452 953980379
1452 3458 841656488
3458 1904 939934673
1904 3141 364996178
3141 4639 720068761
4639 4032 972399403
4032 2540 811602166
2540 3269 691443544
3269 299 640662118
299 286 32533656
286 528 730851602
528 2423 902106039
2423 502 564487686
502 4355 56552166
4355 3883 730438598
3883 1089 382557759
1089 1493 130461313
1493 3599 21664894
3599 3101 455381536
3101 4304 539423403
4304 3610 933093215
3610 955 122490692
955 4301 463439707
4301 4669 130330695
4669 222 156560427
222 532 128096878
532 1752 946407062
1752 4526 824193032
4526 2939 823076268
2939 2121 621344123
2121 3520 564822450
3520 2599 187989219
2599 332 476285223
332 2145 232235242
2145 3780 127119113
3780 2741 16830003
2741 4208 842007352
4208 3935 129139597
3935 4587 97233656
4587 872 209531010
872 3299 765127972
3299 2737 136321188
2737 1325 163245732
1325 3181 416502516
3181 2649 706375558
2649 4312 655594889
4312 2786 510867344
2786 1321 432741341
1321 1665 421476536
1665 3611 737845918
3611 4683 920431891
4683 2766 904701302
2766 1257 282813774
1257 4980 574582832
4980 2533 426658777
2533 3301 667367623
3301 4931 853278965
4931 1233 596480510
1233 2693 593824365
2693 4950 860025902
4950 109 20548147
109 1621 98540073
1621 367 161083467
367 2215 613164254
2215 3366 229556698
3366 3979 76154228
3979 4670 197008754
4670 3871 944044557
3871 4191 398452618
4191 4960 299635764
4960 789 645346064
789 3494 631530308
3494 4710 998307329
4710 3344 581554452
3344 3579 928279715
3579 479 848453916
479 3691 970379231
3691 4286 376688775
4286 1919 572427758
1919 2055 871263855
2055 4069 811947978
4069 583 368187483
583 4434 288754440
4434 2537 879188664
2537 4946 302398535
4946 3887 676346139
3887 593 910395736
593 547 114443498
547 2944 219801245
2944 3854 308492500
3854 3826 751368709
3826 420 251370895
420 4490 741002199
4490 1393 48244643
1393 2527 182400163
2527 3593 898365833
3593 1043 457879141
1043 3431 47817627
3431 2369 880337329
2369 4226 97917552
4226 1764 833820750
1764 2104 598339675
2104 1710 61488002
1710 1848 23020937
1848 2246 492440193
2246 3335 97575131
3335 2456 105398829
2456 4110 243016565
4110 2257 504346541
2257 883 114144950
883 1507 493173028
1507 1964 172580203
1964 2529 509867426
2529 2107 131728831
2107 4175 792362745
4175 744 469717841
744 4864 767432543
4864 3496 34381684
3496 3398 799498303
3398 4349 676383388
4349 1017 396724735
1017 1638 323389471
1638 3124 995511322
3124 2567 99184557
2567 3132 589065200
3132 4292 82782269
4292 2061 105139293
2061 2582 277419406
2582 4718 648100703
4718 3171 368725913
3171 702 413698805
702 1776 799029365
1776 4663 952488888
4663 2041 516888632
2041 4327 718338722
4327 2648 743342738
2648 3984 139374387
3984 3960 408595212
3960 3478 947474233
3478 2987 257225306
2987 1601 240659877
1601 3685 509584351
3685 2031 802179740
2031 912 884978281
912 2019 171102901
2019 90 93663411
90 480 921925794
480 140 123899077
140 1474 38892531
1474 4177 682095769
4177 3630 230918582
3630 4661 751963203
4661 3693 769854223
3693 277 660061579
277 123 556823926
123 3751 567491680
3751 2271 413609528
2271 3518 819211382
3518 3426 496321335
3426 1794 534745030
1794 2122 576763082
2122 2514 691950475
2514 3947 257521709
3947 4811 879130511
4811 3994 45480011
3994 197 179222065
197 2280 822285139
2280 861 444986299
861 2241 872960150
2241 2088 844175625
2088 3414 601012160
3414 1566 404529432
1566 1893 198761690
1893 496 960984801
496 2127 316299952
2127 762 759842591
762 2797 198848836
2797 2286 147908720
2286 2321 115745948
2321 917 393654578
917 4610 283841869
4610 397 803889616
397 3763 294350622
3763 2948 234964030
2948 4714 467308798
4714 1218 211912732
1218 3055 856675023
3055 4052 636979271
4052 3163 522132469
3163 1235 434414553
1235 1628 911159023
1628 2963 70152096
2963 151 979078282
151 2425 691130130
2425 3843 868887345
3843 2059 97648695
2059 1767 209534905
1767 2305 354851280
2305 2143 578090389
2143 2509 24769889
2509 3328 166805339
3328 3229 746662366
3229 2683 730894063
2683 497 911925614
497 4057 586806734
4057 2249 65964537
2249 1229 369219024
1229 580 730896721
580 4554 257427739
4554 3953 181359590
3953 153 475323694
153 3481 78711743
3481 4556 14323892
4556 116 477536330
116 4241 143675472
4241 1078 650961142
1078 1739 521785602
1739 733 56627363
733 138 979133494
138 3462 374999990
3462 4288 10585843
4288 672 851631409
672 1837 773543494
1837 1048 831299746
1048 1453 571348991
1453 4014 34231579
4014 4130 888601331
4130 3248 229061112
3248 191 131221310
191 3143 874178871
3143 3155 393013797
3155 862 394643611
862 4759 740037141
4759 1654 344647376
1654 2268 701770619
2268 1110 295556133
1110 1414 658605753
1414 2392 9296862
2392 1283 771735070
1283 1372 331392300
1372 4899 811405959
4899 1281 967746742
1281 4492 933531505
4492 2856 886886975
2856 351 819298820
351 3350 669807690
3350 3499 94447977
3499 606 4461906
606 4451 886508613
4451 1090 861190550
1090 971 939609543
971 3864 240210282
3864 4613 217215688
4613 4404 188730054
4404 4078 213824023
4078 1482 602967130
1482 4992 54365460
4992 1344 61648061
1344 2684 770534542
2684 348 45789264
348 3133 38655344
3133 4141 801997596
4141 220 622141130
220 4647 413788996
4647 4115 238260849
4115 3524 902127949
3524 3352 836219614
3352 3578 11632922
3578 2126 333881646
2126 895 230097349
895 1718 242567394
1718 3813 383592493
3813 3607 113154632
3607 3522 50718563
3522 2517 212427697
2517 780 972649434
780 2169 451367417
2169 1730 988338632
1730 4792 439610720
4792 2386 84763238
2386 1 350227846
1 709 76167298
709 724 3612330
724 1087 492635865
1087 633 514695564
633 3343 992175437
3343 765 140986262
765 4146 524806094
4146 4679 368601177
4679 4999 329725890
4999 4266 203712068
4266 2617 312805372
2617 4711 432625985
4711 1932 887970780
1932 3169 880910445
3169 1191 595717720
1191 2259 440213423
2259 4009 941283474
4009 2627 120385059
2627 3765 239999972
3765 3782 489481481
3782 4254 863578561
4254 395 961918077
395 939 569159065
939 112 668591300
112 326 465410079
326 4143 799203227
4143 4984 239954628
4984 3541 181921172
3541 596 632848825
596 4232 982132872
4232 1945 265827598
1945 832 649390215
832 373 840211837
373 3199 945324398
3199 4788 204769216
4788 1301 707299686
1301 501 176311264
501 2735 367407186
2735 1040 649036310
1040 23 491702191
23 3109 15430937
3109 4230 989617252
4230 4906 591609995
4906 2711 324829797
2711 1850 494410467
1850 3259 956999240
3259 381 325532876
381 990 614696417
990 4935 690279062
4935 3683 236499818
3683 3332 889258649
3332 379 510897233
379 803 196497310
803 4273 585840539
4273 4364 352599376
4364 3376 396250790
3376 4798 3778802
4798 385 506445776
385 4219 689415163
4219 3568 483005654
3568 487 308138389
487 2327 991827052
2327 4995 645875053
4995 3433 468638356
3433 3914 621026904
3914 3842 822796714
3842 4326 47672098
4326 984 693544048
984 1861 465702567
1861 4239 923856989
4239 4299 319542185
4299 2650 54953557
2650 2134 911713269
2134 1495 834136589
1495 1581 427061791
1581 4916 743402138
4916 3989 241324135
3989 329 340303485
329 3924 3006867
3924 4351 219368465
4351 3560 983682589
3560 1338 233783188
1338 1580 128230299
1580 3474 221834368
3474 4362 394946645
4362 4444 877038175
4444 1523 324769761
1523 816 767026560
816 2799 631106253
2799 3161 782240134
3161 3363 639056240
3363 3297 699005602
3297 4858 132706538
4858 4707 871615940
4707 2316 998130242
2316 638 753619052
638 364 816671033
364 1146 811535960
1146 824 890206171
824 4256 526674218
4256 994 557283590
994 2444 672486801
2444 1824 788026141
1824 4245 762627600
4245 4317 807585684
4317 2678 320905736
2678 2273 161356360
2273 2740 29228180
2740 4012 765256462
4012 218 438026933
218 3776 928871397
3776 3673 519218015
3673 1093 28539328
1093 3892 657348894
3892 108 497505150
108 3978 189538973
3978 2161 5443492
2161 3348 798498444
3348 3112 870194488
3112 3144 752378386
3144 3664 231949593
3664 4431 1088842
4431 3211 780274142
3211 2226 908906721
2226 1077 978514904
1077 3271 603580322
3271 1996 745561495
1996 1272 224678942
1272 4061 884113843
4061 4854 104381250
4854 1015 50199903
1015 3752 275114423
3752 2729 919613516
2729 2956 941143536
2956 4924 550971993
4924 2254 948412273
2254 3130 831648378
3130 122 481882243
122 1888 452057653
1888 4076 407142681
4076 4348 303277766
4348 3649 161489576
3649 2992 925815345
2992 4098 137278943
4098 1650 418829524
1650 4971 340260942
4971 1878 674321622
1878 97 127942634
97 1082 86075317
1082 3596 681655245
3596 3512 853210356
3512 1262 283089304
1262 3379 699261896
3379 2597 414969887
2597 965 122719587
965 4209 664421912
4209 722 736052693
722 1757 27715842
1757 3210 183202953
3210 1522 334987744
1522 4129 722317559
4129 3195 99691607
3195 1357 617188341
1357 2196 288416814
2196 2780 20020726
2780 2139 310240068
2139 705 924974348
705 3656 824739468
3656 2136 791053216
2136 3266 510995276
3266 447 257850944
447 1209 26714404
1209 4888 28178762
4888 3991 666476456
3991 3168 469010046
3168 4704 830768704
4704 4715 282163952
4715 4160 195308198
4160 2325 981098450
2325 3767 539959705
3767 4522 825723880
4522 1900 902884744
1900 2577 553985042
2577 3613 37820287
3613 287 169720722
287 273 90598979
273 2298 251081079
2298 4042 868644524
4042 2891 694497573
2891 4377 928365183
4377 1255 645657986
1255 3147 3879921
3147 670 307233932
670 2272 702791941
2272 2785 652621492
2785 3218 902057183
3218 4452 669817923
4452 879 923940137
879 178 128698586
178 683 855168717
683 4625 422956149
4625 2497 308871410
2497 2328 809853032
2328 956 729245969
956 255 405572870
255 2387 346533071
2387 3278 753065491
3278 3103 992636680
3103 1095 135017143
1095 2722 762900683
2722 2552 107680907
2552 2848 230452679
2848 2938 548018381
2938 719 768145617
719 1348 67113740
1348 413 465214553
413 754 954498807
754 4200 16854648
4200 4398 191317760
4398 4824 194346409
4824 2935 380682858
2935 2702 253441965
2702 4713 281634912
4713 4998 185490604
4998 4559 832474718
4559 1349 55154970
1349 1180 94059282
1180 3249 973873510
3249 1520 164033502
1520 2089 330657124
2089 3085 857133278
3085 3517 683937216
3517 3374 797424629
3374 1608 586586499
1608 4723 149135269
4723 2901 847639313
2901 1211 934738132
1211 3200 589204804
3200 3907 492741364
3907 3904 180003248
3904 1615 476224812
1615 4084 456978890
4084 4703 621958945
4703 470 638233377
470 4487 175716184
4487 4664 755497998
4664 1607 135111630
1607 3516 235710808
3516 776 381628974
776 1381 774181158
1381 3292 634958000
3292 1832 581391777
1832 3719 102465015
3719 505 85216475
505 2876 911834274
2876 2492 11951762
2492 340 252212856
340 1304 353774811
1304 2436 400538400
2436 2699 526286599
2699 1867 993745558
1867 3243 906368726
3243 68 896452899
68 1303 450517140
1303 100 135059477
100 4508 76438641
4508 3566 764211865
3566 164 366532748
164 4927 483991619
4927 3902 330017140
3902 3209 328421063
3209 3817 334873623
3817 4939 12085150
4939 45 510175526
45 4954 715275543
4954 567 403312938
567 1786 336700837
1786 3287 174264729
3287 2644 319109989
2644 3638 127693265
3638 1647 226122993
1647 1160 100411191
1160 546 363895251
546 2116 690501714
2116 4218 497261934
4218 196 740423116
196 2422 953584766
2422 3291 414868195
3291 519 225812198
519 1512 41370036
1512 4356 590130592
4356 2396 653659130
2396 4260 326365647
4260 458 715248136
458 3897 954363476
3897 2339 826800552
2339 3981 703649334
3981 3783 770710955
3783 3002 845620820
3002 1889 341524502
1889 452 46973205
