389988015
280892470
878681298
761671395
603339799
3829127560
4343128674
6055844678
3984237421
5877818043
7593363709
6018482938
6192129514
6616327802
5015436954
5572035779
5194056001
5380403794
6941784782
5017987267
6172827972
4040633256
6114003768
8143368090
6879686688
6794639892
6176456244
5371416447
3229947666
1986933695
6059887408
4099428269
5716051705
5436058451
6176849627
3707582454
3577570553
2276085492
7875168433
7687587863
3056877514
4681829859
3906614693
2280054867
4438281223
6610963795
1874139845
5741384333
6426568948
7210148685
3529884223
7080974623
3020089785
6064784465
5484114961
4741746335
4419723291
5887184191
4982454583
4806833352
5090547817
6035743920
5123211555
6257574250
2986422233
4661136895
3670572221
4243611631
6541315223
8765872698
6542637935
3656713453
4333060201
6824478994
2281866691
6600038588
5293000909
6711798730
4046084558
4980694803
7346816845
5536808204
6387821779
2661751013
6121223173
4218955138
5174135714
4040369049
5792304608
6680380049
8177613781
3412073076
4368063579
4619959424
3677785350
1336589588
5264927630
3802979446
4891043640
5966346513
5634043796
3777611753
4637623107
4852639550
4679528637
5455425247
6129573402
4434835205
6584303317
4713812301
3373143079
4093391267
3770937211
5214553117
3853288959
5901044495
4083145905
5937119590
5437130959
5035394062
4792853872
4872404881
3497653559
4162698597
7486772444
5323383917
3543397283
5236182577
3149258233
6307187462
5574719484
6667950676
3268119480
3603890598
5650912872
4124007252
5134239375
3654963540
2688046383
3534244705
6356231385
6124587385
5786100177
4881550178
3726353066
7905641123
6544461812
3947340303
4960061307
6461181239
6359645584
3556796821
3289909346
4831514538
6548299734
5511896156
5112313809
6001287429
5736810552
5039380885
5165318624
6592929263
4425597549
5533050065
5218420560
3774055619
3221048031
5662271606
6367271346
7139748648
2941045638
4232536457
5457072389
4556614267
5434931472
2239076298
9074717326
7270280744
4888887790
2084768332
7775349759
7334035856
3676371821
6477159675
7182876443
1869055531
6747251340
8344539522
5457011766
5454371358
4330143477
4675514157
5465497446
3901908779
5374276453
3674029726
4787140343
2462652120
5427959748
5932309968
3496594306
8033246155
5087462582
6495177676
7539326439
6990582884
6748495304
5421497880
5784462863
5112489514
6816548022
3922264447
4226785487
5422961042
7620279849
8416447615
8799372971
6738850092
4348448756
4610635345
6099104785
5069608134
6346321025
4804610150
9424213986
6939781160
3633573211
6148286198
4536154043
5485167036
3203003819
4035354486
4918198018
2860608082
5597040967
7839693395
6827977893
3930237863
2737523394
5134732049
5494256583
5359211828
4215484755
3552750961
6526161235
3480400838
5689352368
6153630428
6235618972
5410426359
3196483109
5143856601
5147327597
4535528983
6054000770
3109045996
4235503302
4920656603
3384674273
4947485100
3430721186
2655028964
4656034602
6281025363
5159480415
7836047043
7101335544
5760680276
6968841298
8010718216
4765579019
5637504240
5611986972
6779689978
5613961663
7167577204
4886374954
3710991691
6316344501
4342711591
4721204879
6117703305
4750555890
3929708673
4115206104
4913961379
7664136205
4496683829
3853044551
4271506036
2412597685
5227276018
3894815959
2389899887
5743616088
4110870219
2370656627
2737314524
5923184028
7511445609
5255155183
5793431317
5536895861
4625473765
7110499835
4322484086
5196139959
6301066183
2331285791
5835099238
5285586629
6851016690
4811862634
6318109656
4419112036
7219343382
8211283539
4055761640
5609013970
4956051292
3360807811
4504966410
4512307133
5010765361
7639063408
6887651350
4199618863
5579863871
4198667740
3797111749
3005189846
4355072811
4947201451
8213961710
6986862427
5676649532
3741181952
6924840760
5512903772
6274592914
6170762518
6388148993
3997257591
4273125481
4533811503
7117658257
8943789312
5767170857
5527350047
5927767678
4816491018
4566242579
7289002868
5293201808
4402364578
4291095418
4570423731
6564723518
7486831736
7874988390
2927529825
2418649959
4731564841
5394250263
6026811486
3496296090
4265096215
5857850481
7845830158
5822942474
5073897446
3725887712
4662534762
2772563522
7389932602
2287369889
7551231613
5328940977
6761463485
2518493958
2257443710
5020407478
3348392381
5652093776
6203428543
6288612691
6469194401
7781653867
1753485740
3331057578
5972639437
8435945295
4159823988
7070905090
3156848691
1051059457
4370268681
4776294207
5393830078
5286981300
6213709799
2092427464
5458928973
7485107258
5007731239
3402465127
6197577353
4877067640
4121810993
6696381915
6019018675
7052446864
7189729639
3759000930
4267857455
5769489758
4650093872
4942808127
3965555331
6203107465
5769406681
5064817202
5520612874
2970751074
5543487913
5678450950
6793674243
4516255418
4603996923
5248483469
3763317635
6601545333
4531297672
6992106706
4407079586
5060059461
3031701889
2517855448
5530909032
3968207869
5543512675
4477382917
5574869175
4145141305
5728126135
5641813916
6025110398
3691840342
4994360856
6278868467
4205042694
6271459421
3667856674
4563079913
2716450187
3629819365
4647177556
5949576942
3348024259
5084594753
4091205454
5752081095
6119336950
4481396038
6965269366
5168212079
4214699964
6281655914
6103022760
8416019645
6268044976
5531051102
4863091742
5698659567
4229561030
4067953024
5457569563
5156726233
6070519362
7101549382
5119031736
3927647417
7895088402
4800965740
6204562760
6712793778
5389745318
4775151889
5374355787
4853564477
7865985984
5323606852
4260251156
5249298251
6048659588
5399265395
5236270053
4828219611
3535003876
5032257184
2808372111
3869347729
5127678697
5628043065
4471873913
5193431419
6389778247
5127039924
4700562129
3345625823
5915636698
9569179987
2335841009
6725473584
5263641373
5635171574
4084660690
6496307291
6237756782
7029198721
4616743921
7899224944
6092227754
3965665038
4831390930
3204318985
2866693066
6814250118
2564470268
4585057389
5117883111
1904318443
3634932853
5612109700
5211425024
5162569690
3097970425
5609860148
4853939829
6364224845
6548691718
6345538691
4284748404
3751310193
2246850600
5715532254
6117048576
6083354099
4745914778
2474751922
4408665553
3136029239
7355836966
5368498968
6163004549
4644685348
3391486951
3049664420
3926020001
4771835598
4759957114
4355890055
8291468356
2569179096
6233681535
4621601304
4796739605
3601839103
3482842923
6451696076
5360894151
4240047456
2878361995
4229649692
5109534802
2490921226
4195955214
5447267538
4568131987
4830359516
5037767818
4427639248
7440501910
3893565484
1234854701
2870351382
4925866048
5997736163
5472154405
7100656168
5367906663
5874075151
2130189460
4763448886
5651252045
3512942114
2840714129
4051936376
9586327763
3712059788
3923075452
6147660056
1993992952
5138750480
6302130048
6537323447
4098763432
6053375815
5412504916
3003426571
5387954637
5434490183
3738576160
3558858326
6130707727
3753921743
3743591008
4012174827
4769177194
2493168074
6198341897
5333581978
6388778216
7145975340
4595086063
3275350740
4252139369
4239762487
4116249069
4013950364
5363463934
6986692003
7375400093
5355436582
4814217715
6786481682
6734754346
5051962275
3879489674
3391352354
4545793378
4468613663
4824806667
5781366071
3004608319
1697519647
6350958723
5006884023
2441527837
3174691894
5352890922
5399513727
3513466987
7258556749
6542245611
5083859317
4207232866
6604040033
4472761823
6832990351
4489038533
7002599846
5832969438
4264562601
3717595971
3388168744
2605086025
3409260380
2698482540
4948412305
3419467590
3455786111
3614516211
3537864986
3610484243
6179897133
4723243886
4969155300
3793789396
5080809100
3730847009
5233912223
5425218135
5769277372
4333950310
2887775264
6144925342
6149822013
4780777277
5320995287
5616664560
5506884231
7592239445
4536463926
4626590120
7161487327
7251463358
4439752708
5696190722
4310076350
4076548809
3803502999
3643481816
4843839506
7592293739
5006277958
4306217626
5169183158
6292697964
4885785489
6919482158
4343579539
3686033120
2139699225
4482220240
4161661580
3791570650
3099530725
4913725454
2789658033
5160272855
3925187138
7190014062
3918433305
7622742002
4216277294
4003035299
6519673695
4066732811
5674557052
4538036252
4394424940
3585050893
6307520089
5893176984
4991472027
4094144517
4594743509
8429860829
5212113002
7896285032
3423234433
3527974309
6408322163
5347002402
5136327138
5655526011
6272622357
4613714485
6744082734
8124098145
4316152610
3439747191
4573001147
7520312521
5003873658
4543351937
5006761114
4160214914
5899372102
6730750115
4336857593
5962975536
6277154741
7314634587
6526700508
6892710726
4507807281
7118668524
6192123241
4653626958
6177143101
3359100400
4114910802
4987749134
4021648476
4650227531
3586899592
6658012496
6087620406
4867804409
6770037065
6113474493
4033676424
2632727122
5885122241
6989809049
4542566986
7109260277
6224965848
4777861951
3674333476
7471493856
4997700273
7522255968
5629234203
2394381147
6417887591
5098397992
5260669126
7524696337
6089032028
4461782461
3370688605
3992083492
7366917728
4784086952
4533577274
4391452083
5177711653
4106996328
5048250114
2539945301
6827561939
5001958597
3294040554
7376413142
8331792681
4365529046
4356261654
4714316634
3813663799
4957810203
7706599091
3523625307
6471222143
5975037607
4386658441
5307012616
4795374653
6325389652
6598840344
4600567156
3556457802
5587784742
5454792652
1855556108
4442161408
6829114004
7763416990
5246031758
4656536410
4894615456
3198382482
4178081254
6452589173
5922222632
8134650138
6051475776
3829669411
6261271308
3663183838
5357968829
5828932266
6542559437
5516238096
4378681432
5039250167
5075203734
6260344208
6957751091
5060979324
5132354352
3539664918
5170201736
5317901425
7373057187
2896734437
6033826385
3510458388
7226480901
4136431857
3039730383
5916432658
3969032541
3606795387
5228225216
5442389585
5035345165
6335417058
6437867292
4357210330
4005473956
5981893794
4974445804
6198839180
3062963705
2516771962
4240179929
4392830871
7603329060
1721255362
4568388492
4735437777
7259908749
6628029142
5046935122
3304164595
2092282176
6563208772
4715016286
4924461012
4928599207
5780762468
3939275226
6047231294
8554460970
4563916051
6263487014
7939176030
5447525479
7000948272
4548788739
5558552068
6554800597
4094677083
5310345464
7028974670
4453648159
4757290950
7266162887
7256591399
2159083538
8501408099
5571082826
4114436887
4783485472
6738091056
4915861143
6793600077
6591222695
6203870851
5260694133
6286200905
6487840088
3763655618
5720457151
3443631394
5270263980
3120258341
5245452191
6804758232
4220247358
4058364514
4095038965
4042328530
4536070208
8501056264
2625803894
6150175801
6010984397
4536325689
4071979334
4243521778
4250853273
4896113962
4412842256
5477277831
6374442660
5642130757
2659880300
5591862348
4185930687
7039761613
4977515818
4274937177
6999757640
5016808529
7826279996
3215053766
5024353610
3530367650
5326266113
5512310571
4847055603
7864837530
4036746964
4536034595
6383829396
5049483668
6024029563
8867329599
3296738612
7281559945
6018967813
2985538794
2842559723
5325300902
5328893194
5754132213
5422537224
1500202269
6431203244
4897680823
4812740195
529585984
5808309026
6214334838
3970454730
4045559997
