1000
2 1
3 1
4 3
5 2
6 5
7 6
8 2
9 3
10 6
11 7
12 8
13 8
14 10
15 10
16 10
17 10
18 10
19 6
20 17
21 18
22 12
23 2
24 11
25 18
26 2
27 26
28 12
29 25
30 20
31 4
32 5
33 19
34 13
35 15
36 23
37 31
38 36
39 31
40 11
41 10
42 27
43 38
44 17
45 13
46 45
47 41
48 8
49 11
50 2
51 6
52 32
53 46
54 6
55 4
56 44
57 18
58 35
59 39
60 26
61 49
62 43
63 21
64 58
65 64
66 20
67 16
68 56
69 38
70 63
71 64
72 55
73 20
74 1
75 23
76 3
77 49
78 18
79 51
80 22
81 31
82 15
83 2
84 52
85 62
86 35
87 25
88 9
89 31
90 69
91 66
92 15
93 40
94 77
95 5
96 30
97 86
98 56
99 24
100 23
101 14
102 83
103 76
104 84
105 16
106 15
107 93
108 103
109 37
110 46
111 13
112 111
113 48
114 53
115 63
116 5
117 83
118 91
119 115
120 80
121 19
122 91
123 80
124 100
125 58
126 65
127 55
128 3
129 59
130 122
131 130
132 88
133 83
134 8
135 126
136 29
137 102
138 124
139 107
140 15
141 87
142 104
143 77
144 136
145 117
146 18
147 4
148 41
149 98
150 112
151 133
152 25
153 69
154 23
155 83
156 145
157 3
158 5
159 98
160 48
161 121
162 80
163 90
164 1
165 53
166 22
167 94
168 52
169 126
170 124
171 130
172 51
173 53
174 28
175 76
176 79
177 37
178 54
179 118
180 144
181 66
182 13
183 82
184 108
185 125
186 132
187 160
188 72
189 103
190 119
191 126
192 96
193 87
194 134
195 187
196 102
197 180
198 22
199 13
200 57
201 40
202 80
203 112
204 43
205 62
206 72
207 150
208 132
209 154
210 52
211 138
212 196
213 162
214 94
215 193
216 155
217 27
218 58
219 160
220 57
221 74
222 57
223 213
224 209
225 29
226 155
227 171
228 227
229 140
230 156
231 93
232 35
233 220
234 216
235 20
236 159
237 205
238 146
239 70
240 175
241 187
242 79
243 91
244 223
245 176
246 53
247 221
248 136
249 175
250 66
251 12
252 77
253 124
254 36
255 182
256 91
257 147
258 45
259 143
260 218
261 154
262 171
263 101
264 152
265 226
266 258
267 84
268 51
269 92
270 56
271 98
272 223
273 32
274 224
275 225
276 121
277 131
278 76
279 133
280 257
281 34
282 5
283 25
284 219
285 213
286 100
287 16
288 135
289 97
290 287
291 254
292 265
293 164
294 172
295 261
296 180
297 67
298 90
299 96
300 110
301 258
302 141
303 180
304 280
305 1
306 276
307 173
308 190
309 279
310 118
311 93
312 2
313 210
314 233
315 105
316 153
317 142
318 221
319 91
320 65
321 111
322 294
323 11
324 227
325 179
326 61
327 302
328 76
329 277
330 177
331 291
332 182
333 259
334 70
335 254
336 102
337 262
338 189
339 32
340 193
341 299
342 31
343 86
344 231
345 32
346 61
347 299
348 122
349 205
350 123
351 106
352 132
353 165
354 107
355 307
356 123
357 272
358 110
359 263
360 326
361 1
362 342
363 48
364 158
365 39
366 214
367 1
368 341
369 167
370 228
371 243
372 350
373 297
374 246
375 34
376 155
377 373
378 26
379 49
380 190
381 340
382 40
383 360
384 215
385 107
386 212
387 100
388 310
389 125
390 287
391 128
392 184
393 72
394 221
395 157
396 335
397 190
398 363
399 251
400 393
401 333
402 277
403 119
404 271
405 396
406 183
407 304
408 197
409 279
410 199
411 361
412 362
413 89
414 134
415 52
416 336
417 41
418 316
419 125
420 230
421 152
422 52
423 164
424 30
425 152
426 141
427 374
428 87
429 104
430 179
431 7
432 298
433 158
434 341
435 61
436 313
437 284
438 128
439 360
440 162
441 176
442 318
443 408
444 422
445 238
446 330
447 159
448 233
449 71
450 82
451 50
452 166
453 135
454 44
455 139
456 312
457 299
458 162
459 394
460 102
461 229
462 172
463 274
464 158
465 451
466 400
467 252
468 23
469 406
470 143
471 15
472 411
473 46
474 176
475 335
476 140
477 354
478 41
479 459
480 66
481 78
482 228
483 377
484 389
485 64
486 476
487 100
488 227
489 207
490 131
491 489
492 462
493 429
494 176
495 66
496 86
497 117
498 54
499 337
500 238
501 452
502 375
503 120
504 319
505 3
506 439
507 229
508 91
509 452
510 16
511 252
512 317
513 452
514 301
515 103
516 512
517 86
518 511
519 257
520 437
521 118
522 329
523 12
524 285
525 220
526 192
527 173
528 178
529 202
530 131
531 521
532 226
533 399
534 72
535 37
536 216
537 238
538 27
539 281
540 210
541 322
542 74
543 95
544 68
545 531
546 55
547 401
548 34
549 541
550 115
551 207
552 197
553 503
554 24
555 50
556 416
557 367
558 168
559 183
560 130
561 363
562 429
563 32
564 433
565 235
566 262
567 285
568 169
569 350
570 17
571 101
572 193
573 39
574 196
575 300
576 519
577 33
578 263
579 485
580 434
581 256
582 303
583 537
584 384
585 506
586 117
587 452
588 484
589 348
590 96
591 114
592 195
593 33
594 143
595 45
596 149
597 217
598 452
599 356
600 358
601 309
602 25
603 49
604 281
605 183
606 95
607 546
608 104
609 472
610 214
611 549
612 78
613 453
614 578
615 576
616 106
617 254
618 95
619 179
620 108
621 324
622 140
623 481
624 350
625 83
626 448
627 623
628 23
629 483
630 19
631 325
632 130
633 250
634 228
635 365
636 370
637 570
638 28
639 404
640 513
641 287
642 528
643 508
644 212
645 459
646 526
647 509
648 486
649 317
650 281
651 324
652 483
653 480
654 68
655 547
656 197
657 216
658 44
659 563
660 558
661 99
662 603
663 410
664 111
665 413
666 13
667 660
668 588
669 420
670 331
671 449
672 255
673 285
674 107
675 190
676 87
677 50
678 610
679 93
680 70
681 30
682 552
683 608
684 142
685 490
686 581
687 587
688 570
689 314
690 88
691 150
692 188
693 279
694 294
695 238
696 388
697 6
698 492
699 102
700 179
701 545
702 111
703 252
704 493
705 700
706 549
707 198
708 658
709 371
710 677
711 187
712 245
713 409
714 251
715 120
716 452
717 216
718 230
719 269
720 605
721 144
722 697
723 505
724 131
725 501
726 73
727 180
728 498
729 693
730 127
731 329
732 351
733 61
734 313
735 674
736 591
737 483
738 586
739 600
740 498
741 172
742 615
743 479
744 638
745 431
746 497
747 624
748 635
749 69
750 727
751 34
752 12
753 498
754 214
755 195
756 183
757 28
758 205
759 263
760 428
761 74
762 258
763 35
764 550
765 472
766 228
767 316
768 373
769 762
770 582
771 234
772 64
773 530
774 361
775 462
776 524
777 294
778 565
779 461
780 460
781 585
782 247
783 703
784 39
785 520
786 181
787 50
788 507
789 335
790 509
791 550
792 627
793 254
794 564
795 628
796 4
797 71
798 265
799 102
800 472
801 105
802 197
803 655
804 398
805 225
806 95
807 103
808 437
809 527
810 462
811 405
812 383
813 703
814 724
815 143
816 783
817 138
818 86
819 647
820 226
821 84
822 253
823 27
824 643
825 527
826 630
827 101
828 37
829 560
830 71
831 743
832 195
833 24
834 68
835 592
836 640
837 358
838 739
839 651
840 566
841 594
842 23
843 332
844 563
845 389
846 519
847 831
848 556
849 384
850 706
851 561
852 104
853 186
854 320
855 201
856 756
857 590
858 340
859 370
860 502
861 332
862 855
863 2
864 200
865 15
866 61
867 145
868 792
869 603
870 111
871 583
872 385
873 344
874 580
875 815
876 743
877 770
878 758
879 697
880 471
881 258
882 649
883 5
884 118
885 685
886 241
887 16
888 720
889 196
890 245
891 354
892 713
893 776
894 441
895 414
896 499
897 342
898 128
899 486
900 421
901 654
902 285
903 764
904 847
905 63
906 429
907 141
908 753
909 630
910 120
911 10
912 326
913 664
914 439
915 242
916 819
917 137
918 689
919 173
920 552
921 711
922 275
923 252
924 397
925 506
926 451
927 748
928 778
929 725
930 29
931 592
932 211
933 885
934 59
935 773
936 288
937 249
938 879
939 826
940 641
941 409
942 913
943 14
944 95
945 122
946 246
947 381
948 611
949 530
950 421
951 894
952 93
953 129
954 594
955 361
956 850
957 284
958 166
959 309
960 571
961 949
962 956
963 781
964 17
965 174
966 276
967 630
968 22
969 260
970 523
971 31
972 472
973 891
974 930
975 377
976 85
977 737
978 465
979 533
980 864
981 952
982 89
983 696
984 328
985 816
986 251
987 780
988 752
989 821
990 391
991 714
992 69
993 572
994 294
995 134
996 392
997 731
998 323
999 470
1000 855
100
100
618 177 600 258 205 110 412 250 787 792 709 363 484 957 248 798 206 918 238 128 318 427 627 512 504 679 982 119 698 81 181 479 935 549 335 672 367 18 767 616 361 808 723 760 424 522 325 976 933 967 334 269 495 859 236 676 865 526 543 547 683 882 467 476 356 218 141 572 666 368 496 917 533 473 404 963 811 609 977 9 531 350 633 346 336 57 201 571 498 435 763 695 817 251 818 563 765 628 83 784 
100
196 122 948 869 603 386 3 678 33 377 654 367 707 208 178 204 270 543 69 47 990 891 373 642 344 125 776 854 583 509 397 771 813 135 403 249 855 381 505 758 639 221 366 105 436 516 426 279 580 595 884 372 957 706 189 437 289 890 844 395 664 159 812 929 34 741 852 858 725 317 541 691 209 283 960 246 145 195 355 838 1000 482 811 840 831 561 820 792 888 786 329 418 71 916 84 462 925 223 732 451 
100
199 865 863 10 847 635 728 317 537 398 674 63 1 586 118 157 899 567 777 430 603 901 618 983 438 738 594 624 770 421 719 895 924 464 619 472 634 908 809 89 457 954 839 767 394 166 450 281 592 945 180 748 882 130 549 785 60 837 511 548 961 359 151 365 564 449 769 560 995 730 201 595 322 348 314 354 37 670 889 685 307 490 436 807 361 725 903 824 766 371 697 18 712 498 364 356 741 17 489 854 
100
11 16 955 188 64 698 403 837 481 849 373 558 577 964 346 1 718 351 841 935 244 901 485 768 246 8 155 533 553 928 660 347 136 46 378 108 392 931 617 313 836 452 296 310 458 264 122 814 557 924 872 905 116 591 713 243 187 2 37 71 673 99 318 834 890 128 638 422 250 267 744 930 76 343 113 181 497 959 197 269 895 896 574 691 908 433 491 978 118 881 69 107 394 110 725 488 927 67 416 312 
100
111 24 901 942 4 134 865 550 614 835 70 471 739 829 164 167 971 59 322 122 822 820 568 990 907 135 248 249 934 760 960 435 86 714 95 559 255 49 184 483 398 985 946 142 805 572 14 370 383 259 536 727 523 632 912 46 208 718 595 562 713 22 863 551 910 418 719 635 900 324 72 514 339 31 840 351 615 970 394 737 308 501 927 799 475 352 876 842 566 673 824 619 668 282 924 353 127 759 850 834 
100
241 329 525 344 71 92 852 907 654 931 771 576 110 546 438 926 286 485 658 853 186 393 426 880 188 561 392 397 850 645 956 483 871 170 603 692 892 543 434 903 739 940 958 964 763 206 388 216 77 911 444 114 555 492 215 549 168 294 78 979 884 541 263 616 812 845 740 423 833 932 542 844 829 52 761 913 751 28 121 260 553 171 949 969 552 368 724 963 781 514 728 376 115 169 316 902 609 933 866 627 
100
554 484 677 330 508 468 921 343 950 259 359 170 984 239 927 395 169 320 483 965 907 89 541 818 896 666 781 234 502 289 764 619 581 614 673 526 428 603 472 730 532 654 851 674 573 465 181 688 248 974 499 274 804 607 916 997 493 363 632 114 487 386 42 574 814 369 142 161 119 39 245 383 256 799 620 450 382 663 177 403 446 638 24 991 354 404 131 872 903 935 361 977 349 787 126 414 809 867 827 691 
100
975 100 27 774 343 181 469 265 250 131 289 165 937 619 442 166 396 161 590 730 760 507 729 55 567 871 830 97 648 578 824 868 883 256 407 299 912 184 738 685 991 16 969 3 599 182 385 200 936 723 547 10 344 988 535 757 296 902 443 59 927 174 267 410 917 815 739 94 154 21 787 953 759 258 346 749 270 808 221 582 73 801 989 363 249 89 821 460 36 608 444 947 600 696 449 178 213 891 1 231 
100
591 412 461 821 715 793 407 401 988 484 566 930 290 698 133 943 3 150 708 634 666 317 779 394 446 728 227 589 595 883 969 889 68 608 61 346 106 949 846 571 834 652 289 555 268 786 393 450 772 882 153 597 527 301 171 417 270 451 774 361 311 357 261 928 734 747 65 434 951 892 739 349 540 293 413 181 143 992 718 829 307 536 46 218 495 792 315 650 367 948 682 968 327 547 4 335 528 696 750 802 
100
713 887 224 983 234 158 621 187 637 876 1 352 634 708 673 249 483 362 469 694 449 226 779 501 707 448 668 114 12 727 360 630 416 650 425 995 554 991 495 358 882 792 48 238 462 580 317 574 286 259 429 556 316 617 348 364 955 862 171 696 1000 367 803 143 202 333 57 783 479 163 180 688 492 136 52 625 896 165 3 547 590 725 355 132 717 538 913 295 359 905 778 169 292 167 773 370 552 116 86 910 
100
188 689 594 577 753 50 267 81 238 982 837 121 550 7 506 801 24 471 151 19 595 767 864 200 998 822 5 36 23 807 885 279 627 374 386 85 838 868 636 497 179 393 923 253 13 98 607 909 71 91 339 597 937 46 938 791 780 908 72 738 936 996 435 736 76 818 379 678 850 464 929 196 637 692 407 586 259 225 372 732 362 836 134 967 629 138 491 771 457 113 146 387 402 175 758 22 515 459 477 647 
100
579 738 956 920 215 869 883 447 190 505 381 938 704 892 245 400 452 706 987 906 732 152 494 298 629 631 722 458 715 28 159 549 61 75 80 221 350 234 138 891 156 571 102 594 578 566 437 426 59 970 850 184 127 867 105 195 273 261 991 488 336 264 754 241 389 284 34 721 332 139 191 613 247 772 239 135 40 461 804 207 810 870 95 331 425 568 462 854 201 864 48 728 117 681 591 113 459 312 675 476 
100
894 848 210 453 957 676 905 314 742 654 754 40 910 425 901 170 507 109 322 205 662 660 653 223 547 403 332 570 395 602 797 643 252 871 323 192 319 112 467 906 979 57 922 262 104 909 1 490 374 791 68 903 31 275 991 929 658 985 329 55 169 402 710 838 472 937 705 357 822 776 789 196 816 124 236 155 128 356 765 729 380 775 149 773 714 900 969 679 496 182 695 410 444 664 783 483 337 841 316 297 
100
795 665 3 658 922 708 561 156 854 397 533 950 88 604 43 52 122 250 552 555 620 435 25 392 468 291 933 870 341 375 73 14 780 925 387 268 327 774 993 47 262 10 530 873 407 205 573 616 685 433 520 909 72 108 347 171 948 586 48 402 508 178 800 517 719 662 752 184 317 942 672 859 40 883 744 64 42 113 427 119 700 763 137 913 733 390 634 541 175 351 713 979 190 419 274 868 319 354 886 293 
100
870 112 456 763 931 933 340 976 582 752 299 193 789 522 994 478 996 693 196 377 733 13 290 39 301 216 387 99 604 987 576 813 521 242 545 376 493 593 803 366 697 534 539 653 656 806 549 118 398 758 620 115 25 909 883 438 430 657 139 746 71 439 662 796 716 583 172 145 759 79 947 919 173 671 12 268 762 564 579 676 948 401 152 49 843 628 659 183 820 402 562 391 866 279 297 618 879 844 654 32 
100
25 556 845 466 186 376 390 9 703 163 203 337 99 318 902 765 398 912 954 62 21 205 266 96 652 950 908 322 403 7 185 261 383 106 414 598 579 699 244 593 488 838 430 40 498 206 353 541 78 359 504 421 665 118 601 581 971 792 257 857 404 656 271 923 117 485 720 872 762 507 199 913 518 304 401 431 907 829 330 916 800 264 381 351 906 442 834 517 931 127 427 634 150 462 368 713 861 894 985 821 
100
473 563 419 298 219 493 682 733 770 555 394 753 761 782 430 823 235 575 616 157 397 854 987 970 338 694 305 892 308 820 194 438 485 483 725 796 303 374 191 464 173 255 478 893 693 659 93 325 818 962 117 139 559 605 930 210 921 935 416 29 392 975 680 177 871 422 357 16 749 436 743 3 679 211 762 182 607 793 647 695 243 735 656 489 869 21 858 532 536 401 526 931 348 144 835 953 116 48 664 634 
100
426 256 767 659 418 110 565 760 121 707 623 87 198 28 974 738 199 901 600 979 360 35 734 995 396 424 471 4 1000 459 875 475 536 918 883 850 284 622 644 428 874 319 706 549 669 861 606 681 5 939 151 301 313 105 228 559 699 266 444 919 925 777 750 688 44 221 220 311 716 101 331 316 855 898 749 827 401 594 122 358 548 141 310 124 403 278 91 639 984 338 203 98 655 737 177 964 271 465 175 191 
100
481 719 55 619 454 178 497 68 760 947 715 613 40 367 521 404 472 312 53 184 329 344 553 192 872 10 822 957 265 479 741 204 515 399 519 969 492 747 275 379 915 488 778 203 91 829 144 325 505 480 423 904 67 843 474 439 309 100 445 168 991 896 446 311 196 107 35 554 82 807 878 630 41 972 191 154 895 2 264 698 907 155 575 463 804 263 573 837 349 235 63 432 164 614 133 250 188 31 262 70 
100
961 817 859 241 719 508 644 679 930 271 784 878 605 912 44 533 895 176 363 244 788 299 367 494 632 902 23 676 393 876 689 844 205 730 474 610 585 449 388 989 643 772 959 822 435 427 668 484 622 520 293 395 123 920 417 695 482 411 303 387 72 935 88 15 800 738 986 985 343 511 122 723 751 145 366 351 497 781 488 451 348 349 595 105 612 27 697 919 141 195 322 863 476 530 434 903 115 918 568 309 
100
637 982 854 890 10 15 143 914 656 377 740 136 913 642 943 784 114 654 561 354 672 525 103 538 803 907 388 702 694 676 125 488 981 639 885 893 474 217 668 752 599 231 491 232 621 403 255 206 682 802 498 49 539 922 180 389 714 327 196 823 455 989 831 384 998 43 678 839 560 667 45 34 155 40 173 931 272 382 497 549 992 622 889 62 518 13 297 712 554 2 916 92 833 263 324 716 485 699 445 886 
100
754 719 384 601 309 565 766 344 895 133 814 830 782 106 537 121 540 269 83 17 732 224 164 731 739 542 640 321 484 681 660 647 452 866 669 818 875 135 96 887 183 722 338 424 262 312 132 481 298 662 376 990 721 518 356 701 997 95 301 68 700 318 982 422 699 97 785 666 847 229 837 173 260 777 1 274 87 816 445 516 746 845 351 843 115 520 922 832 258 398 316 141 687 827 772 752 805 673 361 290 
100
550 692 543 876 518 310 13 996 311 403 15 503 535 927 977 111 378 679 196 813 97 70 901 121 363 963 324 696 420 297 731 45 364 640 680 851 913 754 668 441 807 808 189 687 654 989 712 192 781 691 35 313 414 421 443 9 682 605 225 697 390 658 638 270 558 319 49 670 514 790 669 873 187 292 285 493 818 236 616 750 701 964 828 576 534 186 147 396 220 812 48 478 468 718 394 719 874 714 880 970 
100
703 699 656 141 586 739 248 514 926 211 39 537 527 197 156 34 689 644 598 459 381 276 795 820 409 862 719 731 69 403 930 95 792 604 186 531 319 105 297 920 131 67 890 765 882 217 261 31 24 207 36 566 987 279 368 2 114 68 106 406 852 499 133 693 273 694 609 380 154 85 594 639 663 391 781 367 720 821 811 302 657 494 329 681 375 558 450 953 174 1 309 577 595 610 240 416 593 395 496 541 
100
215 46 827 870 210 432 714 378 704 456 889 716 147 885 266 803 695 881 668 460 799 906 228 974 293 589 173 710 201 485 277 940 609 912 679 740 219 920 28 682 873 253 172 899 132 874 743 381 442 496 900 842 856 991 883 1 144 746 811 43 20 330 384 788 225 14 136 459 250 141 907 872 53 216 258 135 327 420 42 292 507 824 815 493 513 761 72 30 151 336 857 241 895 552 638 698 581 702 996 353 
100
646 833 727 632 94 682 856 31 797 931 338 595 366 330 570 888 910 125 499 953 579 122 827 911 999 818 886 319 29 742 393 653 795 754 25 165 232 922 525 587 432 11 913 801 54 371 877 794 89 947 612 234 35 875 667 869 50 692 942 65 812 23 558 519 654 273 566 959 650 840 307 528 549 552 491 74 181 510 745 607 82 401 974 486 970 447 463 376 201 456 949 352 145 598 803 135 402 964 348 614 
100
935 365 242 697 331 526 888 144 115 15 162 790 94 342 577 414 309 173 698 948 508 464 887 833 412 236 249 795 328 35 540 311 261 104 266 642 361 359 807 967 268 680 130 197 33 325 782 504 787 735 705 655 823 153 239 724 956 199 884 151 910 895 240 282 718 981 635 646 918 510 397 609 71 66 792 945 164 158 921 994 671 28 472 532 591 760 872 177 45 936 500 869 776 90 662 187 562 182 958 870 
100
228 599 278 343 606 510 396 592 3 307 709 775 568 162 405 97 888 201 418 443 466 866 877 661 118 7 873 43 976 829 305 339 539 742 337 719 408 963 648 277 138 756 732 82 905 548 853 627 54 839 73 790 263 256 629 139 531 330 253 262 844 49 446 451 682 911 861 821 215 335 609 52 626 166 99 404 399 472 274 377 204 658 216 71 295 684 728 702 366 820 870 391 203 546 407 689 551 109 428 226 
100
511 634 757 486 51 20 228 491 36 272 161 813 735 455 699 257 210 977 892 996 278 439 249 8 405 645 206 783 646 55 442 387 286 931 503 220 545 960 677 19 610 541 806 88 575 998 269 23 889 474 371 432 938 64 90 175 384 812 982 657 713 233 312 31 615 502 784 294 208 680 603 251 376 452 274 856 530 395 230 605 331 213 942 449 154 651 849 948 179 126 242 377 74 329 823 772 178 417 61 775 
100
58 704 432 89 517 337 965 535 165 223 916 112 470 403 891 34 982 27 21 779 93 540 978 409 325 618 847 979 894 633 935 41 757 462 543 419 527 512 854 399 987 446 799 541 408 494 765 696 984 629 742 607 45 418 224 945 663 611 91 917 523 53 631 996 505 677 55 276 234 270 490 974 912 40 533 564 208 126 500 485 880 637 265 562 33 122 426 117 733 846 92 727 97 139 560 572 593 559 576 391 
100
703 975 355 498 550 814 913 853 754 366 293 620 522 82 711 223 683 872 979 408 432 999 644 623 69 923 528 504 483 671 22 67 446 723 70 245 382 342 424 997 163 285 391 2 501 340 983 147 178 572 533 710 81 406 910 645 502 263 333 679 133 347 769 959 545 497 512 705 877 472 170 655 840 524 592 59 768 546 117 95 327 875 935 256 736 517 450 536 484 915 63 323 185 719 417 674 642 693 929 887 
100
740 129 651 888 256 675 560 887 653 569 429 505 272 950 979 230 902 618 8 153 387 511 928 90 234 915 374 158 721 426 799 971 627 168 100 396 676 369 248 4 843 827 137 488 477 570 11 376 757 38 922 919 464 859 440 149 79 660 340 957 762 819 937 127 897 724 301 136 924 625 735 303 926 257 37 575 117 476 940 530 677 564 820 997 12 719 246 324 844 393 64 57 727 252 229 239 115 742 973 783 
100
470 562 865 203 483 400 2 634 877 713 866 555 404 110 242 861 446 289 430 742 503 726 294 594 988 251 6 15 925 958 161 630 25 302 305 389 391 28 226 939 201 795 112 155 739 142 806 485 101 96 641 789 36 782 625 603 588 306 460 328 278 746 462 349 896 532 825 109 534 443 353 819 262 916 499 709 486 758 130 193 461 871 409 477 334 180 721 551 941 252 611 677 672 194 833 153 580 834 924 735 
100
812 236 836 938 628 608 172 697 187 934 256 15 874 966 66 550 858 220 743 196 75 832 125 398 502 517 640 218 622 840 995 193 706 635 613 733 174 467 964 839 852 151 118 333 140 346 29 210 507 883 451 38 107 131 519 887 975 766 342 440 978 389 205 305 409 291 334 311 366 735 194 373 498 430 387 77 681 761 583 808 213 722 4 354 290 356 814 860 961 338 145 915 574 295 810 547 877 283 595 302 
100
633 978 405 3 283 789 130 996 745 48 790 694 503 20 170 305 621 543 917 811 813 432 958 994 451 309 180 81 982 711 441 245 342 985 677 616 877 109 55 438 667 128 321 6 869 951 723 127 185 602 292 74 7 972 921 590 954 747 175 340 499 298 893 45 369 507 328 615 750 617 100 242 619 286 188 733 221 859 455 504 275 124 363 632 322 597 478 879 125 703 408 96 112 146 129 848 62 661 853 24 
100
435 102 159 527 125 345 437 355 487 67 815 766 833 830 655 478 720 605 49 545 26 179 964 984 77 583 2 4 392 923 61 855 658 117 234 797 177 629 314 978 318 152 303 376 877 700 149 598 678 576 123 89 249 660 857 512 423 146 209 750 36 937 369 337 71 581 604 734 854 448 637 866 665 359 251 977 243 617 783 708 164 618 960 846 667 186 498 383 31 274 242 173 354 602 341 317 662 520 541 389 
100
408 337 299 901 785 415 167 441 514 630 613 133 946 250 84 824 714 911 581 795 71 475 995 23 669 992 213 444 65 377 21 90 803 675 108 431 350 874 638 965 14 644 370 725 297 748 677 632 777 568 959 344 604 974 914 774 898 330 391 240 314 521 275 609 951 261 989 394 304 200 787 595 977 938 3 949 189 160 594 173 88 648 863 338 857 97 952 997 551 790 311 827 355 913 562 466 717 305 672 325 
100
438 962 890 809 311 935 660 337 894 389 983 477 395 100 967 173 405 649 686 630 331 872 592 577 968 808 25 360 790 495 500 106 478 704 190 985 310 169 266 434 268 514 293 917 27 475 805 918 187 110 390 915 422 349 981 398 864 813 816 605 871 685 889 140 941 707 932 727 124 14 798 58 760 527 633 295 229 163 651 723 453 243 581 103 594 485 30 47 754 32 749 188 216 519 721 954 768 699 583 442 
100
404 135 544 790 201 56 73 651 134 84 192 902 389 88 109 359 741 60 261 815 711 754 77 567 599 896 789 196 430 770 642 758 198 91 512 168 853 877 640 13 701 831 767 472 523 982 583 924 151 312 930 731 621 283 448 592 878 48 375 46 355 173 928 90 775 938 940 431 265 287 585 83 736 983 532 822 869 407 751 692 421 728 392 976 286 714 331 330 885 23 665 825 33 131 326 329 632 565 668 114 
100
826 217 357 229 656 799 433 561 527 449 131 997 964 4 380 672 220 372 932 869 731 308 845 81 179 822 571 831 751 1000 809 966 200 633 430 169 552 418 336 967 565 199 223 580 288 264 29 960 407 451 772 383 816 781 290 232 951 537 265 585 242 632 729 916 682 986 681 755 797 499 227 657 314 409 348 740 85 469 173 467 968 773 770 351 208 582 111 742 756 696 224 168 460 779 98 58 492 192 867 872 
100
490 883 726 534 214 823 155 640 626 323 95 704 418 708 984 992 814 691 148 985 982 776 827 179 197 623 249 774 624 506 136 377 785 942 256 487 460 307 731 848 528 878 549 250 587 264 51 57 609 975 225 577 658 470 938 87 110 560 876 799 877 80 833 482 291 77 91 343 423 331 274 780 472 809 298 370 198 356 13 520 926 164 252 68 303 563 220 237 521 382 444 208 661 295 714 292 243 226 894 756 
100
331 67 883 7 454 125 431 484 319 808 961 530 603 746 290 722 126 367 782 413 862 574 90 622 592 238 952 714 181 214 139 233 659 771 436 852 62 823 25 301 593 392 486 420 365 568 458 526 312 260 813 966 475 763 749 581 66 442 663 974 129 229 235 985 816 292 720 202 537 65 606 577 973 289 205 528 455 595 652 479 873 820 258 893 692 552 801 274 482 175 453 629 517 93 795 23 243 631 992 169 
100
33 24 240 136 491 129 834 612 812 186 413 435 455 671 414 535 462 557 810 564 456 79 346 655 990 811 583 199 592 703 839 722 567 744 865 30 27 81 553 102 571 545 123 357 972 569 576 358 98 727 866 360 893 379 293 176 337 169 15 726 485 917 770 425 437 627 348 881 515 338 880 198 636 20 234 693 867 369 93 887 380 311 714 281 730 729 374 606 91 929 1 494 584 686 404 524 547 238 373 351 
100
863 352 954 270 209 131 778 464 332 681 652 916 90 404 268 125 687 943 193 33 487 964 799 759 26 718 24 503 254 761 288 679 638 750 425 802 483 283 364 715 912 106 891 354 385 817 223 279 970 842 446 14 44 307 594 408 226 233 940 157 73 545 685 642 136 78 978 553 467 885 690 961 128 57 752 168 876 720 524 302 875 862 143 572 950 575 3 167 560 879 514 98 797 83 853 812 455 612 453 571 
100
112 728 536 931 353 390 413 135 848 311 800 741 650 979 673 172 428 821 684 485 310 548 110 661 511 588 376 697 854 983 843 590 523 723 877 906 718 910 299 643 114 552 902 47 769 889 254 941 208 702 791 823 343 568 79 581 357 465 615 958 499 768 721 560 415 145 580 957 875 230 687 802 507 955 558 841 621 81 705 448 30 564 893 369 429 281 729 70 833 94 242 780 975 711 653 504 190 692 50 509 
100
69 699 693 463 545 470 742 112 559 420 215 469 350 624 727 59 206 298 477 618 406 60 157 435 832 364 433 96 801 220 828 636 365 814 83 355 67 308 117 482 468 975 554 858 255 245 985 647 346 820 410 35 80 707 190 459 830 981 998 369 342 756 49 590 198 189 207 341 600 87 385 337 844 465 380 277 597 264 474 564 384 949 356 847 417 880 913 676 654 361 752 712 486 1 721 821 297 279 575 873 
100
544 760 27 210 515 856 682 590 393 170 509 493 181 753 481 291 295 670 149 49 268 363 921 601 13 184 841 28 70 603 770 710 416 261 629 837 185 811 34 589 202 862 768 593 335 608 916 888 973 440 157 230 696 978 573 92 378 554 505 555 996 367 374 240 349 915 785 340 237 913 2 66 776 882 437 645 20 827 814 231 361 823 448 610 338 232 289 127 928 866 778 134 16 865 875 486 156 277 148 810 
100
467 769 507 664 345 365 639 564 960 305 607 589 919 123 874 689 641 787 440 458 482 5 558 327 209 423 696 134 492 487 456 109 512 717 606 876 925 823 667 584 445 835 81 294 657 649 437 865 711 333 179 237 857 745 859 780 985 108 290 157 188 38 79 481 354 668 662 524 145 513 819 854 252 257 800 171 493 99 329 36 101 1 462 510 702 198 601 247 159 37 887 374 741 196 282 624 791 207 709 417 
100
771 465 100 391 365 897 721 97 428 456 866 999 118 842 829 431 606 688 675 445 732 432 421 386 733 109 594 464 292 882 813 268 705 437 403 237 41 417 314 453 615 52 833 629 426 291 547 366 422 907 157 202 131 407 876 604 326 174 232 194 201 122 375 504 580 979 167 806 584 709 780 530 171 325 681 627 207 764 393 711 368 1 741 81 825 610 809 788 20 662 442 277 602 551 48 173 262 585 419 360 
100
659 255 411 601 584 328 572 345 159 226 871 997 647 116 439 747 415 183 613 637 219 963 742 669 885 971 30 52 573 847 40 306 1 876 39 99 522 333 758 918 106 622 378 62 362 77 225 265 493 895 450 322 188 775 17 823 795 679 802 593 663 561 926 297 102 820 829 396 988 35 461 443 368 635 521 6 486 756 902 115 437 161 570 249 475 83 365 433 483 781 607 777 975 124 846 910 527 141 514 542 
100
24 256 642 841 576 817 421 415 211 295 971 255 190 324 744 554 530 241 93 633 212 572 592 987 234 860 349 844 880 532 509 291 491 726 925 795 938 250 669 916 647 772 99 645 913 792 823 252 428 643 453 288 168 67 231 98 904 968 718 673 555 131 174 784 214 733 299 427 821 528 613 756 843 873 309 480 444 889 734 777 6 720 664 328 972 990 584 374 258 2 413 790 311 133 820 607 632 469 702 944 
100
479 143 210 929 319 507 792 944 48 761 193 3 636 869 752 809 912 916 480 906 812 935 534 597 647 502 520 817 412 423 542 629 498 887 592 67 163 183 682 842 362 300 819 159 258 640 526 10 857 368 610 710 661 875 481 515 217 290 431 853 860 637 304 985 574 578 852 352 420 149 41 871 389 846 960 305 714 724 965 90 711 26 586 339 563 567 765 973 941 263 234 424 154 638 280 384 477 927 373 416 
100
514 278 751 525 633 153 435 248 71 317 142 446 586 863 830 338 847 962 193 899 867 63 728 646 982 898 724 324 949 426 613 190 759 417 383 149 283 781 69 942 232 519 474 151 596 226 502 515 561 118 965 916 357 37 951 546 537 805 347 326 956 136 629 36 497 290 121 206 335 306 705 950 374 397 964 874 852 513 851 729 123 204 371 284 755 444 877 626 181 360 554 920 198 619 891 614 229 319 822 947 
100
147 775 253 506 437 239 909 645 632 977 455 740 132 630 332 33 257 451 95 307 916 789 15 729 472 654 767 616 383 582 157 989 111 163 646 412 305 973 88 1000 870 301 680 308 331 212 121 783 398 531 865 211 316 668 272 621 384 719 666 966 406 318 453 813 946 542 907 538 68 389 479 485 93 192 743 108 377 849 951 130 329 547 686 874 143 116 109 693 114 914 20 180 891 590 712 895 71 37 871 380 
100
896 144 7 698 784 900 24 524 996 969 141 111 456 155 908 850 75 917 902 374 860 761 345 424 325 395 116 332 519 375 298 783 760 930 482 863 339 558 891 576 34 444 884 102 741 682 769 566 877 795 506 596 242 114 380 11 70 308 5 26 588 445 844 269 478 126 699 750 243 868 963 781 537 550 139 763 229 55 945 752 234 957 27 759 518 608 673 677 567 638 168 439 235 434 428 302 528 63 464 170 
100
705 446 559 564 305 429 949 468 632 571 392 540 512 43 711 596 656 503 129 767 249 7 849 638 824 827 321 219 171 933 805 601 432 546 49 610 578 210 165 921 356 709 968 257 443 449 563 293 328 58 143 882 931 713 65 834 838 609 517 970 313 77 570 335 985 261 405 388 975 819 687 918 270 273 915 69 710 883 185 790 825 178 357 333 860 1000 523 373 220 425 524 240 664 287 283 358 577 401 226 544 
100
681 204 677 452 982 337 517 84 161 623 985 938 682 859 744 527 887 221 105 493 357 148 295 57 734 261 277 963 280 596 380 556 323 709 720 45 803 197 304 11 467 638 1000 737 275 705 179 768 765 740 183 292 198 106 258 207 686 439 26 237 147 356 662 160 462 272 746 667 948 472 952 169 60 166 410 992 297 333 263 112 75 288 913 521 804 884 800 440 188 566 232 480 168 389 460 459 526 977 986 374 
100
772 81 843 524 473 635 793 10 881 765 815 606 975 229 11 74 738 617 799 421 475 750 332 76 31 858 512 900 252 578 286 442 668 20 314 807 909 225 482 800 687 414 22 141 30 634 757 780 709 467 174 487 988 905 507 558 390 181 78 171 537 138 637 23 845 72 587 949 632 574 497 142 377 221 212 883 819 370 493 605 584 796 344 999 670 844 472 175 812 204 185 782 923 878 919 145 237 129 600 501 
100
245 422 749 178 787 483 488 605 552 187 757 138 816 968 163 671 872 921 631 889 307 172 531 662 726 382 431 955 538 289 855 807 466 629 788 607 390 570 544 675 824 525 644 457 445 418 588 809 709 408 142 593 254 635 470 681 654 94 630 970 24 175 324 666 874 967 836 971 612 210 736 46 899 340 973 238 285 400 473 993 575 33 284 768 669 343 243 541 456 930 929 904 651 308 237 645 393 890 900 954 
100
528 785 443 941 458 288 630 618 996 465 529 409 322 52 616 406 439 119 926 327 26 53 328 870 931 574 497 112 831 294 103 285 856 199 317 568 152 563 162 887 748 194 705 972 735 28 822 376 346 676 640 657 9 419 525 511 678 493 858 501 307 37 576 817 336 841 537 932 641 437 278 248 688 938 394 711 130 805 804 974 378 649 560 115 975 442 496 392 558 118 658 509 18 379 20 104 522 161 309 577 
100
597 563 149 29 209 479 36 710 838 588 106 272 706 330 139 696 743 519 460 324 431 27 205 255 954 561 433 98 719 841 100 152 372 960 350 799 173 208 404 156 2 315 801 42 60 368 146 22 286 726 905 410 728 959 687 735 701 292 896 179 507 916 921 686 899 250 704 310 665 622 998 291 136 762 912 140 277 920 441 225 737 515 16 843 540 104 349 454 879 606 831 545 256 35 784 484 48 570 655 789 
100
976 380 767 316 781 747 293 977 164 530 577 8 570 281 949 814 318 288 735 845 449 51 760 213 419 418 406 516 120 504 966 334 715 807 782 176 442 722 387 937 458 972 342 842 236 127 60 48 264 46 118 736 825 207 614 426 346 787 452 959 809 96 294 594 224 690 223 430 908 885 579 558 728 109 553 395 850 880 143 912 325 349 758 811 389 712 326 642 347 668 605 699 195 480 364 645 485 766 141 929 
100
423 382 218 143 474 954 142 109 895 465 308 810 742 969 127 251 990 25 325 19 116 722 303 697 713 174 37 636 815 103 344 714 92 963 711 498 624 870 102 750 780 56 492 534 763 641 635 488 357 347 246 132 903 270 688 284 354 437 527 888 497 975 343 543 570 630 978 503 533 573 399 782 656 516 583 264 549 506 411 86 453 203 391 680 530 366 684 844 706 140 15 830 692 165 967 617 168 65 426 26 
100
291 100 146 664 833 388 307 941 800 198 552 815 70 977 699 891 779 731 924 290 616 650 52 417 128 805 121 420 982 116 35 607 965 402 359 825 137 529 86 300 510 636 301 185 254 727 446 240 534 459 974 645 660 177 758 174 64 232 407 332 501 978 463 193 97 778 687 781 639 159 619 248 441 82 197 798 220 492 484 282 189 973 400 471 192 692 326 748 715 323 816 476 967 657 705 882 131 969 304 629 
100
501 91 300 229 598 108 315 575 316 90 861 648 952 831 770 148 636 534 468 568 215 917 37 73 940 451 401 142 103 780 511 243 778 290 764 224 936 415 713 658 8 537 359 136 347 437 400 624 961 943 959 371 625 984 82 822 880 918 787 220 951 565 231 665 407 332 269 971 728 155 110 674 348 507 639 719 342 75 201 309 52 424 859 662 610 410 97 192 328 784 66 555 668 985 932 494 12 374 109 947 
100
702 510 97 316 818 910 535 59 70 90 929 641 483 911 705 756 620 398 443 327 728 450 914 173 376 487 997 308 290 363 667 511 93 297 982 396 763 580 216 905 112 163 568 891 999 206 537 920 403 931 434 825 463 48 288 897 380 461 186 848 208 738 831 424 425 132 565 230 179 549 635 858 838 978 921 426 787 993 310 468 528 754 378 907 802 61 430 188 883 724 392 546 885 946 219 94 422 317 103 331 
100
900 240 108 513 10 565 709 720 179 617 611 152 390 23 855 542 955 449 229 9 214 172 501 846 889 692 363 89 223 920 121 853 622 383 38 780 964 540 836 30 326 120 51 244 626 162 801 665 405 70 704 458 153 717 277 535 471 279 940 566 333 620 906 402 625 488 173 527 391 648 525 528 269 598 523 228 425 493 701 584 249 272 578 573 588 862 825 267 199 791 262 282 191 728 112 564 40 389 615 532 
100
458 871 96 938 577 531 340 374 394 623 498 815 834 708 318 646 491 404 304 420 31 701 488 112 695 561 582 223 731 899 69 843 533 293 456 892 979 482 320 478 494 326 160 991 999 314 606 295 684 401 169 108 365 600 421 245 682 448 667 240 882 998 79 669 567 220 791 790 287 106 437 1000 583 536 383 476 48 511 528 118 459 303 330 61 875 188 427 680 393 779 111 802 745 549 642 641 140 733 724 588 
100
569 138 134 697 457 704 352 245 492 665 646 726 312 239 396 429 929 390 179 204 600 923 599 491 106 695 468 773 41 133 349 292 188 129 307 27 181 925 654 259 170 723 166 552 545 157 950 550 930 991 103 485 21 177 643 608 152 1 780 928 806 778 427 244 815 605 782 365 934 154 210 7 784 996 652 591 477 805 567 246 635 500 873 867 218 908 43 510 421 38 521 341 378 219 158 597 59 311 171 452 
100
46 765 666 709 112 775 514 235 368 201 423 341 435 356 916 391 255 300 913 476 97 537 365 819 811 651 197 296 136 394 541 276 738 684 54 159 150 872 697 294 882 443 447 232 72 242 780 189 845 599 504 524 876 812 859 735 384 992 900 121 352 184 636 473 849 38 863 307 93 164 148 696 440 836 893 8 229 40 680 939 878 906 323 764 128 536 768 931 254 484 822 807 572 971 954 57 59 485 489 570 
100
714 677 261 343 281 625 670 636 47 436 531 615 622 498 938 303 485 420 620 453 927 445 796 473 754 907 450 936 555 746 715 644 431 574 323 29 997 151 861 455 227 634 169 518 798 24 867 982 164 357 840 585 466 541 902 142 593 56 475 469 854 712 556 949 526 376 406 94 777 417 569 426 18 272 693 380 438 312 11 247 891 14 659 980 183 279 912 461 365 251 194 825 464 241 419 111 578 589 174 291 
100
938 625 420 141 941 570 861 59 654 948 575 773 206 111 691 715 689 831 912 919 490 874 516 331 905 255 447 907 688 78 530 860 343 475 994 943 593 560 374 81 866 731 193 572 271 483 311 338 679 182 186 132 850 455 240 191 409 984 463 51 952 581 899 752 435 128 101 682 729 135 830 666 664 862 549 67 884 227 812 156 754 671 55 566 1000 399 982 286 794 977 810 100 934 917 734 825 169 898 775 892 
100
758 749 689 781 118 811 230 271 266 373 670 999 214 825 484 55 168 762 304 196 561 233 583 757 972 668 128 245 998 760 203 251 662 697 272 288 93 750 568 320 962 810 620 864 138 815 466 499 512 840 87 71 992 812 794 505 453 279 603 94 861 290 650 875 377 565 390 892 28 498 48 286 133 136 38 204 955 517 629 802 308 278 865 586 478 114 297 375 956 241 736 36 787 104 113 594 547 895 26 485 
100
450 864 375 607 374 399 970 526 202 442 89 261 627 139 760 153 395 756 129 189 926 307 577 480 323 758 676 900 125 112 260 123 267 309 358 589 53 474 694 277 936 73 253 181 43 731 903 823 475 814 306 566 564 378 235 132 561 878 67 69 638 504 59 821 907 644 964 798 57 873 711 244 32 1000 101 567 349 493 848 732 524 550 373 448 49 363 64 364 948 671 533 311 978 626 237 706 578 66 18 911 
100
534 891 53 745 18 31 777 498 512 704 525 451 317 728 584 98 635 258 801 271 852 437 262 895 505 28 1 257 648 42 248 119 308 916 964 463 962 988 970 185 517 251 421 945 665 919 638 472 3 540 481 696 232 56 580 733 353 200 711 341 312 163 960 193 662 269 38 748 272 695 197 91 61 730 397 840 55 710 70 493 32 480 741 615 603 515 309 83 52 195 259 606 256 104 136 169 667 785 274 835 
100
539 255 604 962 460 278 638 556 734 467 52 894 393 438 674 630 906 982 144 110 443 158 357 411 527 338 281 603 584 611 364 592 841 44 732 935 591 576 537 817 426 596 225 506 116 759 748 257 321 135 643 345 944 885 292 600 425 84 513 502 975 341 658 520 384 487 200 294 394 686 97 112 609 279 586 237 320 243 407 945 318 618 534 58 819 694 199 813 558 784 453 476 845 587 709 90 150 463 870 976 
100
909 826 129 696 963 72 562 692 265 419 134 747 531 153 409 783 244 152 734 853 539 742 723 901 26 460 507 915 116 27 453 277 608 368 749 709 707 724 370 545 714 639 552 896 6 38 354 981 106 371 977 312 996 821 449 223 86 561 108 499 882 175 593 180 697 911 614 313 750 132 953 830 681 948 427 326 262 625 741 767 407 109 579 643 65 31 746 674 555 893 622 46 431 385 711 295 700 807 5 720 
100
979 694 417 298 225 501 390 767 748 487 848 826 857 754 372 741 981 21 232 163 698 568 279 461 248 938 29 334 883 393 903 488 289 632 810 977 337 843 100 984 604 820 237 398 646 419 12 863 721 109 758 484 350 671 33 653 336 685 111 418 131 391 188 908 360 691 263 332 176 565 940 192 317 268 450 137 894 637 92 152 775 18 619 684 34 129 515 401 118 412 570 576 200 235 389 901 912 441 354 876 
100
253 334 573 278 900 663 600 610 533 989 569 939 840 474 76 858 144 108 962 454 94 36 300 314 859 832 192 502 874 678 331 464 629 456 892 855 514 344 81 322 911 330 695 570 711 605 366 946 409 652 688 141 304 329 415 748 101 518 102 813 150 77 43 2 346 499 621 481 940 323 888 791 213 522 994 164 206 13 321 407 157 4 430 224 761 905 494 620 270 732 378 929 980 548 48 283 797 1000 736 611 
100
225 368 792 923 378 914 158 951 370 907 444 343 332 580 512 38 375 205 363 361 404 781 697 118 182 663 154 498 550 664 860 327 765 228 217 511 906 97 686 645 60 187 939 175 188 621 965 283 557 213 903 493 465 784 311 937 513 284 500 31 610 762 806 326 590 718 770 431 152 105 4 972 982 330 800 837 480 592 801 612 301 659 443 27 814 560 202 971 268 44 207 842 622 384 164 744 353 64 169 832 
100
132 833 921 792 876 468 976 925 448 460 917 753 941 801 656 740 211 708 109 744 8 636 329 106 284 296 716 110 725 614 1000 138 660 842 29 551 661 766 465 64 246 872 696 854 681 496 803 394 913 901 272 504 765 997 752 118 251 640 428 466 731 88 84 270 555 242 943 390 722 629 666 345 487 373 820 303 19 949 899 897 554 915 585 130 627 650 705 537 990 455 838 601 85 92 128 932 965 577 435 254 
100
255 765 438 756 266 982 869 932 152 825 367 674 551 65 804 51 427 517 824 396 216 947 150 780 283 862 149 127 412 58 217 509 590 519 637 162 874 460 224 383 49 30 394 113 466 961 9 378 703 959 372 521 5 644 365 960 20 6 56 534 579 325 320 21 511 702 458 653 791 782 520 711 603 417 761 798 935 89 914 176 249 313 833 164 430 555 449 779 941 296 899 816 299 707 301 859 612 184 650 858 
100
735 247 354 661 877 672 260 368 130 1000 825 359 792 53 442 500 120 919 189 221 466 800 235 76 967 333 966 559 365 405 641 969 571 986 448 456 646 157 979 657 115 479 605 608 349 173 873 565 962 427 999 403 537 293 35 883 654 634 886 97 297 914 746 28 148 328 780 612 4 597 47 162 900 244 909 858 592 789 949 67 96 719 767 24 48 441 996 574 457 408 26 944 990 84 136 533 721 167 692 954 
100
908 126 583 281 613 221 719 854 230 972 653 733 352 72 592 527 86 297 59 721 194 578 706 575 703 864 958 367 968 206 798 354 55 752 953 25 904 615 58 357 894 29 627 506 494 329 477 60 115 205 567 331 510 157 179 135 12 395 687 807 826 386 30 440 145 406 261 416 64 513 26 277 361 875 49 737 186 643 54 517 552 485 1000 584 843 869 808 823 163 543 374 247 870 865 838 271 522 2 855 142 
100
729 599 25 597 674 413 155 2 463 639 670 287 75 87 738 815 115 556 969 553 918 704 468 681 294 829 10 334 935 433 744 38 256 567 318 585 208 872 558 564 379 602 186 900 853 840 718 662 974 66 28 604 878 806 327 795 954 679 594 723 368 805 737 230 768 357 440 429 68 595 683 495 794 182 347 990 457 894 313 693 18 615 428 584 720 90 309 781 164 295 141 582 170 369 689 423 226 694 988 730 
100
780 107 152 32 854 704 252 290 280 929 940 180 568 987 955 687 495 159 15 433 178 133 157 827 198 498 596 899 808 781 389 651 59 590 339 482 915 1000 696 218 426 210 601 2 609 64 675 788 58 783 110 409 235 944 80 708 470 308 117 564 742 282 62 78 860 460 263 995 377 422 366 505 239 617 961 639 278 974 251 565 105 469 532 967 834 261 333 286 677 947 334 476 628 527 37 852 547 121 525 942 
100
619 360 146 536 946 887 45 105 593 762 816 819 939 154 918 684 633 938 710 390 596 917 363 291 817 344 810 588 544 261 602 529 558 662 737 90 936 702 216 342 140 732 761 408 996 327 307 117 414 47 455 35 565 505 166 293 968 244 983 582 218 811 225 412 475 366 499 459 718 784 376 980 81 498 541 48 874 753 625 748 345 180 728 641 631 258 693 512 30 601 697 161 493 190 576 368 524 713 575 577 
100
624 569 994 375 187 162 177 357 169 207 307 532 766 798 291 626 647 489 70 68 279 770 805 775 459 718 430 31 523 637 600 601 499 996 320 591 427 823 227 728 399 891 418 933 512 181 924 335 506 354 243 968 701 676 920 64 526 510 914 393 974 750 9 438 869 800 52 845 760 757 123 107 910 942 511 796 984 587 934 458 7 257 972 113 642 460 278 392 592 721 336 546 98 759 298 838 581 94 998 859 
100
999 489 525 192 271 328 355 899 682 442 520 401 796 121 880 382 452 398 605 213 283 582 756 761 317 557 166 989 808 378 903 369 926 539 340 686 374 195 272 781 120 96 280 786 816 2 833 607 202 74 806 6 47 175 822 750 615 13 651 392 787 625 231 629 995 285 178 852 863 751 215 648 510 572 581 677 435 300 688 847 125 275 630 113 701 534 623 730 81 235 420 561 785 28 204 541 802 156 602 543 
100
886 973 592 233 710 404 332 913 66 719 477 355 260 106 277 231 138 713 253 20 34 758 950 551 85 924 429 806 859 175 366 860 543 427 262 443 168 288 500 861 351 390 278 240 32 347 222 532 701 787 686 718 287 167 721 2 966 369 613 900 219 78 982 728 628 117 437 836 504 496 281 466 611 409 372 314 620 367 393 95 318 888 460 512 516 480 786 384 595 115 204 373 328 303 299 264 149 600 540 533 
100
632 712 965 333 125 210 182 289 544 117 966 745 583 106 641 827 299 919 251 451 426 287 345 349 247 863 438 489 22 361 291 543 474 262 379 755 722 800 918 20 222 892 878 760 580 5 205 945 714 822 505 423 395 743 436 352 449 891 907 536 726 127 77 271 614 59 506 244 380 457 708 939 546 294 86 302 769 421 849 483 652 148 529 830 62 393 569 10 956 520 631 95 334 348 517 615 239 647 577 554 
100
646 793 122 552 750 493 776 70 192 509 872 602 456 570 227 313 117 564 873 245 889 574 982 401 490 286 956 967 57 92 137 417 433 587 594 346 951 110 788 27 812 819 249 21 904 35 916 368 158 152 146 849 756 172 330 718 805 976 247 678 242 283 827 897 140 613 518 408 438 669 206 736 312 491 487 862 91 455 963 403 531 415 520 26 656 395 618 29 977 336 659 940 82 628 119 425 372 342 537 501 
100
825 696 471 607 863 649 844 350 851 792 812 609 783 166 117 205 999 972 805 599 785 789 894 819 92 285 441 309 842 698 90 277 56 481 800 37 32 612 457 731 74 369 905 804 365 120 896 728 816 263 701 858 9 603 932 912 945 548 768 870 581 938 458 570 398 183 747 413 392 318 331 826 623 509 435 898 35 7 892 502 389 525 431 959 546 406 467 640 610 424 231 906 911 254 434 859 605 560 958 763 
100
617 68 594 868 467 163 551 842 441 203 697 424 500 299 135 287 169 94 224 419 722 819 23 153 342 772 808 606 591 831 787 970 714 34 897 485 885 794 732 400 964 693 340 119 924 253 535 229 411 800 705 377 271 671 71 855 396 289 474 983 968 464 1 552 523 92 872 575 157 435 73 708 420 789 10 783 239 995 376 582 194 236 793 332 967 821 74 590 589 55 199 524 900 618 578 149 622 723 181 603 
100
258 229 649 293 871 786 569 121 173 979 94 888 657 343 186 767 329 59 251 717 483 265 741 151 498 906 334 111 465 878 560 661 179 61 966 39 973 611 989 126 292 239 613 879 222 551 691 48 83 100 748 752 153 951 992 357 363 682 928 708 207 104 117 378 365 875 930 158 65 24 52 502 174 449 307 639 6 118 669 440 369 567 429 143 488 689 589 140 361 599 383 853 358 803 466 9 209 605 418 777 
100
987 827 137 148 526 546 574 738 567 380 955 299 16 194 11 593 276 131 891 275 45 142 905 556 931 557 602 867 669 896 468 341 247 956 927 631 393 408 383 762 924 521 702 506 660 899 31 301 179 517 108 733 239 454 57 93 749 800 329 344 580 843 215 206 75 398 903 792 965 538 191 934 71 63 824 343 254 651 129 433 174 392 886 713 681 581 902 637 873 833 337 865 436 914 479 976 893 437 586 315 
100
992 317 84 286 673 695 752 294 543 897 566 222 385 315 516 722 798 532 186 951 653 953 129 10 213 480 254 955 487 21 454 555 299 29 564 973 785 537 25 545 146 37 283 22 66 513 305 597 512 702 241 195 768 69 133 441 345 620 336 615 913 979 235 609 775 822 988 368 814 982 720 357 121 882 997 643 547 258 433 727 629 630 940 908 98 194 938 211 46 214 864 147 275 971 390 206 522 180 106 856 
100
458 389 664 645 400 337 966 2 266 705 25 50 487 723 375 650 506 371 733 171 22 224 226 88 747 875 187 897 537 107 752 56 437 13 199 282 18 218 392 167 962 784 753 117 781 662 587 498 417 626 236 81 59 838 432 237 427 464 39 377 196 395 275 780 718 728 915 278 40 763 457 116 352 848 558 258 274 704 376 769 471 27 523 361 82 971 451 824 727 270 681 922 314 553 58 835 670 342 612 326 
100
163 138 544 805 316 922 434 291 684 873 496 191 167 555 412 97 860 517 643 70 81 12 61 944 152 811 957 673 240 945 499 785 935 995 456 494 839 541 650 20 422 46 497 950 931 725 545 435 757 559 625 908 614 467 107 476 128 7 829 241 767 483 256 227 287 815 887 547 119 665 881 262 623 49 275 962 789 969 768 423 638 607 938 1 244 341 598 798 683 939 930 35 952 370 380 548 894 68 387 917 
100
45 457 153 997 98 765 3 912 975 744 262 792 527 950 134 507 148 956 364 336 777 716 574 429 289 915 219 896 504 927 848 953 592 4 339 543 480 570 161 879 491 96 50 477 533 651 404 847 422 38 919 752 635 525 597 617 521 418 781 971 639 760 340 623 231 750 265 487 562 33 911 940 788 523 62 615 93 150 892 629 273 695 990 553 729 384 21 5 779 877 909 714 661 608 238 964 880 48 865 65 
