500 500
1 150 496 322370810
4 1
1 188 219 961522103
1 131 493 209961579
2 85 408 591218226
2 317 446 129855108
3 306
1 26 360 576330848
1 211 307 1063082822
2 181 344 117319866
3 388
3 461
3 306
2 317 443 649178399
2 223 346 46701898
1 14 276 859673089
1 18 308 849166726
2 29 315 1037051746
3 436
1 70 89 528712138
1 34 355 859799420
3 39
2 11 34 786295242
3 367
1 183 324 197502579
2 120 466 976184065
2 251 396 947758150
2 415 465 439634099
2 179 367 592674467
1 111 493 444803713
2 478 490 270166041
2 235 329 456659962
1 217 220 120152310
3 147
1 73 211 444309650
4 29
1 3 84 997257826
2 195 258 850157671
3 13
4 23
3 338
1 231 238 325605567
1 38 225 1072559846
3 446
1 253 491 910850079
4 15
3 348
3 460
4 28
1 273 332 823804632
1 204 379 621243696
1 102 314 771918695
2 45 188 1035905583
3 426
2 427 485 970719234
1 73 436 479218034
1 24 303 206478189
1 25 459 1057399219
2 98 204 1061076547
2 158 186 998207599
2 25 399 232804061
1 46 104 489322008
3 430
2 133 242 947200902
4 5
1 15 118 53901562
1 70 96 360696956
4 58
3 217
2 38 92 375956246
3 170
2 182 396 740987138
4 21
2 220 326 523452245
4 18
2 89 103 633220134
3 120
1 418 437 883298785
1 174 258 704172497
2 140 339 1025651768
1 79 147 632977154
1 13 16 545698189
2 224 384 1037569002
1 96 245 515543481
3 71
3 468
2 372 434 299849150
1 81 286 308051159
1 356 434 119286790
4 32
1 216 293 460563821
3 116
3 462
1 359 376 884880479
2 63 473 123507472
1 92 231 958923742
1 151 356 567086777
2 255 456 675040420
3 306
2 346 483 216714324
1 404 472 147592717
2 110 282 534671422
2 185 274 52703931
4 81
1 193 253 658429728
2 51 140 414718859
4 57
4 100
4 106
3 377
3 497
2 168 260 95401194
1 268 375 744827616
3 198
3 441
1 168 175 184544281
2 52 197 194677309
1 67 152 26686457
1 295 488 672796452
2 153 315 902897967
3 14
4 26
2 356 359 647397511
3 224
4 82
4 98
3 164
1 325 497 837394590
2 69 202 324740959
1 225 365 251003236
2 203 392 339506326
1 54 404 386746528
4 62
4 35
2 84 270 427603282
4 60
4 72
4 83
2 1 41 378584726
1 26 179 58571754
4 78
1 58 301 216313212
3 1
4 131
1 292 426 491168751
3 454
2 59 135 1059842970
4 6
4 91
2 109 177 1072915203
1 124 416 1060081698
2 338 437 545643325
1 328 333 665112395
2 48 139 361684621
4 152
4 147
2 19 419 118606965
2 121 188 46005409
4 94
1 403 492 274506801
3 136
1 187 377 135591684
2 331 354 829073563
4 9
1 30 434 562559282
2 52 66 251757544
1 204 462 559744524
3 61
2 34 469 33622521
1 140 212 1012351967
1 387 435 193657713
2 35 320 1053099522
2 228 365 483810343
3 384
4 88
3 378
3 402
1 98 445 366899660
2 104 473 509900757
1 161 472 61992527
1 101 467 331741778
1 398 435 598802421
4 51
2 43 180 483264083
4 16
3 461
3 330
4 157
4 84
2 139 208 994837487
2 60 155 114191056
4 117
1 109 143 554891338
4 180
3 281
1 169 312 472375217
4 113
2 213 500 3624414
2 57 445 235922407
1 203 447 10910028
3 238
2 457 473 449503479
4 89
4 112
3 252
1 32 418 54686224
2 38 300 713999966
4 165
3 454
2 2 367 642446914
2 117 240 183351639
4 33
1 158 164 646356239
4 52
4 20
4 120
4 199
1 312 475 674359242
2 203 319 467137976
2 155 361 535484771
4 53
4 179
4 219
2 159 395 511377365
1 138 409 41594135
3 370
1 251 392 431205427
4 43
4 79
1 116 125 334123960
2 11 440 556968128
3 233
4 206
3 264
3 487
4 97
2 335 497 631591889
3 433
3 499
2 253 416 190137788
2 224 413 782474386
2 30 72 960733453
3 148
3 340
4 153
3 252
3 42
3 113
4 30
4 218
1 253 291 361437922
1 207 457 249161224
1 324 328 1019629278
1 310 339 172524959
1 172 491 1002937213
1 33 479 990724462
2 227 450 859006719
3 250
2 384 463 825215594
3 372
2 139 498 621077327
4 198
4 237
1 91 360 452869026
2 241 354 943152022
4 27
2 17 495 310664308
3 351
2 44 161 434594428
4 211
3 206
1 97 407 68997798
4 162
3 211
1 168 211 1059582107
1 214 302 176442836
1 379 486 643408060
1 88 290 878562202
2 7 377 1004685984
2 242 290 445971949
3 424
1 177 242 527479265
4 101
2 357 443 789655353
2 156 195 509857253
3 395
3 139
4 4
1 111 427 624768144
4 76
4 103
1 95 284 189126147
4 278
1 446 449 702888002
3 317
4 277
1 94 331 654671506
2 191 232 367159828
2 382 446 798118269
2 231 355 638532188
3 113
4 59
4 280
4 95
4 275
1 35 416 298743755
4 200
4 169
1 248 394 1016624133
1 163 196 209344072
1 217 385 966158521
2 109 244 332291658
2 439 452 1051956657
4 207
3 220
1 88 130 331404472
3 274
2 317 437 880128954
4 298
1 105 268 1049944370
1 216 442 191712822
1 130 360 711791154
3 90
4 282
4 256
4 310
3 240
1 150 310 903376717
2 8 470 747154570
2 92 226 664478943
3 18
3 5
1 113 325 629400316
1 162 489 380112136
3 27
1 177 459 558087324
4 128
4 330
2 321 499 977896365
4 213
1 282 388 252551248
4 210
4 333
3 209
2 38 297 628650724
1 156 371 329055209
1 70 167 205397948
3 465
2 60 495 846442865
4 3
3 500
1 183 231 133675214
2 245 424 372969097
4 230
1 59 178 231394448
2 44 193 819254449
4 118
3 420
3 17
1 139 447 967266359
2 97 430 1047970630
4 347
1 271 275 393961824
2 25 150 51018292
4 306
4 140
1 150 190 311723704
2 143 221 835760140
3 116
1 418 484 332189209
2 63 174 869965335
1 29 353 616882805
1 40 71 548956006
4 191
3 369
1 67 184 386590470
1 374 444 1018297204
3 108
3 317
2 11 237 983162617
4 231
3 9
4 267
1 228 274 808922332
1 436 482 159474954
3 307
4 181
2 113 492 656737330
2 33 434 944988979
3 193
3 382
1 318 490 181027516
3 325
1 64 423 858672751
1 217 256 803442532
1 233 270 717880914
3 451
3 443
4 276
2 44 252 116269656
3 232
2 73 286 105837755
1 125 196 32488645
2 220 288 593536184
3 224
1 262 293 431301137
4 394
3 204
2 425 457 228592520
1 66 277 496577295
2 210 460 601546613
3 384
3 281
4 353
1 125 195 540981236
1 17 205 894030680
3 384
4 154
3 112
3 337
3 343
1 244 263 955055373
1 262 408 127289078
4 284
4 388
3 280
3 198
4 257
1 329 334 703454638
3 418
1 159 299 185367739
2 441 449 863158870
3 262
1 50 279 1019662401
2 391 436 239387698
2 189 296 997298960
1 202 235 703110977
1 6 320 145342701
3 436
1 105 351 747640689
4 396
2 226 341 509648038
1 33 65 691829362
2 215 462 388654287
3 102
2 111 222 746284175
2 110 380 371297619
3 240
1 270 453 175293869
1 173 193 307063087
1 13 152 419639588
1 76 339 12261646
3 353
4 272
3 336
2 89 500 630511608
3 10
4 129
4 102
3 206
1 72 334 377686190
4 321
4 297
3 116
4 38
1 102 339 601215689
3 188
4 135
1 93 398 231391053
2 190 259 971765811
1 147 214 321928083
3 53
4 410
4 145
3 241
3 468
2 82 402 877925050
3 105
2 224 285 327123101
4 285
1 54 389 433731352
3 317
4 8
3 95
2 93 258 287924852
2 176 479 1014497103
2 200 310 571331135
4 10
3 93
1 167 189 24862580
2 53 388 550498875
1 411 451 117679781
1 281 349 460925463
2 331 443 623463465
1 197 324 986987685
3 246
1 96 482 601967381
4 485
2 341 358 169768158
4 184
