704
9 114514
12 15
4 14
11 14
2 20
4 5
17 18
7 10
6 10
1 8
12 114514
8 13
2 8
3 6
4 16
3 16
12 16
10 16
8 13
13 17
7 16
5 11
12 14
8 114514
7 19
9 17
1 11
8 11
4 19
6 8
7 8
7 20
12 114514
6 9
8 9
5 18
12 16
2 3
7 16
7 16
9 13
13 15
8 18
5 8
8 18
13 114514
5 7
2 11
8 13
4 9
7 20
2 13
3 20
16 19
7 16
1 3
1 20
1 15
2 15
10 114514
9 19
10 17
9 16
3 20
5 12
5 17
9 13
2 10
1 20
14 16
15 114514
5 15
3 5
9 10
9 18
2 9
18 19
1 4
6 17
2 4
6 12
11 20
7 9
9 14
15 18
2 16
15 114514
11 12
4 13
15 20
2 20
6 7
10 14
15 18
4 15
6 18
2 17
3 13
2 7
8 16
3 13
6 7
11 114514
7 20
7 9
10 17
3 14
8 14
7 13
4 18
5 6
9 13
16 20
9 16
14 114514
2 9
14 15
4 20
6 9
15 18
5 6
5 11
11 12
1 7
3 7
14 18
11 16
12 13
7 16
6 114514
4 14
10 15
8 9
8 9
3 5
9 11
8 114514
14 20
18 20
1 9
7 14
5 10
19 20
3 5
9 15
9 114514
15 18
13 14
2 11
19 20
7 13
6 7
7 8
10 18
2 13
14 114514
2 14
9 15
9 16
10 17
17 18
3 8
10 13
6 19
7 13
5 18
7 8
3 4
10 19
8 14
11 114514
9 13
8 11
3 5
10 14
9 17
16 19
9 17
8 20
11 14
12 16
2 17
6 114514
9 13
14 17
5 14
10 11
4 7
3 9
6 114514
5 19
3 14
6 12
4 6
10 18
11 19
13 114514
10 16
8 20
2 10
5 6
6 10
6 13
1 5
2 4
12 15
12 19
10 20
8 10
1 14
11 114514
3 11
7 12
14 20
11 12
1 9
13 18
12 16
8 17
6 19
3 15
9 18
9 114514
3 19
11 20
1 8
15 20
3 12
7 12
3 9
5 6
5 19
14 114514
2 16
18 19
5 15
1 7
10 11
9 16
8 19
9 13
15 17
4 18
5 10
2 18
14 18
17 19
15 114514
1 4
7 12
9 11
11 20
2 13
8 17
16 18
7 19
3 8
6 12
2 18
3 14
4 6
5 8
4 8
9 114514
9 19
10 20
9 13
3 12
2 5
7 17
8 15
2 19
5 9
10 114514
4 9
5 11
6 19
2 17
13 19
13 14
4 5
1 18
17 20
12 16
9 114514
11 15
3 8
3 14
5 19
3 10
1 3
5 7
11 16
9 12
14 114514
4 15
8 9
1 20
16 20
2 3
8 10
6 10
3 10
8 14
12 15
4 16
1 18
15 18
15 16
9 114514
4 15
6 18
11 15
7 14
3 8
14 17
5 12
5 16
5 9
15 114514
8 20
1 7
8 18
11 12
14 19
9 15
3 19
5 8
8 17
11 20
3 15
17 20
5 19
1 13
4 8
8 114514
3 8
4 11
3 13
7 8
7 13
9 18
12 19
1 20
10 114514
3 6
5 7
1 18
4 5
3 4
5 19
10 20
2 9
6 15
2 6
12 114514
2 19
7 10
5 6
2 14
1 7
18 20
1 16
16 17
2 9
2 5
2 6
5 11
15 114514
16 18
2 3
13 18
16 17
7 13
7 14
14 18
1 13
3 8
9 20
8 12
9 17
1 12
3 15
5 20
11 114514
6 9
8 17
5 12
3 10
5 9
1 9
11 12
4 7
14 16
6 9
9 13
9 114514
4 15
16 18
6 10
1 12
18 19
7 20
5 14
8 11
9 17
14 114514
11 20
3 4
1 14
3 20
4 19
1 18
1 3
2 11
2 13
3 10
13 15
12 19
1 10
1 16
15 114514
5 14
8 13
7 18
1 15
14 20
10 14
6 7
4 13
11 12
10 14
14 18
6 7
13 20
13 18
11 15
15 114514
9 20
8 20
7 20
4 19
1 17
7 12
8 19
5 13
5 17
1 15
14 16
6 14
13 19
4 20
1 19
14 114514
18 20
1 4
8 10
8 11
8 16
3 20
2 8
12 17
2 13
3 18
12 13
11 19
6 16
2 9
12 114514
11 17
4 11
13 16
6 19
6 10
15 19
9 13
12 16
2 17
5 6
13 17
11 14
15 114514
12 15
14 19
4 15
6 9
7 18
12 18
1 8
13 16
3 4
9 14
5 20
1 2
5 17
13 15
1 6
8 114514
4 6
1 19
9 20
1 11
5 6
2 7
1 17
8 12
6 114514
4 20
3 16
16 19
4 10
1 7
2 5
13 114514
1 17
5 18
7 16
4 5
5 9
9 16
1 20
6 18
19 20
5 15
9 15
1 15
13 15
10 114514
12 16
9 15
2 20
13 17
10 16
6 10
5 17
9 16
14 17
13 16
7 114514
1 19
11 19
9 15
13 20
19 20
14 17
6 10
8 114514
4 10
2 14
3 17
1 9
8 11
11 15
9 15
8 19
14 114514
4 20
5 6
2 3
5 16
13 18
13 17
3 14
9 19
11 13
11 12
7 8
2 7
16 19
12 16
12 114514
5 11
11 13
14 19
5 9
14 15
3 14
12 18
7 15
1 2
17 18
1 4
5 18
12 114514
4 9
11 14
3 12
3 20
12 18
2 13
10 16
3 19
15 20
17 18
4 9
5 13
12 114514
7 17
2 16
12 13
9 16
3 8
8 18
9 15
9 18
7 20
1 3
10 15
16 19
6 114514
10 13
14 16
2 11
1 11
10 17
17 19
8 114514
2 8
12 16
13 18
5 9
1 3
2 17
9 12
5 9
12 114514
4 14
3 4
19 20
17 20
5 7
6 10
4 10
10 13
11 19
11 17
6 15
12 15
15 114514
2 4
8 11
2 10
5 12
2 6
5 18
4 6
12 20
6 15
3 16
1 14
14 20
7 12
2 20
12 19
9 114514
6 17
13 14
6 16
14 15
5 7
12 13
9 14
10 11
17 20
6 114514
12 18
2 15
8 16
1 3
4 11
4 19
13 114514
1 9
1 3
2 14
3 4
13 20
3 15
6 12
1 20
6 13
3 15
6 11
3 16
11 19
9 114514
1 7
7 17
16 18
4 19
9 19
7 12
8 20
9 19
1 15
12 114514
1 18
3 19
1 3
9 14
12 18
3 14
9 14
12 20
14 18
7 16
2 10
1 17
7 114514
11 15
7 10
18 20
10 20
7 11
15 20
1 9
8 114514
3 9
2 20
3 13
14 17
2 4
3 4
7 19
6 15
8 114514
18 20
12 13
9 13
10 18
14 15
14 19
18 19
4 12
7 114514
1 6
3 16
10 17
12 14
7 12
3 8
5 10
14 114514
2 20
6 12
14 20
3 8
13 14
6 18
2 8
12 17
2 14
9 18
13 19
11 20
5 18
3 20
7 114514
4 16
1 9
9 12
12 20
1 18
15 16
9 20
15 114514
6 14
8 14
1 16
4 11
9 15
11 13
8 12
8 10
6 10
4 9
17 19
1 10
1 19
11 20
11 16
7 114514
12 16
2 17
11 13
8 18
11 17
12 17
16 20
7 114514
9 11
6 12
10 16
4 19
5 7
1 17
1 4
12 114514
5 17
6 10
6 13
3 16
2 10
6 20
5 11
18 20
4 19
2 8
4 18
9 12
15 114514
14 15
1 2
17 19
3 13
1 14
16 19
2 15
5 8
8 11
7 17
1 4
12 20
8 11
12 14
2 10
6 114514
16 20
2 20
2 11
1 11
15 17
1 11
7 114514
2 13
1 9
1 12
1 4
1 10
9 15
3 4
6 114514
2 14
7 15
12 13
2 20
3 15
14 16
12 114514
7 19
10 19
6 9
11 19
5 11
11 17
6 12
5 8
9 14
6 20
4 11
4 7
10 114514
4 9
8 20
7 8
16 19
14 18
2 8
8 12
6 14
10 18
1 17
10 114514
9 13
7 13
11 17
1 18
1 16
11 19
1 20
10 11
13 17
5 18
9 114514
12 20
7 13
10 18
3 19
4 9
8 10
8 13
14 16
3 8
14 114514
10 15
2 13
4 19
2 10
6 10
2 16
17 20
14 17
5 11
1 8
2 15
17 19
11 13
1 6
6 114514
2 14
10 15
2 20
13 18
11 20
13 14
8 114514
13 20
9 17
14 17
6 12
11 16
10 15
1 9
3 13
8 114514
5 6
8 13
13 20
4 15
6 11
6 19
1 13
1 19
15 114514
13 18
2 7
10 15
15 17
1 12
13 20
11 19
11 15
11 13
2 14
1 4
3 18
2 8
10 19
5 9
6 114514
1 14
2 12
5 16
5 6
4 14
14 19
14 114514
11 18
8 11
2 19
1 3
10 20
4 15
8 9
1 6
6 10
11 17
4 19
7 9
14 16
2 16
14 114514
3 7
1 15
5 6
3 10
2 14
5 10
12 19
6 18
7 20
14 18
8 9
2 18
11 17
2 19
15 114514
6 14
2 17
13 17
3 19
6 20
8 13
8 11
4 8
1 5
7 18
15 19
4 13
2 20
14 15
4 19
13 114514
2 8
5 11
14 19
3 9
3 7
12 20
6 14
13 15
15 20
13 14
5 12
3 17
13 18
8 114514
13 14
9 15
2 14
17 18
10 18
1 18
16 20
10 16
12 114514
6 19
2 19
3 13
9 10
4 16
10 13
2 18
6 16
5 7
2 7
1 8
1 20
13 114514
8 18
3 18
10 19
5 14
1 2
1 8
4 18
7 9
1 7
12 17
16 18
1 8
10 11
7 114514
8 17
6 13
2 6
1 20
4 16
5 6
3 17
15 114514
6 11
7 12
5 12
5 6
9 16
2 19
6 15
1 7
8 11
3 18
11 17
1 4
5 11
11 17
2 10
13 114514
7 14
13 16
3 18
9 13
3 12
3 7
7 19
12 14
15 17
3 10
1 8
13 19
3 11
14 114514
17 18
2 16
4 20
8 11
8 17
1 18
1 6
4 10
12 20
9 17
6 20
3 6
10 13
8 20
12 114514
2 4
5 6
3 19
10 19
3 5
4 6
6 17
15 20
6 11
8 20
5 19
14 18
12 114514
6 13
10 12
3 12
10 15
8 13
18 20
3 20
12 13
2 11
4 7
7 19
10 11
11 114514
7 18
19 20
4 17
18 19
7 10
12 18
9 19
13 20
5 10
3 16
6 9
10 114514
13 15
8 13
5 20
5 16
3 15
6 13
3 10
8 12
11 20
10 18
10 114514
3 4
13 18
7 17
5 20
9 12
4 15
14 20
18 19
13 20
1 12
15 114514
12 14
5 6
11 15
5 20
2 14
8 13
7 10
8 18
15 18
16 19
1 11
14 20
1 20
4 18
2 9
9 114514
2 5
4 20
1 16
1 16
1 14
13 14
2 19
3 9
13 18
8 114514
11 14
4 16
1 15
14 20
1 14
3 12
6 8
7 10
8 114514
7 8
1 7
11 20
8 20
4 11
6 8
2 7
6 13
9 114514
16 18
4 17
9 12
14 19
17 18
6 18
10 12
19 20
19 20
11 114514
7 17
8 9
1 18
3 8
5 11
7 16
1 10
13 18
4 14
8 16
7 20
9 114514
6 13
5 12
16 17
7 18
13 20
16 18
2 17
1 17
8 18
12 114514
2 4
4 15
1 19
4 17
2 7
7 9
7 9
8 12
3 20
14 16
11 17
15 17
8 114514
11 20
6 10
15 18
11 20
4 15
11 18
3 8
4 6
14 114514
5 7
13 19
7 9
8 11
2 13
5 9
11 15
3 7
3 18
4 14
6 15
10 14
8 14
6 16
9 114514
5 19
4 13
6 10
5 17
5 19
11 20
3 12
2 18
1 19
13 114514
2 9
14 18
3 12
6 13
5 12
10 20
2 18
4 16
6 11
2 17
8 13
2 16
6 18
11 114514
3 13
9 14
2 3
19 20
3 18
2 16
6 8
3 13
10 14
11 15
1 6
12 114514
10 17
9 13
7 19
15 18
4 14
1 6
4 12
12 14
11 18
11 19
8 20
1 8
9 114514
5 18
7 16
3 20
5 8
6 18
19 20
7 8
4 6
1 19
8 114514
4 5
1 14
6 18
4 18
14 16
11 18
8 14
7 10
8 114514
5 7
4 5
5 12
8 14
2 8
9 16
3 12
12 17
6 114514
3 13
9 15
4 5
7 12
17 20
7 20
10 114514
14 19
7 12
1 2
2 3
4 11
17 19
12 14
1 2
18 19
2 19
9 114514
1 6
6 16
4 16
10 18
2 9
4 16
4 10
2 12
19 20
8 114514
2 11
4 19
8 11
1 16
16 20
6 20
4 14
3 13
14 114514
2 9
5 14
3 13
6 12
12 14
7 12
1 14
11 19
13 14
7 19
10 17
10 11
6 17
7 12
7 114514
15 17
16 20
14 16
13 20
9 11
7 18
15 18
10 114514
2 3
1 4
3 20
1 2
5 16
3 5
3 5
8 18
10 16
8 12
10 114514
3 9
9 20
4 18
11 20
8 9
11 20
7 20
3 12
9 17
7 11
10 114514
18 19
1 17
12 18
5 10
9 20
8 15
1 17
6 14
8 10
13 14
6 114514
10 19
5 18
13 20
12 18
8 16
9 11
9 114514
2 3
13 17
8 10
5 18
6 7
10 13
11 18
4 16
3 13
6 114514
1 5
2 13
3 7
9 11
1 14
7 18
13 114514
11 17
8 19
8 9
5 15
9 17
4 9
1 11
9 16
16 20
7 11
4 18
8 10
19 20
13 114514
1 2
4 18
13 18
16 19
3 6
3 6
15 20
2 20
7 12
10 15
8 18
18 19
8 15
11 114514
5 20
6 9
5 16
7 9
5 15
2 8
1 7
11 15
12 14
2 3
11 15
9 114514
6 16
13 18
9 11
4 11
9 15
2 3
6 18
2 18
2 6
12 114514
1 8
6 10
3 8
4 7
17 19
1 5
4 5
7 20
2 5
3 17
14 19
12 17
13 114514
5 12
6 13
1 13
