200 200
rrrrgrbbgrggrbbgbrbgrgbrbrrgbgrgbrgbgggrbggrbgggbbbbbgrbrbbbbgrgrrbbbbbbrggbbrggbgbgbrbrrbrrrrrggbggbrgrbbbbbbgbbbggrggbrrgggbgbgrbbrrbrrrbgrbrrbbrgbbbrggggrgbbbgbbbrrrbbrbgrbrgbrbrrbbrggbrbbgrbrgrbbg
1 138 g
1 38 b
2 43 49
2 1 200
2 65 187
2 17 171
1 35 r
2 15 182
1 111 r
1 23 g
2 1 200
1 31 g
2 1 200
1 79 r
1 71 r
1 75 r
2 37 187
2 1 200
2 1 200
1 198 g
2 32 167
1 51 g
1 183 g
2 1 200
1 105 g
2 1 200
1 53 g
2 49 195
2 1 200
1 62 b
1 50 g
2 51 178
2 150 157
2 12 155
1 188 g
1 58 r
1 124 r
2 91 200
2 168 191
2 34 182
1 123 b
1 184 r
1 18 g
1 107 r
2 120 175
1 143 g
1 97 b
2 174 181
2 101 102
1 124 b
2 157 159
1 178 g
1 65 b
1 115 r
2 1 200
2 58 166
2 1 200
1 78 g
2 58 193
2 17 155
2 51 197
1 158 r
1 72 g
1 46 b
2 163 174
2 56 59
2 40 193
2 1 200
2 1 200
1 34 b
2 1 200
2 27 197
1 11 r
2 5 160
2 111 118
2 12 170
1 154 b
2 47 147
2 85 196
2 65 183
2 170 176
2 25 26
2 74 198
2 77 187
1 102 g
2 55 161
2 171 178
1 128 r
1 117 b
2 1 200
2 92 160
2 161 166
1 94 b
1 170 r
1 10 b
1 118 r
1 129 r
2 1 200
1 89 g
2 133 141
1 154 g
1 9 b
1 113 g
2 134 183
1 125 b
2 1 200
1 121 g
2 1 200
1 96 b
1 57 b
2 34 38
2 47 198
1 41 r
2 96 195
1 179 b
2 4 163
1 39 b
1 62 r
2 4 113
2 23 195
2 23 152
1 116 r
1 51 r
2 97 196
1 139 r
2 1 200
2 1 200
2 1 200
1 136 g
2 90 195
1 17 r
1 62 b
2 98 98
2 1 200
1 95 b
2 173 181
2 9 182
1 65 g
2 1 200
1 13 g
1 177 r
2 49 49
1 68 r
2 36 181
2 100 200
1 139 g
1 2 g
1 118 b
1 149 r
1 199 r
2 99 194
2 55 154
2 31 142
2 95 196
1 96 r
2 48 173
1 156 r
1 169 g
1 86 b
2 90 97
1 56 r
2 88 190
1 197 b
1 106 g
2 127 184
1 116 b
1 178 r
2 36 86
1 47 r
1 102 r
2 72 189
1 10 g
2 1 200
1 79 g
2 122 176
1 175 r
1 56 b
1 7 r
2 1 145
2 1 200
1 56 r
2 190 193
1 189 g
2 19 129
2 1 200
2 16 159
1 89 r
1 69 r
1 178 g
2 34 150
1 21 g
2 13 54
1 168 b
2 1 200
1 13 r
1 54 r
2 160 161
2 28 162
1 121 b
1 89 g
