1
2
4
4
7
7
8
8
13
13
14
14
15
15
16
16
25
25
26
26
27
1
3
4
7
7
8
8
13
13
14
14
15
15
16
16
25
25
26
26
27
1
3
6
7
8
8
13
13
14
14
15
15
16
16
25
25
26
26
27
1
3
6
7
8
13
13
14
14
15
15
16
16
25
25
26
26
27
1
3
6
7
11
11
13
13
14
14
15
15
23
23
25
25
26
1
3
6
10
11
13
13
14
14
15
15
23
23
25
25
26
1
3
6
7
11
11
13
13
14
14
21
21
24
24
25
1
3
6
10
11
13
13
14
14
21
21
24
24
25
1
3
6
7
11
11
13
13
19
19
21
21
23
1
3
6
10
11
13
13
19
19
21
21
23
1
3
6
7
11
11
16
16
19
19
21
1
3
6
10
11
16
16
19
19
21
1
3
6
7
11
11
13
13
19
1
3
6
10
11
13
13
19
1
3
6
7
11
11
16
1
3
6
10
11
16
1
3
6
7
11
1
3
6
10
1
3
6
1
3
1
