-85983342200725386815
731182146344391660
1475020537139603580
-64527155108147675223
-526562305515258480
-74160612826668787287
-403429215047664705120
3208515229419179376
-463021541932360863457
-115102582377082177322
57315298389822480955
-119700660725645824
-586131542624062800
358676150838925924144
-2424353756332615320
494832237546510500
-331206500180341071
241127757283542220
-504233946160050204
-152750013379930396
2078049620759429328
-2461000105123155800
-176793015782552403584
89505642113340646827
33650742419670543540
1056827506585375431
-795823810613365929
-230080712694802032
205535153513890132
-1314696395598606900
74095076983738132960
-158645050049498931000
313112801216126240
-460404348438844213
-42284125098662097
-75332178011245992
372605149864021119
-601946612894435700
55952284053184015
334815677336666960
-1291092369010905249
2738276820462734460
53470570194997383080
-2342948793451816720
-53913005955163884672
-191648007279153922912
526280682367087207
-1607119192704352200
66455849112197720
-8026531381958952
357814285928892765
-503594900802688968
684378906519069650
-1370752075648457940
1250737223124358948
-985944785897117720
-29591680998381462600
403232348995562447480
-594985688907559209
-314690851808017776
35142447102001720
-2177268602676833916
101472771393946797
2488906121518308192
484495687557987698186
-841710206354854068
200732384986112003
-18512317310535389
-278689891781594632096
-258578673533548576
-29855708190388080
955283522953956936
966814612738331544
-626039118230460417
1709295229328468292
-73448837848586720
1860188002229086299
103502501105833306900
-88574996257415542784
1493915791755233952
-289652456911091139085
917191209544004496
316719034529992151
200220038418248160
126082587239257362093
878878734771321375
2185465306463227044
-112672106470674105
1906534439712799365
-129035990400891497133
-325218575131187129964
-1126690112793140676
710711222060132848
-276199926823772480
979789370374597289
109775938561394392
255365832283310249488
-213338259880990465
-1229596790899064688
174683007548297259
-350928351581146885
624127376701747800
-786715086714532257
667500819613411581
1181989858748639931
562386376877398768
12315456172696748600
63072053562019305048
11159304646494978800
2239119976111549212
171872942085283320
-1855123033382747689
-419965967929943344
-42487536406788528
-666491059799371872
570632744812674648
3530545193057586
-319104847109389700
912227964284651040
-762341143765786872
-1793726037689368848
1935794295669278940
-4804693828439422400
500495284144626639568
880502066919471033
191182958087637245
-31471127143122767232
-529481051654056128
-500245983320151435
1671206608064218704
-1563029014473925304
-64082938139456208
-190498988641993946970
1001972253719432700
-16878243268311843
89854252559620191
-920448648884680560
69079273543169532
-521990739080180042244
-433769838991297580
-303426952493554395
108660996353445964800
-1521579185103333650
877157252585511240
-17729367328624800170
-564686948882090848
-472675861891645090338
32545034900213746365
6523082687899333220
379114895789924780
357632905059921568
1571645706704326512
-375362726723113885
1049896920882386584
43862726513899656
-315833139195452340
491549691798927985
-128380632920368920
-281214614671602341851
-1004399412388184265
55459774583839335
569515794809176944
-408648766652567318196
-879975264848370038
53478034280292780
813687731496339372
-311671062318678216
294545269114140958
-376844926191778364684
185093031321986161726
-307334193869237809887
-4855762781261181600
-419371712042908584
391190741768295188
142235440304417280
93448914989348094
43181266676449121844
1447932571409828108
-102476724471954215600
166898632564700568
254618268313248514440
-788054244708927924
-249750759478479292740
1315254896012876700
293991138506046707324
3557176698771956672
13723481794511624640
-262449330839937143
63245225163911427
-436723625464124643634
-13949227142726872
-691135379509490496
935668912298101335
914749561172994449
-466413651184642816
-63972106497911613312
-488013824207512512
263076057953638930100
67487516097959163708
2181553515799326900
-137665612144405199520
-303178574389423837920
326367619186244844
919791158654497215
8699207147696923776
-944439116658639672
47186852874945803181
11222801920025349040
1033557266818440
79118581455849132
366596843235186621
-31593283904357646583
-722657089094985184
167309667009838545708
449594981088056972
-337004284159165438752
446376509017537021
-806897324494185659196
2385842019030753140
223247135217085188
-576660255258556079
183888652316208601
-602244086403398544
65976025955770861068
-85439068068325920
-1023698656686716267
64108125472396019
-457167118368813446100
483370543700505174168
114922083928403492
-56798049348006711085
-307537099923994634733
-193624490258456714991
-582436012122812925
-1993979270613336500
284999312383737770400
1029244544371689052
562819712988185874028
1682074691271515700
-14767583876192460099
-3612738728103569960
-216631507074707776
10547241735275888924
194026541276991808
-64186348886272817472
-1463623155552048711
-582291184828148529
188639164042500992493
-1830160616686734591
-56304767845260800
102893594109256800485
-170156685728546867840
-6500621060393544
654755203705038168
154049559425541024
877655783155177936
64725859499879208
7332546820931274592
985884277720017580
473518469169275201
321704396368763247
1187998366070500644
-699438546843642600
-11192215706398376
119327191236297715
1332750977545248360
-17450490170241876048
238888445791762500
295690805585198655
-1056333012145613
-397817016272365411592
1145054957926047480
42400162688837973
-175564030543499946902
334388926005183672
-100373248591314432
1281690027595412352
-1190172636300603316
-400026355946618835280
-40092978108069640140
-206547742811208525
517204006443401592
3178288486208137092
156319525392895645892
-1591049325722244424
327682875617909616896
-828316028712180969156
139627857168057600
97777214573334782304
-707931074939191299
2137679036025106257
1315387572819130144
-15166028625734755
3236039908229074752
340828845150771420431
-218576957912070696
-109889329339986768
196214018887429855
-527979319850212923
-1661803801374004352
613197689158803045
-1840095652423650570
849011039149682400
224233790268927582
-320566003611227941
-163905667770838400
151119945080355380
195912396248017011700
1303228533721793736
-223470463681133091680
17161433152893554532
33612678929829891
-2929649402849801632
-6838585888871155004
-76396217023569711858
-154904922152465501
-128401147544575954304
67622825041405305427
123198467968439362752
-97354895419090228
-1857033409302140356
-101742420796988972
2539361150708387200
-601294312415448920
-201393960705146875
630984985368109120
-1381767641376641464
1279789866664392600
-341634074942000700264
32349553711285939074
4497887286595758440
-6902873749316646540
-672357991501799393
-16533752442065505
185550891023194232256
-243732293702342093
-71774941003614139663
514500201420057096
-1623110052168611848
-227291399813621168
-754978089848721756
244197632959947924
-841446372663400467
-1126395414396039480
-455788357767623808
137088587404069356
357268560883500025
-196725400429696160169
18382470939265569414
-431267357870079900
-6845383733677458072
198936678140263513125
1286668229058173480
783708626035109198
738518330772349560
134288384801514926688
162105022307498225868
402035385182510736
657157227291477360
177870015126773362
-172852230625568591
-2028594138618411364
700458821365054319
-529490855738662335488
-5085104063694761106
1575119122293645675
-574488825693927489
-400804702722016893283
5632212082141347672
2455684741812252552
1456632423611222836
-442149978964266160
-381825535880877312
38889596809530885
-4099124681164217187
-243039297352753440
1577440091749179702
7641096801965021096
755882329624698276
-218681107996009728
56560211873125640
790838820193659548
-7299340911648927105
968007168017312016
1090314757784297262
9814883654746215485
-384377953305020175
3437571575143130734
-778529103081033836
1453988648489906940
224675615989326327840
-2278815428481741198
-117967480240098005
199901153257811140968
181481182911080240
-236063362986203352255
175370816361140580
659183325301472268
-728207716197447960
-523833696573283832
571364082527882128
-232559981224850688
-229742671375804865
-750004351440523992
-232249881309360912
2777703962610067320
561143114085355980
-175394410616999440
640186510773280429812
-5480107632273923208
-3291215708040785924
1019774774102627184
1310547518823491868
-828360629898828
453126052165135856
101026775956924935
578393093820510800
186783254486186333976
2292595879456435378
-746878560084363440
236654348032532479806
-136187334086813974016
-5937022773350910
11420045046492997156
1379179784131246332
-441451349584980955
197066263837843339764
-59693372951087115
624957275965791549
130720397608442447424
347548097969155236
-606475398574525480
446557064801884320
97556661944386176
-75156624612691618348
-246546641731697515
-2935848039255331386
-696613420121327159
135874794355834368
-1105079580557728260
549506962142549216
123814145946740292790
-87536609751600840
-100330416395701975
-179245810789275815
328968737081287608
55863116586024626263
436167618952228625160
-44669445863401815106
-1098753031602174287
4319907281099136
-77516398861604583
-147006665536407686009
915641984944404768
51073993481202416424
-2407341091156209
306446727819337056
166199074193985360
52592827615781184
118060129716854073504
-412867854813861654096
-227770920890207579
-60401329366524096
-86928683595858016
201968820266148446632
-1516088714381359569
579848500148262729
-142346679790304745
-386304064113885457977
94911011591793480
-418998320187878970
95795004451636018200
-1734280489959833364
-2456628274102792316
73726806302802128450
1545389802675286056
3214747404431930160
-633117744367692338
165667705402425768
351879769039951920861
-262635799961105856
-194775991210878400782
1776404249822010336
133237125528127896
216308113877315937540
-1646665836169473714
-2224750034238581740
-1392863719003746247
1402315699381674771
-502440217235973888
-1944918573858089799
-765181020267612612
-176301110285600300
-1484839358727866856
-112802952876661421465
-6602788423842480
299319977556367500
213072443286566045
4034158416190636032
861370941356917461
-28836233267164779520
-96402256741268772
-429604061782722346719
-169488274912029257255
-363591250934772780
475779835504929312
-544169684186858112
170089992095174218320
-591002360549158851
620719705157863025
-8748389334247819792
-3335109921403609116
-205240154979534754464
-1552387848036229991
-2040304642958442000
407192878939803600
-1488853832697347480
-14946574125147730175
127311364557636231
245191774659038524
-316709239708009469392
-65880538906825344144
-703218290620790837
106521944621669036
69858167056559833280
219799133461672736
902303031016082552
634959130657670355
942507683342232450
380582651996450519
728312718736089615
-1375664363839037216
-143435903704423341350
56695875264014651700
75093751938367872
429120697823262456
178934011747226956
-2234170982422733348
892224573331179888
-119031223224478455
167550487118330377888
77130990968831527080
-23581177657318764
105618471132333753044
-155650922129825605888
-607743760235443560
7969512724981504
1480400390641505996
468223994371853434320
19607386030712110116
299527932217754417110
241408597846907504
4579966751284649888
446243151812469000
-345317669169991578
-2456566663122702663
-1931148759460694410
-42464295248031619040
14588138079992962800
132546799620221733
439867728938941931946
-449153423472776256
569204718643959254922
-126443731748881445742
1524022660433092608
-477866635271576724156
-830647941424282880
-1054773642824383939
103148694103445805937
367225677625097088
12344255487877120
-17412724502733263862
-763443495755725557
-860863767892907030
148249164644791749
312154912858952413092
-1004496602375041491
-132401266002863740
-1418852599328018880
-429783071119705585
-741266373956102889
-34560119881981920
738890510124498501
330068852016540768592
16764552388475196
7511428096259260
-824241625966629687
16806825971633760
-38723510783782862100
-248963039601537888
158255026544170860941
701789747930371248
-861946771916390685
-17490753401558458482
831562556127734375
142469878926705795
22306866253659265133
2414999209911502753
1369636904485463040
-362544045916040015
31748779832978158160
1956226209595099431
170423269732827288064
84927012611581668
3204338926263571518
101595656713720374144
488713027586476476
164583402725960731632
-1225627354041936016
290319180605733735
1305144942951452160
-303673750192701168808
-102412869327174656
-2013497840533048640
-1394531145462596625
-134637970160740800
72831948743163347751
-491596826141329184
623937939330905899596
150126694456391920
32994676814228944420
-356568114282706812
-738377605366419366
-645008329651143611
-1672578982333364890
167087762022416555
-65461994777531943
315802746890103285
-959929550545100460
-645570078552114499776
7333865360583505025
-755977858431553968
-3566753966898848616
395963234457679888
-148430894643190916260
538881402908498801886
382785208293661795
423993949094986168864
-901295666281673520
449441877799866176
-389151414676585991471
-1193655075461943192
-4240556663446858524
-93175567434765824
886671512239553481
-1607810400420252534
620233834559646636
1165179307001276169
54076338154671120
-76586708655890241624
86388449837391683200
876584391308343120
132768315685276545070
-143216000587233696
-217337393225294309520
1309615026109050218
-1168119151497385872
-1436843621740751964
-720506734446227355
6189714235761831285
-260438861232998138
-667742763799086164
-765213746238246480
-180465500903593404
-615235295106347400
-1500351509143464780
-212615925241670265447
831295850421364680
-566232807277163649113
-1608918810966448800
-790956236855140137
-1288293770125141269
-775258101523081680
415234460452774814499
551544606427828065
109615635651621421
-1575820375548864480
297141302043201574
-41432761550386778256
-4581611998232715831
-19747817823135106111
121252009985490595
948981888952342036
-1333179774842184780
-160166787512331424
566541376035238367568
-113344759366596912
-1543613664871876872
-140008682496829715505
-152254651753245440
-565987767635324122704
223537743119280640176
-8716839161822424
-77212634355923232
284972018522133920
-168676083148340923669
-35812036808529360989
-27514372075506769920
-34178873186676151
288675126338604829696
2046399290386839210
598176021101837376
-82096739459058860
-33074566762058703360
275301424162049856
-2189050315494059840
838576469149400025
-1930827569066051491
-971560164070481733
4972832859036812
-293606064988112145
1108615345888385344
49682584559776672
-429908525012414144
-332828781074740924
516055859062758421575
586751504362999001472
-1208254360675694524
-299707700058921899290
-332110760285179395008
239510223082273115
518999534450901993
-4914939654955876
-74040588285732373765
-330385297448215680
-1213827278618836305
-1401346914089362464
-725557660611248446
52258456612434227320
-303232783690956044
2118893023999962900
-6242137843302225280
-787702134420942208
-68956641160312613
3485963585761602120
1697639044966432044
-166369227147957219542
-180562788547071776
-164663209511580902675
-275439714600005769
5108065182859190431
-76293160526972648120
-39616707434725267
570793905188050646190
208913057353619872
280960803644670840
781239876233252655
1274424008284114800
433189267452224276
-2357983248324873308
3367629991482397820
5599174461804856989
856692489231992880
-7155347969648984976
-492956303699069367
-1768728019783910476
-72825923201378277696
24434186592501188073
820653511545365550
-4299453010771878422
-553335121761596096
63702312878180391
294490735989807432
14349484671511620960
172865528604324624
-111725998601519798090
-1220012538433392480
-565698202313225001
-46777719460950280
-239012245292403062298
762560669385172322
-1309941306559365524
-880881836622990675
12071661872412848420
375502602362598816
771210304093061622
-486990007455651140
-118957281029837649
-297953193350134629087
170861078034923051200
-3379605484016005326
-157181079391153704891
-193235177365353382
-308223480246451697
128257223397242348436
150160963659214560
959581633884271263
717557558541796493294
-25243222520321795608
177818840871015173899
170252476977317076
126053336715169813
-2746542131943851488
75674631397437374848
397875974017400632320
418091594535082717285
2199847712812702850
118826019195923842920
63757156923527528820
-582805720860886656
-1247247222156129280
185635505894924112
-135216636832115721700
148741824342695154
2729191624243842235
65833545926335066788
-72701805602608461
-2594060970966523531
-214777641102680315
-2259849856786548852
4055837081249881
-1564694727651375873
1639435588646277465
1023275875874998472
1262493725748201243
62398380609389111
-103552161261857324392
304785474449600365118
421200130803887413
-247302588649726656
3348137291552159237
196339513763485424236
-58034086392929589
1913589775282453680
-33598008636905555316
65110322918902752
-3587894787369676356
91006646588950874392
770705701114397744
296651808984532934128
60896791339596249862
3350535446143947084
1397214114519718120
-874168292628015264
-170855491344690932
153275817408219660
-260371753724586038960
-473288360763801057
347648119144050742530
871314349952402715
-71638211200328679130
862940553749226312
225919961518141287
-678989047871250256
107163815790765272
-1614279996732303888
-5407630716855552
-111603846377791422
82508103158090687
112876337145683048
4487199440644300160
-491818376890326921248
-1544879580655763528
-161261892876908218386
7866740471543940
-39904546754583902496
-896795963007572544
138146814200509712
885569006804310252
-321480012221115735
-912739617842876120
310032639243837913584
52718313843418711900
-753705020919390720
806643420812529447
1843951924931464931
74414332927104372
-203017644801800445
-253682182801760499
181833824391626880
50790845271532275
124655419946576115
3266452328431443888
1127836417968072438
-121672141564191872064
-107959891076148551560
431928734781323150
-2324254128050947280
-376553695507977888
681143553831899804
592878854709035800
1235479346361129780
-133294695397346725
-275897182961092448
-519451989541094721
1137679299070014504
251540240111411664
-1465585449844497408
-716797444766733092448
-1338182715401416864
13127953748620309209
457221065137758208
-9980728116040913
2382015507927516849
-1261634845784164000
100909400938817145489
-47838771651371583800
784155162524563668
-792938344652744988
-520776491361665560392
1344633950354985408
561624688797257304
444464224623678064740
-2461381286631453493
40412398928731926459
-1624937123594174052
211826665886666160
-223394734181707144
-5632911689686839188
1171108290942825795
-105520440341494491145
1248834168340383200
-73529899019968864798
-733422890598373607760
59651577966726004896
-705933367114691420
-1111778027755330000
-34606299212244720
423161061754890840
871573126610925291
-451019569050121472
-60263683224583027830
-286228333799805824840
2981116181654161680
-479543144780041617
29424839562140074880
353503492415891169
26540349105913250
-24615317492486616720
-148162251364580320
87651192538900599560
944831082663975960
-545317589032693716
3283219664910866200
-331028046829126614240
-50032394058623008
-542917031698745785
404113817380472318
1788884618445612051
2020242226630797973
-3162926009408604516
-709721901200470783
2116222586740697040
6028596833535044192
390028751872206075
-231255621774984587
423451399986326203
67918200918792188005
-73712528743805814480
-575814756506913917
141253129994154741
-352875841578961065
2035569377975282616
82766561942625151955
1095741080918298762
-192437110272672744
-1140983760604465120
-127265290174151556
226172408564583840
-531066702322145025
22150157370772795
-2280323933214452739
132464182185701975
-3697826589515917992
-1834720160361718980
3263024586713631888
-337910047607071871
396411213747556480
-1076839396940723899
74324153904852816
-31447771188963557805
569380733087913926
-904989915711598008
-568654866554968473
-182515879312381032
578400374927148489
-23869126791906511808
-399987573767467895
19464418617938514
-158053959076232367960
-29977475027003454016
-204176447420178189
2566060858830262461
-505682451178280960
-377743884833661920
-4547747215251003
-11891904167181600708
-307927754335433060928
-368502711288042540
1221378928160291691
750902432926722160
540205001528250825
-755028671845755360
104287518525271476
2717008387628304000
-71988490944229953386
-525036555876689028584
-301902807614381909992
853596959644604672
106373162361923455
