50 50 20 197 219
6 3 11 8
6 13 11 18
7 24 10 27
7 34 10 37
6 43 11 48
16 3 21 8
17 14 20 17
17 34 17 34
20 37 20 37
33 1 33 49
35 2 35 50
37 1 37 49
39 2 39 50
41 1 41 49
43 2 43 50
45 1 45 49
47 2 47 50
1 1 1 1
50 50 50 50
50 1 50 45
1 19 22
1 17 22
1 17 25
1 15 22
1 19 25
7 32 8
12 25 38
21 30 9
25 31 21
26 29 43
36 28 20
38 28 18
41 16 12
46 26 12
60 25 15
61 30 17
61 29 16
68 26 25
72 26 24
79 22 18
82 31 42
85 29 14
110 26 49
112 31 46
121 25 28
128 28 42
130 31 25
130 28 2
130 30 16
135 30 30
154 26 13
164 28 40
168 10 32
177 28 9
182 21 19
184 28 13
185 25 8
185 22 2
192 28 5
212 31 35
218 27 36
219 19 23
220 31 4
220 15 23
221 17 23
221 30 23
221 19 25
221 17 25
222 19 26
226 28 41
227 15 18
230 29 18
231 27 14
242 27 38
249 31 34
270 30 3
293 29 3
294 27 13
298 25 24
306 30 49
307 29 33
311 30 29
312 30 37
313 27 40
324 28 23
327 25 19
330 28 34
334 27 4
340 25 12
342 5 27
345 31 19
351 25 4
357 30 38
359 12 49
361 29 31
362 30 6
364 27 8
374 25 49
376 25 13
377 30 33
378 31 37
391 31 39
399 12 27
409 9 39
410 27 3
417 26 34
421 6 19
426 30 35
431 15 9
435 28 21
438 29 21
442 27 16
455 31 26
464 26 44
467 29 48
469 29 40
471 29 47
477 28 37
481 30 26
482 30 40
488 30 5
496 31 10
501 27 43
512 30 34
515 31 2
517 25 44
517 29 46
521 25 36
523 26 28
527 31 11
530 6 12
531 29 8
545 30 43
547 27 2
551 31 43
566 28 48
566 5 42
568 26 6
574 28 10
578 16 19
594 29 20
604 31 20
611 29 15
614 28 32
615 30 24
649 29 30
661 12 8
664 5 8
670 30 19
673 26 41
677 30 20
679 49 49
684 21 12
685 22 13
702 33 50
708 30 31
708 31 16
717 25 17
717 29 28
726 28 22
738 25 48
740 28 6
740 25 25
744 25 46
750 28 29
753 25 35
754 26 48
757 15 35
757 16 36
757 17 37
757 20 40
757 23 37
757 17 35
757 14 34
757 16 34
757 18 36
757 15 33
757 19 35
757 18 34
757 17 33
757 16 32
757 20 34
757 19 33
757 18 32
757 17 31
761 15 13
762 25 37
766 29 6
781 29 11
786 27 5
806 2 2
810 26 9
820 26 21
836 31 36
840 25 2
841 27 33
844 28 33
864 27 35
874 27 18
880 31 8
880 27 41
884 26 29
885 30 32
901 29 19
914 27 27
926 31 38
939 26 31
940 27 39
942 26 23
954 27 25
958 27 9
976 29 17
978 27 44
980 29 26
998 26 33
1000 15 25
1000 15 26
