10
40 100
75 72
86 54
84 5
74 3
1 13
63 97
39 84
71 18
53 4
78 26
26 62
46 35
37 44
84 7
41 9
25 39
29 95
37 73
15 16
79 99
36 69
45 98
56 19
21 22
78 39
92 5
18 29
81 62
97 77
34 93
74 92
94 23
44 8
75 11
31 75
31 65
75 19
30 3
56 54
78 26
40 100
25 67
11 34
99 6
67 58
91 52
37 85
34 10
85 74
17 91
17 84
88 100
55 16
21 81
20 85
97 71
88 12
40 47
53 45
49 76
90 9
70 86
37 2
72 23
81 4
51 55
70 62
83 60
67 46
81 87
7 64
74 10
10 23
14 72
35 21
27 75
61 43
34 25
33 89
74 38
91 61
40 100
12 9
95 92
15 19
52 6
8 93
49 81
25 80
73 100
92 6
71 82
71 74
61 49
52 53
88 50
59 64
48 40
85 77
51 36
82 94
67 1
8 6
36 52
2 39
24 91
87 36
63 37
42 85
59 48
41 35
93 18
81 41
80 4
91 37
85 70
36 40
20 98
33 88
79 38
69 93
95 4
40 100
99 22
69 15
54 89
55 27
45 55
24 61
8 87
51 78
73 9
21 71
6 96
32 77
77 16
44 35
78 35
100 2
80 97
76 29
30 16
83 93
11 80
39 30
76 42
60 7
49 41
54 21
10 79
77 17
17 87
60 51
35 93
4 87
93 46
48 29
66 88
89 70
71 37
29 41
75 46
95 37
40 100
80 96
78 36
44 46
19 33
62 95
40 94
30 75
63 49
40 55
91 46
43 56
35 3
27 70
3 21
42 59
15 22
7 5
8 23
75 59
41 25
86 24
41 71
98 86
32 27
73 94
69 7
78 2
22 73
57 86
9 71
14 64
6 58
15 97
74 56
59 47
47 58
85 97
81 26
17 78
70 7
40 100
67 7
97 28
48 38
23 35
11 63
38 87
7 14
87 32
1 29
89 45
92 47
90 96
71 97
38 91
21 87
40 37
63 67
20 64
71 55
87 63
7 93
19 59
94 10
36 98
42 91
48 84
98 49
31 38
3 25
38 7
28 7
22 28
97 95
78 76
41 73
62 66
88 96
48 17
57 92
31 36
40 100
1 75
57 9
51 99
32 58
7 72
26 80
6 100
57 87
75 96
66 55
43 98
29 18
76 63
7 11
39 47
5 98
89 38
10 61
92 21
34 98
79 76
56 39
45 46
4 62
50 5
21 72
21 6
71 20
89 35
86 92
96 34
73 62
43 86
99 38
22 53
27 42
60 90
14 70
52 81
98 9
40 100
85 39
44 23
75 13
35 18
79 18
25 73
92 75
30 92
44 98
36 6
77 55
87 99
33 59
42 47
23 37
84 58
79 87
80 66
16 44
72 54
8 6
100 89
17 98
96 72
94 60
91 81
90 48
64 68
13 48
53 72
88 8
14 41
44 84
39 85
55 46
9 25
53 2
73 4
41 31
97 14
40 100
13 52
80 11
55 89
97 27
37 13
44 34
65 97
33 87
61 58
81 85
46 6
26 53
71 20
39 28
8 35
72 14
23 43
53 21
17 94
62 44
24 61
28 50
24 53
24 38
78 30
82 16
40 79
29 84
35 90
30 13
74 13
72 39
25 32
34 64
70 80
10 27
15 9
15 45
37 26
1 7
40 100
49 12
50 83
72 68
53 60
86 18
65 67
100 7
33 3
53 59
86 51
8 58
32 92
66 15
78 87
39 77
70 14
55 45
18 94
22 50
22 60
10 29
15 32
9 43
33 1
66 29
45 92
94 13
96 19
70 60
7 16
89 18
45 78
3 61
94 43
35 90
50 87
94 68
32 31
94 39
33 75
