500 690
231 330
41 231
211 231
244 330
491 231
471 244
49 491
338 41
11 491
52 471
58 49
329 49
427 329
493 427
221 471
413 493
398 413
299 329
254 41
226 299
320 244
8 49
4 491
176 427
88 8
428 330
340 330
132 340
438 52
182 226
401 11
284 330
402 58
104 284
403 176
63 8
289 428
96 398
205 211
15 205
50 226
316 471
158 15
281 11
395 4
475 402
114 284
309 231
360 158
57 438
473 114
93 299
234 96
223 299
456 244
195 8
136 402
108 299
304 456
414 136
192 338
332 93
488 456
256 8
12 329
84 63
472 428
328 398
89 401
173 52
32 136
310 211
449 63
249 132
326 211
333 234
377 49
346 234
408 192
113 471
106 299
252 475
3 414
500 176
356 211
139 316
230 63
429 231
31 104
313 182
216 313
109 377
232 84
130 32
82 428
150 449
496 456
134 230
196 104
248 221
251 221
236 475
66 12
67 356
126 134
375 196
423 333
307 126
314 176
97 313
65 236
452 304
80 284
169 150
124 398
285 3
355 423
364 326
311 226
458 176
250 57
412 169
34 124
482 192
392 67
129 136
83 346
298 248
441 456
214 173
98 89
405 134
337 66
43 414
435 299
440 248
207 405
390 338
5 493
170 281
303 82
22 346
87 41
246 109
418 211
185 256
20 413
35 256
386 87
141 43
140 182
149 176
382 149
217 93
125 4
492 129
450 392
387 108
485 496
350 207
372 234
417 333
453 299
282 205
164 125
227 401
490 96
378 333
147 281
255 158
193 402
187 4
237 488
349 41
400 169
110 173
494 375
45 408
292 456
59 449
85 164
13 141
302 387
461 96
391 360
261 187
28 493
385 377
341 82
344 182
424 20
368 193
357 320
70 307
476 214
103 59
186 49
278 109
92 170
64 125
462 195
407 3
91 237
381 298
257 11
290 257
266 408
474 45
202 289
323 35
352 141
457 496
436 147
269 350
154 187
180 326
291 104
76 130
228 207
345 333
359 50
77 136
238 429
464 63
319 185
305 32
120 84
210 500
388 82
99 45
347 64
2 169
315 309
422 427
443 382
306 182
179 244
153 386
366 186
468 326
354 440
420 474
277 461
271 408
105 341
27 113
448 282
146 66
369 401
215 59
406 307
499 323
10 32
171 158
489 315
265 344
117 202
380 395
495 50
71 108
38 114
339 298
373 303
253 402
351 323
379 303
294 291
72 381
465 302
439 88
335 130
247 310
317 475
293 34
324 347
23 304
243 132
433 317
301 490
162 192
209 303
199 34
53 10
48 58
409 391
297 360
102 202
272 457
478 41
327 461
430 43
40 108
374 402
94 49
459 64
73 254
442 192
200 465
21 330
240 40
188 324
33 457
194 158
42 254
318 310
212 23
454 76
353 28
287 494
167 304
410 360
393 84
25 464
342 42
274 216
455 356
295 327
181 32
362 436
267 236
325 420
177 290
201 92
447 236
156 478
1 72
389 346
163 385
47 409
365 422
296 278
322 82
397 476
115 330
198 468
470 289
81 314
425 398
51 475
300 374
415 217
460 234
178 482
127 156
481 266
137 278
135 271
263 129
479 263
229 456
190 290
421 226
68 80
61 58
446 298
143 365
26 325
131 390
225 64
39 173
7 88
157 305
24 28
498 236
224 188
370 209
444 224
233 179
273 472
111 298
497 225
383 442
119 405
37 374
183 282
363 117
437 217
239 135
189 110
260 93
384 413
6 301
122 311
288 215
321 225
477 187
396 58
118 301
56 122
86 378
419 99
399 294
483 498
276 303
486 154
107 113
270 311
411 193
220 429
159 309
469 470
17 364
394 423
463 272
123 212
112 86
155 401
371 369
264 50
19 11
79 470
36 32
208 437
434 143
445 153
165 124
166 5
203 216
376 185
30 31
222 10
204 130
14 274
133 288
116 326
172 444
191 442
268 413
431 440
262 93
121 376
312 51
184 335
54 298
174 391
69 364
334 273
286 395
480 368
336 99
361 178
148 25
145 199
467 253
78 414
128 334
308 409
242 51
95 119
259 261
245 413
235 455
451 14
100 369
55 411
484 443
90 293
432 272
358 292
280 375
175 413
144 308
29 83
44 479
218 387
62 176
331 104
101 203
213 469
160 290
46 394
466 192
404 118
197 471
16 194
168 244
152 204
487 211
343 196
279 287
416 156
348 498
138 405
219 189
161 394
426 327
241 452
367 442
9 399
60 79
18 483
75 405
206 494
275 411
74 289
151 486
258 437
142 230
283 289
212 140
219 438
303 90
223 19
415 330
314 126
208 222
87 151
116 104
376 437
432 222
185 488
369 39
279 459
240 129
367 129
486 63
283 319
464 262
266 437
73 122
8 277
216 196
152 401
496 91
81 5
431 271
440 270
254 93
106 165
157 341
69 224
72 162
179 372
439 116
222 85
478 79
75 56
411 12
76 49
173 326
397 82
80 200
34 401
86 427
433 322
455 256
419 217
162 324
207 353
211 448
96 73
70 85
137 387
104 123
345 279
262 430
483 380
170 36
72 360
273 43
425 292
315 219
466 14
214 75
386 206
226 41
247 134
126 223
350 248
252 365
99 84
444 223
266 9
85 199
72 409
121 100
495 358
76 154
152 427
144 138
119 495
410 317
374 339
145 305
62 399
474 144
75 246
493 220
147 162
327 90
392 354
324 181
318 153
97 231
372 223
363 34
474 335
14 270
427 259
486 248
292 397
155 491
125 251
475 425
74 360
435 364
409 243
490 296
147 386
384 40
368 109
336 289
200 250
320 271
94 193
219 47
213 356
204 116
168 265
296 304
335 377
469 467
39 424
479 433
334 93
344 425
113 123
137 268
199 21
378 362
7 262
20 450
105 228
278 189
13 104
281 76
358 341
125 255
64 386
500 67
280 30
130 42
172 330
56 157
216 344
217 49
131 270
273 228
155 142
363 43
37 21
297 141
225 153
214 48
226 165
319 329
482 88
147 498
388 456
446 311
428 355
462 279
142 123
136 301
427 113
177 313
500 117
479 218
8 76
226 423
249 429
257 102
188 178
400 219
350 281
57 302
347 14
62 91
166 160
71 254
299 57
211 267
373 358
186 440
331 93
372 51
477 101
286 107
188 238
69 367
