1000 1621
896 578
875 896
421 875
759 421
712 875
478 875
590 578
852 421
979 759
48 421
272 896
588 48
637 896
830 421
466 896
531 759
129 979
556 875
419 272
402 531
420 466
602 578
562 896
946 602
656 272
624 420
822 478
538 624
716 979
777 48
626 421
959 531
860 875
878 624
236 402
140 716
752 852
50 626
195 562
719 759
937 852
401 624
426 556
799 719
532 716
524 236
815 466
103 822
431 878
392 637
246 402
219 478
781 777
16 937
912 50
214 236
782 195
839 129
943 637
612 48
611 822
658 140
182 799
639 478
85 716
642 912
525 602
871 426
363 103
992 16
702 943
357 878
418 759
319 562
690 431
141 860
228 602
19 712
430 85
403 639
748 612
770 602
843 637
303 531
26 16
614 658
162 525
957 272
969 777
394 421
776 162
939 639
888 896
914 888
548 943
390 588
821 939
675 466
359 538
509 403
220 957
56 626
186 878
672 748
505 421
14 525
680 56
773 319
644 612
36 140
734 420
908 979
254 26
600 614
698 943
257 548
870 431
903 186
641 875
151 363
553 870
824 36
293 141
655 553
851 655
761 186
344 702
493 851
457 195
991 141
905 824
209 776
987 419
298 822
728 782
950 875
37 524
144 257
819 759
11 712
622 103
362 896
659 421
113 509
779 151
472 214
197 830
496 403
640 773
723 782
164 719
630 531
299 509
837 246
682 640
428 36
378 129
796 979
533 912
745 655
976 228
513 871
155 553
326 48
971 505
722 36
974 214
225 390
772 943
528 946
695 431
13 719
649 85
175 612
709 992
636 776
571 36
458 246
176 644
994 548
681 457
62 843
280 493
49 556
847 642
86 195
327 457
222 49
536 871
416 195
890 103
683 11
587 457
446 426
389 824
64 640
315 723
565 378
846 113
245 839
183 690
112 622
733 728
407 315
443 536
963 822
645 186
125 416
181 781
283 50
739 824
482 299
32 430
706 164
841 344
6 472
157 723
445 987
484 843
84 903
968 781
241 155
291 587
595 528
154 390
662 752
585 505
923 505
880 656
763 600
865 702
729 6
137 84
704 556
874 752
35 472
247 779
834 137
75 421
91 183
120 524
364 704
569 851
262 293
686 822
115 195
872 421
873 472
813 362
520 214
249 770
190 782
87 357
215 35
620 772
314 763
447 525
485 872
995 113
259 722
665 578
217 362
386 682
267 620
411 590
945 458
933 520
369 824
302 779
892 49
163 872
753 578
23 416
210 236
944 315
826 457
542 254
208 819
224 556
714 672
926 533
650 590
654 587
381 291
967 878
17 969
679 48
459 36
238 939
989 257
607 472
89 680
584 214
593 553
757 14
470 722
149 734
73 587
717 220
922 75
956 824
769 140
774 26
758 695
657 532
60 937
857 418
982 149
124 236
598 16
432 933
594 908
895 144
350 416
954 319
18 773
835 390
983 847
438 386
623 847
188 458
233 91
328 272
201 912
90 357
126 536
7 717
885 922
501 446
488 585
286 734
689 994
61 447
535 967
561 946
673 91
924 939
395 485
59 822
312 875
814 151
277 182
463 923
167 662
931 315
27 837
894 215
786 126
122 673
179 834
859 602
477 141
170 426
765 639
43 303
461 463
323 224
261 626
4 73
133 241
735 6
57 704
541 774
920 140
226 873
522 167
158 600
462 164
204 446
703 254
789 626
160 120
382 262
512 622
83 154
802 13
666 249
54 571
405 709
798 403
131 612
766 421
882 411
460 614
660 834
736 971
334 639
105 64
921 299
676 157
935 602
854 61
76 36
287 826
442 689
555 124
300 860
92 43
198 553
156 538
795 590
721 390
884 359
817 362
351 698
296 395
929 729
889 892
332 389
336 739
227 817
102 584
28 227
941 639
413 460
473 280
975 484
278 835
688 571
668 155
150 679
95 131
423 933
694 786
161 943
492 706
306 332
98 834
793 967
3 112
139 59
495 824
200 636
589 182
41 139
337 889
629 571
740 28
385 334
603 821
46 945
742 394
638 247
713 636
373 411
93 556
207 323
792 328
66 690
111 676
333 824
12 161
970 150
399 401
955 721
619 630
244 144
107 979
400 955
239 923
893 35
993 802
142 553
341 155
406 892
118 299
653 287
771 679
800 531
964 423
330 278
397 847
465 987
393 6
572 763
550 13
942 813
63 878
436 267
307 565
785 792
456 465
145 753
468 595
99 401
44 18
997 590
205 470
579 851
678 219
237 847
449 402
900 175
437 61
329 406
741 389
701 400
96 656
866 989
948 535
467 393
685 888
886 83
952 215
427 852
173 892
448 528
268 315
877 957
321 789
844 179
169 685
335 336
255 197
211 369
343 948
368 298
206 28
275 772
348 141
251 195
72 315
119 702
174 709
417 714
65 369
810 623
820 908
45 723
284 262
441 27
94 89
526 307
409 26
554 594
1 614
768 86
404 612
136 249
295 639
376 875
177 802
101 561
310 54
747 512
563 496
537 945
879 679
273 63
454 847
412 895
289 247
371 772
519 174
117 839
663 562
240 952
52 482
720 793
932 933
476 824
365 889
475 246
290 101
108 163
68 467
345 117
545 637
471 118
223 747
581 598
503 678
384 688
566 149
252 405
338 133
856 698
684 323
504 443
934 310
966 992
185 113
930 75
605 140
760 624
869 933
691 892
192 421
517 771
738 409
707 411
693 336
628 930
100 120
807 611
391 359
455 204
899 685
927 900
853 841
917 155
355 860
840 524
791 595
787 19
883 550
778 636
648 254
70 338
838 471
754 355
292 376
711 589
146 362
928 579
925 428
705 556
855 607
379 532
674 197
764 52
756 306
833 103
452 84
159 94
47 532
818 719
434 208
876 44
646 214
79 64
836 125
194 35
604 528
960 273
767 190
617 665
331 704
780 224
558 351
751 728
700 719
469 648
811 994
264 319
193 164
42 430
724 155
692 428
114 105
990 622
444 640
828 493
586 740
481 800
424 90
135 447
498 48
647 469
274 945
677 979
972 272
320 73
618 834
313 869
916 645
549 691
429 774
22 548
670 519
256 245
491 894
732 93
805 914
570 987
352 786
464 3
203 565
552 666
783 293
730 688
71 533
845 834
661 13
489 249
40 714
913 733
671 334
349 679
106 785
580 192
664 40
58 467
573 333
615 427
453 656
949 991
938 135
317 188
898 87
737 431
31 192
266 133
474 482
138 657
911 363
616 706
715 647
24 177
848 200
187 846
627 295
868 56
667 525
801 238
577 364
494 738
608 60
316 761
863 228
816 76
511 283
202 277
8 455
81 820
15 261
415 384
962 898
775 672
38 101
199 605
269 238
551 838
235 392
55 531
832 795
33 31
575 935
804 162
996 963
827 879
596 58
490 61
986 475
53 319
375 272
216 465
212 341
450 832
591 295
39 154
803 8
123 533
518 170
279 941
322 908
221 87
152 616
910 914
109 368
143 183
710 994
583 938
906 627
184 343
953 895
998 86
347 760
534 733
508 760
127 221
168 642
842 773
977 671
377 834
305 660
370 376
243 371
887 47
978 465
831 379
132 26
901 83
907 37
178 879
985 450
67 381
858 382
166 798
613 894
171 251
849 106
621 648
546 320
568 900
231 545
110 37
726 126
669 563
559 775
523 655
812 85
547 176
829 977
383 733
153 586
213 832
633 798
699 994
128 16
1000 874
339 93
165 412
790 194
919 605
514 336
697 790
788 512
744 178
148 546
947 933
762 742
861 466
367 744
897 667
610 773
904 921
567 338
918 450
582 816
250 255
510 52
380 112
592 233
116 884
560 489
374 953
360 279
260 168
727 337
346 113
439 243
354 869
609 552
82 389
78 630
5 378
342 476
479 70
265 926
304 979
909 432
743 511
750 249
731 764
867 93
981 774
189 443
988 587
242 659
366 657
825 54
574 227
180 694
196 144
276 185
74 917
940 611
543 621
435 595
487 118
984 519
601 782
134 205
746 184
515 626
497 604
643 669
301 593
80 658
440 940
258 921
340 50
34 194
297 693
809 275
2 538
902 208
234 684
530 777
625 568
958 538
121 359
69 203
414 401
130 199
499 251
325 828
361 892
915 111
398 178
433 875
30 492
755 27
973 310
544 367
862 994
372 457
425 454
864 70
808 440
749 110
422 789
527 934
516 385
248 475
708 413
358 822
356 259
288 62
172 753
253 33
635 871
634 441
696 986
961 619
77 194
318 123
282 343
25 787
271 338
21 887
725 11
564 414
51 813
687 914
218 894
9 618
147 852
881 674
597 776
797 874
651 873
506 471
606 556
29 67
308 485
529 787
486 11
191 879
502 619
281 723
718 800
540 235
631 421
396 399
408 648
324 622
806 124
480 304
557 486
784 408
270 288
285 959
891 15
965 39
309 870
353 682
980 811
539 432
652 283
387 195
850 824
263 366
999 27
10 450
410 737
794 564
232 424
632 366
311 753
20 366
451 129
823 365
936 370
104 803
521 273
230 682
229 400
500 669
97 54
951 594
599 771
88 395
388 163
294 114
576 870
483 579
507 63
153 958
568 373
578 743
431 868
689 706
9 794
288 472
314 178
678 123
608 24
770 288
371 98
516 118
655 336
850 664
269 296
143 837
445 219
413 44
7 182
563 403
82 290
307 529
185 733
46 928
160 553
994 285
887 534
188 789
859 668
174 343
466 960
318 1000
882 298
106 770
838 970
158 577
898 435
509 1000
741 99
831 198
70 950
91 681
235 42
184 717
707 548
681 757
669 124
82 450
179 837
568 973
577 268
898 495
10 198
654 583
541 206
764 951
744 20
792 869
439 548
295 886
189 954
73 294
37 198
89 221
207 4
406 941
106 147
999 666
983 106
11 602
891 17
357 514
806 830
101 737
627 684
986 783
886 125
663 365
288 686
250 37
670 107
41 729
99 366
601 617
460 401
348 890
891 44
704 536
273 655
585 642
921 47
934 383
922 13
884 311
51 870
258 325
80 598
846 885
299 69
595 517
979 126
818 438
300 151
559 718
422 506
569 868
39 800
704 277
194 111
388 49
888 267
586 536
393 262
622 925
841 960
395 264
112 63
606 958
350 301
590 129
623 249
79 145
643 660
37 823
803 622
316 97
863 502
118 117
871 311
934 560
278 722
960 118
200 310
468 978
462 279
760 604
918 480
147 298
423 409
297 186
261 478
824 907
964 538
465 969
572 261
337 306
4 415
570 592
496 960
484 155
421 930
880 830
169 153
94 86
403 742
620 799
968 581
487 7
226 809
926 324
116 70
615 941
607 295
988 630
891 323
830 189
485 384
862 928
54 416
406 487
298 176
467 566
531 997
176 878
308 677
435 766
242 722
966 945
93 284
931 144
365 818
612 551
530 129
747 586
522 112
717 271
428 225
887 317
81 31
380 387
872 600
827 339
406 429
626 357
945 971
51 825
716 864
596 546
21 867
233 672
192 865
804 391
356 471
795 735
536 968
445 851
578 495
130 592
102 739
6 905
452 477
52 751
663 870
103 278
468 291
560 503
226 432
847 268
766 175
674 216
603 66
838 96
666 568
412 186
948 643
867 45
934 723
595 362
764 334
722 955
566 398
909 508
917 529
349 786
882 164
156 94
468 132
570 205
912 401
880 796
757 428
234 792
397 517
381 905
522 275
136 714
689 798
735 182
546 42
633 921
806 174
590 247
465 69
312 956
307 467
641 465
623 615
619 352
100 319
210 288
648 234
272 5
849 927
19 263
225 968
868 630
169 288
393 954
474 68
180 696
225 252
687 739
11 947
895 127
509 536
394 850
800 731
860 636
808 701
655 708
796 297
779 919
871 870
860 230
145 69
663 811
137 336
671 920
434 774
518 848
389 574
533 755
844 164
447 904
479 352
928 169
151 448
380 491
123 479
620 34
427 991
644 482
612 581
620 86
9 764
690 149
879 497
825 461
534 863
541 143
816 323
348 644
81 443
28 679
188 509
924 969
452 642
723 255
362 49
214 224
564 542
914 649
700 623
378 103
63 573
953 534
727 649
367 420
15 797
378 706
673 915
833 996
433 471
316 616
835 588
311 900
222 159
58 281
481 82
883 450
957 700
322 945
470 639
147 555
73 355
569 507
536 958
320 45
944 374
863 6
569 908
210 232
409 3
264 259
198 481
173 57
513 307
676 753
104 628
60 339
886 935
704 827
613 957
693 165
751 623
611 590
828 993
753 912
316 956
406 67
448 301
649 293
513 467
509 825
107 687
579 817
304 9
770 836
974 97
590 117
193 127
409 48
727 58
263 261
496 411
187 41
509 991
432 542
335 438
350 818
176 244
561 582
943 765
3 931
812 593
978 214
53 922
825 862
31 667
779 587
362 669
758 382
476 141
525 107
293 370
31 621
37 158
601 665
317 28
133 314
806 566
467 910
754 641
529 136
882 356
745 349
568 126
505 29
194 469
401 43
611 640
268 625
143 988
882 82
95 136
610 817
291 109
580 39
524 156
29 463
117 150
343 34
252 436
878 940
192 437
583 936
277 775
273 843
865 945
63 675
497 785
436 908
192 586
708 370
443 835
296 46
82 555
589 417
959 292
259 926
452 509
651 189
702 303
97 592
392 333
687 916
351 263
5 901
17 781
515 601
15 936
566 203
627 133
849 865
662 547
225 139
131 962
382 363
833 529
431 220
924 868
45 96
423 227
161 711
945 541
526 448
854 459
309 284
393 379
28 363
522 416
977 634
962 224
992 493
823 681
694 438
637 920
470 920
850 782
812 220
318 1
437 951
643 8
122 640
511 702
872 679
220 519
238 298
979 730
126 59
949 243
335 389
121 278
671 425
845 571
533 800
197 310
554 558
571 482
978 256
533 954
608 854
406 222
105 9
408 100
785 583
504 603
778 783
93 809
307 189
229 892
332 603
618 504
115 759
626 952
542 439
887 13
751 621
408 362
383 140
374 582
941 694
747 828
16 558
119 760
775 27
346 357
290 994
178 989
135 323
943 759
297 332
832 589
738 854
580 246
659 962
617 901
77 962
156 141
371 530
157 932
388 926
367 163
927 30
333 312
940 772
965 26
703 626
715 746
135 971
987 513
305 479
357 368
551 694
590 462
947 92
2 32
640 115
726 136
266 959
993 703
479 387
619 272
5 146
634 147
56 894
776 669
503 888
745 673
339 742
895 42
25 168
739 817
418 719
351 97
754 183
884 141
980 143
626 41
880 1
324 524
254 911
646 770
233 543
169 287
661 318
603 459
40 270
65 623
677 107
336 556
247 300
605 737
336 91
290 750
253 197
773 538
24 714
9 455
506 785
563 46
323 975
558 148
961 709
722 676
240 341
887 70
875 978
751 933
342 284
900 267
