146507431
459482097
570966915
993792389
447878036
672297276
628752328
228718535
367073143
519005515
533747
1045064
1048439
844947
1014901
970305
1030183
987707
633416
1048576
699817
1048576
940130
715731
543274
972745
727707
1015240
642444
926968
598675
696369
1014044
924977
1048576
533514
1047760
1033688
1025828
923951
988343
1044645
672382
1048575
1029875
758481
1048576
1047604
1048575
986589
969330
1005652
880400
1048421
1044392
988076
747282
788526
571372
702585
1045511
1047570
823099
1037504
967497
1009628
1048558
559483
698120
975457
1043677
909008
739911
585068
616860
1038782
925480
579026
866066
555284
1048576
934395
1047605
595780
541856
1048576
1047554
607012
1021087
855103
916870
548056
785869
599921
639193
1015348
664291
1047570
565551
885292
920866
662748
1048576
1048576
987859
815800
845634
532672
811951
814737
