688111880
720729896
929851984
113848015
714101250
693105567
226790627
278418479
271118713
558251421
1047422
1048531
1048544
1048494
1036798
1048264
1048472
1045246
1032190
1032189
1048524
1048312
1040314
1047484
1048516
1048523
1048297
1047549
1048552
1048175
1039356
1048490
1046782
983038
1048530
1047673
1042358
1031164
1031424
1048576
1048545
1047164
1047550
1046524
1048532
1032182
1040318
1046520
1028092
1045376
1032190
1047816
1047608
1048572
1023992
1046656
1015807
1046958
1047863
1048176
1048423
999420
1048150
1043962
1043422
966656
1048243
1039736
1040253
1048554
1023998
1032190
1048529
1046460
1048443
1044474
1036288
1047412
999423
1013758
1032192
1041408
1048573
1048544
1044444
1040352
1047542
1048569
1048494
1048316
1048573
1039341
1046880
1032186
1048282
1048558
974848
1048537
1015551
1030140
1048479
1047864
1047807
999420
1048430
983039
1047754
1048568
1048291
1048420
