54292701
910808587
993243060
450888409
838643026
360577888
310377131
637397860
420314023
171965294
528481273
444593833
443543363
438104882
272087973
989854636
125826984
838859683
293297067
441271203
444070810
91224983
443732364
443530152
905444251
174783407
25164709
872397614
369097133
376896425
443644306
217840554
437589938
432995247
440327089
142605239
310360863
939522918
436020095
888662948
432802475
276822683
209648295
469760944
369096876
308039597
443375114
989854642
763353753
159382442
141556393
356506284
369097640
437680355
396999593
141818799
108985250
212728753
437250868
192920487
410188711
763362233
166853551
148896603
838851515
977271702
392952735
142605233
425442179
444591292
327146410
562033569
444595098
22526883
905951154
41939891
140508055
100662052
293075837
360182320
492829604
830208859
427292187
444446143
444592203
292550571
444070760
268172193
301464498
872414168
443021723
142605155
8387419
72809395
837811113
377485163
292543407
176122267
428932015
444373923
324926245
33553327
363854768
629111749
443339815
905968557
442464593
293337988
29359024
431315859
438369147
167771075
434101162
310369202
838859575
431225779
176028329
428855595
276296475
443546276
176159619
427121075
246414203
603978677
136313763
159345525
444332974
905951659
591395763
434087821
