586
963
585
959
989
1024
1015
994
609
831
823
776
994
622
1022
706
1024
1024
872
1024
1024
651
985
960
728
841
1024
874
919
697
926
986
740
801
599
909
816
717
1024
811
876
850
1008
601
1024
1015
690
874
1015
1024
636
1024
723
747
1024
1024
672
1023
986
602
585
776
1024
855
734
919
1023
1024
790
946
923
986
953
604
923
578
1024
816
1023
704
1024
1024
1015
1012
598
872
831
1024
988
734
1023
1024
1023
592
672
612
923
831
655
1024
1024
1024
923
1015
970
664
1024
992
917
1024
1015
1024
1024
980
1024
1024
655
909
1024
825
688
990
1016
1023
966
794
1023
1022
850
579
633
1016
579
1014
601
1024
780
1023
663
1024
1023
964
865
936
899
734
1012
975
711
1024
938
653
601
1011
1024
1010
959
562
655
987
725
1016
986
1016
975
797
625
683
664
710
848
1011
923
644
996
993
1015
764
943
688
547
709
901
818
1024
655
1024
1016
567
763
901
1023
1024
964
838
576
924
1011
1024
1024
917
633
1019
1023
557
930
1024
1024
715
851
1015
709
932
960
923
932
857
832
677
965
832
1008
992
1024
719
827
1023
732
1015
781
1024
956
946
891
1024
1024
888
779
1024
1024
584
655
1024
1024
1014
908
815
702
857
908
1023
949
653
921
955
1014
651
986
932
792
740
1024
715
653
1023
1024
1023
636
853
923
996
1024
1024
775
1017
924
662
592
1024
1022
1024
995
936
649
648
1011
901
831
994
902
923
713
599
1024
673
952
699
709
1024
743
720
1024
831
923
778
1024
622
1014
831
1015
1024
1024
1024
979
777
659
1016
586
775
1014
1023
863
1016
584
810
953
569
952
987
1024
902
1010
923
1024
1024
615
615
773
714
918
994
868
988
719
714
777
543
575
1023
987
986
960
1006
1024
1024
992
1015
930
1023
1015
894
711
721
1018
923
876
986
959
1015
1005
790
912
730
820
663
691
959
1024
871
1015
1023
1024
615
1023
575
964
831
899
1024
734
629
1012
832
718
852
964
1024
964
1024
1017
986
900
706
743
576
1016
762
1024
1024
986
1015
986
957
1008
616
987
831
781
606
1016
1024
961
601
1024
777
1024
899
567
698
953
950
1024
1024
902
578
617
1011
1024
754
635
865
1023
1024
1024
923
1015
655
1024
1015
986
979
1024
571
777
990
1024
1024
1024
902
1016
661
575
639
1023
794
582
1024
763
994
776
1024
556
1015
831
653
715
1024
1024
594
995
734
655
1024
636
595
777
566
676
933
627
979
762
995
632
1011
952
957
986
951
734
