115549589
520520742
742858351
545393728
904973068
325098201
784575910
503748598
933428501
801834881
65980983
762104293
449198261
594334263
620901884
591542251
824911214
764826997
953165911
690385885
65524705
65980983
690478811
716240707
957078785
455998497
657209320
366110417
752342893
960177953
586584684
617828808
167246355
65980935
65320777
65980984
870128817
772366281
234680027
304316292
233868423
90508546
10380760
495723397
172365793
282660972
675016123
328091091
917552557
948203926
569780978
453054896
139156847
534592463
802018590
543472175
65980984
887310522
687933233
50999691
540756915
455587728
516149057
737619669
152432971
51801552
975388452
726398152
686806618
674029467
44503482
531644072
560663184
588532781
521661292
867794250
665909702
969464208
51784295
519605090
65980984
837732626
618274034
64023057
587512748
972716534
790162273
743322693
167708630
541300130
610554976
472982952
285324404
178717957
139207039
65979002
965689843
559480308
686219459
435308358
564049117
60683757
268884974
911143116
471418232
233774134
818099771
103955602
204953594
65980936
571717196
378828108
396628858
178986694
567716461
541708621
129466745
763858011
987323572
65980984
215185019
873280641
803933616
77323967
411676771
563869575
925546252
95029217
821431665
848056762
791911316
65980984
438547061
832240060
991881419
964225045
419463562
359676911
240335589
677508532
331676098
824863031
929807427
118327561
626191785
111034943
763456290
4608993
65980984
947996579
713868252
40765098
324750921
154997478
765138372
273106038
410366618
346178322
596806089
706462792
887027627
560913789
99072704
570376320
432140978
571055345
661459584
418883432
178734378
397420063
60680590
584421541
675419945
942398549
976418858
44875379
680288722
616883670
806283011
551528676
480539349
65767979
982762894
464150567
760852785
480057781
884631760
795276365
284962384
487450642
785304300
165833084
65767979
905137598
420176761
64251338
915063176
732115657
444150134
873612669
12119756
579860956
486727064
865815949
251627367
726901081
163389928
669387350
