0 1000
5 5
483903342 335678433 241951671 241951671 251607302
5 8
220765287 220765287 385102324 274559302 441530574
5 2
314776864 314776864 569094884 254318020 284547442
5 4
246265333 244638229 387883731 1627104 222404964
5 2
349819260 357654786 353737023 707474046 384461657
5 2
100496202 339731517 239235315 478470630 339731517
5 9
14935669 232073028 286242936 253097691 271307267
5 1
62843287 392303206 391963946 382027025 329459919
5 8
141984342 209310020 209310020 351294362 418620040
5 6
242586232 485172464 276695101 376509407 99814306
5 5
348937018 765410894 382705447 394760285 382705447
5 3
297805338 297805338 257080130 257080130 40725208
5 1
215611488 310877918 55114294 365992212 365992212
5 3
126699496 392530158 265830662 337082678 392530158
5 9
104077869 356169171 252091302 252091302 356169171
5 8
219918463 204164854 439836926 303221348 354659577
5 8
306470220 308419508 273834771 280753901 561507802
5 6
285428096 481120554 240560277 195692458 240560277
5 3
349147977 244971203 28524718 267105419 377672695
5 5
286409161 376385518 348069118 752771036 262517828
5 3
229659523 288626016 218701224 229659523 288626016
5 3
28604082 295362172 323966254 295362172 323966254
5 6
676802128 67551969 382078106 338401064 314526137
5 5
139291703 237451338 374139945 376743041 299905887
5 2
271907339 543814678 242245883 29661456 242245883
5 8
372423210 372423210 744846420 341401660 31021550
5 6
368344061 265665365 161844230 531330730 206499831
5 1
140490931 202109607 342600538 387884727 228197702
5 6
8196558 241521314 241521314 232319378 240515936
5 9
283390788 28525121 355367412 326842291 326842291
5 8
342914786 380833586 380833586 283051412 97782174
5 6
309514468 328077981 287096260 22418208 309514468
5 1
247919604 275259356 247919604 275259356 220332082
5 6
108066388 363066917 227137684 363066917 335204072
5 1
201627432 510172966 329734306 180438660 255086483
5 8
375357063 333085275 42271788 375357063 211266070
5 9
52034188 356959004 299373620 354600408 351407808
5 6
116923537 325944622 325944622 209021085 252784327
5 8
185428030 234905038 234905038 469810076 284382046
5 4
263423451 497527768 248763884 248763884 526846902
5 3
368627167 737254334 528574920 417358828 208679414
5 2
498345388 642511562 249172694 226063269 321255781
5 3
292934347 22377975 358349568 371174416 315312322
5 2
313912266 279491462 316185190 222262913 316185190
5 4
362585825 270345394 276909432 253768325 6564038
5 2
331639868 263774081 274127411 53604125 317378206
5 2
249494084 350670696 200413259 234781586 249494084
5 8
220556100 300997938 300997938 336245484 227443743
5 6
122768126 667173684 394970905 333586842 789941810
5 8
374186192 338696506 374186192 748372384 35489686
5 3
372655186 461626495 283683877 745310372 269332528
5 9
161753859 368390582 311003106 216162764 206636723
5 9
308510664 348779930 83001300 311114158 391511964
5 4
376033202 87340033 230911310 318251343 204012381
5 8
69288951 390126052 780252104 357701359 288412408
5 3
233155976 383395911 346868605 150239935 466311952
5 3
347663262 413429538 206714769 398807068 398807068
5 3
269717936 202692104 202692104 136050634 338742738
5 3
440953170 320352978 233536149 285951430 220476585
5 3
220901575 211836369 135765641 220901575 356667216
5 8
268847008 387277658 774555316 353772505 505708308
5 7
244466621 488933242 43482279 346442635 302960356
5 8
309933903 393639729 309933903 92953962 216979941
5 5
293431534 321610539 212079291 586863068 643221078
5 1
242376219 285356709 570713418 352658286 42980490
5 2
53102977 348933319 261724735 295830342 295830342
5 2
43380225 347644191 331552195 265801981 222421756
5 3
325361860 27822175 293857203 297539685 357238208
5 4
277416273 378145524 368847035 333101455 368847035
5 3
353680277 13559837 353680277 340120440 232447285
5 3
364743788 364743788 729487576 236804154 127939634
5 2
221038216 296358519 260695043 55006864 276045080
5 5
259267770 603524290 301762145 276964065 301762145
5 9
261219342 227089643 372937783 248728035 21638392
5 1
278840706 327634905 304129890 307579533 48794199
5 1
117351122 213360015 330711137 426720030 213360015
5 8
234970006 355736826 469940012 333447153 380933463
5 7
242870660 574525212 275599020 287262606 242870660
5 4
294550602 331502980 331502980 360825389 589101204
5 7
312663359 372079287 279282696 247340416 33380663
5 6
389701502 271265981 207587300 231095072 231095072
5 1
242713689 383139572 242713689 242713689 485427378
5 1
89176130 336034827 243465043 336034827 246858697
5 4
91183613 302985142 220665924 324053390 211801529
5 1
288955895 577911790 747157098 301630797 373578549
5 8
352072622 352072622 373198377 363458478 746396754
5 1
207863578 331468647 205490391 410980782 207863578
5 5
243887956 33329680 565060534 249200587 282530267
5 5
354677356 354677356 349540049 349540049 238248212
5 1
345206151 283492783 50023556 333516339 269264811
5 5
389562063 306915595 634056942 317028471 82646468
5 4
30624645 278971167 218738209 218738209 249362854
5 3
130567437 250942223 250942223 225758281 381509660
5 5
357452829 299818286 368178197 368178197 311077002
5 2
207624962 207624962 336508571 128883609 336508571
5 7
394292825 286608067 350532768 43760057 350532768
5 1
297609682 267065589 315307595 326887568 30544093
5 5
273508376 49627499 223880877 301292961 304548050
5 5
350785665 225231058 701571330 391373472 246852691
5 2
343016583 88967457 289776317 343016583 200808860
5 9
327973008 50689554 369166279 318476725 318476725
5 5
394176817 736436102 354074020 708148040 368218051
5 5
226325611 753450356 376725178 263087056 36761445
5 5
429049558 214524779 203630605 331177792 331177792
5 9
43953802 337521891 675043782 293568089 337521891
5 9
429653438 456932592 658119734 329059867 228466296
5 1
358066622 4039043 330608452 389762928 334647495
5 8
604768922 220338313 213239876 440676626 302384461
5 3
344560984 360894895 16333911 344560984 360894895
5 1
373476581 576237848 373476581 288118924 345508619
5 4
359072784 412783918 367599688 152680825 206391959
5 3
336381009 61567947 205134507 397948956 259750391
5 5
729128066 270704551 364564033 214485778 364564033
5 6
331444422 331444422 284651118 219530053 390481055
5 9
264529671 387668159 387668159 278297517 278297517
5 6
235509972 352150208 391903774 286719334 352150208
5 2
284244602 367221775 288355636 367221775 288355636
5 6
255237958 315668412 19468070 255237958 335136482
5 8
351353713 284491258 255417490 284491258 29073768
5 1
357474694 322992316 26889094 330585600 207727647
5 6
269791131 434135412 217067706 217067706 539582262
5 3
328661194 64222923 399496534 267486587 392884117
5 7
232808482 18897738 350678994 232808482 213910744
5 9
286469949 572939898 286469949 248594003 497188006
5 4
671265122 321535886 349729236 335632561 290226305
5 6
68196939 353844488 285647549 215643093 255150641
5 7
241512846 322468749 403424652 322468749 644937498
5 5
239475285 478950570 369856594 309638056 239475285
5 8
782614640 339165173 218730763 391307320 437461526
5 5
305785122 305785122 8866676 374067141 296918446
5 3
318714099 212250674 256376442 318714099 62337657
5 6
228634334 266546674 247348499 533093348 304459014
5 7
341122675 395561026 13404710 327717965 222444298
5 7
624042778 312021389 326895830 312021389 350984642
5 3
250978304 272796884 368390446 736780892 368390446
5 8
373175146 109904102 220155533 259486019 369390121
5 7
223190895 286251573 392598008 64780582 351032155
5 7
351853537 226105351 379480320 287922914 91557406
5 8
384705532 343438506 384705532 539214678 269607339
5 5
325840635 279569108 339172038 279888607 45952028
5 4
395954503 172778884 340515333 223175619 791909006
5 5
81833540 631548882 233940901 270318193 315774441
5 3
221389963 321026542 328432761 335838980 656865522
5 5
358739513 369132869 358739513 304665428 54074085
5 3
323706565 240256474 334013363 88737596 328994070
5 7
252003178 129316946 283611351 381320124 252003178
5 4
293363278 320805247 224178605 343254548 69184673
5 2
277891635 95137495 314593034 219455539 277891635
5 3
326402016 259595654 385896260 294418176 385896260
5 1
354617983 520990518 260495259 205237846 149380137
5 5
225740629 267872147 104122390 336215887 371994537
5 2
348843045 379160329 30317284 357155062 207747900
5 7
310064464 291565849 46759684 342716559 338325533
5 7
256824480 243049503 319921501 63097021 256824480
5 9
301039077 307242819 278357111 6203742 307242819
5 6
533774072 222674759 266887036 222674759 218079502
5 2
397318951 55354258 303438184 358792442 303438184
5 5
281419155 214556341 342927500 304265494 562838310
5 6
262691704 262691704 338756727 55302039 207389665
5 4
235421914 303198487 303198487 267157611 470843828
5 4
45445104 327916513 322183925 347248951 367629029
5 3
337152977 337152977 373989196 226623622 110529355
5 9
371577101 246608732 131995984 378604716 246608732
5 8
278935839 273896455 5039384 547792910 304628398
5 7
9050782 207059899 230680859 329568952 338619734
5 5
213030298 404110078 10975259 213030298 202055039
5 6
356293184 5793761 356293184 231030562 225236801
5 6
272999678 221130749 439725195 330427972 660855944
5 2
398468216 301186666 390780229 278569204 89593563
5 9
316279124 262456498 262456498 53822626 307382265
5 7
111262997 452844504 341581507 341581507 226422252
5 5
250425107 223221737 250425107 27203370 380437388
5 2
109150826 216809795 261325528 346776364 237625538
5 9
439509168 359880146 219754584 207046899 366176388
5 1
258840225 646566540 278134043 323283270 323283270
5 7
388274986 31652300 356622686 776549972 356622686
5 5
60626418 277408867 263916341 334447142 324542759
5 5
233571493 581488984 379751944 233571493 290744492
5 6
205757740 205757740 336282078 136776159 342533899
5 6
330585364 313218246 330585364 239180448 626436492
5 8
298227898 555855098 277927549 269064350 298227898
5 6
385362309 241005287 385362309 96648265 482010574
5 1
283858402 230258396 13119863 217138533 217138533
5 5
780152664 357312228 375801807 390076332 32764104
5 4
361702388 337730678 250421230 26165951 224255279
5 4
273002828 224010545 546005656 321995111 349907938
5 5
682797876 341398938 592239682 381851139 296119841
5 5
437939048 218969524 382975059 218969524 218969524
5 8
330353439 382341870 206813033 366125324 35771885
5 6
77578302 296153797 296153797 273137020 373732099
5 8
298165877 668561296 387631187 280930109 334280648
5 3
247214312 494428624 329111805 717654114 358827057
5 2
717667982 208331430 288620858 288620858 358833991
5 3
82988670 310184104 382848710 299860040 346632715
5 2
695555604 386918294 174622351 212295943 347777802
5 7
201121724 277569083 201121724 402243448 555138166
5 9
61775231 312188402 250413171 312188402 624376804
5 2
379077687 86591745 309625711 309625711 223033966
5 5
272779785 206370033 226780890 396236093 206370033
5 3
413657512 391685157 21972355 206828756 334080528
5 5
330504144 661008288 220444697 110059447 332008176
5 9
70090715 221440790 291531505 221440790 350758997
5 2
111967775 250917556 354578670 242610895 485221790
5 1
320598717 231369582 216309671 3707497 235077079
5 8
273185616 633632324 360446708 316816162 303989157
5 9
27905748 228391135 271806797 271806797 299712545
5 8
374965838 117714306 257251532 290550490 514503064
5 5
238662193 238662193 263151394 106819308 345481501
5 2
327072191 322062329 264183257 331937390 4865199
5 3
14005073 283623160 269618087 340120712 279937377
5 3
343031148 94345578 294658050 312236238 248685570
5 4
222762472 158535133 381297605 222762472 445524944
5 2
222890983 259087417 84003324 367491825 306894307
5 1
204863040 259880531 2641533 373782908 257238998
5 3
391817526 84669026 270897164 355566190 270897164
5 9
429967088 214983544 126063001 341046545 213338617
5 1
64608803 219214130 210923645 210923645 283822933
5 9
328355334 237248004 107729791 220625543 441251086
5 2
353570034 541708860 372562399 372562399 270854430
5 2
320312612 225342386 367492916 130372160 450684772
5 8
274184058 63325434 210858624 290177736 291603426
5 7
633565290 396589094 793178188 316782645 341565155
5 9
396937141 324864417 276246539 324864417 48617878
5 2
289599210 333575905 396545927 396545927 365099807
5 3
466889434 287203586 233444717 574407172 53758869
5 7
330614081 238052317 333039059 2424978 330614081
5 9
217230601 247392309 434461202 297717674 293498232
5 2
669391990 411161618 205580809 258230372 334695995
5 9
204775653 77758984 361986460 364070839 286311855
5 8
273663020 329411516 365491359 36079843 381336192
5 2
259164243 259164243 309506933 325552164 619013866
5 5
376538536 173935509 412332852 238397343 206166426
5 7
210991629 118873032 329864661 222878278 210991629
5 5
200289621 274101207 327211401 397126360 126921780
5 8
611089606 206919822 269233526 341856080 305544803
5 7
347668175 695336350 300417520 300417520 600835040
5 5
278229141 390557153 319853925 556458282 390557153
5 7
104189036 329472664 329472664 362026410 225283628
5 1
270406136 208666747 69561172 278227919 278227919
5 6
309794325 78645498 388439823 309794325 776879646
5 7
74695719 389772625 369236207 779545250 294540488
5 1
46295041 283857751 293217694 237562710 237562710
5 1
274495722 302678361 334528684 364760332 302678361
5 4
200771641 298796575 282525316 298796575 98024934
5 4
383202668 7944187 375258481 401987936 200993968
5 2
278742706 380366153 68404138 358905957 210338568
5 3
339146577 366755842 733511684 366755842 366755842
5 4
233008533 412784476 206392238 283775967 283775967
5 6
358085857 265924578 64456120 358085857 293629737
5 2
291836267 773874764 386937382 402727354 371147410
5 9
723013024 345749147 209961834 349498577 361506512
5 9
362673134 330171184 391620998 61449814 783241996
5 9
364768532 62634974 729537064 364054463 302133558
5 7
393988554 170328876 224791239 395120115 381123462
5 4
55800024 285723471 285723471 229923447 229923447
5 2
393788251 787576502 535832043 251744459 360896930
5 5
288089665 288089665 288089665 393000079 576179330
5 8
223869002 281441767 223869002 52933480 276802482
5 3
397242751 9981195 264329676 254348481 264329676
5 2
340080902 268118653 333065643 333065643 666131286
5 5
262324132 2067816 398044499 524648264 395976683
5 4
26946682 303891478 334265387 276944796 253742985
5 7
223559737 217609429 435218858 223559737 217609429
5 5
53930985 280158242 334089227 394948030 394948030
5 2
286147635 255213202 224278769 510426404 334059068
5 8
365878093 306593531 262016186 547587614 273793807
5 6
359652245 353321203 353321203 376844365 373796735
5 9
352225932 360007439 363345686 3338247 284977941
5 4
399787595 375889150 309393197 618786394 363141260
5 6
55165890 268285879 363395483 343864262 213119989
5 7
578847450 289423725 568786522 284393261 323932523
5 1
206128702 119929134 331572365 331572365 326057836
5 3
344252656 203378633 27117425 383626115 371370081
5 9
55945969 344933600 352988629 317466412 288987631
5 1
216345375 275727303 379061111 103333808 275727303
5 5
353689619 234456623 112924075 347380698 234456623
5 8
289416324 261832866 333520330 289416324 348287384
5 3
239179790 365894620 478359580 239179790 365894620
5 5
92849945 275484950 242381430 335231375 347004524
5 5
356925001 341929556 249402331 713850002 371920446
5 5
334471824 135232128 249597368 375199663 239967535
5 2
307286305 269622386 342834430 278426078 307286305
5 1
402695768 338279761 68216309 201347884 334479459
5 9
334014539 254425278 275546455 210179764 275546455
5 9
248780257 328377346 2100948 330478294 229009204
5 6
232894589 736040910 281026109 281026109 368020455
5 7
73258228 283895366 279516697 210637138 217153270
5 7
242778446 234886713 251706258 242778446 8927812
5 2
285243092 312553123 290204906 16605959 295947164
5 1
399138029 376471826 22666203 258095549 370744114
5 3
309461340 281465172 618922680 390163449 309461340
5 2
392281642 148967490 361348023 220107165 243314152
5 7
225169839 311137081 225169839 352789477 352789477
5 1
230928661 391882083 332253038 366201997 135273336
5 2
42052438 240526970 209755822 282579408 209755822
5 6
216513190 433026380 52145249 232731613 380881131
5 3
28684018 244857708 273541726 265932311 244857708
5 3
341429024 282115971 282115971 267430177 59313053
5 9
201962285 381084186 213999277 201962285 427998554
5 5
264146244 366207238 528292488 275117801 275117801
5 8
357894416 153224538 298353970 281758533 204669878
5 5
295888667 361178086 295888667 65289419 722356172
5 1
231871377 364427392 728854784 496983407 317110291
5 7
118714230 697977264 348988632 348988632 230274402
5 5
27651379 326178846 322149995 276862883 349801374
5 3
356702778 390401042 347856719 356702778 370671572
5 7
619456986 291001625 346538649 309728493 55537024
5 8
255737087 255737087 236250927 313147166 19486160
5 6
305237044 360389726 360389726 345015519 345015519
5 9
343705592 76133970 236294559 316571722 267571622
5 9
362600845 226359479 359848478 725201690 359848478
5 9
277223507 258533000 263499407 263499407 13724100
5 6
324143597 347909263 242478748 242478748 324143597
5 6
220683738 220683738 441367476 240066989 318262720
5 8
212201140 127198840 339399980 220286841 391612626
5 1
219493936 259811435 206079851 53622295 273116231
5 8
44789749 546181402 273090701 228300952 351643370
5 3
206536942 361728806 359113320 155191864 240879335
5 1
208589437 253665205 289601805 124081861 377747066
5 3
226370161 14109949 375269292 312536627 389379241
5 5
374775248 344212345 374775248 318427603 749550496
5 8
205515821 8582034 214097855 411031642 214097855
5 9
681760296 340880148 238740848 340880148 102139300
5 4
203901452 785357384 34602018 238503470 392678692
5 6
247427781 141120117 334352602 388547898 777095796
5 3
311468636 333361211 395724142 370312715 791448284
5 3
219840971 219840971 439681942 349006606 129165635
5 8
768622930 378693719 384311465 281724281 205427872
5 1
313279861 13232042 363668692 244140046 257372088
5 6
552150456 254357319 35046099 219311220 276075228
5 5
237638541 378366121 347952295 756732242 347952295
5 3
278166067 366305316 249386788 116918528 235358787
5 5
395703740 373290571 395703740 202507149 202507149
5 8
487136888 193580708 293556180 335253729 243568444
5 1
5296420 332077100 241954186 364661042 359364622
5 2
208860138 252144452 75918674 504288904 328063126
5 6
372810183 158598589 214211594 215569434 372810183
5 7
300104553 337482387 602974642 301487321 1382768
5 2
353109360 315705685 706218720 315112442 353109360
5 5
782152850 246543408 391076425 246543408 144533017
5 7
216578269 143282027 323693595 359860296 216578269
5 9
339657613 318998442 316312412 20659171 345114848
5 2
325616110 204316635 249656344 120154126 205461984
5 6
307815560 77492073 230323487 307748817 312952627
5 2
319810732 203237145 87181922 290419067 319810732
5 8
224465579 448931158 241867961 246696478 224465579
5 1
375800042 375800042 756081444 751600084 378040722
5 9
313691352 356565056 243962489 713130112 399438760
5 7
294052935 294052935 356060004 334855891 588105870
5 5
324330135 229644265 243339082 236817295 243339082
5 5
257761727 82794874 327692473 244897599 327692473
5 5
338584259 338584259 206203172 272977874 366843599
5 6
385259566 358358396 26901170 242198055 770519132
5 5
216378308 353690312 216378308 707380624 318117653
5 7
266555467 394064757 394064757 788129514 332480971
5 2
285470187 570940374 370398721 370398721 84928534
5 4
369937458 219624228 168138341 201799117 201799117
5 7
339508560 339508560 648331458 324165729 324165729
5 4
42034423 370017073 323053899 313644679 327982650
5 9
257606644 51749482 205857162 266454826 257606644
5 5
230588476 282652987 308947172 373165567 52064511
5 7
334253577 339179882 339179882 327558613 4926305
5 4
269665196 230265419 317229624 47564428 317229624
5 6
183350427 284282653 393568449 393568449 210218022
5 5
126903825 265014081 265014081 391917906 330396748
5 1
328724377 798221562 372573193 399110781 425648369
5 6
303273180 285517076 42472502 327989578 327989578
5 2
403994493 275697793 679692286 275697793 339846143
5 7
276053573 241360520 351482227 482721040 131238813
5 8
330344988 296333165 206219916 338195459 34011823
5 3
361160560 304698381 223348975 56462179 223348975
5 9
71587090 333954269 262367179 524734358 362530548
5 6
204815397 739754020 165061613 255692585 369877010
5 5
356342324 330262974 273516607 82825717 346352463
5 8
252043827 201780004 134514493 207969433 386558320
5 6
346242626 375139856 346242626 394947488 28897230
5 6
362099190 325931209 325931209 223207589 102723620
5 1
380300196 213230471 274451499 342148526 67697027
5 3
29182356 346211259 317028903 338967082 225965251
5 3
440723488 220361744 82145510 302507254 220361744
5 4
332530911 30427107 337193591 278388940 362958018
5 5
310345024 74264686 384609710 620690048 265892297
5 7
753670648 376835324 210937719 257036046 376835324
5 1
276683691 87709067 205807126 202508096 364392758
5 7
13367902 376952951 223421281 214196712 363585049
5 7
336229181 355061913 303452848 214596153 336229181
5 1
312149595 264446382 23109775 289039820 216044221
5 2
347684919 347684919 695369838 363183679 347684919
5 1
384966590 351266161 206329863 206329863 244813695
5 3
275633512 324507787 358987197 286234864 83353685
5 9
348717931 697435862 353817797 302522773 214995645
5 5
372796911 671671734 372796911 346588821 335835867
5 3
325126064 329614307 49556505 275569559 266594922
5 3
212617486 340792879 332310716 398571816 212617486
5 2
341326530 393987236 389956137 393987236 787974472
5 2
18164675 335599980 353764655 345303722 351442091
5 8
483201966 216708587 241600983 364862562 208731220
5 6
732186736 525636164 206550572 239778976 366093368
5 3
518065996 290302929 290302929 259032998 259032998
5 5
669224648 334612324 377307706 257387666 257387666
5 1
381644778 37263403 344381375 381644778 307303345
5 6
245607057 259497832 245607057 282126374 13890775
5 1
373262205 332508178 61235284 393743462 301871711
5 9
261343420 292171141 229778787 62392354 312083696
5 5
367715771 692900198 346450099 346450099 295545398
5 2
364540631 214233611 214233611 150307020 322855399
5 9
56403389 550850212 358339692 301936303 275425106
5 9
339346475 584683024 292341512 311462585 292341512
5 3
256047068 296389453 378147259 218631272 81757806
5 1
383447807 523957730 261978865 277050424 554100848
5 2
250724515 327081480 323010684 373824168 50813484
5 9
99277035 227822525 329451568 232940565 332217600
5 1
315153461 61815981 236424241 253337480 373429680
5 2
200316166 55993082 295023172 478060180 239030090
5 3
357619411 32448109 375566009 327972316 325171302
5 2
569618758 284809379 298602563 202907 298805470
5 8
353000491 325955653 14541585 366322691 311414068
5 2
259065605 207041601 391458356 132392751 250456336
5 8
211967979 294255706 54062840 294255706 240192866
5 8
327354196 398979151 395567647 3411504 398979151
5 9
757304658 430815470 378652329 326489188 322518207
5 2
21496847 236644331 236644331 252467805 273964652
5 5
357589886 270334814 226555292 250415389 107174497
5 1
221669470 316494933 213735743 7933727 221669470
5 4
507224570 272199304 379098617 779423874 389711937
5 6
235181783 46516182 235181783 208743738 281697965
5 7
250213178 500426356 250240328 337291267 27150
5 8
351125267 351125267 359087168 321159884 339268068
5 1
449941252 224970626 224970626 208700954 306914943
5 8
391221234 261325554 391221234 129895680 261989090
5 1
503008027 352857107 705714214 202706187 352857107
5 8
222539750 511704284 753472184 376736092 241767900
5 1
253208183 253208183 86353741 335754426 339561924
5 5
368277128 29878962 326217921 356096883 356096883
5 3
126921489 263416124 390337613 265772249 342248363
5 2
517471516 359417930 239920654 718835860 258735758
5 5
378017487 378017487 511300176 255650088 122367399
5 6
307482931 706035588 353017794 384302721 614965862
5 8
45871240 348763032 391828335 391828335 345957095
5 9
285417765 396054040 399544699 225634895 225634895
5 1
729708766 364854383 364854383 244385359 120469024
5 9
301140456 310537614 291743298 602280912 583486596
5 1
303654636 365685001 385011884 62030365 365685001
5 8
372882400 281208575 281208575 562417150 219511972
5 6
339028771 38880778 286261432 325142210 202739661
5 9
322133165 357617034 644266330 242503273 322133165
5 7
533451460 266725730 306836106 266725730 265371012
5 6
44835585 292453227 351003156 292453227 306167571
5 3
289969250 579938500 404898640 202449320 368582002
5 6
376103998 316165494 752207996 335362651 259358868
5 9
394903794 394903794 359212295 207091588 396992107
5 1
278518296 317663513 39145217 278518296 276745560
5 1
304337191 265781396 252484029 38555795 283784506
5 6
275202281 305567186 100734635 204832551 211414779
5 7
360959404 102987607 220586244 257971797 360959404
5 3
458174972 229087486 200348377 229087486 400696754
5 5
210827332 308793620 391004747 102972786 205820834
5 2
214370995 360874934 60444468 721749868 300430466
5 9
312280949 312280949 27717965 284562984 284562984
5 8
289210729 216339312 220861869 347613636 578421458
5 4
281866870 228075706 203862711 58288733 286364439
5 5
300942842 17894901 338283993 320389092 391921310
5 5
673132200 336566100 462899140 231449570 126333040
5 1
321878807 643757614 272710206 740722550 370361275
5 8
671586944 335793472 205934293 227861294 367440466
5 1
9410012 287091456 337189797 305606344 346599809
5 9
583006162 228387043 291503081 519890124 259945062
5 1
293453204 725297890 361769993 362648945 373171080
5 9
396378511 285790779 212622947 285790779 313710487
5 5
372412542 695810850 347905425 317541027 247052306
5 5
56098794 396010759 339911965 339911965 384305405
5 4
360700906 547895502 230587808 273947751 222019418
5 4
276382153 276382153 311258868 249857230 34876715
5 8
316346762 57256870 632693524 259089892 332585252
5 6
403204775 288175853 345690314 691380628 258717024
5 5
221969515 221969515 279667323 142082726 364052241
5 8
50186757 280772449 345346327 330959206 312746662
5 3
382635044 369105846 738211692 355576648 363568442
5 9
291156148 117839923 233218127 233218127 351058050
5 4
210321867 210321867 177577803 775799340 387899670
5 9
324816448 339794741 325156259 339794741 255481462
5 3
419769340 329226302 669160098 249390758 334580049
5 1
206494916 206494916 378838927 172344011 268268693
5 2
85203499 396787779 623168560 311584280 279920563
5 9
73673070 244420000 304680927 231007857 299577075
5 3
296324113 39657670 308674321 300625878 340283548
5 6
261265979 272985237 364712210 398065094 33352884
5 1
353077170 305995239 258994868 305995239 47000371
5 3
212694795 30266107 425389590 212694795 242960902
5 9
301977095 301977095 27397030 271749981 329374125
5 5
7718316 336068489 246517969 238799653 336068489
5 7
212861622 425723244 211135394 214587850 292712762
5 7
219124947 281505711 62380764 203623140 281505711
5 6
343574964 328637868 352961456 328637868 657275736
5 2
268781738 99555115 300660875 300660875 201105760
5 2
571381466 296932353 607828042 303914021 285690733
5 9
225926303 225926303 303925062 377763281 377763281
5 5
226207743 399269300 314421108 88213365 236381350
5 6
213770369 247493095 394151211 427540738 213770369
5 4
321043206 239648045 112279806 356551605 244271799
5 4
275767810 737233498 368616749 551535620 92848939
5 8
200431646 366031034 283231340 207988253 566462680
5 1
382436993 294870017 275610052 330791991 35921974
5 6
244297071 735858716 300349088 367929358 67580270
5 9
226164657 382387946 382387946 290850999 91536947
5 9
211638170 250195795 423276340 38557625 249794796
5 6
365822873 243519729 263328137 731645746 468317609
5 5
57155382 223659517 304893246 247737864 304893246
5 6
578691370 234334576 289345685 234334576 396265901
5 6
269966923 26329920 373480011 322330161 399809931
5 4
272893601 564397294 282198647 282198647 282198647
5 8
267723739 378983698 378983698 256023621 757967396
5 1
200922720 186817319 200922720 387740039 401845440
5 6
283999590 80827904 283999590 364827494 316485790
5 7
559021960 279510980 330866581 346674918 314060275
5 9
246138395 317157701 246138395 33151678 279290073
5 2
223677464 323856487 323856487 27019561 296836926
5 2
706295800 228974203 228974203 457948406 353147900
5 2
374824237 252326469 202482364 252326469 122497768
5 9
386176769 248869629 206418216 772353538 137307140
5 7
244140751 394783362 244140751 101444057 345584808
5 6
200751476 368965151 633643806 316821903 316821903
5 3
232678037 228764603 465356074 323443975 289226501
5 5
289193706 289193706 374088703 254262414 84894997
5 9
294042803 340349414 277850407 311876756 277850407
5 7
540025404 270012702 270012702 224945827 224945827
5 3
385047846 217553922 385047846 255400625 770095692
5 4
785843782 252089062 251012236 252089062 392921891
5 8
647225816 313652465 264566515 323612908 627304930
5 7
260659064 350855759 25621597 260659064 286280661
5 4
299256213 299256213 213493729 214690092 84566121
5 1
248469268 365814193 248469268 366818536 234015195
5 8
261442685 522885370 261442685 207715729 53726956
5 1
214570727 391172518 289206877 578413754 782345036
5 9
578092438 207262435 363574889 289046219 246053355
5 4
156558285 219923354 346613856 367293426 376481639
5 9
92823613 315158984 315158984 294682838 387506451
5 3
339452780 271444416 52803103 392255883 339452780
5 4
324330319 648660638 362546314 320383733 320383733
5 8
217806311 23623689 241430000 241430000 334920473
5 4
362879935 401763640 725759870 323996230 329579557
5 6
413628505 646526240 232897735 323263120 277566337
5 7
373118223 373118223 219672252 439344504 746236446
5 1
330970036 44711071 248887665 228193215 204176594
5 1
206606754 212175582 209300401 285802099 76501698
5 1
207406394 8263539 246051212 215669933 246051212
5 2
336828587 549941830 274970915 336828587 292584369
5 5
258156160 266904855 249984107 8748695 533809710
5 3
208557260 208557260 207581685 15908617 224465877
5 7
644145862 223960660 322072931 383551725 205484909
5 1
677934294 284724392 338967147 368406589 338967147
5 8
218448040 339459062 339459062 436896080 316837937
5 5
271074403 542148806 389855266 368461366 779710532
5 1
143426238 364728571 260636972 238126511 221302333
5 2
243510537 275767201 263190112 377980338 755960676
5 7
213494948 444191904 325864536 118327368 222095952
5 4
372454398 270284750 540569500 287546285 218613795
5 9
335473429 9292285 344765714 689531428 344765714
5 4
242607443 485214886 373031434 242607443 746062868
5 8
373113458 147906990 266552330 256670386 225206468
5 4
204057351 396652774 277116156 73058805 289953157
5 9
262668831 348474060 346384223 303830079 83715392
5 2
67377978 252285606 319663584 319663584 313524610
5 9
265025483 265025483 284829132 19803649 284829132
5 9
797511022 398755511 15493973 353474654 383261538
5 5
330667026 326434991 661334052 330667026 334899061
5 2
313876080 42592742 354266655 271283338 708533310
5 3
355266523 333571086 21695437 281492873 276342062
5 1
67745467 331432717 263687250 301760595 331432717
5 9
321471051 243128131 310084849 303204793 486256262
5 7
395916759 268135935 395916759 202524682 65611253
5 2
448310812 311080342 383969273 224155406 86924936
5 7
362712626 115963934 343120273 227156339 227156339
5 4
258290105 326108253 326108253 258290105 67818148
5 3
7590880 241848984 249439864 233332661 284334705
5 8
316277854 368121236 374016067 391606375 5894831
5 4
325432889 326813926 312851391 64470195 260962694
5 5
259786099 270178997 213211633 46574466 426423266
5 5
275888186 374345466 384124591 384124591 319179501
5 9
215596993 302063089 215596993 298165050 86466096
5 1
302540058 278813615 78963865 337030537 223576193
5 9
208159487 336262434 301183978 276874075 35078456
5 5
327789329 363501751 208118853 383836127 767672254
5 5
298515508 767239466 85104225 383619733 254534121
5 2
574539026 287269513 315647483 258891543 258891543
5 7
238438483 695272344 347636172 347636172 208912518
5 6
299398732 287077659 315314733 299398732 15916001
5 3
796864292 398432146 398432146 290417828 398432146
5 8
212037983 202808984 353167791 203633972 149533819
5 4
129200344 257896636 355696885 226496541 711393770
5 9
318004618 204655402 266025380 61369978 214144654
5 5
361693971 255775621 526976758 511551242 263488379
5 6
793863910 258272274 396931955 258272274 255420723
5 2
316578424 52468242 316578424 264110182 349806568
5 8
344723276 314553922 295895845 30169354 274855791
5 9
370617572 397037846 214720182 741235144 362446522
5 7
322902366 238609198 23959364 239676399 298943002
5 5
395990660 330765762 214257102 330765762 116508660
5 9
228982395 247229571 247229571 228982395 18247176
5 1
375787565 305719990 611439980 224327495 252680079
5 2
387893857 387893857 209221339 241941225 216847751
5 5
762416976 381208488 257483222 257483222 504933754
5 7
215557778 159268931 431115556 231113777 271846625
5 7
322833396 14019304 645666792 308814092 322833396
5 8
131578246 273733341 234143412 365721658 258334563
5 1
363866713 380870718 217146728 380870718 17004005
5 7
231690500 1232577 243031580 230457923 231690500
5 3
61214842 312685744 388226182 319761473 251470902
5 1
243596079 211709788 211709788 127264968 338974756
5 4
547589112 271078170 267964229 273794556 542156340
5 5
224807470 251969838 285590462 285590462 251969838
5 9
321589460 338686145 277989217 43600243 677372290
5 7
249262177 313483058 626966116 244902952 382063164
5 7
336486226 379168930 15259991 363908939 363908939
5 7
343684818 260346747 260346747 351981684 8296866
5 2
367168762 346337525 359380604 277715875 346337525
5 7
309783872 204111059 72818824 338356837 276929883
5 4
304977404 230498919 14964089 609954808 319941493
5 3
254860774 254860774 11180731 243680043 274090349
5 6
341140460 150968162 362874950 211906788 305069708
5 8
144625093 242304464 276658121 386929557 553316242
5 1
250029129 250029129 369398061 118515294 368544423
5 7
9513229 251872671 261385900 330894618 290561004
5 8
332356217 52723338 281856483 234504579 229133145
5 6
1971305 273231834 275203139 263494455 275203139
5 5
219064443 95291660 237553296 379814932 475106592
5 3
268943230 292481163 336421801 268943230 212240757
5 9
252210385 504420770 231084630 304252649 273336140
5 1
308139488 302402397 616278976 260854548 383071330
5 1
202073847 310537037 20825924 202073847 289711113
5 6
653224174 225970868 163609826 326612087 389580694
5 5
328339797 227332035 328339797 227332035 101007762
5 2
284362863 272870023 645093512 322546756 262273256
5 7
273495855 365156341 232362260 304767446 72405186
5 6
385342105 472075848 236037924 86733743 770684210
5 4
253164985 320984795 337240199 287337273 49902926
5 7
757031888 488660465 268371423 378515944 208314436
5 1
361302263 605581954 338714047 302790977 334742331
5 2
254269560 396224844 371691409 117421849 327111962
5 4
271871820 8260303 358413047 271871820 280132123
5 3
133773516 390775103 239909400 373682916 368072951
5 1
326374587 326374587 545846626 652749174 272923313
5 5
30567133 391001220 360434087 360434087 391001220
5 7
284007946 284007946 4016519 568015892 288024465
5 1
35430896 369064232 328369909 328369909 292939013
5 7
431129604 168317958 342773544 262811646 215564802
5 2
62115048 206370359 268485407 412740718 248464491
5 1
377114399 240025316 221685680 155428719 291612502
5 9
489980718 143716613 244990359 346264105 346264105
5 4
282451410 328027040 171095265 224548467 395643732
5 2
375582240 751164480 243383474 243383474 507781006
5 8
382991776 324666263 382991776 324666263 242118616
5 5
293009698 293009698 296512454 245978748 245978748
5 9
252266427 285178599 336218844 32912172 252266427
5 4
592785212 296392606 544324210 272162105 377941056
5 3
301810844 244893004 318607465 215917617 56917840
5 5
295277645 42068748 253208897 590555290 389133820
5 5
5934414 256677586 262612000 290776880 513355172
5 2
12127546 331574997 278124428 556248856 343702543
5 9
133024260 360888499 319343375 284886656 227864239
5 9
737765686 702391132 351195566 234547286 368882843
5 6
390952000 337710095 337710095 675420190 337710095
5 7
394410470 394410470 262224579 262224579 788820940
5 1
282491437 207865442 357117432 564982874 357352435
5 5
3351081 242199331 245026946 238848250 242199331
5 4
287978504 240287229 313920694 276342921 552685842
5 9
351025355 351025355 328198108 573951208 286975604
5 2
389500732 25806566 389500732 205102377 363694166
5 6
313034456 240185764 266453949 240185764 72848692
5 8
148531119 323757955 382862363 208510158 357041277
5 6
247167381 794216470 397108235 350243647 243493298
5 5
399012475 333392827 338742655 374036789 60269820
5 2
248999216 248999216 100211156 286414669 386625825
5 6
323066948 688398382 365331434 289956951 344199191
5 9
339521668 388212793 383944709 346785244 4268084
5 3
235458988 331846820 331549597 83936175 319395163
5 1
23944932 296136526 377192379 359149095 335204163
5 8
99368251 235620790 319712258 319712258 334989041
5 4
252742967 42068868 358284948 316216080 396631250
5 8
331837863 331837863 366269308 201206439 318733080
5 5
263660973 473365112 364626692 236682556 236682556
5 7
254260449 232909538 508520898 232909538 383211419
5 4
33416027 388796831 317775055 272636175 351191082
5 4
116261355 314946543 345126271 374565362 258304007
5 4
22376122 223331055 298333918 298333918 245707177
5 8
622270760 311135380 297500635 387554081 90053446
5 6
317200395 305893805 305893805 50605408 356499213
5 4
149364461 207229420 287903401 356593881 386495259
5 5
210443097 349292487 165408906 698584974 375852003
5 9
209086903 359350334 327870606 150263431 418173806
5 1
137648851 393114626 294865214 267823265 255465775
5 5
230944842 230944842 373735099 314734040 83789198
5 9
217408616 245934792 327828620 352961461 107026669
5 6
365191199 747153826 365191199 345926728 373576913
5 1
394748441 394748441 5230857 256939268 251708411
5 7
354220395 81233200 295440782 272987195 319921549
5 5
580244738 294950759 290122369 287452758 4828390
5 9
368143932 386655351 18511419 357176607 357176607
5 8
232985829 232985829 465971658 251883454 362741916
5 6
355447425 367199571 121460708 355447425 245738863
5 5
655411380 267975704 387435676 267975704 327705690
5 1
722362624 312842396 409520228 262922798 361181312
5 2
335687779 373498347 143168240 335687779 230330107
5 5
286338553 295405993 364686432 286338553 78347879
5 6
287641413 426591398 213295699 373123851 213295699
5 5
237560943 237560943 271776558 34215615 475121886
5 2
230497687 329740923 558772325 394635006 789270012
5 4
219030803 7076252 219030803 333860343 211954551
5 2
309545733 278515969 230361183 259267927 48154786
5 3
777191802 287924271 317905599 388595901 252770754
5 5
207831321 381328081 99378424 359299028 281949657
5 1
244347066 488694132 244347066 344180085 376074569
5 5
306147620 338076141 272211946 283945079 11733133
5 1
362810395 251148722 362810395 251148722 725620790
5 4
269018189 275547085 282345567 6528896 275547085
5 1
344889024 46884107 290806890 243922783 397490346
5 3
180593457 217800182 398393639 398393639 217800182
5 7
222189829 222189829 317862920 248952017 289016132
5 3
661628900 278655668 330814450 218925166 330814450
5 3
274267978 548535956 274267978 274267978 297121059
5 5
282601722 8398971 291000693 479229696 239614848
5 6
241835196 330310962 42022454 372333416 330310962
5 8
223663923 223663923 304743166 206101716 81079243
5 8
387335466 351868423 387335466 657526430 328763215
5 3
279466428 340416386 680832772 343446127 3029741
5 4
272765926 279610564 545531852 389576968 116811042
5 7
392916115 6454633 241578399 241578399 235123766
5 2
244230977 370795514 265764233 549932 244780909
5 2
383823126 240902954 312363040 624726080 389034424
5 4
223550059 112041215 447100118 335058903 335058903
5 1
241794103 232988470 258830286 351266146 109472043
5 7
215174965 305804237 251935025 53869212 346883923
5 8
294319241 278487761 368835603 368835603 294319241
5 6
360829393 348860064 24239914 385069307 352697103
5 1
169417513 379856884 392331901 222914388 392331901
5 9
336545679 305679364 390795283 611358728 220563445
5 6
389053386 166581410 208711145 208711145 375292555
5 9
212925604 137456540 288394668 343031379 425851208
5 5
275750454 331256689 275750454 331256689 551500908
5 9
524390700 726630916 202240216 202240216 363315458
5 9
521691330 247566394 287829026 274124936 260845665
5 1
287757234 356353749 288878428 33063423 389417172
5 4
337312150 345537159 342228774 691074318 8225009
5 6
380343928 328739006 760687856 331607337 319786739
5 1
344691168 320292711 235994877 96130609 248560559
5 6
342889045 376591510 305710980 271208282 37178065
5 7
577421688 288710844 393178921 272101283 282331584
5 2
303424963 789443908 394721954 303424963 307422171
5 5
382794824 775827 290153284 289377457 278967358
5 3
274323423 701652158 350826079 266499434 532998868
5 8
201109107 419851222 209925611 209925611 246712767
5 4
99059463 263354566 310692977 362414029 362414029
5 2
289037207 313983736 210463009 313983736 627967472
5 7
228498790 149815758 378314548 456997580 228498790
5 1
394706382 699374652 304668270 349687326 275026907
5 9
389967190 277511484 261908913 112455706 261908913
5 3
217750701 291239197 88891925 380131122 263426101
5 1
227282267 228538881 1256614 369179060 227282267
5 9
395340972 790681944 395340972 167914929 227426043
5 2
307407971 373234785 214034078 292717900 80516885
5 2
304439550 373465380 71116596 304439550 375556146
5 1
386160140 380708275 363807470 5451865 380708275
5 6
793868380 370459697 4903771 396934190 375363468
5 7
237714366 315848241 237714366 215140147 215140147
5 2
370750425 257534934 370750425 113215491 515069868
5 6
5132205 326088459 326088459 371307060 376439265
5 8
86673569 203136589 406273178 289810158 289810158
5 6
398649347 224461198 375371738 150910540 398649347
5 5
276717539 276717539 206471945 234274935 553435078
5 2
376259214 348064660 236930899 236930899 376259214
5 5
340193670 363062593 83381815 317938204 279680778
5 4
131607790 266910752 249731034 252565649 398518542
5 6
38396134 357225743 318829609 357225743 637659218
5 6
365402642 379216841 365402642 730805284 218366612
5 7
346393854 276427926 101663192 489461324 244730662
5 2
363915484 251203553 236585154 363915484 473170308
5 8
687684606 343842303 81718893 262123410 262123410
5 3
290448554 215095534 204682893 138607985 353703519
5 5
227294236 337081312 337081312 674162624 242865150
5 8
329032440 352511944 215269007 430538014 705023888
5 1
277844399 204860669 555688798 105094670 382939069
5 1
209946875 203994772 339593466 129646591 281135458
5 4
294949294 1548940 293400354 293400354 586800708
5 1
124869595 371767899 496637494 248318747 248318747
5 3
514337460 328603775 2626098 257168730 331229873
5 4
278437713 257382026 395537480 556875426 257382026
5 3
24388892 268520387 292909279 272957101 376498516
5 1
382915569 116305947 266609622 266609622 382915569
5 7
247019687 330982071 330982071 364621836 247019687
5 5
527643636 263821818 272095211 372737339 272095211
5 8
321935085 321935085 324192327 67835960 254099125
5 6
738522070 353378632 369261035 366533923 706757264
5 5
373803540 343048183 30755357 269345555 343048183
5 8
312210659 275450411 41697233 253371213 233753178
5 6
591411302 359639282 231772020 295705651 295705651
5 2
395181324 328904403 395181324 67990033 260914370
5 2
268719109 342976058 342737777 238281 342737777
5 5
259582364 362389775 362389775 353529908 268965129
5 9
216588996 63779779 280368775 269281863 329227259
5 7
202749125 341211993 281340171 562680342 221468349
5 8
281319569 67472985 205205071 410410142 272678056
5 1
270874889 212863331 391943452 121068563 391943452
5 1
362265980 760791236 398525256 380395618 398525256
5 8
275360674 275360674 380023099 380023099 760046198
5 9
203242711 414335520 207167760 207167760 327058129
5 7
212257580 402634842 10940159 201317421 273215875
5 7
386730990 201954004 223052302 163678688 201954004
5 5
287178533 392283978 384331204 784567956 768662408
5 5
366611644 322862754 304634314 609268628 322862754
5 5
319889572 267385486 52504086 267385486 397605656
5 6
256396673 266760776 533521552 256396673 266760776
5 1
494408874 247204437 339817671 247204437 679635342
5 4
275415283 334066908 355447423 355447423 710894846
5 3
387231279 356381059 356381059 381875790 202837540
5 9
374138730 459184852 395082399 229592426 213627784
5 1
217070751 707777456 353888728 353888728 210949172
5 2
378681896 330001845 251991228 240877335 137804561
5 4
348014957 348014957 660880158 332018597 330440079
5 1
333104470 385652798 333104470 52548328 385652798
5 2
352776210 354034777 118306548 253836752 372143300
5 5
335146615 670293230 379615622 335146615 268478260
5 5
204355599 204355599 239476715 478953430 368382657
5 9
248507466 233022024 390802584 390802584 157780560
5 9
59921198 423996504 211998252 211998252 364075306
5 1
353180431 220484177 132696254 440968354 232335299
5 2
250756875 131556562 382313437 366038397 382313437
5 1
235910595 394094042 59144814 334949228 209623313
5 1
206467669 296679248 217822799 90211579 324406533
5 2
372301512 249643897 372301512 122657615 249643897
5 7
388352267 392985080 81452950 388352267 306899317
5 3
713900192 356950096 364050574 349849618 315139403
5 5
36039128 364644431 313349243 626698486 277310115
5 1
308750371 215200711 247883307 386298201 93549660
5 4
359944687 348049758 336154829 221272583 696099516
5 4
273301646 365998074 24928856 300194922 341069218
5 1
64887653 221047228 285934881 221047228 271399990
5 4
362192423 247614662 227736738 170636212 398372950
5 6
214805877 295713377 347652834 429611754 384077677
5 3
290951745 236098835 472197670 236098835 374617871
5 5
268903961 243278627 486557254 268903961 277710740
5 3
322735118 215616003 228787333 457574666 134839548
5 7
211606861 134238817 345845678 244914227 211606861
5 8
374993505 272322447 119055561 391378008 749987010
5 8
341226432 318279290 285537046 252794802 571074092
5 3
311891346 304180666 284747104 623782692 322051315
5 2
396158118 792316236 546396830 309733738 273198415
5 7
238262055 360258247 360258247 476524110 116265863
5 6
350276736 700553472 280582965 344054318 356499154
5 4
538252986 269126493 226110467 43016026 269126493
5 3
211744975 225879967 342930011 342930011 451759934
5 7
375507867 496687892 248343946 250294915 248343946
5 8
293948269 373246955 349285197 293948269 587896538
5 2
784408180 271953513 392204090 543907026 262833582
5 3
389546630 679434828 389546630 339717414 779093260
5 7
257650991 257650991 515301982 312544603 625089206
5 2
77817314 278471445 282100337 204283023 278471445
5 1
395311844 333402552 666805104 790623688 271493260
5 5
83871576 218667072 302538648 437334144 302538648
5 9
316423595 316423595 656382530 328191265 11767670
5 2
328854701 221030964 230068652 394299483 98786049
5 9
358406725 230799350 303816292 358406725 382832335
5 2
266801896 303990677 607981354 305602432 266801896
5 5
254166957 7877758 508333914 320711547 328589305
5 1
185541666 208082059 416164118 343658939 230622452
5 7
336451596 234773999 672903192 336451596 336451596
5 5
300820532 368573474 364676752 299321716 368573474
5 4
645890536 54417609 266113971 322945268 268527659
5 2
192431017 306481029 306481029 249456023 498912046
5 7
382616187 245262950 377020368 338584388 5595819
5 8
61753752 389141980 240849214 240849214 302602966
5 7
335826352 233837409 67057377 268768975 355786777
5 2
449606004 396412447 792824894 228821217 343218890
5 6
508884352 703956238 254442176 254442176 351978119
5 1
259482373 592333442 296166721 296166721 36684348
5 6
230718014 461436028 229267943 207627888 231413756
5 8
308066539 260714337 308066539 568780876 284390438
5 8
672155782 336077891 279750479 356454102 279750479
5 6
790879688 348659701 270365444 395439844 344817618
5 8
374298695 236765341 295878662 289497983 52732642
5 3
260236021 213771130 45820055 222964695 306056076
5 6
302881069 302881069 292695307 10185762 387646849
5 6
255733661 731326182 364859025 365663091 298335145
5 3
268318597 268318597 564225458 282112729 295906861
5 1
7446441 299117843 291671402 291671402 299117843
5 2
230998171 340512844 681025688 357651434 17138590
5 2
277090049 334797944 360522117 25724173 721044234
5 4
18366428 300536207 286521725 268155297 268155297
5 4
315411361 132233555 223822458 447644916 280130987
5 8
359211486 359211486 329504091 266160135 329504091
5 4
347964240 296963678 283455387 208801545 64508853
5 4
376105406 223540297 752210812 376105406 376105406
5 5
289627031 205876112 231445433 356936179 58181598
5 4
264297894 638171352 326121036 319085676 61823142
5 9
339529422 296816038 295550335 339529422 593632076
5 3
250939006 617784030 308892015 345953581 345953581
5 1
386115804 231853605 386115804 308063904 231642316
5 2
86734679 353544705 353544705 266810026 266810026
5 5
297686813 331932802 206130447 206784904 206784904
5 2
387559750 387559750 241790462 241919076 145769288
5 3
343992787 324781415 348530696 23749281 348530696
5 5
364715838 729431676 287455026 364715838 353055326
5 2
306070349 223934026 13937268 320007617 387057612
5 8
94089421 248670320 364690358 236721235 270600937
5 9
237291754 30483599 237291754 267775353 263985699
5 3
209934392 419868784 221850024 496199426 248099713
5 4
342669436 283200635 62445843 345646478 283200635
5 8
680472080 340236040 393245153 366190735 340236040
5 5
275366163 550732326 266034768 397705090 350106649
5 3
386507787 145800362 481414850 386507787 240707425
5 8
338194205 348682268 309127036 338194205 331938218
5 2
373448466 358563296 209565911 14885170 358563296
5 8
265687114 224096344 261766116 224096344 235607208
5 7
55763658 211751410 270908115 423502820 367739162
5 2
370213038 386937461 345862417 740426076 345862417
5 6
358705782 253744719 262148291 253744719 8403572
5 2
314681022 204677575 314681022 110003447 204677575
5 4
332188899 358187124 332188899 358187124 393309503
5 6
648887510 273892466 374995044 264638341 324443755
5 6
289076190 381078283 104786773 219561902 276291510
5 1
227359132 227983272 231344391 624140 298113138
5 9
223511596 332435618 267175013 43663417 267175013
5 3
367196950 391272073 343807692 343807692 391272073
5 2
344086863 334663020 344086863 283270577 9423843
5 8
256624909 245155806 7868598 253024404 245155806
5 2
341730355 237565665 237565665 13108162 250673827
5 2
772306164 251026760 386153082 210707052 386153082
5 9
396025035 319014271 352669418 43355617 273349656
5 5
385723904 303366054 606732108 385723904 220131921
5 1
321208327 343144714 254703339 321208327 254703339
5 3
219580424 352567768 237684652 132987344 352567768
5 1
329361521 384813416 328572789 55451895 264763680
5 8
221101476 307377903 363719086 221101476 614755806
5 1
68890019 213622427 213622427 338778231 282512446
5 3
239818861 479637722 371962201 504105541 743924402
5 3
265364638 235046887 388789776 153742889 388789776
5 4
387142778 387142778 323882245 774285556 323882245
5 1
312127474 312127474 53763838 258363636 354451065
5 3
251362049 324624398 324624398 649248796 324624398
5 6
300703071 220083984 251168838 300703071 251168838
5 9
202712053 335548170 27703828 363251998 363251998
5 1
298677217 321068761 268427429 284197499 36871262
5 8
345032067 75707006 280678401 269325061 561356802
5 9
388435624 441006196 220503098 388435624 52570572
5 5
34239701 247140355 281380056 390348565 247140355
5 3
388339256 215947506 331978570 331978570 388339256
5 2
334387453 386984719 334387453 317841426 52597266
5 4
121318387 257535722 378854109 369108545 229481482
5 9
281812286 327682434 71882475 399564909 254577881
5 7
311908469 6381805 390195452 346250440 339868635
5 6
402301249 314651670 356782820 311264391 713565640
5 7
254340295 212189243 394863575 140523280 339067723
5 3
753946434 376973217 230535571 376973217 230535571
5 7
247782101 374555041 303057049 12508110 315565159
5 1
319720962 319720962 259442811 322994997 392207619
5 1
621674464 383800949 72963717 310837232 217588595
5 1
236993507 319691045 639382090 236993507 314847578
5 2
106442890 354746616 248303726 248303726 292227587
5 1
294410214 492382942 225730732 246191471 197972728
5 8
289648199 289648199 59375799 349023998 252236991
5 6
335851734 358479977 372174158 372174158 744348316
5 4
343433500 310849202 310174601 222352651 88496551
5 8
373025787 718450746 237373523 345424959 359225373
5 1
302377095 320246898 307814894 5437799 240811558
5 8
232760426 269152792 321675425 354199566 52522633
5 4
253031654 256614764 294826868 589653736 294826868
5 4
305718551 370101284 348159409 64382733 370101284
5 7
384061818 628086810 317390182 314043405 244024992
5 6
229876352 28858258 300228938 232760121 201018094
5 7
297688932 299798467 281747316 228751200 228751200
5 9
240728371 254232787 508465574 267737203 481456742
5 2
42565778 249250815 371117908 371117908 328552130
5 5
333688939 362273269 5039690 358748269 363787959
5 8
462695518 231347759 207125325 375996804 414250650
5 7
231502794 55087021 286589815 245683455 286589815
5 7
224977233 628561276 89303405 269272494 314280638
5 7
305943781 42166268 324823379 305943781 366989647
5 6
340240897 28896458 294484680 265588222 249329384
5 6
216270333 11894579 348497126 228164912 240353873
5 5
209124608 339155147 326233600 12921547 325812931
5 7
271815280 396915912 213937903 125100632 352524027
5 2
305764027 611528054 216514119 395013935 395013935
5 7
238068185 370381267 123083549 361151734 324776086
5 5
399661974 227863735 85101696 312965431 246764639
5 1
699887436 367369659 349943718 332849811 17093907
5 6
364610408 179433321 380243754 200810433 200810433
5 4
317098948 634197896 91320145 388120820 225778803
5 4
239851137 291564640 260080424 31484216 583129280
5 8
230077136 286369808 460154272 56292672 230077136
5 8
296610326 242741247 242741247 270035240 270035240
5 9
31764821 278670049 251363734 243716753 310434870
5 1
360261245 497131364 248565682 237200064 11365618
5 6
5840378 302388988 296548610 225474394 302388988
5 9
391966911 302871435 283136621 108830290 283136621
5 9
234648901 34767599 260252887 238614734 203847135
5 4
273309137 4243716 331621968 348702153 335865684
5 2
309622647 270172169 735447130 367723565 58100918
5 6
326584521 75473752 230554087 251110769 254740281
5 8
770036350 385018175 349865773 306627646 385018175
5 3
446887244 287006924 223443622 223443622 298075962
5 5
105395315 299763689 306719459 201324144 402648288
