23226277
23226276
23226277
23226277
23226277
444595123
444595123
444595123
444595123
444595123
444595123
444595123
444595122
444595123
444595123
444595123
444595123
444595123
444595123
444595123
444595123
444595122
444595122
444595123
444595122
444595123
444595123
444595123
444595122
444595122
444595123
444595122
444595123
444595123
444595123
444595122
444595122
444595122
444595123
444595122
444595123
444595123
444595123
444595122
444595123
444595123
444595123
444595123
444595123
444595123
444595123
444595123
444595123
444595123
444595123
444595123
444595123
444595123
444595122
444595123
444595123
444595123
444595123
444595122
444595122
444595123
444595123
444595123
444595123
444595123
444595122
444595123
444595123
444595123
444595123
444595122
444595123
444595123
444595123
444595123
444595123
444595123
444595123
444595123
444595123
444595123
444595123
444595123
444595123
444595123
444595123
444595123
444595123
444595122
444595123
444595123
444595123
444595122
444595123
444595123
444595123
444595123
444595123
444595123
444595123
444595123
444595123
444595123
444595123
444595123
444595123
444595123
444595123
444595123
444595123
444595122
444595122
444595123
444595123
444595123
444595123
444595123
444595123
444595123
444595123
444595122
444595122
444595123
444595122
444595123
