5
2440 3
949 481
949 632
949 1802
1802 1656
1656 1588
481 1317
632 1643
1317 1453
481 1689
1317 1809
1643 2345
1689 2114
2345 76
632 675
1317 1541
1588 125
1541 1688
675 2046
1689 938
76 156
938 1238
1588 1902
481 99
1656 1580
2114 1713
1453 1525
1238 1430
1453 1996
1802 2190
156 415
1689 1771
2190 188
1238 579
1689 2067
125 1821
579 690
1996 612
2345 744
1713 602
2067 283
283 962
188 74
1809 1732
1688 950
938 1274
949 2111
2114 2102
74 712
1732 1618
2102 2282
949 924
1643 810
950 2326
1771 874
1580 771
1453 821
415 2209
2326 1973
1689 1511
1453 1530
810 580
1996 315
690 1738
874 220
1732 1731
1732 359
2067 2434
2209 693
283 129
1453 1423
2434 1403
1430 1385
632 31
2326 111
1541 2136
1731 973
1771 1468
125 1946
2111 388
1618 55
220 566
415 574
1996 953
1996 1657
693 1456
2326 1463
388 1824
2111 1071
693 269
2434 656
1802 1129
1525 1651
1902 2117
1530 1186
2190 975
1403 1983
1525 2033
1973 1727
1821 2133
1727 308
950 2401
315 214
580 1816
129 2249
656 1278
2046 407
2345 118
1973 657
2046 1053
415 2344
1771 499
771 2071
499 498
1186 336
1071 876
1423 12
1731 1672
415 672
2344 184
220 1989
415 1139
2282 209
1053 1310
1541 852
821 2169
962 1033
1996 523
1651 1806
125 1955
118 514
1139 1226
1656 193
111 64
1226 1120
1310 1892
2102 1016
1453 1922
1423 761
1657 1552
973 1256
938 2238
2169 1855
949 1991
852 105
514 2233
156 1161
156 1505
1771 1831
566 2057
810 2222
771 196
1922 246
1892 2177
1139 1923
2071 1896
499 2435
1651 719
1802 484
209 2277
1672 1388
1456 378
1186 1416
1511 274
566 2280
1946 1674
2280 63
1688 2433
1688 2179
1831 1415
1831 887
188 758
2071 50
924 648
2033 581
672 397
1688 2242
1139 1864
761 2374
1657 552
359 2241
105 688
1618 918
648 1404
2241 600
336 1066
1071 1678
336 2290
269 1974
712 2013
1274 124
1946 1233
1233 2271
962 1296
111 2189
771 909
580 1959
378 1058
1161 599
1688 1055
1955 1475
1618 94
1525 2122
55 748
1256 1442
124 1818
1233 1389
2290 1878
1541 1667
2374 137
1278 29
2122 221
1278 1112
648 1341
719 2002
484 1756
1552 429
156 1682
1186 2429
909 1312
852 307
1689 734
1959 1627
1974 869
1731 1394
184 1009
315 1003
657 1915
602 2410
2102 112
2002 1910
1902 1992
1530 1879
397 1926
1310 1322
2277 1028
378 132
1388 1258
481 71
2189 894
2102 1773
1588 334
1824 1041
1824 1037
1161 685
690 11
1186 839
1773 294
852 2313
2282 679
2242 901
1688 151
407 331
1055 1668
1341 1516
274 993
1651 922
876 1664
214 465
76 2318
744 1367
2071 1196
712 1123
2033 2330
1756 1210
151 358
184 601
1651 959
1672 1183
975 1777
1910 854
2222 117
922 1501
869 2440
1385 2031
2179 2412
839 842
1066 1510
887 2425
852 577
29 1912
1258 516
1992 28
1831 2196
869 1250
151 643
1389 1211
1818 1954
1682 787
1123 2083
1727 1869
1946 2310
2177 1666
1651 714
1974 431
407 226
94 1002
2290 1665
2133 2104
71 1216
31 983
2242 1532
901 2379
1161 461
1996 2125
283 1555
901 1626
1878 2148
2189 1439
1864 2339
1959 1119
1505 100
2189 1961
1878 1597
2031 780
137 2358
1915 2252
2410 1474
283 2206
1627 1137
1651 159
2410 2161
552 1282
1802 2216
315 41
1666 1520
63 2368
1682 488
1959 1706
484 479
1028 597
484 1434
99 373
1129 1409
193 338
499 989
1475 223
74 954
1627 1353
1915 936
1555 775
1463 531
1878 1535
656 1825
1028 2322
2290 1813
973 815
2412 2094
675 1573
1535 708
2169 1441
1910 1209
815 208
388 695
50 354
484 21
308 1060
1183 1940
675 195
2161 1769
415 181
648 716
1896 424
869 1092
188 1692
1954 560
1580 718
1415 398
1667 1165
221 1663
1879 2191
2358 1957
2117 428
1226 59
1317 261
1238 1214
1892 911
1989 1284
1618 329
758 497
269 2302
11 474
1665 683
1463 1972
2233 527
1580 702
307 971
196 1300
2330 2334
744 1649
1532 1270
29 2258
359 1763
28 1724
531 1975
2271 1379
499 44
1975 988
112 1939
1511 1297
1806 1948
531 442
283 2188
358 1457
1165 1181
479 616
579 823
911 1791
514 438
1738 2297
2177 1712
2258 1272
852 2301
2031 1094
1214 2021
1731 1897
643 906
1233 2142
1912 2038
708 1425
1939 2053
2326 1417
1123 2353
479 142
2053 1729
428 974
1278 1536
1657 1381
415 320
269 2187
373 293
527 451
1651 310
2094 1088
1536 1314
600 356
1957 1035
1425 342
1672 78
815 738
2033 1374
2435 1909
989 1624
1209 1255
359 1143
1818 2348
71 309
1555 1977
1216 697
869 2354
744 964
1769 641
761 1458
718 1868
1825 948
2277 1521
2111 1333
1855 2006
214 257
329 1563
643 1172
2033 2075
2177 956
1855 1739
734 1268
516 590
2241 1539
738 35
1214 2141
465 2173
602 1298
29 1459
1824 1162
2057 70
1618 819
1806 2215
1297 304
560 1888
1268 711
697 38
451 634
1423 1599
821 781
1902 162
1009 1047
1563 1693
226 17
1688 1893
2410 1361
2161 1745
2425 5
597 795
188 1776
1745 239
1463 1320
590 1040
531 93
1624 202
2241 143
1389 454
948 2170
481 1109
1274 2248
2190 2403
125 330
2071 2224
1341 242
738 2056
1983 1711
1071 155
1539 2292
294 2296
78 2186
874 1263
2358 1554
1088 1762
1439 524
1361 1775
2277 2231
911 1856
2435 1436
2348 1089
616 2253
2179 1142
1040 991
1618 1487
359 1506
2297 285
310 2158
948 2315
2173 1694
309 267
2301 1198
632 1049
1458 87
634 419
1403 1445
1939 225
634 1518
876 2423
397 1794
2353 2405
1381 508
1791 477
1474 2100
1120 1087
2248 1012
1123 917
874 1411
1992 1338
12 535
2102 1319
964 91
223 2000
1505 729
1955 2172
2339 2386
1773 460
304 366
2348 2397
2190 1229
1973 53
388 1778
1554 1469
1049 619
1816 1108
1209 1764
1053 528
156 2391
1403 992
2435 420
1033 2181
956 741
479 1960
2374 773
2104 2331
308 2126
1946 1078
1910 1930
159 2213
1626 589
129 2105
1763 1492
729 384
2435 49
702 1099
2104 138
1123 1757
1757 312
936 1225
1430 249
938 2152
2379 1179
378 2240
87 1870
1666 1584
1682 1447
2170 391
1229 2221
819 1860
2435 1951
481 606
2282 2050
29 126
358 752
330 2436
1816 1854
679 673
209 103
5 1134
2056 701
1777 1544
356 447
1694 587
391 250
223 51
1198 1402
1539 2
992 375
2190 1223
1263 24
1417 941
612 1309
2013 746
2301 1438
1092 1601
242 502
1094 489
1554 1498
489 638
1409 1422
1139 2377
70 1038
193 1781
1922 244
111 996
1727 1792
162 1217
1869 2107
1317 1062
2173 1600
2240 724
552 2270
1544 732
2339 568
1959 649
911 1482
331 301
1123 69
949 603
1250 256
31 923
911 1877
1468 178
1317 2116
2368 2199
267 2328
1388 1837
1255 448
1518 1293
1250 183
5 2079
729 1290
948 2178
1388 826
1773 1077
2221 1548
1445 107
2126 1698
2161 934
250 788
429 517
1824 1615
1520 2416
2104 2308
331 326
2345 109
1939 371
697 1257
1910 2171
1948 709
2117 466
1290 889
1319 1779
1458 1495
574 229
1713 2003
2252 164
2178 963
105 844
1487 1593
1554 1386
336 2369
1439 1752
117 588
1388 2164
1520 333
454 879
714 1195
2122 513
1813 1483
1009 930
580 1204
922 1169
2277 305
1475 1780
1137 1783
1409 593
2318 2312
780 1243
732 2400
312 696
1137 1737
2067 1432
38 710
326 633
1268 1426
787 459
1053 173
2152 865
21 1904
1672 163
1298 1616
2397 624
2290 1085
1548 411
2114 1493
2038 740
41 346
1361 573
842 473
1688 1163
2334 1103
481 1967
2122 1254
1626 153
1459 652
1518 161
1813 192
2377 1916
601 2375
679 1767
1474 1180
2315 216
2105 152
2322 2174
1492 1901
2354 747
708 899
1521 1876
283 1064
331 2407
1688 281
1893 512
1516 2162
1263 1135
758 9
1278 897
1062 1289
1615 1755
780 640
1584 957
1727 201
371 1075
1333 1956
1516 2092
94 1865
378 1852
2315 1431
1367 383
358 300
1967 834
874 1728
1516 2263
683 584
577 2078
2271 1275
331 113
1300 245
183 848
1554 968
502 84
1615 1286
1922 2366
1394 928
1541 658
1876 2236
2164 515
1353 1020
1002 827
2416 521
1713 2388
1627 778
2215 1675
460 396
2172 1125
624 1107
697 626
420 1834
648 1705
2386 2001
1290 115
911 1515
2271 687
1367 545
1361 483
1939 218
1469 1722
1172 978
2401 896
1270 1537
301 997
732 339
599 1358
1515 2106
159 1184
1738 169
1665 1491
1453 1546
1293 722
685 2201
2148 777
333 756
2403 1151
1910 570
326 1924
1834 1529
1926 2040
1415 2073
429 102
1738 2063
1818 61
201 1937
2078 1056
2188 1124
93 1798
1656 487
1434 737
2209 1568
737 1710
9 1744
633 2274
1682 1835
304 2387
1243 947
460 2260
1431 2212
346 967
773 2207
1745 892
1134 2285
2271 1253
938 1133
1088 1044
648 98
151 2163
1771 1527
55 805
44 26
1624 478
2322 2218
1085 369
181 271
711 6
1518 1577
329 1155
2330 655
688 955
1876 120
1674 1481
424 2084
2171 1998
1923 88
498 1193
1445 1140
99 1861
1728 2211
1310 2303
1056 2342
2021 1730
1358 2217
991 381
780 1350
1434 123
326 1377
1089 937
508 557
1901 2250
442 1884
1731 127
2079 2132
964 2088
2222 1190
407 1839
2410 811
151 325
162 1662
1409 2299
1038 1306
466 2029
1094 1574
527 671
1580 416
1453 1547
1992 1980
369 2347
2136 1265
383 22
1233 680
1436 404
1975 871
283 1964
513 1867
1688 1122
378 1703
1818 345
1198 500
673 445
304 148
1904 2118
1980 895
1058 1944
2003 1420
411 927
1798 2289
1094 1517
1003 1830
947 425
2206 2123
1483 2257
41 1240
899 1993
1798 1766
38 2228
1675 1178
922 458
378 247
164 1836
1077 782
244 1200
1322 222
1511 234
1520 2351
989 1504
887 1782
1878 423
24 1677
2003 2007
1910 813
787 1707
2181 1596
2178 2151
225 1567
1282 1479
574 1164
1580 2396
1306 14
2213 1561
2007 863
1737 2332
1792 393
407 721
1781 199
1275 1945
1688 1330
938 2267
329 739
2285 2244
169 353
483 1287
1779 1299
109 665
879 1871
1430 891
29 1076
1835 1489
1739 1919
2201 1083
109 1100
2164 2165
508 1397
1284 2307
396 699
1035 1949
1479 2014
1511 1863
1860 1171
1320 1565
499 2112
1664 212
930 1523
773 1036
267 2341
1626 2129
1919 565
2238 2041
574 182
937 1232
1672 776
438 2065
420 548
973 2004
2318 2359
756 2155
1781 2428
2104 946
1458 868
1129 1069
212 1433
565 2121
655 399
1479 1784
78 2180
1367 286
152 2273
2331 2408
997 351
1181 883
465 646
1322 81
1831 912
996 357
2114 1751
1775 1918
988 1167
338 1247
1314 1858
105 704
1256 1594
777 1396
2084 1605
143 1822
1937 2294
918 1170
531 1969
1584 402
1548 1976
199 542
1495 1345
747 1114
1402 617
31 691
889 1203
502 808
1567 2205
649 1281
696 48
1989 2269
719 1207
2179 177
1956 1344
542 1277
1186 736
923 1746
708 2068
1394 627
320 2131
1203 2340
304 1102
63 54
1663 536
2206 576
2423 1202
2213 1754
2302 1829
679 2364
2401 2140
2122 867
602 575
2299 1611
1813 1812
2075 1249
1202 564
152 248
1839 179
2211 75
2342 1450
2341 374
1272 2025
84 604
356 321
1396 1091
1861 630
2307 1994
930 544
528 101
1948 1840
656 1850
1140 2110
597 441
2397 1793
917 1419
1125 2409
1020 2247
975 654
1839 1933
1381 1369
734 812
2428 273
383 518
2354 2016
1180 1620
126 150
369 2017
416 421
1447 185
1732 662
2172 296
1137 572
487 1448
953 2355
35 1589
1064 1168
1909 1524
459 392
54 2044
407 2009
257 104
293 1444
2354 806
1085 1907
9 1853
1047 1218
780 853
1122 620
99 1267
1450 1051
374 1354
1139 2101
854 728
574 1770
1745 817
2407 1768
1140 2085
2209 1772
673 1562
2162 121
321 1368
702 417
1791 1660
894 751
640 2108
2110 1857
465 1189
680 1935
1319 2431
1238 139
125 278
2029 750
1782 1096
1492 2022
1565 929
273 2095
1536 1308
1739 1130
249 2402
1892 822
2121 592
1161 1378
75 1742
1012 537
1422 1623
512 1145
603 940
895 1023
346 785
657 1046
1350 313
927 979
673 60
937 58
1737 1153
61 1804
239 471
2205 608
978 45
64 253
744 227
2122 1295
1277 1641
1299 1583
1524 1372
1583 1224
604 2204
1910 1556
76 302
2301 2149
1536 232
2213 2256
1994 2098
1969 2381
22 1017
993 503
597 1718
1243 1004
1493 1921
1711 2357
656 1421
1193 2392
392 4
1433 493
384 1687
1994 804
2104 1587
381 1266
2206 1136
2238 2061
208 203
2434 1607
1270 1182
2297 2182
616 2390
1568 464
1190 1913
1775 1048
2313 157
577 1086
45 287
300 1121
1322 1496
2041 1851
2132 1646
1780 1235
1712 2168
1556 1639
580 676
1256 1819
2301 713
2396 1608
1627 835
1877 2363
2148 2043
2161 1018
2000 984
1009 1115
1977 2314
1771 1759
1770 2255
1009 1269
182 412
229 2309
552 219
2044 2077
1813 2389
1099 1512
1825 1717
2199 885
641 914
1265 436
1608 1866
1713 2156
804 1571
835 2120
967 1231
1837 1414
1897 2281
2071 2096
1330 1332
420 1748
2436 2045
2260 1191
1766 1716
461 1074
2359 2036
912 433
2000 743
665 1828
1764 1642
102 1177
2120 628
2396 1395
1296 2019
1178 926
129 1213
1181 2069
481 1875
1402 2426
892 653
1139 554
2096 79
2102 1938
2132 2317
1672 1807
1871 2080
593 2229
1991 1065
24 2153
2274 1741
1875 472
1879 1370
2273 1676
1678 1585
2285 727
84 136
2426 1609
1809 1669
103 1823
1879 2304
1678 546
150 1576
226 663
2 456
1949 915
419 52
922 160
599 1079
388 880
1967 1472
201 16
1258 80
2357 2372
433 1376
1475 925
461 1550
2191 2287
1396 1262
516 2336
599 1006
1682 800
1520 1499
14 921
1555 904
1074 1844
917 669
1379 1800
1040 492
2040 327
1278 595
336 1237
1386 264
88 1024
139 462
1125 32
474 2376
142 824
1151 2086
1381 2052
626 767
537 243
546 1221
169 2378
2357 1339
2280 1714
1163 1401
338 1343
1776 440
1689 1613
1599 790
1238 1285
1857 1928
247 72
2019 952
577 1986
1436 1747
2038 977
1453 845
483 494
9 1279
2205 841
2168 1348
301 715
1718 318
2071 413
2434 1696
790 1325
2290 463
267 217
411 2399
1779 2382
619 187
2228 1081
438 1827
696 2239
1913 2225
810 1549
628 1187
1003 765
2382 2130
1151 2115
239 1259
819 803
1794 1144
1641 1192
2211 1280
302 2146
1386 668
697 1606
1133 108
1155 1435
2408 180
654 2350
1945 1484
2043 831
1434 36
1993 1750
827 1451
503 1110
1884 540
1257 18
1574 2074
513 1797
1989 875
1402 348
479 884
500 910
1537 1815
156 559
1677 1054
2271 1891
1589 903
79 1633
974 1294
880 2234
333 659
719 2227
1771 158
1893 1842
223 1655
1298 2039
1605 586
2269 1159
1616 1551
581 1347
320 1847
1983 621
1035 43
1153 482
1056 1774
1091 1199
1754 2349
358 802
1161 1941
1739 1629
924 1356
1544 837
1100 1631
64 1000
2302 207
2263 505
1419 1786
2092 1291
2104 1883
269 389
1510 2176
1901 1943
1457 1906
48 379
1660 1373
815 779
2105 622
1770 667
1959 1336
2296 1106
2379 110
1836 631
1448 1962
1312 1982
1003 1050
1940 2417
2353 2127
429 1845
1270 1557
1038 2415
402 717
2022 2012
69 2109
1746 1658
180 829
1493 902
49 2414
1527 1208
2025 598
887 703
1573 1788
925 367
1597 2138
1415 858
1922 1654
2065 943
536 1157
2177 1097
1751 2394
1338 1885
283 1880
680 362
184 2026
1130 1068
1075 1313
2244 629
1772 1329
1114 2439
1247 1480
2036 1093
1665 1283
1674 1488
743 8
622 830
88 314
1561 1709
384 427
497 1067
1982 506
2336 2128
663 2072
1717 1617
1993 205
1879 1579
844 851
736 147
493 1029
1196 958
2351 1968
1576 1465
479 1691
487 1697
2439 1292
1730 2246
2014 1366
28 452
74 2237
1435 1900
2340 426
599 394
26 2090
1074 706
1627 742
179 2306
2391 893
192 1371
839 1305
659 1486
2086 849
572 1826
420 2145
1996 1740
1939 1995
456 551
1964 1765
1086 1758
1567 254
589 347
1766 611
271 797
2181 1476
1797 784
1852 1708
1411 935
979 1931
703 1690
1370 350
294 769
991 569
31 1005
2241 642
246 754
1370 1197
634 1586
2423 1116
1512 476
1922 86
2039 1138
968 1070
2007 2055
417 960
242 1612
747 1118
216 1997
867 85
2274 1176
1536 976
413 1598
1168 1413
1404 2082
138 446
737 364
512 2259
1772 2337
2002 864
849 1987
903 2320
1788 1141
1483 1390
1532 2243
548 282
107 430
1224 1131
1902 753
459 526
178 1334
1320 745
717 189
1279 1242
917 1205
925 533
600 2037
1937 966
992 2432
883 128
482 2398
1123 319
1765 766
1258 3
431 2288
1266 2327
716 1307
1552 295
2110 1540
2171 1057
1263 2293
1729 1805
936 591
958 2015
2387 2047
51 2262
1842 2373
147 2361
41 951
1231 986
2090 2034
892 1570
1179 2264
1493 1321
319 46
253 801
1305 1621
1998 2167
617 372
808 615
1444 1026
1414 504
189 571
477 270
461 2147
223 1349
2140 1610
603 2066
711 1796
2353 670
24 2266
2204 555
1788 486
347 562
1923 1154
696 1276
138 1985
1123 1538
1668 507
1654 2154
2212 623
1961 1201
527 2286
1484 1950
928 700
217 311
1540 1014
1397 280
1768 1127
160 2159
804 1810
952 2230
2405 1595
309 2089
1709 1905
1863 1090
1094 1848
1844 2049
201 1701
1171 1650
523 385
729 532
973 1464
1544 1785
1626 1239
1762 323
158 1288
695 1645
734 236
518 636
1076 1311
236 2437
99 2316
2102 933
710 277
512 1025
239 1603
642 259
1639 510
526 365
2271 2157
354 1260
620 186
1567 2385
1629 1622
1784 881
411 1543
1475 1699
1600 165
531 73
226 2032
1114 1971
1247 340
1930 1984
893 1970
545 1560
2207 1173
1415 1634
2026 414
671 661
1006 1898
1325 418
1397 1245
2241 2062
1262 235
925 2139
1389 233
1023 352
2359 2371
573 1418
1674 1927
1863 1952
1377 1846
1378 1507
1487 322
1299 985
1237 2268
2164 306
971 1147
2096 733
418 990
1164 1059
2170 549
1928 534
863 994
1000 596
1755 145
425 2418
2322 2081
282 2422
1106 522
2238 65
214 731
2353 1471
1389 146
985 1234
245 1248
278 198
1336 240
560 1485
676 1175
2212 2311
280 639
236 1723
2118 1150
482 870
2336 987
1518 1152
2158 1446
217 511
802 686
2190 268
2050 106
143 689
756 1061
673 332
1290 838
2382 154
1758 1351
2392 2166
641 2124
225 170
1120 297
1389 877
113 1007
2046 299
589 279
79 998
297 408
436 2203
685 470
146 457
2306 1625
2249 1632
1959 57
91 792
280 1862
711 172
1265 1316
1255 2324
374 2319
1012 982
492 682
1622 1734
1006 905
2067 898
552 825
1049 2254
498 809
1038 13
201 2028
515 2134
2069 390
1270 1838
1332 39
2131 2356
1332 1443
87 970
2140 684
246 1010
1980 1337
2065 92
61 755
293 2343
479 1111
372 2059
209 762
1283 637
1255 1080
110 194
2437 692
464 1410
483 1022
954 609
399 1340
45 265
194 344
1836 860
273 1084
740 1039
124 2113
1234 298
321 68
924 1335
712 2060
2089 435
1957 618
1202 114
549 850
511 1874
488 290
32 807
2255 2051
1340 144
2136 1412
535 856
478 614
937 647
1216 530
192 403
2063 1215
573 541
2363 174
576 1032
1020 1027
220 33
314 2023
1996 1034
1910 768
1938 141
1401 1454
233 1380
1893 666
271 1990
1660 284
841 134
264 2300
1106 886
1972 1391
743 2185
85 2291
1208 2020
1551 1721
1818 1160
416 1428
342 644
1133 1872
2373 30
1982 1753
1759 355
1639 705
196 650
593 1478
2267 1638
991 1680
1133 1647
413 1670
2218 1
2262 578
285 607
1138 862
2049 210
876 1449
2399 1128
1655 2411
899 363
369 1095
1972 961
1819 859
684 2087
2029 1105
767 119
1390 176
1298 1490
84 230
1678 2175
1029 556
1982 2323
1871 563
2327 168
2422 1387
1650 664
1645 289
2347 763
1586 67
1403 42
1025 1146
762 1352
991 361
2348 2042
1433 2210
1083 405
1293 1808
1615 1327
1864 2278
1955 2284
849 317
183 2208
124 1534
1381 2333
905 231
427 2393
1186 1045
2336 131
2061 292
1055 97
1641 2093
751 1569
958 116
2268 453
2293 66
941 2194
152 2223
2428 942
750 1726
709 1101
429 190
2084 2200
714 660
740 519
542 2144
1675 238
1634 1174
826 2119
298 2091
1041 1685
1638 1323
2077 2421
2153 1117
2396 1720
1411 1602
170 1725
446 995
1121 1614
132 1908
560 1526
281 377
2019 1359
1668 2335
696 1719
1321 1811
1818 2298
1663 266
700 1953
1818 1098
1396 840
1428 2214
838 610
117 1895
472 1572
632 1156
5 2276
1130 1999
290 27
622 605
2194 1917
619 2097
94 2048
2403 1673
1714 2137
2093 2384
2372 1503
1192 380
1323 1882
1493 888
1120 496
2323 1304
1645 495
2246 2024
2014 480
937 1158
55 945
1391 1592
195 908
2358 878
1874 585
1413 1452
2151 1640
812 303
2234 272
483 2362
1091 567
629 1126
859 171
1254 263
2319 2367
1306 1715
1824 820
441 1222
31 1407
2204 443
33 1303
2086 770
580 400
1433 1473
738 1636
842 783
1663 20
1977 34
1871 410
898 1328
1705 1889
1900 582
203 251
1758 1795
2257 1553
1061 1582
2186 1681
1177 1637
1826 1578
1060 324
1734 2251
1744 1894
3 2420
162 1749
1215 1700
632 2008
927 1228
748 1787
115 1789
744 1194
2031 1686
2293 1462
564 1227
1541 2365
895 791
2003 999
55 1843
357 1342
493 2064
2259 1890
2379 469
858 1220
1450 1558
399 1590
2409 19
537 1043
1367 2150
1579 2370
1296 969
609 1030
753 2383
184 1519
1745 2183
2210 833
990 2283
2181 491
1449 1932
556 387
1421 485
1656 2261
992 1559
2111 90
917 252
1938 1230
767 694
1003 2380
2003 760
953 2011
103 1021
2224 723
2323 594
1645 2226
2402 1251
143 1019
1813 730
1690 475
1309 2245
1043 1440
1793 2275
1804 832
2106 1581
2253 1502
1464 2321
1532 291
132 409
693 1832
1852 855
1476 1363
1596 455
2370 1545
420 437
642 2184
1830 1981
819 368
599 759
1077 1455
1898 191
609 23
408 149
2044 1635
16 501
1686 794
960 625
387 386
1850 1978
2387 166
2026 1104
355 900
101 1406
1731 1219
2237 677
2333 439
1689 1031
2269 406
934 1683
68 1301
1800 1399
2002 1467
705 907
60 262
372 2265
1567 1942
2145 1365
875 1355
307 2030
1320 1514
724 793
2081 1761
173 343
1321 1252
1402 2406
2282 786
1624 1965
1026 916
526 468
12 1072
1753 1659
317 1653
2199 1684
1711 288
296 1628
2312 133
173 2430
253 7
1560 77
1142 1375
1485 1271
1969 401
2121 490
1999 1082
1691 1437
1686 789
686 1264
1078 1886
425 1542
133 920
871 1015
2353 122
1680 2419
1097 1001
521 882
1483 1315
1900 316
526 95
2186 1357
1343 1244
139 583
66 1814
644 1424
1215 2192
1959 764
2368 422
289 1398
460 1881
652 204
1788 1246
620 1929
601 1920
1020 2054
706 980
1476 1132
1276 2035
2190 1513
1581 2360
2243 2220
2383 1073
589 1803
819 931
2041 1405
880 547
982 135
2285 1899
1380 2160
909 2346
1563 2295
1317 861
160 2058
1023 843
2064 228
2426 206
2341 529
1955 2135
1126 434
1880 2143
1983 197
1105 1790
928 553
1824 1679
666 1564
1207 215
2350 89
2288 919
244 1460
958 1531
414 258
1990 213
411 674
22 725
348 1392
747 1470
50 1236
1519 2404
1880 1936
466 1736
849 1947
1691 873
1002 698
1128 828
1672 395
1827 651
738 337
2225 1241
155 2272
771 2424
2440 816
1309 872
949 2338
2165 857
1613 2197
434 2219
1945 1903
1828 613
1726 2005
1374 1013
2301 1364
2001 1799
1943 1604
1544 1400
1274 2193
712 1528
1336 1383
1434 130
1310 635
1729 1148
826 749
831 1382
1190 140
1556 444
751 1619
1386 1494
1697 1849
1549 2198
239 520
719 1273
65 1988
1446 538
1747 1833
732 1873
2062 1408
369 1934
1906 681
29 1958
633 200
897 467
492 726
958 645
2370 965
166 735
1766 1346
867 2103
826 932
2147 847
109 2395
1298 15
1039 1466
749 525
306 2305
1035 175
2392 1188
1379 818
682 1185
2437 1925
921 2232
2062 349
305 2325
247 1963
1687 1760
405 1859
472 25
2004 846
806 1011
334 799
906 1979
528 1206
610 1362
1062 2076
2343 1324
2303 370
1988 255
533 224
1221 1522
1989 10
1855 1166
895 275
319 1817
253 944
2068 543
2000 796
2319 1318
1256 1702
1585 1704
988 1461
714 1477
1284 2070
1254 167
2333 678
1335 260
552 376
638 1384
243 939
2102 1326
1443 56
1328 836
1631 1652
229 211
1826 1113
1017 2413
1793 814
985 341
190 1743
1620 1591
1287 1648
2240 1149
1202 2027
1278 757
2141 1533
653 1508
809 2279
1586 83
153 1331
1110 509
2181 328
2368 276
828 40
161 1500
380 1671
30 539
1189 1429
1510 1966
1123 62
1479 96
699 2202
336 1695
1106 2329
278 1008
523 550
1203 1052
1288 558
1195 890
540 1261
756 1733
1058 707
1147 913
441 1887
1027 1575
841 1063
1060 1042
1787 2010
930 1212
1216 798
570 1427
348 450
158 1841
258 1914
2423 47
882 1801
1846 432
833 82
446 2235
2346 37
994 1497
1146 720
1536 1302
1947 1509
1903 772
1778 1644
1412 1735
762 2352
1495 1820
1275 972
402 2195
667 774
1960 241
478 382
468 1630
446 2427
889 237
1387 2099
2000 561
280 1566
9 1661
1115 866
2221 335
2092 360
2161 1911
1056 449
667 981
473 2018
959 1393
1423 2438
941 1360
195 3
99 112
112 150
112 105
99 195
105 40
99 127
40 172
99 43
127 185
105 18
195 174
18 183
112 108
172 155
105 48
195 121
127 38
121 98
18 179
179 126
127 173
183 160
121 116
155 28
48 96
105 90
98 140
179 146
38 182
48 15
18 55
96 56
28 61
108 156
96 153
55 123
126 59
182 120
121 107
56 14
105 138
43 51
174 75
185 1
15 10
10 154
138 181
14 57
182 190
90 142
160 73
107 91
10 7
55 63
127 175
116 45
154 145
155 31
142 3
160 139
112 104
98 130
73 25
139 131
1 158
123 103
127 188
7 67
140 85
123 191
174 135
55 79
99 84
175 125
67 11
28 16
7 4
91 62
38 114
130 124
174 192
146 117
154 93
145 46
127 101
98 42
42 50
155 53
99 78
155 82
126 21
146 148
11 176
155 151
173 132
121 157
179 187
172 169
156 2
15 71
7 20
91 128
158 77
190 33
53 94
14 34
117 23
63 161
127 137
150 170
116 186
170 141
18 41
107 5
15 165
188 32
195 164
34 184
67 166
187 9
138 66
108 76
170 106
78 134
91 6
141 171
4 64
16 109
109 97
185 95
105 30
130 159
15 193
91 149
67 81
169 87
95 86
165 167
30 74
188 65
140 180
74 12
184 83
14 163
125 13
32 8
55 147
105 29
57 111
161 162
109 144
23 115
138 47
181 119
97 35
14 22
83 58
31 24
38 37
41 19
115 100
146 52
93 194
21 44
142 27
148 72
148 129
56 69
20 143
43 80
28 102
125 133
64 113
156 49
53 89
27 168
135 177
47 152
10 68
38 60
31 26
174 122
21 39
130 178
78 92
41 88
182 36
67 70
127 118
50 110
29 17
19 136
91 189
58 54
1057 3
1007 575
575 26
575 84
1007 110
84 530
575 545
545 549
575 484
530 608
26 652
530 499
499 931
84 623
530 218
530 13
13 115
549 883
549 190
484 140
26 772
652 378
1007 103
530 1054
931 106
115 919
190 956
931 284
956 281
13 391
575 982
931 631
652 692
13 927
652 864
190 977
692 134
982 971
530 905
549 525
919 55
772 622
977 187
545 1050
575 266
905 648
140 906
575 223
956 349
956 566
631 730
545 393
730 604
284 942
545 605
622 964
730 746
864 626
604 121
971 449
106 120
121 97
919 1040
140 548
103 727
956 803
349 1056
106 25
631 214
1056 112
631 876
26 431
905 676
971 319
942 491
964 950
1007 1049
319 24
730 427
605 681
319 196
187 479
964 635
24 750
391 769
977 933
906 643
121 146
906 265
548 902
622 737
622 852
643 227
146 299
648 1043
431 560
1050 945
905 375
106 658
658 637
427 109
491 854
24 336
545 330
549 315
449 920
319 49
658 283
933 133
635 543
431 225
499 653
730 790
942 504
281 630
349 1026
299 249
933 221
945 290
281 29
330 67
29 211
1026 104
630 775
319 583
630 118
622 1033
504 557
956 428
499 712
479 89
790 326
49 988
730 329
906 723
653 1055
121 589
623 316
920 729
316 6
919 640
927 785
652 186
931 556
605 320
249 62
626 617
109 593
89 970
864 440
545 1016
790 845
530 22
623 877
927 870
712 433
378 445
852 344
593 783
49 390
785 69
49 634
1016 871
617 410
316 485
249 471
187 42
484 823
13 831
982 59
557 659
211 865
583 837
67 569
106 740
569 928
864 256
499 924
729 288
115 806
956 416
1016 14
560 105
118 188
281 645
26 898
593 788
605 303
479 843
982 224
626 80
375 56
643 968
133 650
648 12
652 167
218 298
118 87
845 16
583 413
659 882
530 206
712 815
110 82
146 741
440 487
942 594
330 463
864 392
964 273
103 584
188 422
326 396
375 756
303 204
416 912
167 400
964 40
556 424
676 309
336 78
400 125
525 285
803 697
390 358
927 834
400 364
1016 173
487 19
548 923
631 677
865 627
775 1024
560 917
883 969
400 20
344 421
206 166
166 8
977 1057
584 611
677 139
393 821
730 858
560 580
428 1052
315 506
969 199
393 137
548 36
309 119
658 172
652 480
309 884
640 383
790 780
617 356
806 111
8 202
40 71
790 702
783 829
923 633
266 879
740 579
858 251
326 915
449 1045
623 306
137 665
750 18
635 175
139 765
214 52
421 502
390 855
884 368
549 33
6 797
303 925
969 296
218 423
319 83
358 468
626 932
775 102
902 323
968 143
392 779
42 764
633 691
905 3
650 724
933 904
950 801
115 573
779 448
933 1011
105 1027
186 279
400 747
344 1000
284 792
746 158
224 1005
349 860
898 295
134 1001
956 488
204 98
273 17
309 48
837 420
214 819
105 193
166 291
22 999
737 570
256 987
19 1047
1007 695
249 991
740 778
49 671
119 656
999 450
1055 203
950 527
584 743
882 1014
884 324
13 798
1056 128
681 974
3 289
427 230
84 335
309 310
931 237
727 678
335 666
288 503
218 629
681 34
335 668
134 152
227 842
491 1019
13 472
924 934
987 274
605 591
121 998
358 50
34 332
741 890
121 572
152 872
410 1003
750 465
281 351
196 99
410 362
566 100
227 483
251 387
392 348
919 159
525 473
626 394
483 646
1057 957
378 889
1054 762
858 154
834 651
56 138
671 220
740 101
36 791
295 947
779 516
274 179
743 318
480 539
999 459
1001 466
659 286
218 688
823 197
1001 183
110 157
440 360
316 277
468 191
778 210
548 949
1019 325
103 655
741 675
227 938
676 460
945 163
915 887
186 862
792 599
831 826
296 490
490 571
172 975
862 30
479 244
134 587
865 515
393 547
920 706
6 114
1024 714
349 585
862 302
316 907
428 554
823 226
790 894
466 514
1052 595
112 443
29 363
17 628
920 171
623 467
525 721
595 113
146 461
580 846
515 236
461 561
1040 528
1011 941
648 216
988 144
879 873
42 840
251 526
190 738
326 231
237 1032
928 366
1027 1034
791 935
25 176
653 781
956 734
97 642
526 339
440 509
617 948
188 145
339 540
923 523
571 511
383 967
860 357
423 455
157 414
806 271
902 936
145 832
905 456
266 272
1016 814
968 372
100 728
821 683
942 553
40 961
842 436
988 1037
631 869
543 280
420 713
788 127
942 808
329 301
920 46
110 494
237 178
1005 639
723 1002
473 754
101 1
106 382
1007 532
593 489
589 590
52 441
427 664
623 66
775 601
17 482
873 866
256 95
1016 867
871 126
526 246
216 744
443 849
50 598
378 748
1002 262
18 44
461 486
320 603
887 868
873 153
808 313
128 742
17 369
803 252
858 373
191 399
1045 478
143 787
778 164
224 177
723 457
188 732
252 41
206 85
163 61
221 205
890 395
1047 68
196 908
118 469
503 425
356 1036
24 647
368 888
599 992
251 567
925 698
858 429
85 213
1016 807
938 896
742 343
579 963
69 1038
927 555
740 64
244 958
175 311
216 492
598 331
445 294
157 453
523 342
1033 1010
113 638
738 149
750 1020
431 550
688 92
319 408
277 693
246 805
656 538
829 1008
48 346
1045 464
486 130
318 222
787 753
1032 242
343 670
819 689
779 976
601 544
713 212
158 513
756 355
933 1021
494 757
55 615
527 632
171 438
82 596
298 371
879 602
289 70
1043 577
44 811
177 341
1047 308
917 776
59 625
143 88
526 881
651 994
288 558
466 690
197 268
225 264
283 181
862 1012
890 354
362 687
783 259
445 875
46 505
1033 507
556 255
181 786
748 500
448 76
242 209
484 997
819 856
121 142
645 2
832 707
289 107
849 7
134 90
428 913
320 5
18 980
286 350
423 965
153 1039
62 564
443 990
925 235
503 51
999 367
579 352
460 661
776 10
603 238
30 955
56 74
362 565
692 979
471 520
931 518
632 72
486 986
819 985
772 81
252 735
864 1022
309 57
225 477
101 562
554 782
625 891
511 771
414 774
69 200
422 32
236 161
425 334
659 45
294 720
157 981
864 850
982 250
591 439
689 4
416 314
697 1009
366 900
26 23
882 878
369 317
678 954
32 389
628 989
571 531
523 827
29 660
579 749
1057 966
920 122
288 914
205 239
849 708
931 960
908 830
250 597
34 766
840 612
355 835
923 739
730 563
396 685
683 481
749 379
399 847
665 405
29 327
202 189
735 300
830 836
528 704
648 983
756 377
408 241
309 155
1057 715
421 254
298 944
279 535
912 897
394 607
14 901
413 409
523 287
615 338
797 613
59 462
106 984
200 245
645 198
499 1053
235 679
932 922
239 1023
556 654
902 385
289 1051
994 278
490 359
429 833
206 800
550 946
544 397
90 722
14 75
715 745
119 649
385 493
856 21
326 53
325 201
869 813
244 657
271 380
649 731
98 809
964 384
502 940
464 606
920 345
80 534
1051 621
290 228
456 77
594 953
315 426
933 851
814 705
366 616
34 921
484 644
974 636
277 406
97 828
53 418
176 1041
1019 442
469 522
647 818
1051 1015
231 260
974 411
283 937
448 1030
664 760
988 574
730 496
384 451
42 470
555 398
735 38
111 758
426 768
689 388
967 568
690 129
562 576
399 663
1032 1004
597 551
272 694
724 170
349 752
296 219
826 240
356 529
634 131
420 848
214 305
1045 292
461 94
76 512
977 337
418 537
1050 402
172 28
344 703
543 132
490 802
1040 498
623 475
470 559
728 880
735 789
118 248
573 267
235 911
833 275
152 37
262 524
397 582
1049 541
724 863
127 517
724 247
836 93
378 716
46 434
451 838
871 376
158 726
633 609
1014 1031
876 662
862 270
221 777
378 641
848 874
114 195
936 542
907 43
64 533
492 733
991 519
390 886
364 60
219 293
566 58
105 86
898 680
410 1017
697 269
1005 258
595 718
651 96
622 1035
369 893
118 404
256 263
877 180
529 261
1041 370
697 929
10 361
764 619
34 669
423 495
101 253
669 208
871 108
242 784
462 165
987 751
361 432
547 65
716 1018
271 381
979 674
479 91
674 215
852 174
344 9
678 123
393 182
240 243
919 444
410 333
525 79
889 710
111 717
494 39
752 624
85 1029
399 903
1001 755
731 825
461 682
561 820
254 1044
762 474
790 347
878 276
191 415
783 841
964 725
240 233
580 136
1000 700
938 620
358 321
429 793
585 282
777 795
55 600
198 618
981 328
83 374
460 365
82 952
361 973
847 73
671 759
675 407
103 1046
513 229
127 446
814 978
813 822
787 701
721 667
92 11
668 804
154 521
46 761
757 578
1015 417
484 54
237 857
12 699
759 824
376 763
642 454
969 430
8 711
553 497
241 614
182 951
33 232
852 435
863 853
335 476
502 124
287 35
822 859
561 116
808 844
25 817
3 297
181 684
114 437
53 257
907 234
944 930
754 939
764 673
948 810
393 192
229 135
76 207
849 586
679 926
89 510
83 447
820 916
932 910
146 696
84 1028
430 962
135 217
90 943
685 959
583 686
433 117
48 156
269 892
406 150
1047 899
782 15
142 581
330 340
247 918
961 812
295 304
175 508
931 452
883 403
782 909
452 719
923 419
883 1006
828 322
448 185
869 546
575 31
45 386
936 536
278 552
429 501
661 184
129 307
942 168
146 160
909 141
939 194
1051 895
671 799
649 610
813 794
451 401
263 861
6 995
724 458
493 592
274 1048
825 151
999 63
647 885
73 736
93 770
758 27
930 312
529 839
49 1042
298 972
611 1013
260 162
507 148
869 412
11 816
854 47
853 147
707 169
269 672
152 588
797 773
658 993
466 796
879 353
31 709
114 996
952 1025
898 767
103 3
86 8
86 41
41 78
41 51
51 79
41 99
41 11
99 53
8 15
78 83
51 23
51 65
78 70
51 12
15 87
53 93
83 5
11 14
23 38
51 92
83 69
41 50
83 95
95 97
41 3
14 49
87 66
83 61
41 64
3 27
65 7
53 32
83 9
99 98
64 44
32 88
87 29
69 16
65 40
78 62
61 24
70 72
92 91
87 39
88 102
64 20
69 52
5 17
64 31
9 30
102 4
69 63
64 48
79 74
23 58
70 57
65 18
98 56
83 60
52 96
102 34
14 25
86 42
31 10
51 55
98 47
69 81
88 68
49 71
61 37
12 85
9 21
39 54
31 100
32 84
27 22
52 45
32 67
64 75
91 89
14 28
64 82
65 6
97 80
20 46
32 33
61 73
5 13
27 35
66 43
65 26
91 101
17 76
5 90
69 1
79 77
17 36
49 103
38 59
14 94
15 2
12 19
205 3
181 136
136 112
112 85
181 153
85 180
136 61
85 155
155 66
153 103
153 116
181 68
180 171
116 133
103 96
153 201
136 152
171 104
61 63
153 27
180 56
63 73
155 130
73 43
104 21
63 58
104 111
58 10
116 150
130 60
66 142
180 173
111 157
103 98
173 164
150 1
130 39
39 7
173 120
96 34
150 90
120 168
173 187
104 5
142 158
56 193
56 11
58 166
21 131
187 149
149 127
60 197
157 143
10 202
111 183
73 99
136 25
7 16
10 113
157 35
60 126
149 156
111 75
73 17
130 26
73 51
168 67
7 188
39 106
164 69
152 194
56 191
7 77
39 30
98 52
85 204
85 162
164 32
56 114
66 47
56 93
157 41
43 140
21 190
58 92
96 45
133 79
96 20
181 13
21 147
130 148
158 88
112 163
130 124
21 59
168 185
133 9
39 174
96 84
61 46
168 86
112 199
166 144
180 3
157 65
39 115
193 159
133 139
150 40
158 167
166 81
103 78
153 22
120 129
150 192
173 200
166 87
1 119
27 64
164 177
153 76
112 83
34 154
168 82
136 54
43 100
60 125
120 145
43 132
201 23
149 57
201 161
21 101
116 169
7 172
187 135
96 48
66 42
142 178
180 123
171 95
7 186
136 72
1 102
116 189
181 105
168 138
10 165
98 110
155 196
43 18
112 137
173 29
56 97
155 117
58 160
149 44
116 118
68 94
158 36
1 205
168 74
34 107
133 141
104 121
11 182
90 38
43 175
130 122
112 50
39 170
168 109
21 2
155 91
168 19
85 37
58 146
164 195
180 128
171 70
56 49
21 55
111 33
43 184
168 8
166 89
39 28
98 134
98 24
131 12
173 108
10 203
96 176
168 53
66 14
193 198
21 4
60 6
152 62
85 179
90 31
68 71
131 151
171 80
152 15
