0
3000 6 3000
010111
011011
011110
110000
011111
111111
110111
111110
011101
110111
011111
101101
001001
111010
011110
101101
110011
011111
111101
111011
101111
011111
100001
001111
011010
111010
111010
011011
110111
100111
010111
111111
101111
011111
001100
110110
111111
110000
111011
011111
000011
101111
101101
011110
011111
101101
111111
111111
111000
111101
011101
111011
001011
000111
011111
111100
100000
110110
011111
011111
111010
101111
111111
111110
101111
001110
100111
100100
011100
100011
111011
010010
111111
100111
110001
111111
111110
111111
111011
110001
101111
111101
110011
110110
011010
011011
111101
111111
010001
000011
010011
111101
110010
111100
011100
011110
100101
011010
011000
110011
111110
011111
100111
110110
101100
000100
001011
111111
111101
101100
011011
111111
111001
111111
101111
011111
110001
010101
010111
101011
110111
111111
111011
000001
001111
011010
101010
101111
010111
111010
111110
101111
010001
101110
111111
001100
011100
001100
001101
110111
111100
100111
011111
001110
100100
111111
010111
101101
101001
111111
101011
100111
011111
110011
111111
110001
101001
110101
110111
111101
011110
100001
011011
101101
110111
111011
101000
001111
011110
110001
100111
111101
111111
111101
101111
101111
111110
111100
011101
001011
111010
111101
100011
010110
110101
111111
110111
111110
111111
011110
111100
011001
111111
111101
000101
110110
001001
011100
111111
011010
001111
011001
111111
100101
111101
111100
111011
111101
011100
110110
111111
110101
101100
001111
110101
100001
111111
111101
101101
010111
110110
011010
001110
111011
111111
001011
011111
000111
111110
111100
110110
111111
111010
001110
010111
010000
111110
010110
001001
110101
111001
111111
101111
011111
111111
001111
101111
001111
111111
001000
111110
100111
111111
011101
111010
101111
101011
011001
011110
100010
011111
000111
011010
000110
111111
101111
111111
111111
011010
011011
001011
111111
111011
100111
011011
110101
001111
011111
111001
101000
111111
111110
010101
011001
111111
000111
010011
100110
101110
111110
111111
111011
001101
110001
110110
110011
011000
101110
100111
000101
110101
110111
111110
101111
001111
111111
100101
100110
101110
111111
111001
010110
001011
111110
101111
001111
100011
100111
011111
010011
011111
111111
110111
111010
111110
111101
110011
010101
101110
011100
010110
011101
101111
111111
110101
111111
011111
111101
011001
010101
110001
110110
101001
101010
111111
101011
000011
110111
110011
101011
111011
100110
101010
100110
111000
011110
111011
111011
110010
110100
110101
110001
101100
111110
011110
011111
101101
110101
011111
101001
101100
110101
111110
101100
011110
010010
011111
010010
100101
110001
101100
011000
010101
111011
011101
101111
101011
011011
011111
111111
011011
111101
111100
111111
110001
001011
100101
110110
101011
111011
110101
110111
101111
111111
111111
110010
011100
001000
111110
100010
111111
110111
101110
101111
011100
111111
011110
111111
011110
111110
111100
011111
110110
110111
100011
001001
011100
101000
110111
101001
111111
100111
111111
110111
011101
100011
101111
101010
011100
101110
100111
011001
011111
111010
101100
111111
010110
110111
011010
110100
100110
111010
010001
101011
011110
110111
101111
101111
111110
101001
111011
010011
011110
011011
110111
110111
111101
010010
000110
111011
111111
010101
001111
101110
110011
110110
111111
100000
010011
100110
101100
011111
101001
011111
101011
111101
001110
101001
011110
111011
111111
100101
110011
111001
101111
111010
101111
110111
100110
001111
000110
111111
110111
110111
001101
011100
100010
110111
111010
101111
110110
101001
101111
011111
100101
101111
111100
101110
101000
111001
101110
110011
111001
011101
110111
011001
110011
111011
001111
010101
001111
101111
110111
011111
011011
001011
010101
111111
011110
111010
111101
011011
111111
011011
010111
011111
101011
011110
011101
011010
110010
110010
011001
111101
010100
111101
110101
110111
111111
110001
110100
001101
011010
101100
100011
000100
101011
010010
111001
110110
101110
111110
111010
101001
011000
111111
110111
111010
001111
011101
111100
111111
110011
011101
111010
001001
000110
011111
111110
011001
001001
001100
111111
111011
110110
001101
110001
011101
110100
110011
100111
111110
111001
001100
110111
011101
100111
100110
110111
110100
111110
111001
001110
010001
010110
110111
011001
110100
111111
001011
011011
011001
110101
111111
000110
011111
111010
101011
000101
001011
110110
101011
111000
010111
111111
111111
101111
101111
000111
110111
011111
011111
011111
011010
101101
111111
111110
101001
100110
100110
110101
111101
111111
000110
101011
011101
110100
000111
101011
001011
111000
110110
011101
111011
101100
100111
011111
111001
101101
000011
011010
000011
010110
111110
100001
110111
111001
011111
011111
001101
101101
100010
001110
101010
011000
101110
111011
011110
111011
111111
110100
011101
011111
000001
011111
110011
010111
111010
110111
111111
111111
110101
111111
110111
011000
111111
110001
111111
111011
000001
101110
001110
111000
110111
111111
001000
011111
110110
000000
100011
100011
111101
110101
010011
000010
110110
111011
111111
111110
111000
011000
111011
101101
110011
111100
001110
111001
111101
101101
101111
011100
111000
110110
001111
111111
101001
111101
110011
110111
111111
110011
010110
100010
101010
101010
101111
110011
101011
110100
100101
000111
011001
000110
000011
011111
111100
111110
110111
111111
101111
011101
101101
111110
111110
011111
010011
110001
101100
110111
011111
110100
001001
011111
111101
011111
110111
111100
101100
101111
011111
101011
111100
000101
111111
111111
011000
110100
111111
101011
110101
000001
110111
011100
101110
001101
001010
010001
011001
001111
010011
010111
111101
110000
111101
010000
011011
111001
111110
001011
011011
011110
111101
100000
011111
110111
110111
110111
001101
110010
101001
101111
101101
010111
011101
110111
100111
100100
101100
111011
110101
011001
100111
011110
110011
111101
111001
010011
100011
110100
101001
001111
111101
001111
011011
101011
101011
101110
101010
111111
001101
111010
001111
111111
111001
011010
011100
110111
111011
101110
111111
111101
111010
111011
011111
100111
011001
111100
101010
100011
001000
111100
100111
110101
111101
011101
101001
111111
110010
010110
111111
101011
111011
011111
110101
011111
111101
011001
111110
111111
011101
111111
100111
111111
111111
101111
100101
111011
100000
111011
111010
111011
001111
000011
000011
101110
011110
111110
011110
101001
001011
011101
001001
100000
110111
111011
010010
111101
100010
101110
110100
010110
101101
101000
101010
111111
110010
100011
001111
001111
011111
001111
111010
101010
011110
111010
101110
100101
111001
011101
111000
111111
111010
111111
110100
100111
011111
111011
110111
111111
111111
111111
011001
101101
011010
101101
111110
011111
100010
110111
110010
110011
100011
101011
111111
001001
111001
010100
110111
011010
111101
100101
011111
011111
010001
111110
001101
100011
110111
010111
111010
101011
111111
011010
110001
110101
011101
010111
111111
101010
100111
111100
011111
110110
110011
101100
011011
100011
000110
111111
100111
011011
111011
111110
111111
101001
101010
110110
001111
100110
110101
111111
000111
001011
001111
111100
001111
010110
011110
110101
101011
110110
111111
111100
001111
111010
101110
111111
111111
110110
010111
011111
101011
011100
110111
111000
010111
001101
110100
011101
111001
010111
011011
111110
111101
010111
100110
111111
000011
111111
001010
111011
101101
011101
011100
101100
101000
001110
011110
111010
011111
010111
110101
010001
111111
101101
111100
111111
110111
011111
111111
111111
111111
111100
111101
011111
111110
100110
110101
011011
110011
111101
011110
010010
111111
010110
111100
101101
111110
111011
111011
110111
100001
010111
011101
111111
101111
111000
101111
111111
101110
001001
110111
011010
011101
100100
101011
010001
011111
101101
111100
101110
011110
011101
101110
111011
111010
011011
010011
100011
110000
111101
110001
111001
111111
111111
000111
110110
111110
111010
101011
111101
110111
110101
111110
011010
011001
101111
111101
101111
110111
011111
111010
000011
111111
100110
111001
111010
001000
001101
101100
101001
000100
111001
111011
111001
110111
001011
101010
110001
111111
011110
011110
110111
011101
011100
111111
011100
111100
011011
011001
001011
011110
110111
110011
111100
011101
111111
010111
100110
101110
101101
111110
111111
101110
101111
111111
110111
101111
110101
010101
111101
110111
001111
110110
001011
111111
111010
011111
010111
111111
111101
110111
011101
111111
011110
001100
100001
010010
010111
011011
010010
110111
111001
100101
101111
110000
011110
010010
110111
110110
001101
101011
111111
000001
111011
101111
110011
110111
110000
100011
011010
110001
111010
110010
011111
001011
101101
110111
011110
111000
111011
101011
100110
111001
101001
110011
110011
110110
011111
111001
101001
110001
111100
111110
100110
001010
001111
110111
001110
111110
111001
011001
101111
011010
110111
001110
111011
110100
111000
111010
110011
001110
011011
111010
111111
110111
101100
111110
101111
111111
110011
111001
101111
100100
111001
100111
110111
100100
101110
011110
011111
110111
001100
010111
001000
111110
110111
100100
010101
110111
011111
011101
111001
111011
011110
111111
111110
001101
101110
100111
010111
111111
111111
101001
111001
100101
001001
001001
111011
010001
011011
101000
111010
011111
100111
000010
111101
111101
011101
101011
111110
111110
011101
010110
111011
001111
101011
100111
111110
100110
111111
110111
100001
100110
100101
010110
010110
110111
110011
001111
000111
100111
100011
011010
011010
111010
011011
110100
101111
110011
101111
111011
001101
101101
011000
110100
111100
001001
010111
111011
101110
110101
100111
101011
101110
011111
111001
001110
110100
110111
110110
110000
001100
001111
110100
111011
101110
011101
111011
101110
011111
000001
010110
110111
111101
101111
100100
111100
111110
111111
011111
001111
101111
110111
100010
101101
101111
010111
111111
011111
001100
010110
111111
001110
111111
111110
101011
011101
111101
110111
111101
011111
110100
110001
111101
110000
110011
010111
110111
010001
111110
001111
111100
001101
010111
001111
010001
111101
100101
011111
101101
011010
110110
110101
000011
011010
110101
101111
111101
100111
101110
111101
111001
011111
101101
110111
111101
111011
111011
110111
100110
100011
011111
010101
011010
110111
010111
110111
101001
111100
011011
100011
111110
110100
011001
100111
111111
110000
001011
001110
110101
101011
110111
110111
110101
101110
111010
110101
001001
110010
111011
111001
111111
100111
110101
111001
011111
111101
110001
111111
001000
101101
001010
101011
110100
111101
110111
011011
001110
100111
110101
101111
101011
110101
111001
101111
111111
001110
111111
011001
111111
111110
110101
100110
011110
111111
001011
111111
111111
111111
111111
111011
111100
011100
100111
011010
110111
101110
001001
111110
111101
111001
101000
011110
010011
110110
010010
010111
011111
100110
011111
000001
100111
011101
111111
100011
111111
111101
101001
010111
011111
111111
001111
110001
111111
100110
111100
110110
101111
101010
001100
101101
001111
011110
111111
110111
111011
011110
111111
111111
111011
101011
100011
111110
111110
011111
101101
011010
001011
100111
110111
010000
110111
111111
101110
101110
111101
111011
011011
001110
001100
110011
011011
111011
110110
110111
111101
111111
011111
111000
111100
011001
110111
111001
111111
111101
101101
111111
111001
111011
111011
101010
011111
111111
010011
111111
010110
101111
111110
111111
111100
011111
111110
111111
011101
110100
100101
111111
110110
100100
111111
001001
100011
000011
111111
010111
111011
111111
111101
111011
110111
111111
101100
110111
111111
011100
001111
110101
001111
111110
011011
011010
111111
011010
111111
101111
111011
010000
001000
111010
111000
010111
001100
101110
100011
011111
111101
110111
010101
101101
111111
100111
010001
111001
011010
111011
111111
111101
111111
110010
110111
111110
111110
010000
100101
110111
010010
001001
111010
110111
101111
110010
110001
111000
001110
011101
111111
111101
111111
111100
011010
110110
011110
110101
100000
110111
001111
010111
100001
011111
011100
100110
111100
111111
111111
100110
101001
111101
111111
111011
011110
111111
000001
111000
101101
111101
101010
011111
011011
110101
011001
111110
110010
011111
001111
101110
111110
101101
001111
010010
111101
101101
011110
110110
001001
101111
111010
011101
100000
101110
110111
111010
010010
101010
000011
100001
100111
001110
101100
010011
101111
010111
110110
100011
001101
010011
000010
011111
011010
111110
010011
010000
010101
101101
001111
101101
110000
010111
110111
000010
011111
111111
111101
111101
111111
111100
001101
011100
101111
110010
011011
101111
101011
111110
101111
111101
111111
110011
101001
010011
000110
111001
110010
011010
110101
110110
010111
011111
000111
010011
100101
111111
111011
011110
011111
101101
101111
011101
100101
011101
011010
101010
111001
010100
001110
111011
111010
010110
001011
111111
011110
010010
101101
101011
101111
011110
001111
111010
001000
110011
110110
111101
111010
100101
111101
001111
101110
101111
001110
101011
111000
111111
110001
010110
100010
001101
111101
010101
001101
111101
111011
111110
110110
111111
110000
111000
110101
101111
101011
100100
110011
101001
011100
110111
101111
010110
110110
011111
101101
001110
111011
111010
111111
101101
010111
101110
001111
010110
111010
011101
011110
101110
001110
001111
011111
011100
111111
101100
101110
010011
101100
011100
011110
001111
110111
010111
001010
011101
111110
101111
111111
100101
110001
110001
100111
101101
001100
000100
111010
111111
101111
010010
101101
100011
111111
001001
110111
001110
001101
110011
110101
011111
111111
100011
101010
111011
010100
101000
111011
001111
111000
110001
111111
101000
101011
010111
101111
000101
100000
111011
110010
010011
110111
011011
011011
011101
010100
101101
100100
111001
110011
011111
100111
000110
101101
000110
111110
101100
110010
001011
100100
111110
001101
111010
111110
111110
110101
111110
110111
000110
110101
111100
010100
111111
101110
110101
111111
111000
101001
111101
011111
111011
010100
111110
011010
101101
111111
100111
000011
011000
100101
000011
111111
101110
110111
101100
101011
001111
010011
011111
110110
111101
010110
111101
111111
110101
111100
101111
010100
001111
010010
011101
101111
001110
100110
010110
111101
000101
001111
101111
101111
011010
001010
101011
110111
111101
110111
111011
011011
011111
011111
111111
100111
111100
110111
101111
011011
111101
111111
011100
110011
001001
110111
111010
101001
011110
110110
101111
111111
101110
000011
010111
101110
111110
001110
001010
100101
011011
111010
010010
111100
100110
110111
111010
100101
111110
000101
101110
111001
110010
001111
111111
111111
111011
110001
011001
011011
010100
111010
111011
100110
000010
011010
110101
111111
010111
111101
001111
010100
110111
110010
111111
111111
111111
101011
011101
110010
111011
110111
010100
001110
000101
111101
011111
111110
100011
010111
001111
111110
110100
111101
010001
110101
111010
111111
111101
001110
110101
010011
001011
011111
010111
110001
100111
101101
011010
110010
101111
101111
111001
111111
011111
111000
111101
101110
100111
000111
111010
111111
000001
010111
111111
111011
000111
110110
001101
111101
000010
110110
110111
010010
101111
111101
111110
110011
100001
111000
110011
100001
101100
011111
011111
011011
110001
100111
011111
101011
011111
010111
101111
010011
100001
111111
011101
110011
011111
001101
000101
110111
110111
101111
001011
111110
011111
011101
000010
100101
110111
110110
111011
011011
111110
011010
101110
110101
111101
001001
000110
101001
111111
000100
110111
011100
110111
100011
011011
111111
111111
100011
111110
011111
001101
111011
111111
111101
111001
111101
001011
011101
001010
110011
110111
011000
100111
001101
100011
110101
110111
010111
100011
111100
001110
111001
111100
111001
111000
111110
001000
010011
110011
110011
101101
011110
001111
010111
100010
101100
111100
110110
010111
111001
101111
101100
011101
010011
101111
111111
101111
101111
101110
011111
111101
110110
111111
100111
101110
111111
111111
110011
101001
100101
011111
111010
110100
101111
110111
101101
011001
111110
011001
101101
011011
111011
101101
111011
101111
111101
011100
000111
001111
101101
110111
110110
001110
111011
100011
000110
011101
010110
100110
100011
010011
101101
101111
110111
111111
101111
101011
000011
001111
110101
100110
110010
110111
101111
100111
001110
011011
100101
001111
000011
001100
100100
010110
101101
110111
111110
100111
000110
111010
111001
000111
101001
011110
110111
101011
010111
111101
000010
101101
011111
101111
111011
000111
110101
101111
011111
011111
111110
101000
111001
100010
110111
010110
111111
011001
100101
010110
111110
011111
001101
111011
000111
111100
011001
001101
101101
111101
111111
000101
110111
111110
001001
011001
001110
110111
001111
001111
111111
111111
111111
010100
111010
110111
111001
111110
110111
111111
011110
110101
101011
000101
110101
110011
111001
111101
111111
110101
101000
101111
111111
111101
001011
111011
110111
111111
110111
110111
011010
111101
111100
010101
111111
110111
100111
111111
010101
111111
001111
110001
000000
001111
101010
110110
100110
111111
010011
111101
001111
011100
111101
011100
101111
111001
111111
101101
111010
011110
110110
111001
011111
111011
110110
011100
001011
101101
111011
111011
010011
111101
010011
101111
000110
110011
111111
111111
111101
001001
000110
001101
011011
011111
011100
101110
101111
110111
000000
011010
010011
011110
010001
111011
101110
100001
100101
001110
000111
111011
011111
110011
010010
111011
111111
111111
111100
101111
011101
100111
111000
111110
011010
111111
111101
011011
101101
001100
101100
101101
010001
010111
111101
111001
100110
001101
101101
101111
101111
011010
100111
010001
011111
110011
110110
111001
110111
110111
111100
010111
001111
111111
110111
111011
110011
011000
101101
010011
111111
111111
101011
111101
100011
100110
111101
110101
111111
101011
101010
110100
111011
101011
101010
011111
000011
010111
101111
110101
011110
111110
101010
101011
011111
111111
111101
111110
110111
111110
110111
111111
011011
111100
011100
010001
110100
101101
111111
010001
110101
001011
110110
011010
010111
111010
001100
110001
101110
000011
010011
101111
101111
111111
111011
111011
110100
111110
011000
101110
111000
001001
111011
101110
001111
010110
000111
011010
010000
011101
011111
100111
011111
101011
111111
110100
111011
111110
110010
001111
011001
010111
101111
011011
110010
011111
011111
011111
010100
011110
111101
110111
010101
000110
011001
011011
101111
111010
101111
110110
001011
111110
111111
111010
110111
101111
110011
111100
101111
010001
111111
001000
101110
111111
011011
110010
010111
111111
111100
010001
111110
100110
111101
101111
000011
101001
111101
100111
110101
101111
101101
010101
001111
111111
110111
110100
011101
110001
111101
010010
001111
111101
010100
111111
001111
010001
001111
110100
111110
111111
111011
110110
100010
100011
101111
110100
101111
111011
011111
101101
111011
110011
110111
001001
111001
000111
111111
110101
110010
010011
101111
000110
100111
111111
011100
101111
111101
011001
111110
101111
101011
110111
101011
010110
110000
001001
111111
011101
011010
001111
111110
101001
111110
001010
111001
111111
110011
111001
111011
011011
101011
111111
101010
111100
000110
001010
101111
010111
110110
101111
011111
001111
100111
101011
011111
111111
110000
100111
110110
111100
001011
110011
011100
110101
010011
111110
111111
110011
011111
111111
010111
001010
010011
110111
000111
011011
001110
001110
111101
101011
110011
001111
111000
111101
111001
111111
011110
111011
101110
101010
111101
011110
111111
011011
011011
101111
101101
111101
111000
010111
011110
011100
111111
101110
110101
111010
111110
100101
101000
101011
010011
111101
011111
111111
110011
111100
111111
100110
111100
011111
101100
010111
110111
101110
111101
001100
101111
111100
110111
111101
011101
111101
110101
111011
110111
101111
101011
011111
000001
111011
100011
110101
001111
010001
000111
101100
111110
100011
111101
000110
101101
110011
111110
011010
100101
110010
110011
111111
010111
111111
000101
101101
111111
101010
111111
111111
011100
111111
101011
111110
010111
111101
001010
111101
011100
011101
000011
110100
111011
011101
101111
011111
111111
110111
111111
100111
100111
101101
111101
111010
111111
111111
010011
111111
101111
010110
101100
101111
100100
010101
111001
001111
110111
111111
111011
110111
110011
110111
011100
011101
101011
111000
110101
110100
000111
001011
111110
111110
001111
011011
111001
110011
010110
110000
111110
101110
100111
111100
111100
111000
111111
110111
000010
101110
010100
001001
110110
111110
100011
100011
011111
101100
111010
011111
111111
110011
011011
100011
100010
011110
111111
110111
110110
111111
100111
010111
101010
011010
111111
001011
111111
111111
011011
100110
001101
111111
111100
011110
111111
111111
100111
010110
111011
111101
010101
101111
000111
011111
111111
011000
111011
111001
100111
111110
C 1653 3
C 1065 4
C 1843 0
Q 1796 2340 2 3
Q 1429 1902 1 4
Q 331 1844 2 2
Q 71 2914 3 5
C 243 2
Q 908 1863 1 5
Q 530 2599 0 0
Q 1166 1251 2 5
C 735 3
Q 519 933 0 1
Q 685 2557 1 4
C 1529 4
C 2232 4
Q 533 2337 1 5
C 181 4
Q 932 1235 5 5
Q 454 1297 4 4
C 1423 2
Q 1297 2069 3 3
Q 896 1150 2 2
C 2397 1
C 1928 3
Q 279 2870 0 0
Q 481 1600 0 5
C 2604 3
C 2009 4
Q 1879 2888 1 3
Q 183 511 0 0
C 2128 3
C 401 2
Q 1691 2583 0 4
Q 54 2394 1 4
C 1096 4
C 2886 0
Q 2162 2868 0 5
Q 1968 2349 2 5
C 726 3
Q 51 1707 5 5
Q 1693 1718 0 4
C 1627 0
C 2325 2
C 154 3
C 319 2
Q 1856 2429 2 5
C 1379 5
C 2405 0
Q 413 2172 0 5
Q 2600 2802 0 5
C 749 1
C 692 2
Q 326 2986 1 5
C 2894 5
C 1795 4
C 2527 1
Q 71 130 0 5
Q 2303 2377 2 5
Q 1111 1230 4 5
Q 1271 2529 0 5
Q 357 1314 3 4
C 2578 0
Q 1034 2764 0 2
C 1231 2
C 1257 1
Q 1788 1824 0 3
Q 753 2824 1 1
C 2268 5
C 72 0
Q 1638 2455 0 4
C 604 5
C 2315 0
Q 849 1477 0 2
Q 487 2924 0 5
Q 1384 1796 1 4
C 1208 2
Q 234 2063 0 5
Q 576 2421 3 5
C 1655 2
Q 81 234 2 2
Q 1439 2946 4 5
Q 350 2137 2 5
C 821 2
C 88 2
Q 261 336 2 3
Q 521 881 3 3
Q 1867 2204 1 5
C 2917 0
C 2781 1
Q 172 2417 2 2
Q 414 1653 2 3
Q 403 1008 3 4
C 1735 0
C 1760 4
C 1107 0
Q 499 661 1 3
Q 1232 2585 0 0
C 513 2
Q 653 1039 2 5
Q 2051 2692 0 4
Q 1654 2032 0 5
Q 2513 2947 5 5
C 1240 1
C 1826 3
C 2542 0
Q 1010 2379 0 0
Q 36 976 3 5
C 2872 5
C 2258 0
C 1941 0
Q 80 2500 0 5
Q 563 2207 1 1
C 2555 4
C 2355 5
C 2942 5
C 1923 4
Q 1914 2957 2 5
C 2565 1
C 1659 0
Q 1417 2830 2 2
C 211 5
C 1348 2
C 2901 4
C 2869 0
Q 406 491 0 5
Q 549 2066 0 4
C 1285 3
C 92 5
Q 80 1529 2 3
Q 318 2282 1 5
Q 375 595 0 4
C 1891 5
C 2511 2
Q 1418 2713 2 4
C 2930 1
C 437 4
Q 35 2079 2 5
Q 669 2471 0 2
C 2901 4
C 1935 2
Q 397 1388 0 4
C 989 1
C 2922 3
Q 1041 2735 1 4
Q 511 683 1 2
C 2777 0
C 676 4
Q 24 1673 0 4
C 55 5
C 2501 5
C 616 1
C 2306 4
C 1668 0
Q 971 2488 1 5
C 100 4
Q 928 2803 2 4
Q 1434 1442 2 5
Q 2661 2927 2 4
C 1832 3
Q 1411 2147 5 5
C 1511 1
C 1335 0
C 246 2
C 1410 4
Q 549 1607 0 3
Q 2344 2891 1 5
Q 93 1850 0 5
C 79 0
C 1140 3
Q 1454 1886 0 5
C 2991 1
C 956 3
C 2434 1
C 2001 2
Q 347 877 2 3
Q 578 2756 3 4
C 802 1
C 2174 3
C 2525 2
Q 2280 2385 1 5
C 2098 5
C 2379 0
C 1246 3
C 1822 5
C 92 5
C 2192 3
Q 224 430 0 1
Q 455 1196 0 5
C 345 5
Q 1287 1527 4 4
C 2639 5
C 1275 5
Q 181 1045 0 4
Q 88 1293 1 1
C 1767 1
Q 965 2097 3 4
C 506 0
Q 1634 2063 0 2
C 1505 1
Q 1587 2441 2 4
Q 676 2814 0 4
Q 176 2297 0 0
Q 148 650 0 4
C 2934 0
Q 472 1746 2 3
Q 1816 2068 1 4
C 1690 1
C 1938 5
Q 1679 2502 3 4
Q 749 1381 0 5
Q 4 1093 3 5
C 559 2
Q 913 2858 0 3
Q 430 2805 2 3
C 572 3
Q 1350 2522 0 5
C 2911 2
C 2082 1
C 1747 0
Q 1784 2284 1 5
Q 624 1599 0 2
Q 1900 2867 3 5
Q 146 2504 1 5
Q 539 1197 0 5
C 506 0
Q 1517 2117 4 4
C 2320 2
Q 1573 2830 3 5
Q 28 2479 1 5
Q 832 2147 1 5
Q 13 1399 0 1
Q 968 1377 0 3
Q 1296 2880 2 4
C 2978 4
Q 729 1483 2 5
Q 2808 2974 0 0
Q 1345 1656 1 5
Q 1261 2376 0 4
Q 2595 2655 0 5
C 473 5
Q 1353 2861 0 5
C 580 3
C 717 4
C 1950 4
C 663 2
C 150 4
C 2182 0
Q 403 2331 1 3
Q 616 670 0 5
Q 1156 1388 0 5
Q 658 1469 3 4
C 634 4
C 2026 1
Q 214 1834 5 5
Q 1435 2397 0 2
Q 1107 2947 1 2
C 82 4
C 2839 2
C 1884 2
C 2618 2
Q 1077 2662 0 3
C 690 1
C 1067 4
Q 708 1752 1 5
C 1095 0
Q 2167 2810 0 4
Q 2085 2880 3 4
C 459 2
Q 1534 2519 2 2
C 2834 1
Q 135 1520 3 4
Q 1145 2839 0 5
C 438 5
C 213 0
Q 801 1457 2 4
C 1477 0
C 303 1
C 172 4
Q 930 1255 0 5
C 2276 5
C 2327 0
Q 933 1369 0 2
C 657 1
C 1713 4
Q 1562 2067 1 2
C 2693 5
Q 2017 2928 0 4
Q 83 2425 1 3
Q 423 2116 3 4
C 749 1
C 1557 2
C 936 1
C 1640 0
Q 1312 1896 3 3
C 2086 5
Q 757 1692 2 4
Q 1062 2018 4 5
Q 568 610 1 4
C 1349 3
C 2122 4
C 532 5
C 2266 4
Q 2639 2923 0 4
C 712 0
Q 1349 2793 1 4
C 1086 4
Q 2774 2964 2 5
C 1298 3
C 806 0
Q 1934 2224 0 2
Q 1500 2073 4 4
C 2681 0
Q 787 1714 4 5
Q 513 2433 0 5
Q 2719 2961 0 4
C 182 0
Q 520 610 2 3
C 703 3
C 2629 5
Q 1788 2145 2 3
Q 306 2576 0 2
Q 1646 1863 0 3
C 1969 1
Q 1333 1742 2 4
Q 261 1682 1 5
C 1511 0
C 809 2
C 1637 0
Q 2755 2846 0 4
Q 2131 2917 2 3
Q 1589 2108 3 4
Q 321 2591 4 4
Q 239 2059 3 3
Q 1116 1166 0 3
C 1788 1
Q 1171 1908 0 4
Q 1083 1782 1 2
Q 195 1426 0 5
C 1046 1
Q 1797 2437 1 2
C 1230 4
Q 671 1234 1 2
Q 1265 1706 0 1
Q 1162 2833 1 5
C 757 3
C 1658 3
C 1614 0
Q 102 2934 0 5
Q 1880 2058 0 5
Q 1955 2326 0 4
Q 46 2366 4 4
C 87 3
C 400 2
Q 793 2789 0 5
Q 264 2905 3 4
C 2137 1
C 2167 0
Q 1250 1803 0 0
C 426 2
Q 1023 1203 3 3
C 2317 3
C 1131 1
Q 853 1320 2 3
Q 1348 2701 1 5
Q 1625 1877 0 3
C 2336 1
Q 1047 1184 4 4
C 1803 4
Q 1487 2429 1 2
Q 1550 2563 0 3
C 1033 3
C 1717 4
C 1672 3
C 23 4
C 56 1
Q 1013 1116 0 2
Q 249 1828 3 5
Q 393 2589 1 5
Q 509 2922 1 5
C 2859 3
Q 1049 2614 0 3
C 418 4
Q 2194 2744 1 5
Q 443 721 2 5
C 1093 2
C 1291 2
Q 1078 2918 0 5
Q 54 293 0 4
C 975 5
Q 401 1729 0 4
Q 1126 2868 4 5
C 1573 4
Q 661 2342 3 3
Q 342 1561 0 4
Q 927 2902 2 5
Q 145 2343 2 5
Q 823 2110 2 5
C 2658 3
C 2274 4
C 2356 4
Q 742 1701 1 2
C 2188 2
C 2461 3
Q 984 2762 3 3
C 1446 5
Q 71 662 4 5
Q 1647 2508 1 4
Q 1757 2604 1 3
Q 564 2722 2 2
Q 877 2919 5 5
C 119 4
C 1768 3
Q 2081 2338 2 2
Q 1344 2394 2 4
C 702 3
Q 594 626 2 3
C 1933 5
C 2042 2
Q 382 1430 2 5
Q 1888 2911 1 4
Q 172 762 2 4
C 573 1
C 1070 5
Q 1152 1433 0 4
Q 94 520 0 2
Q 1259 2383 1 5
C 1524 2
C 417 4
C 233 3
C 856 0
C 931 2
Q 288 451 0 0
C 2913 3
C 2602 0
Q 750 1885 2 5
C 306 0
Q 121 285 1 5
Q 1222 2108 0 1
C 1748 3
C 2312 0
C 143 4
C 147 2
Q 991 2002 3 5
C 2840 0
Q 1106 1194 0 0
Q 1338 2164 0 5
Q 351 2562 1 4
Q 176 1065 0 3
C 1868 1
Q 388 879 1 4
C 603 1
C 442 4
C 378 1
C 998 4
Q 1972 2688 0 5
Q 144 398 1 5
C 2820 1
C 1895 0
Q 1635 1909 1 4
Q 976 1294 5 5
Q 674 2420 1 4
Q 1812 2705 1 2
C 608 4
C 769 1
Q 438 1442 2 5
C 1247 0
Q 2085 2802 0 0
C 1202 1
Q 1866 2744 1 5
C 1563 4
Q 53 914 3 3
Q 151 1971 0 5
Q 1288 2082 0 0
Q 73 1683 2 5
Q 26 2545 0 3
Q 2750 2890 0 1
Q 1797 2313 1 4
Q 883 1944 2 4
Q 652 2357 0 4
C 682 0
C 2680 4
C 229 4
Q 1385 2442 0 5
Q 1122 2174 2 4
Q 230 1034 0 5
C 1010 5
C 152 1
C 1101 1
C 193 3
Q 261 1740 0 4
C 2373 3
C 2793 1
C 325 2
C 1583 5
Q 1389 2031 0 5
Q 36 2022 0 3
C 483 2
C 1560 0
C 606 1
Q 519 1929 3 4
C 755 3
C 1123 3
Q 2659 2759 0 2
C 2828 1
C 1162 1
C 1826 3
C 2514 5
Q 251 1941 2 4
Q 619 2100 0 3
Q 1858 2966 2 3
Q 319 1216 5 5
Q 1832 2133 0 4
C 2444 0
C 551 3
Q 644 788 0 5
Q 681 1811 3 3
C 391 3
C 2780 1
Q 393 2212 2 5
Q 1248 2626 0 5
Q 1366 1738 0 5
Q 10 1237 1 2
Q 863 2923 1 2
Q 1702 1721 2 3
C 2169 4
Q 549 2262 3 3
Q 492 1225 1 3
C 2345 3
C 239 0
Q 2334 2846 0 5
Q 2030 2530 2 4
C 577 2
C 732 5
C 2832 2
C 1004 0
C 1120 1
Q 947 2254 1 5
Q 1093 1714 5 5
Q 1289 2073 2 4
C 1978 0
Q 1093 2848 1 5
Q 558 1395 0 3
Q 150 2484 2 5
Q 238 1374 1 5
C 2299 5
Q 1270 2709 0 5
C 2780 1
C 1809 0
C 246 3
Q 540 1443 1 5
Q 1206 1815 2 2
Q 493 1580 2 5
Q 397 1218 0 1
C 1270 0
C 2188 3
Q 387 1488 2 5
C 426 3
Q 322 1952 2 3
Q 123 257 1 4
C 866 0
C 2022 0
C 646 0
C 1259 1
Q 594 2554 0 0
C 1816 4
C 260 4
Q 212 2067 3 4
Q 1311 1737 0 4
Q 32 57 0 0
C 508 3
C 2033 5
C 1850 5
C 2588 1
C 1253 0
C 496 3
Q 1111 2045 3 5
Q 2541 2612 1 4
Q 1658 2135 1 2
C 1497 2
Q 1447 1651 2 5
Q 74 2001 0 1
Q 135 2391 2 3
Q 244 2149 1 5
C 2199 1
C 1325 1
C 264 3
C 37 3
Q 64 459 1 3
Q 2641 2887 1 5
C 2171 4
Q 630 2873 5 5
C 1335 5
C 2067 5
Q 675 1836 0 2
C 2559 2
C 449 5
C 1258 0
Q 989 1609 2 5
C 2628 3
Q 986 2726 1 5
C 1492 1
C 2704 0
Q 550 1393 0 5
Q 1192 2226 1 2
Q 943 1323 0 3
C 2107 1
C 658 4
C 2104 0
Q 868 1504 4 5
Q 2624 2817 4 5
Q 1303 2320 1 1
Q 180 2708 2 4
C 1718 1
C 1914 5
Q 865 2261 1 1
C 301 3
C 729 0
C 1799 2
C 1839 3
Q 1533 2725 1 4
C 2695 3
Q 723 2867 3 3
Q 110 2082 1 1
C 1154 4
Q 443 1779 1 4
C 724 5
C 1722 2
C 931 2
C 1115 2
Q 452 2886 0 5
Q 2152 2601 0 0
Q 1262 2649 1 3
Q 1183 2036 1 2
Q 1128 1652 0 2
C 2843 2
C 2960 4
C 412 4
C 2620 3
C 52 4
C 2134 3
C 1376 2
C 2076 0
C 2203 1
Q 558 2623 3 4
C 2539 1
Q 2583 2858 2 3
Q 671 1353 0 4
C 1567 0
C 2801 1
Q 1131 2705 4 5
C 1480 0
C 1268 1
Q 825 2090 2 4
Q 1609 2196 2 5
C 500 2
C 1329 5
C 2744 0
Q 456 515 1 4
C 1254 1
Q 1945 2099 0 5
Q 1596 2595 1 4
Q 1783 2552 0 1
C 986 3
C 2997 5
C 59 1
C 2820 2
C 251 0
Q 2318 2482 1 3
C 1478 5
Q 903 1825 0 0
Q 86 211 0 5
Q 28 2837 2 4
C 2159 0
Q 884 1811 3 4
Q 1029 1910 0 3
C 2823 1
C 1858 0
Q 155 1225 0 5
Q 1220 2953 2 4
Q 340 2944 3 5
C 52 3
C 215 1
Q 58 500 2 3
C 2488 5
Q 280 702 0 2
C 495 4
Q 1121 1206 0 2
Q 37 2013 2 2
C 2145 0
C 1071 5
Q 1380 1430 0 5
C 1139 4
Q 1112 1621 0 3
C 2222 4
C 89 5
Q 1462 2790 1 2
Q 414 602 0 0
Q 307 808 0 0
Q 950 2233 3 5
Q 438 1448 2 5
C 2101 5
Q 1162 1947 1 4
Q 1085 1672 2 4
Q 909 2123 0 2
Q 648 978 0 1
Q 983 2743 1 5
C 2241 4
C 2237 3
C 365 4
Q 735 1597 4 4
Q 2895 2930 3 3
C 1997 4
Q 1180 2721 1 5
C 1349 2
C 524 5
C 1588 1
C 2977 0
Q 866 1271 1 2
Q 395 1840 2 5
Q 232 1262 0 3
Q 120 1246 0 4
C 934 3
C 2561 5
Q 2196 2763 5 5
Q 200 1908 2 5
C 18 5
C 1341 3
Q 616 1270 2 2
Q 907 1931 0 5
Q 769 1214 1 5
Q 402 1714 0 2
C 1419 5
C 2770 5
C 2967 2
Q 149 407 0 4
Q 2201 2227 1 3
Q 1467 2501 1 1
C 1813 1
C 2513 2
Q 2132 2982 1 3
C 2089 5
Q 1151 1157 0 4
Q 1511 2580 3 5
C 300 1
Q 85 2208 1 5
Q 121 614 0 3
Q 397 1902 1 5
Q 1887 2570 2 4
Q 1143 2591 4 4
Q 536 2266 1 5
C 1743 2
C 1386 5
C 832 3
C 1795 4
C 179 5
Q 1946 2329 0 3
Q 70 1371 0 3
C 2483 2
Q 148 217 2 2
C 2239 4
C 2303 4
C 598 2
C 2292 0
C 556 0
Q 1977 2821 3 3
Q 101 635 3 3
Q 269 1157 1 5
Q 1451 1499 1 2
C 1 4
C 2761 2
C 1561 1
C 2441 3
C 1840 1
C 1641 3
Q 1340 2973 3 5
Q 1075 2839 3 5
Q 236 1018 1 3
Q 1550 2679 0 4
C 2302 0
C 2603 3
C 187 3
C 2826 5
C 111 3
C 632 2
Q 12 509 3 4
Q 1328 1467 1 1
C 1839 2
Q 1172 2674 0 4
Q 6 548 1 3
C 251 2
Q 75 2425 2 2
Q 1450 1566 0 5
Q 871 987 5 5
Q 592 2767 0 3
Q 208 2144 0 3
C 1296 0
C 1530 3
Q 1640 2682 1 4
Q 1326 1869 1 3
Q 1724 2540 0 5
Q 1752 2767 2 5
Q 743 1848 1 1
C 387 2
C 75 0
Q 178 839 1 4
Q 1332 1708 1 3
C 1436 3
Q 1591 2064 2 4
Q 334 2688 0 5
Q 2433 2708 3 5
C 13 2
C 370 5
C 1035 0
Q 1306 2242 0 5
C 1461 5
C 1314 3
C 1489 0
Q 1328 2931 2 4
C 1973 0
C 1165 3
C 493 5
Q 1208 1326 2 5
Q 1050 1074 0 4
C 1599 1
Q 239 1773 2 2
C 239 3
Q 51 2560 2 3
Q 1435 2683 3 5
C 2231 2
C 69 0
Q 421 433 5 5
Q 324 392 0 1
C 1535 5
C 2771 0
C 1507 2
C 2628 2
C 2163 0
Q 548 2954 0 0
C 1757 4
C 1695 3
C 1402 2
Q 1134 1358 3 5
Q 1084 2097 4 4
Q 1307 2309 1 3
C 2341 0
Q 1422 1463 5 5
C 14 4
Q 286 1480 0 4
Q 286 1032 1 5
Q 1750 2180 1 4
C 1139 2
Q 446 765 4 5
Q 4 2596 0 5
Q 174 1389 0 5
C 1811 5
Q 2621 2623 3 3
C 2930 4
C 549 1
Q 370 1223 0 4
C 1976 4
C 2790 2
C 152 0
C 631 5
C 2909 2
Q 71 310 5 5
C 2442 1
Q 386 1239 0 5
Q 587 1655 1 4
Q 2085 2372 4 4
Q 1506 2870 0 5
C 1615 3
Q 1569 1661 0 3
C 1114 2
C 43 0
Q 237 378 1 3
C 410 2
C 1896 2
Q 2556 2729 0 4
Q 2069 2640 0 4
Q 1923 2572 3 4
C 2919 0
Q 704 1854 1 3
C 2959 0
C 509 0
C 1886 3
C 1561 5
C 1877 4
Q 1125 2300 0 1
C 2617 5
Q 2048 2478 4 5
C 1059 4
C 1363 3
Q 2028 2655 1 4
Q 386 1718 3 4
C 1019 3
Q 2094 2854 0 1
C 2161 1
Q 83 1601 1 5
Q 37 156 2 2
C 2181 1
Q 25 1585 1 5
C 2149 3
Q 1014 2466 1 2
C 2695 5
C 617 4
C 1854 4
C 713 4
C 940 3
C 2180 3
Q 642 1674 2 5
Q 159 1490 0 3
Q 259 683 3 3
C 1841 4
C 777 2
C 821 2
C 1236 3
C 2688 4
Q 780 2858 0 4
C 2816 4
C 692 0
C 1310 3
C 2550 4
C 2849 3
Q 21 738 0 5
C 2808 2
C 1264 0
C 1797 1
Q 953 2317 2 3
C 126 2
Q 156 2481 1 1
C 728 0
C 2278 5
Q 1312 2356 0 3
Q 1619 1834 0 5
C 1373 2
C 341 5
Q 1452 2232 0 2
C 2244 2
C 1716 1
Q 1595 2673 1 5
C 1798 4
Q 1255 2298 0 5
Q 2261 2971 0 5
C 858 1
C 283 5
C 2839 1
Q 456 2752 5 5
C 2213 4
Q 638 1824 1 5
C 578 2
Q 1641 1723 1 2
C 1037 4
Q 2038 2315 1 5
C 1776 3
C 1058 4
Q 1400 2060 2 3
Q 335 1391 2 2
Q 636 2639 2 5
Q 1398 2429 1 5
Q 1652 1927 1 3
Q 684 1460 0 3
Q 1349 2751 1 2
C 530 3
C 1953 2
Q 2585 2755 0 5
Q 273 1946 4 4
C 2586 0
Q 879 1308 2 5
C 2971 1
Q 755 2228 2 3
C 1702 0
C 571 2
C 248 5
C 871 1
C 2821 4
C 2806 1
Q 481 2081 2 2
Q 627 2781 4 4
Q 80 610 5 5
C 1327 1
C 2117 5
Q 708 2416 1 2
C 861 4
C 969 4
Q 2815 2948 2 4
C 2070 5
C 966 3
C 579 1
Q 297 1689 0 0
C 2587 3
Q 2639 2901 1 3
Q 390 1500 1 4
C 2015 5
C 2817 2
C 478 1
Q 2551 2769 1 5
Q 175 314 0 2
Q 2371 2940 0 1
Q 2067 2637 0 4
Q 1224 2779 1 2
Q 443 2322 3 4
Q 601 2102 2 5
C 400 0
C 569 2
C 2771 5
C 1339 0
C 1494 1
Q 2399 2851 3 5
C 2057 4
C 2143 1
Q 1340 1423 0 1
Q 703 1839 2 4
C 1189 0
C 174 5
C 2526 4
C 596 4
C 1423 1
C 1444 0
Q 1925 2065 0 5
C 680 4
C 2610 2
C 2756 3
Q 799 1548 0 5
C 2668 3
C 1964 0
Q 731 1383 0 4
C 2830 2
Q 256 1646 3 5
Q 1998 2835 0 5
Q 2116 2163 3 5
Q 1547 2869 0 5
C 1124 3
C 2979 3
C 2823 4
C 1969 1
C 1589 2
C 2151 5
Q 1176 1772 0 1
Q 422 2610 0 5
C 2256 2
Q 1854 2128 0 3
Q 74 1654 2 4
Q 1906 2762 0 0
Q 959 1969 2 5
Q 5 2338 0 3
Q 679 763 0 3
C 1598 0
C 2574 5
C 1701 2
Q 578 1112 2 4
C 1152 5
C 2738 1
C 2711 2
Q 298 482 1 5
C 1446 1
Q 366 1323 2 3
C 2395 4
C 2024 3
Q 1370 1790 0 5
C 1048 2
Q 5 1417 2 4
Q 415 2648 3 5
Q 768 1846 0 5
C 2852 2
C 809 2
C 173 1
Q 1271 2218 0 2
Q 1603 1737 2 4
Q 871 877 1 3
Q 1833 2937 0 5
C 453 0
C 2100 4
C 2952 1
Q 1681 2259 2 5
C 1425 5
C 2838 0
C 1982 4
C 2182 5
Q 242 963 0 5
C 2469 4
C 2226 4
Q 1094 2785 1 3
C 2698 0
C 990 2
C 1993 1
Q 1986 2820 0 5
Q 546 2750 1 4
Q 892 2944 3 3
C 1150 5
Q 2004 2901 3 5
Q 1188 2896 0 5
Q 901 2585 1 3
Q 420 2791 0 4
C 1587 1
C 2525 1
Q 798 2898 3 5
Q 1169 2938 1 5
Q 1432 2858 1 1
C 1014 0
Q 408 1829 5 5
Q 1435 1518 1 5
Q 730 1668 1 4
Q 907 2465 0 5
Q 399 1628 1 4
C 2955 2
Q 1283 1882 2 3
Q 25 249 2 4
C 1456 1
Q 1229 1311 0 4
C 1697 5
C 177 2
Q 214 1199 2 5
C 2565 0
C 2017 5
C 2780 0
Q 1932 2335 0 5
Q 623 1301 2 4
Q 700 883 0 5
C 1812 5
C 1258 3
Q 1693 2508 1 5
C 346 4
C 311 4
Q 547 2695 1 2
C 2134 2
Q 2774 2940 4 5
Q 72 1547 2 4
Q 190 1164 3 4
Q 505 1980 5 5
C 111 4
C 1540 3
C 1298 4
C 1758 0
C 2426 0
Q 354 2581 2 5
Q 742 2971 1 5
C 113 1
C 1106 0
Q 1496 2305 0 5
C 1235 2
Q 433 1466 1 5
Q 2164 2269 2 2
Q 54 2254 1 5
C 650 5
Q 106 253 0 0
Q 155 1650 0 5
C 1549 3
C 1941 3
C 551 0
C 779 1
Q 886 1670 4 5
C 2881 4
Q 2251 2810 2 4
Q 982 2165 3 3
Q 2576 2874 2 2
C 2117 4
C 1726 1
Q 620 956 0 4
Q 784 874 0 5
C 1145 3
C 1936 1
C 1505 4
Q 1339 1673 1 5
C 1168 0
Q 1259 1688 0 2
C 854 1
C 1793 1
Q 796 1624 0 5
C 2720 2
C 122 5
C 1928 1
Q 65 2413 4 5
Q 1183 2551 0 5
Q 1589 1690 0 4
C 363 4
C 2801 2
Q 2545 2669 2 5
Q 75 1529 0 0
C 2647 4
C 959 0
C 1801 2
C 381 4
Q 276 1577 0 3
Q 881 2557 0 5
C 2043 0
C 620 0
C 2260 5
Q 424 1944 2 5
C 1450 1
C 2177 5
Q 853 2455 0 5
Q 149 525 2 5
Q 936 2802 1 4
Q 1916 2323 2 2
C 378 1
C 1776 5
Q 2363 2544 0 2
Q 866 1597 2 2
C 1238 1
C 197 4
Q 1236 1790 0 4
C 1253 5
C 2720 2
Q 195 2032 2 4
Q 578 2741 1 5
C 2357 5
C 2694 3
Q 2965 2984 0 2
C 1727 2
C 240 2
Q 1068 1399 0 3
Q 228 431 1 3
C 728 4
C 2694 5
C 869 3
Q 613 2828 0 5
Q 1780 2269 1 4
Q 1717 2676 1 5
Q 1876 2786 0 5
Q 1598 2491 0 2
Q 1286 2722 1 5
C 352 5
C 264 2
Q 1560 1728 1 2
C 2045 3
C 2030 0
C 1106 3
Q 1137 2881 1 1
C 404 2
C 2889 0
C 2044 4
Q 218 2419 3 4
C 825 1
C 770 3
C 2275 0
C 1503 2
Q 86 1910 2 3
C 2325 3
Q 1014 2845 0 5
C 1380 3
Q 341 571 2 4
C 1510 4
C 1218 0
Q 2512 2932 0 0
C 990 2
Q 1986 2736 2 3
Q 1046 1252 2 5
C 2702 0
Q 412 700 0 2
C 248 5
C 651 4
C 2645 1
C 396 0
C 574 3
C 2046 2
C 145 3
Q 1895 2324 3 4
C 846 2
C 865 4
C 2180 3
C 666 2
Q 68 162 3 4
Q 352 474 0 2
C 978 2
Q 2323 2763 0 3
C 1588 1
Q 685 1123 1 4
Q 1454 2355 0 3
C 2553 5
Q 706 1477 1 4
C 1988 3
C 503 2
Q 388 747 1 4
Q 632 2131 3 5
Q 1748 2602 0 3
C 1026 5
C 1411 3
C 901 2
Q 1470 1615 1 4
C 2692 2
Q 617 2171 2 3
C 1352 4
C 703 4
C 1846 4
C 1655 0
Q 777 1846 1 4
Q 860 2027 2 4
C 2171 2
Q 1895 2128 0 5
Q 1128 1409 2 2
C 1170 4
C 1393 0
C 522 3
C 2135 2
Q 2130 2955 0 4
C 729 2
Q 105 2144 3 5
C 768 4
C 2419 3
Q 753 2283 2 3
Q 429 1782 0 3
Q 191 1901 1 5
C 1680 0
Q 166 1275 0 2
C 28 4
Q 992 2084 0 5
C 1126 2
C 1910 3
Q 1782 2483 3 5
Q 146 1277 0 0
Q 1248 1567 0 3
Q 951 2544 0 5
C 2374 2
C 2681 1
Q 1511 2385 1 4
C 190 5
Q 106 157 0 5
Q 379 2955 0 1
C 197 4
Q 671 1654 2 5
Q 2429 2692 4 4
C 303 3
C 2955 4
Q 430 493 0 3
C 1536 5
C 2366 5
C 645 2
Q 643 2857 1 5
Q 623 839 1 5
Q 2258 2682 3 4
C 2736 2
Q 0 1784 2 5
C 1565 0
Q 425 2313 1 5
Q 263 482 0 5
Q 2508 2837 1 5
Q 854 2129 3 5
C 2308 2
C 1180 5
C 2120 2
C 2727 4
Q 1319 2795 0 5
C 495 5
C 1039 3
Q 328 894 1 3
Q 2158 2974 1 3
C 135 2
C 879 2
Q 729 2592 0 5
C 2425 4
C 2525 5
C 794 5
Q 1685 2220 2 2
Q 771 2417 2 3
Q 369 831 0 4
Q 252 1961 1 5
C 2776 1
Q 1485 2781 0 4
Q 1144 1778 1 2
C 1268 2
Q 2074 2190 0 5
Q 1462 1716 5 5
Q 850 1344 2 3
Q 202 1765 0 5
Q 433 1468 0 5
C 2745 2
C 2005 1
Q 1967 2567 0 5
Q 1025 2812 0 2
C 2760 5
Q 196 2682 1 1
Q 2918 2976 1 3
C 79 5
C 1539 2
Q 783 2894 2 5
Q 748 960 1 5
Q 2039 2166 4 4
C 394 5
Q 15 1821 4 5
C 1274 3
Q 93 1427 2 2
C 71 0
Q 2510 2749 1 4
C 1691 5
C 2083 4
Q 940 2956 0 4
C 973 1
C 2138 0
C 282 4
Q 914 2043 1 1
Q 1207 2277 2 4
C 2675 0
C 2127 3
Q 671 2769 0 4
Q 431 1257 4 5
C 436 5
Q 1715 2145 0 4
C 1794 5
C 2323 1
Q 787 2691 2 3
Q 745 2324 5 5
Q 1957 2538 0 5
C 1265 0
C 158 1
C 2338 5
C 2497 5
Q 2047 2430 1 4
C 2197 4
Q 633 2998 2 3
Q 603 1024 0 0
C 879 1
C 2183 3
C 1576 5
C 1541 1
C 2615 1
C 209 1
C 1564 0
C 446 2
Q 697 2933 0 5
C 380 0
C 930 0
C 490 0
Q 336 1355 0 4
Q 2372 2930 1 5
C 2593 1
C 1380 0
C 1118 3
Q 1304 2674 2 5
C 1446 1
C 2204 0
Q 472 1199 0 4
Q 283 2232 0 1
Q 1692 2799 0 5
Q 242 1758 3 4
C 94 1
C 2566 0
C 1478 4
C 2110 0
Q 1082 2519 0 5
Q 1725 1924 2 4
Q 425 1575 2 2
Q 1246 2819 0 5
C 1403 2
Q 44 1405 4 5
C 2405 5
Q 756 2682 0 3
Q 1419 1820 2 5
C 959 4
C 2904 4
Q 1695 2951 0 3
C 2990 0
Q 1250 1434 1 3
Q 1413 2983 1 5
Q 2197 2590 0 0
Q 649 1826 3 3
Q 900 2848 0 5
C 2525 1
Q 418 1575 0 2
Q 278 1824 2 2
Q 106 758 2 5
C 2103 1
C 498 0
Q 1224 2063 1 4
Q 954 2948 2 5
Q 58 1887 2 2
C 782 3
Q 316 2556 1 5
Q 246 936 2 4
C 2514 1
Q 2560 2929 4 5
Q 452 1750 2 4
C 568 1
Q 1500 2694 2 5
C 2705 4
C 1704 0
Q 2495 2765 1 2
C 1480 4
Q 949 2472 3 3
C 2331 2
Q 1871 2763 1 5
Q 2290 2501 2 3
Q 214 2734 1 3
C 1470 3
C 1872 0
C 2708 5
C 2837 0
C 719 2
C 827 4
Q 1777 2024 0 1
C 2540 3
C 1479 5
C 2995 2
C 2385 4
Q 605 1206 0 5
Q 1442 2329 1 1
Q 155 2310 0 4
Q 20 2891 2 4
Q 1178 2354 1 4
Q 381 1197 0 4
Q 2353 2857 0 4
C 747 4
Q 1043 1204 0 3
C 549 0
C 2855 3
Q 539 705 0 4
C 41 1
Q 2022 2548 0 3
C 1630 4
C 1519 0
C 1593 2
C 216 5
C 2307 3
C 1582 4
C 2676 0
Q 1167 1538 2 4
Q 926 2910 2 4
Q 678 994 2 5
C 990 2
Q 178 2328 0 2
C 1559 3
C 896 4
C 2335 5
Q 1564 2520 0 4
C 1712 0
C 1246 2
Q 1854 2826 4 4
C 1924 1
C 1532 5
Q 504 525 0 3
C 1570 2
Q 266 1527 0 5
C 404 1
Q 1040 2037 0 3
C 525 3
Q 312 371 0 5
Q 997 2501 0 5
Q 1132 2781 0 2
C 1842 0
Q 1954 2600 3 3
Q 713 1144 1 5
C 1952 4
C 339 4
Q 1620 1680 0 3
Q 305 1211 0 4
Q 401 664 1 5
Q 796 2318 0 5
C 2407 3
Q 733 2380 1 5
Q 336 1593 0 5
C 2207 4
Q 236 2004 0 5
C 2336 5
Q 371 1703 1 4
C 1593 3
Q 1295 1452 3 5
Q 1016 2258 1 5
Q 22 1431 2 5
Q 1278 2462 5 5
C 367 5
C 2338 3
Q 1741 2317 1 5
Q 358 1738 0 4
Q 129 1882 1 3
Q 136 431 0 5
C 245 5
C 1552 5
Q 781 903 0 3
Q 47 1494 3 3
Q 618 1420 3 4
C 277 0
C 1661 2
Q 702 2312 1 5
C 143 5
Q 374 2527 0 5
Q 1039 1106 5 5
C 468 1
Q 274 1683 1 5
C 2211 1
C 8 1
C 364 3
Q 855 2229 5 5
C 926 5
Q 1203 1474 0 5
Q 2505 2537 1 1
Q 314 2364 0 4
C 2370 1
Q 1133 1372 0 5
Q 1211 2375 0 5
C 2917 4
C 32 3
Q 1544 2277 0 4
Q 191 2707 0 2
Q 2672 2680 0 5
Q 1866 2698 1 2
C 1033 0
C 2734 4
Q 1040 2816 0 4
C 420 3
Q 2218 2388 0 5
Q 421 486 5 5
Q 331 2202 1 4
C 1187 3
C 335 0
C 2936 3
C 1906 0
C 2821 3
Q 1268 1337 1 5
Q 2559 2890 2 4
Q 2030 2726 1 3
C 1342 5
C 1254 1
C 582 0
Q 445 2097 1 3
C 528 2
C 73 5
Q 709 2236 1 5
Q 613 2462 4 5
C 1414 3
C 1414 3
Q 1261 2058 1 5
Q 450 2280 1 4
C 2441 5
Q 1769 2766 2 3
C 1160 5
C 1685 3
C 1916 0
Q 728 2780 0 5
C 1379 4
C 2933 1
C 2540 5
C 1578 4
Q 1209 2242 3 3
Q 1250 2940 0 3
C 2693 2
C 1009 1
Q 996 1750 4 4
Q 1753 2706 5 5
C 2720 4
C 1567 3
Q 1103 1374 0 1
C 1102 5
C 2395 4
C 2445 5
Q 619 2954 0 5
C 1375 2
C 1217 0
C 1516 4
Q 609 1462 2 4
C 1722 4
Q 9 2978 0 4
Q 2197 2399 0 5
C 788 1
Q 993 1757 3 5
C 2814 4
Q 2318 2907 2 2
Q 968 1714 1 5
Q 1121 2385 2 5
C 1374 4
C 2046 5
C 2315 5
C 1900 2
Q 1204 2051 1 4
C 1395 1
C 698 1
Q 1607 2442 3 5
Q 395 2003 5 5
Q 1109 1202 4 5
C 101 0
Q 1815 1979 2 2
C 2818 5
Q 209 789 1 5
C 1039 5
C 1562 3
Q 1097 1455 2 3
C 2576 0
Q 351 2662 3 5
Q 674 2147 3 3
Q 904 1445 3 5
C 1656 0
C 1647 4
Q 970 2009 0 5
Q 200 2880 1 4
Q 512 1743 0 3
Q 1567 2018 4 5
Q 1003 2501 1 2
Q 1090 2566 0 5
Q 96 1379 0 5
C 2258 3
Q 497 1657 2 2
C 493 0
C 1219 0
Q 1798 2700 0 1
C 2809 4
C 1889 4
C 1379 4
Q 30 1265 2 4
Q 514 790 4 5
Q 54 67 0 5
Q 260 425 0 4
C 2753 0
C 1316 4
Q 1443 2089 0 5
Q 1333 2802 2 4
C 1188 0
C 83 2
Q 106 1637 2 3
Q 450 2402 0 3
Q 480 1111 4 4
Q 1062 2547 4 4
C 113 4
C 1103 3
C 2038 2
C 28 5
C 2616 2
C 1323 5
Q 722 1503 2 5
Q 93 983 0 4
C 838 4
Q 470 741 4 4
Q 883 1997 1 2
Q 1550 2509 0 3
C 2728 1
Q 1396 2054 0 4
C 981 1
C 1142 3
Q 1368 2429 4 5
Q 273 1169 1 5
Q 42 1898 1 3
Q 1047 2357 1 3
C 2397 2
Q 901 1946 3 4
C 1307 4
C 256 5
C 664 1
Q 946 2876 0 3
Q 2610 2758 1 1
C 746 4
Q 1383 2134 0 0
Q 1914 2888 4 5
Q 208 2353 1 3
Q 1572 2888 0 3
Q 757 2350 1 2
C 978 3
C 590 1
Q 490 937 1 5
Q 1172 1466 1 5
C 564 5
Q 861 2339 0 5
C 610 3
Q 2236 2296 5 5
Q 1435 2628 0 5
C 1830 1
C 1156 2
C 1842 5
C 1784 2
C 2535 3
C 1322 1
C 1981 5
C 146 0
C 728 5
Q 233 2341 1 4
Q 1399 2054 0 1
Q 2116 2695 1 4
Q 363 2054 1 5
Q 50 2911 3 3
Q 77 2411 1 3
C 644 5
C 794 0
C 2306 5
C 1326 1
Q 924 2769 0 5
C 615 4
Q 157 2309 1 2
C 590 2
Q 1188 2600 0 4
C 683 2
Q 668 2554 0 5
Q 1942 2882 2 5
C 852 3
Q 1189 1490 1 1
Q 1655 2190 2 2
Q 1152 2057 1 4
C 970 0
C 668 2
C 272 0
Q 1323 1733 0 5
C 216 2
Q 925 1107 4 5
Q 497 2806 3 3
Q 106 2030 0 0
Q 811 2776 1 5
Q 1591 2410 2 3
C 2800 5
Q 1571 1664 0 1
C 2058 5
Q 275 2916 2 4
Q 170 1704 0 5
Q 730 2969 2 5
Q 1375 2709 1 5
Q 366 2867 4 4
C 782 3
C 2544 2
Q 633 790 0 0
C 1322 2
C 2480 4
C 2473 3
C 2510 4
C 2773 1
Q 1751 2609 0 1
C 812 3
Q 62 2036 0 4
C 2143 5
Q 1101 2244 0 5
Q 299 2093 5 5
C 1054 4
Q 391 569 0 4
Q 846 2547 0 5
C 1948 1
C 1987 3
C 240 2
C 2928 4
Q 198 2450 0 0
Q 92 1176 1 5
Q 102 2487 4 4
C 501 3
C 1634 3
C 2425 1
C 1769 5
Q 118 2055 0 5
Q 98 1472 0 5
Q 135 2471 1 5
Q 824 1250 1 5
C 733 3
Q 2174 2845 0 4
C 247 2
Q 529 1538 2 2
Q 1441 2764 0 5
C 1279 2
C 2701 2
Q 86 1727 0 0
Q 953 1474 0 5
Q 1279 1681 4 4
Q 744 2042 5 5
Q 419 1993 0 4
C 1455 4
C 1131 1
Q 612 1380 3 5
Q 520 1904 1 4
C 1819 4
C 1889 1
C 1536 5
C 141 4
C 1516 5
Q 1893 2330 0 2
C 439 1
Q 1016 1675 2 5
Q 1002 1968 2 4
Q 1094 2505 3 3
Q 139 2662 4 5
C 1126 3
Q 1021 2005 1 5
C 1000 0
C 2943 4
Q 1538 1818 0 3
C 142 3
C 2780 2
Q 1926 2184 4 5
Q 1161 2362 1 3
Q 234 1650 2 4
C 570 5
Q 2587 2944 0 0
C 1502 0
C 2232 5
Q 1117 1519 1 1
Q 2382 2884 3 3
C 42 2
C 2156 5
C 1520 2
C 1997 1
C 1576 0
C 1744 3
C 2085 2
C 2664 5
C 2389 3
Q 1409 1739 1 4
C 2678 0
C 619 1
Q 100 2514 0 2
Q 1214 1575 0 4
Q 1812 2672 2 4
Q 2586 2971 0 5
C 2607 0
C 284 4
Q 2153 2351 1 2
C 2018 3
Q 399 2896 1 1
Q 1035 1065 1 3
Q 129 1393 0 1
Q 525 2621 4 5
C 743 1
C 955 3
Q 293 1614 3 4
Q 943 1429 1 5
Q 2280 2745 0 2
C 702 4
C 2554 2
C 1096 0
Q 51 1790 0 1
C 2673 1
C 1669 2
Q 1845 2428 3 3
Q 364 2314 1 1
Q 1011 2528 1 3
Q 1263 1930 2 2
C 2234 5
Q 686 1201 1 2
C 2954 0
Q 704 2949 3 4
Q 1642 2888 0 4
C 1570 5
Q 1968 2124 2 4
Q 2103 2235 5 5
Q 1949 2872 0 4
C 1209 1
C 2686 1
C 514 4
Q 2700 2993 4 5
Q 2310 2728 1 3
C 265 2
C 758 2
Q 54 2944 1 5
Q 1941 2299 1 4
C 823 2
C 1374 2
C 606 1
Q 2655 2773 2 4
Q 948 2033 5 5
Q 1280 1376 0 2
C 32 2
C 667 3
C 276 4
C 935 3
Q 915 1649 0 3
C 1060 2
Q 1017 1927 4 5
Q 977 2095 0 4
C 1122 2
C 2741 1
Q 1513 2955 2 4
C 2246 4
C 1891 3
C 1908 4
C 1061 5
C 833 3
C 167 4
Q 1030 1089 1 2
C 1139 1
Q 1217 1456 3 4
C 2201 1
C 972 0
Q 531 2277 0 3
C 1926 2
C 2341 5
C 2899 3
Q 2583 2941 3 3
C 2372 3
C 2931 2
Q 2503 2811 0 4
Q 441 551 2 2
C 584 3
C 1916 5
Q 158 2398 0 0
C 446 0
Q 15 1528 3 4
Q 1198 1850 3 4
C 2799 4
C 1037 3
C 1952 5
C 1651 2
C 2643 3
Q 92 220 0 4
Q 22 1468 1 5
Q 231 2867 0 3
Q 73 82 0 5
C 108 5
C 2371 4
C 702 5
C 531 1
C 666 2
C 1686 1
Q 1894 2700 0 5
C 634 3
C 591 3
Q 907 2906 2 5
Q 65 868 0 4
C 263 1
Q 0 439 0 2
C 1488 5
Q 864 2012 2 4
Q 2097 2700 0 5
C 2112 1
C 2479 5
Q 934 1639 0 5
C 2949 0
C 318 2
C 2354 1
Q 170 683 1 5
C 2174 0
Q 137 701 2 2
C 646 0
Q 1496 2397 0 5
C 1988 2
C 2611 0
C 2262 4
C 2081 1
Q 1086 2488 1 5
Q 1389 2850 0 5
C 216 4
Q 662 1104 2 3
Q 944 2671 0 2
C 2560 5
C 1075 2
C 344 5
C 2606 1
Q 979 1631 1 3
C 195 2
Q 258 273 0 1
C 1421 0
C 1737 4
C 263 5
C 1235 4
Q 2946 2984 3 3
C 2706 3
C 396 0
Q 675 890 0 5
C 1574 4
C 214 2
Q 976 2028 0 3
Q 58 1183 0 4
Q 1929 2814 4 5
Q 872 1042 1 4
Q 1418 1759 2 4
Q 1284 1937 0 5
C 2139 1
C 499 5
C 483 5
C 2073 5
Q 988 1164 0 3
Q 1991 2681 0 1
Q 1348 1669 2 2
Q 755 1154 4 4
Q 1985 2209 1 3
Q 851 858 1 3
C 858 1
Q 740 1453 1 5
C 1606 0
C 948 5
Q 2632 2962 1 3
C 786 1
C 521 3
C 1016 4
Q 986 1715 5 5
Q 458 477 3 3
C 2078 5
C 2227 0
Q 1133 2987 0 5
Q 1172 1447 1 5
C 1707 2
Q 2021 2944 3 5
Q 2106 2305 2 3
C 2203 1
C 2677 2
Q 8 2419 2 4
C 1902 2
C 2551 3
C 74 5
Q 610 2389 0 5
C 2411 0
C 2889 1
Q 293 678 4 4
C 1528 3
Q 1628 2421 2 5
C 506 5
Q 1176 1265 1 5
Q 902 2721 2 3
C 2347 2
Q 604 688 0 5
C 1801 5
C 1815 1
C 59 2
Q 369 2273 1 3
C 2759 1
Q 1058 2283 0 2
C 10 0
C 2181 1
Q 284 656 1 5
Q 1294 2359 0 3
C 586 2
Q 307 1133 0 5
Q 2397 2399 2 5
Q 185 2953 0 5
Q 913 1620 3 3
C 1298 1
Q 552 1959 0 2
Q 415 1350 1 4
C 2237 5
C 1716 1
Q 780 2713 4 4
Q 1757 2974 0 1
C 1085 1
Q 1324 1772 0 5
Q 2106 2550 0 5
C 2725 4
Q 198 2514 0 1
Q 1013 2682 0 2
C 1888 0
Q 1315 2587 4 5
C 2767 2
C 568 5
C 2071 4
C 1668 2
Q 612 2929 3 5
C 2577 4
Q 921 1191 0 5
C 2542 2
Q 112 683 4 4
Q 1520 1933 0 2
Q 1356 2361 2 3
Q 928 1788 0 4
Q 2258 2464 0 2
C 899 2
C 1084 3
C 2798 4
C 2275 4
C 1423 5
C 2845 2
C 336 5
Q 1158 1832 1 1
C 1943 2
Q 1899 2310 0 5
Q 893 1492 2 5
C 74 0
Q 644 1052 5 5
Q 1145 1914 3 3
Q 392 2520 0 4
C 305 4
Q 990 1840 3 5
C 1921 1
C 1082 2
Q 1875 2923 0 4
C 1482 2
Q 1132 1594 0 5
C 1086 1
Q 1864 2753 0 4
C 2527 4
Q 726 1257 1 2
Q 429 1792 0 4
C 2582 0
C 499 2
C 2573 2
C 2270 1
C 1002 0
C 113 3
Q 219 2869 3 4
C 93 0
C 1578 1
C 1685 5
C 2317 1
C 2713 4
C 2491 0
Q 499 503 0 2
Q 123 2185 0 5
Q 1794 2271 2 2
C 842 2
C 2074 3
Q 488 1002 1 5
Q 1866 1896 0 2
Q 606 1577 1 5
C 639 4
Q 1965 2451 0 0
Q 462 2047 4 5
C 116 1
C 2557 1
Q 666 1146 0 5
Q 628 790 0 3
C 1278 1
C 1212 0
Q 1014 2225 0 5
Q 305 1086 0 5
Q 871 1153 3 5
C 1609 4
C 289 2
Q 252 2334 3 5
Q 1198 1268 2 2
C 1337 4
C 2290 5
Q 582 2020 0 2
Q 795 2705 1 4
C 2205 0
C 1668 3
C 832 1
C 733 3
Q 868 2324 0 0
C 1374 0
C 589 0
C 1427 2
Q 1259 1735 2 3
Q 3 739 0 5
C 478 3
C 1393 1
C 502 1
C 2451 1
Q 2012 2015 2 3
Q 211 622 3 3
Q 915 1881 0 4
C 1815 0
C 1087 2
C 1196 2
Q 166 2979 0 3
Q 1372 2389 0 5
Q 1853 1900 2 3
C 618 0
Q 988 2263 0 5
Q 1474 2179 5 5
C 2624 0
C 723 1
C 1412 2
Q 1434 1716 1 3
Q 1508 2821 3 3
Q 363 1183 2 5
C 297 1
C 1565 1
Q 828 1317 3 4
C 100 0
Q 656 1961 1 1
C 349 1
C 1601 1
Q 1371 1383 4 5
Q 1762 2662 1 3
C 697 0
C 1182 0
Q 1440 2473 0 0
C 452 3
Q 926 1984 3 3
C 137 4
Q 468 1568 1 4
Q 1381 2827 3 3
C 2850 1
Q 1749 2775 0 2
Q 2762 2767 1 5
C 2833 2
Q 257 2181 1 5
Q 1432 2141 0 2
C 437 4
Q 118 1538 0 3
Q 563 2628 0 4
C 1858 1
Q 930 1074 0 5
Q 1069 1974 2 4
Q 589 1426 2 4
Q 1795 2929 2 4
Q 820 1117 1 3
C 681 3
Q 870 1370 0 5
Q 12 1707 2 5
C 1934 4
Q 2182 2455 3 5
Q 1715 1854 0 5
C 1535 4
C 699 3
C 1982 1
Q 214 798 1 4
Q 720 1853 2 3
C 480 1
Q 23 449 0 5
C 2853 0
C 1880 0
C 272 4
Q 384 2798 0 3
Q 16 1186 5 5
Q 1077 1425 1 4
C 2627 4
Q 256 696 0 2
C 2412 4
C 1313 4
Q 1866 2466 0 4
C 2184 5
Q 1798 2360 3 4
Q 1459 1880 1 4
C 1693 3
C 1048 0
C 574 2
Q 2921 2951 0 5
C 249 2
Q 663 1857 3 5
C 1795 0
C 1744 4
C 2474 4
Q 51 2259 2 2
Q 378 1973 3 5
Q 1162 2871 1 5
C 2171 1
Q 1663 2790 2 2
C 240 0
Q 660 2808 1 5
Q 403 852 0 5
Q 624 2387 2 5
C 977 1
Q 1460 1645 2 4
Q 209 1476 4 4
C 2101 0
C 2143 0
C 1483 5
C 691 3
C 1744 5
C 1852 2
C 2979 1
Q 95 903 2 4
Q 2088 2171 2 2
C 1205 4
C 87 0
Q 424 552 0 4
Q 358 2162 2 5
Q 2589 2786 0 3
Q 596 2157 1 5
C 1477 1
Q 372 2952 0 5
Q 592 2546 2 5
C 2493 5
C 2434 0
C 719 3
Q 30 449 0 5
Q 79 1550 0 4
Q 2130 2594 0 5
Q 1180 2937 0 5
Q 1675 1741 2 5
C 144 2
Q 457 2285 0 4
Q 1315 1467 1 5
C 781 4
C 1663 0
C 1242 0
Q 1043 1241 0 5
C 2196 2
Q 861 2335 0 5
Q 1645 2666 0 5
C 1972 3
Q 9 1468 0 5
C 2235 1
Q 724 1189 2 5
C 886 2
Q 484 585 0 3
C 304 1
Q 853 1885 1 3
C 1568 0
C 329 5
C 651 5
Q 1706 1891 1 4
C 1997 0
Q 386 2520 1 5
C 1613 5
C 277 4
Q 1383 1410 3 4
Q 59 697 1 5
Q 291 1400 3 3
C 1582 2
C 2850 1
C 402 5
Q 1028 1145 1 5
C 1908 5
C 1972 0
Q 1758 1905 0 5
Q 458 2816 0 3
C 172 3
C 2652 3
Q 553 2170 1 4
Q 109 2705 3 4
Q 1258 1395 0 3
C 2403 1
C 17 0
Q 789 1342 2 5
Q 398 995 1 2
Q 281 430 1 3
C 1015 5
Q 2709 2761 4 5
C 775 2
C 267 5
Q 532 678 2 5
Q 314 735 0 2
Q 1278 1959 4 5
Q 107 1720 3 5
C 1093 4
C 1468 4
Q 15 1932 0 5
Q 927 1733 0 5
C 182 2
Q 172 2444 0 5
Q 730 2748 0 3
Q 357 1872 1 2
C 1045 1
C 2179 2
Q 159 235 0 4
C 350 5
Q 554 2997 2 5
Q 1442 2802 5 5
C 2822 0
Q 740 1405 0 1
Q 1033 2063 4 4
C 820 4
Q 165 2670 0 5
Q 622 1838 0 5
C 2034 1
Q 402 905 1 4
Q 1304 2815 1 3
Q 591 1301 1 2
Q 1091 1895 0 1
C 2506 4
C 2538 1
C 1819 0
C 94 1
C 1181 2
Q 1777 1881 0 2
Q 319 2919 0 5
C 1578 2
C 1438 3
C 2961 2
Q 479 1412 0 5
Q 76 1622 4 5
C 2586 0
Q 1161 2241 0 3
Q 1230 2006 3 5
Q 2361 2384 0 4
C 1110 5
Q 437 2128 2 2
Q 1042 1382 2 2
Q 1877 2089 3 4
C 2937 3
C 981 5
Q 1975 2845 3 5
Q 230 2101 3 5
C 322 2
C 674 0
C 2820 4
Q 1129 1679 0 5
C 689 0
C 2974 4
C 263 2
C 2781 2
Q 68 2259 1 3
C 1191 1
Q 827 1403 4 4
C 784 4
Q 1985 2772 0 5
Q 120 1915 0 2
C 2976 0
C 392 3
C 1056 2
Q 120 2273 0 4
Q 818 2940 2 2
Q 941 2932 4 5
Q 764 2019 2 2
C 360 2
C 1286 2
Q 2280 2382 2 2
C 1683 1
C 2272 5
C 696 1
Q 2183 2646 3 5
C 1473 0
Q 938 1766 0 5
C 922 3
C 1874 5
C 352 0
C 2 4
Q 430 2660 0 4
C 1215 3
C 2691 2
C 2895 3
C 1474 2
C 1332 1
C 1721 2
C 2647 3
Q 1543 2544 0 5
Q 2158 2555 1 2
Q 1857 2855 0 4
C 734 1
C 769 0
C 2760 4
C 986 3
C 1049 3
C 1678 2
C 1647 5
Q 1695 1777 0 5
Q 762 2910 2 5
C 841 4
Q 1242 2414 2 3
C 2370 3
Q 919 2084 0 5
Q 1561 2633 2 5
C 1563 3
Q 1254 1905 1 4
Q 1009 2877 0 5
Q 2366 2909 2 4
Q 1244 1260 3 5
Q 444 551 0 5
Q 94 435 3 5
C 562 2
C 543 0
Q 2149 2537 1 3
Q 1066 2050 1 1
Q 1259 2796 1 4
Q 2166 2695 3 5
Q 1257 1586 0 5
C 145 0
Q 371 2078 1 5
C 2789 2
C 194 2
Q 1198 1606 0 2
Q 730 2140 0 4
C 706 0
Q 1191 1348 3 5
Q 1399 2490 0 3
C 1498 1
C 2590 5
Q 223 919 4 4
C 2326 3
C 2183 2
Q 2346 2997 3 4
Q 1045 1497 2 3
C 1799 1
Q 1217 2737 5 5
C 2435 5
C 1030 1
Q 527 2155 0 0
Q 1568 2265 0 0
Q 1030 2923 2 5
Q 1490 2025 0 3
Q 1823 2048 0 5
Q 866 2508 1 4
Q 1975 2699 1 3
Q 1199 2440 4 4
Q 1989 2804 3 4
Q 2175 2652 0 5
C 669 1
C 896 1
C 636 0
C 607 0
Q 2043 2179 4 5
Q 307 412 3 5
C 95 1
Q 799 2391 2 5
Q 728 2532 4 5
Q 291 1543 0 5
Q 1569 2175 0 4
C 1801 4
Q 840 2736 3 5
Q 845 1074 1 4
Q 2014 2161 0 0
Q 1328 1435 2 5
C 2123 0
Q 0 2495 2 5
Q 2438 2709 0 4
Q 1792 2594 1 3
Q 925 2932 0 5
C 2583 5
Q 2379 2562 3 4
C 2686 0
C 1080 5
C 1785 3
Q 1070 2368 1 2
C 2732 2
C 1218 3
Q 102 1627 3 4
Q 2502 2687 0 4
C 1673 3
C 599 2
C 1066 4
Q 142 1402 3 5
C 955 1
C 2203 2
Q 2125 2472 0 5
C 976 1
Q 1183 1742 1 4
Q 1319 1916 2 3
Q 1801 2287 2 2
C 1922 4
C 2023 0
C 1110 2
Q 2112 2864 2 3
Q 1548 2375 3 5
C 297 5
C 1527 4
C 2498 4
Q 1038 2369 0 0
Q 390 2111 0 5
Q 512 1183 4 4
C 810 0
C 190 1
Q 1409 1602 0 5
Q 1780 2676 1 5
C 2051 2
Q 1636 2243 0 3
Q 426 2180 0 1
C 1504 0
C 2229 0
Q 546 761 0 3
C 502 3
C 323 4
C 180 5
C 1713 0
Q 411 2511 0 5
Q 2344 2921 0 4
Q 371 867 1 3
Q 1846 2669 0 1
C 369 4
Q 2053 2181 2 3
Q 1714 2972 0 1
C 1763 1
C 619 2
Q 2123 2315 0 1
C 216 0
Q 1013 1176 1 5
Q 970 2470 0 3
C 103 2
C 1445 5
Q 554 925 5 5
C 646 3
Q 146 248 0 1
Q 271 1330 0 3
Q 1142 2089 1 4
Q 1211 2933 1 5
Q 1421 2720 0 1
Q 648 1949 1 4
C 873 0
C 2632 4
C 471 0
Q 2730 2766 1 1
Q 985 1252 1 5
Q 119 1989 0 5
C 2353 0
C 406 0
Q 637 1138 1 1
C 2292 1
Q 1464 2236 0 5
C 1871 5
C 559 0
Q 674 857 3 4
Q 356 2925 0 5
Q 411 581 3 4
C 786 4
Q 1489 1492 2 2
C 1806 4
Q 366 1704 0 5
Q 915 2689 2 3
Q 1742 2257 1 2
Q 1189 2868 1 3
C 685 1
C 798 5
C 546 5
Q 32 1103 3 4
Q 2219 2457 0 5
Q 548 1221 2 4
C 1882 5
Q 118 207 1 5
C 2606 5
C 1951 0
C 234 0
Q 254 1891 1 4
C 734 3
Q 697 997 0 4
C 2073 1
C 1293 2
Q 1558 2438 5 5
C 1007 0
Q 1766 1980 3 4
Q 2 835 1 5
Q 645 1053 0 2
Q 176 2139 3 3
C 172 1
C 2396 2
Q 915 2008 1 5
C 2671 0
Q 168 2244 0 3
C 2683 0
Q 555 1472 0 5
C 989 4
C 2941 5
C 2346 5
Q 454 731 0 5
Q 1710 2082 1 1
Q 1978 2047 2 3
Q 871 1651 1 5
C 2697 3
Q 665 1157 0 0
Q 141 2270 0 4
Q 190 1560 2 5
Q 902 2947 0 2
C 2339 5
Q 123 2505 0 4
C 1659 3
C 2153 5
C 1386 0
C 2603 5
Q 243 1429 3 4
Q 1608 2177 0 5
Q 408 1852 5 5
Q 2246 2405 0 5
C 795 0
C 1879 1
C 1367 0
C 782 1
Q 1804 2796 1 2
C 198 5
C 26 3
C 1134 5
Q 301 1510 0 5
C 2158 2
C 2119 2
Q 816 1389 0 0
C 2252 4
C 2976 2
C 1715 1
C 2083 3
Q 730 1514 3 5
C 2567 4
C 351 3
C 2744 0
C 515 4
Q 697 2575 1 3
Q 232 1101 4 5
C 2789 4
Q 472 530 0 4
Q 577 2627 4 5
C 2709 5
Q 1584 1833 0 5
C 2098 5
Q 498 2163 0 3
Q 908 2470 1 1
Q 2175 2571 1 5
C 315 4
C 2885 4
C 1631 1
Q 505 2293 1 4
Q 1051 2237 0 3
C 2298 2
C 134 3
C 1467 4
Q 1260 1553 1 4
Q 13 2856 1 5
C 2316 4
C 2 2
Q 2777 2816 3 5
Q 678 1861 2 2
Q 1541 2190 1 5
Q 536 2280 0 5
C 1407 0
Q 1056 2620 0 5
Q 338 1740 0 3
Q 392 473 1 5
Q 475 1523 0 3
Q 904 1693 0 3
C 803 3
Q 1636 2237 0 5
Q 1004 2600 0 5
C 219 0
Q 2482 2530 2 5
C 1665 0
C 426 5
C 1787 0
C 401 2
C 2082 5
Q 966 2096 4 5
Q 159 208 3 5
C 1922 2
Q 891 2206 4 5
C 2449 4
Q 74 355 1 3
C 1045 2
Q 232 2486 1 1
C 1414 0
C 1024 1
C 1435 1
C 368 0
C 464 1
Q 1207 1918 0 5
Q 1524 2529 0 0
Q 526 1649 0 1
C 1096 1
Q 51 2499 1 5
Q 934 1143 2 5
C 1941 4
Q 1100 1199 1 5
C 1942 0
Q 2161 2585 0 4
Q 1783 2199 5 5
C 729 4
C 2148 1
C 2345 0
C 1042 0
Q 1319 1637 0 2
Q 1043 2523 0 3
C 1173 5
Q 832 1305 0 5
Q 416 491 1 5
C 2426 0
C 1305 3
Q 917 1910 0 5
C 2481 0
C 797 0
Q 2444 2821 1 5
C 2003 2
Q 202 1677 1 4
Q 597 2650 0 5
Q 538 547 0 3
C 520 5
Q 1699 2333 2 5
C 415 2
C 285 5
Q 2497 2919 2 3
Q 1623 2439 0 4
C 955 1
C 755 1
C 922 4
Q 261 1411 0 5
Q 1110 1853 0 5
Q 1915 2497 1 5
Q 341 1967 0 5
C 1864 1
C 1531 4
C 618 2
Q 1468 2168 0 1
Q 530 1418 0 5
Q 385 1110 1 3
Q 861 1547 4 5
Q 24 985 0 1
C 2881 5
Q 157 2160 0 5
Q 1137 2828 0 3
C 204 0
Q 1099 1596 0 5
Q 1547 2725 3 4
Q 406 2393 0 3
C 2617 4
C 2046 3
Q 925 962 3 5
Q 1730 2619 1 4
C 2338 5
C 2328 0
C 1573 1
Q 1315 2706 0 5
C 2021 0
Q 934 1366 1 5
C 1215 5
C 1436 5
C 31 0
C 246 2
C 2867 3
Q 521 2295 2 4
Q 1160 1538 1 1
Q 1852 2797 0 5
Q 751 2552 2 4
Q 852 1916 4 5
C 825 3
Q 0 2446 0 1
C 1050 0
C 1433 4
Q 1952 2206 0 5
C 2727 0
C 2571 3
C 913 4
C 826 5
C 2550 5
C 2337 4
Q 852 2296 4 5
Q 981 2864 5 5
C 388 5
C 1024 2
Q 217 1346 0 4
Q 544 1260 0 0
C 749 1
C 506 0
C 541 0
C 79 1
C 474 0
Q 368 779 2 3
C 1196 3
C 1038 4
C 365 3
C 1684 2
C 790 1
Q 357 1017 0 3
C 2928 3
C 1255 0
Q 2075 2979 1 5
Q 312 1940 1 5
Q 48 1851 1 5
C 1246 3
Q 630 2238 1 5
Q 275 2247 0 4
C 624 2
C 688 0
Q 1228 1942 0 5
C 662 0
C 119 3
C 2884 4
Q 682 1132 1 4
C 376 1
C 2842 1
C 317 0
C 761 0
Q 1445 1561 0 5
C 101 2
Q 372 419 0 5
C 77 4
Q 96 2299 1 5
C 2494 4
C 1199 1
C 2513 4
Q 899 1175 0 5
Q 46 526 1 3
Q 2111 2320 0 5
Q 84 2680 0 5
C 995 1
Q 448 1784 1 5
Q 1513 1596 0 5
Q 353 1700 3 3
C 1642 0
C 420 4
C 2802 5
C 2899 1
Q 1145 2723 1 3
C 2631 4
Q 352 516 0 2
Q 1119 2128 4 4
C 2800 5
C 2137 2
Q 1043 2968 0 4
Q 1044 1680 1 1
C 1750 0
C 168 5
C 1486 3
Q 240 2506 2 5
Q 519 861 1 5
C 2748 1
Q 1404 2117 2 3
Q 1538 1804 1 3
Q 1994 2604 1 5
C 1409 1
C 2299 4
Q 2566 2588 0 0
C 789 1
C 1995 4
Q 2086 2784 1 4
Q 361 1677 1 5
Q 510 1596 0 5
C 1342 5
Q 1711 1990 0 4
Q 1155 2346 0 4
C 2410 3
C 93 2
C 2532 4
C 1061 5
C 1414 1
C 1636 0
Q 1894 2186 3 5
C 2271 3
C 2472 4
C 1379 0
Q 2317 2503 2 5
C 778 3
Q 289 1908 1 5
C 830 3
C 972 1
Q 930 932 0 5
Q 1817 2988 0 5
Q 326 1225 2 2
Q 692 991 2 5
Q 2472 2780 3 4
C 2330 5
Q 344 1877 2 2
C 893 3
C 659 4
Q 889 2853 1 4
C 2304 3
Q 175 2754 2 2
Q 416 667 2 4
C 1479 4
Q 138 909 4 4
Q 863 1380 4 4
Q 763 2838 1 2
Q 1699 2046 1 5
C 1540 3
Q 868 1549 4 5
Q 1298 1856 2 2
C 994 0
C 1118 5
Q 123 1518 0 4
Q 1595 1904 1 4
C 1613 3
