725
70
2
13
3
86
139
180
1
12
180
13
1
285
6
17
9
18
140
160
14
256
183
13
242
242
66
2
126
74
26
2
18
74
2
35
2
212
1
30
17
6
27
96
37
25
19
28
2
11
58
2
24
37
3
8
19
8
3
5
7
157
3
6
17
3
12
3
28
1
5
4
38
81
1
11
6
11
37
37
37
43
1
10
39
10
41
3
1
19
3
14
151
3
31
18
2
1
2
14
6
1
13
147
18
19
2
13
13
11
1
2
13
1
2
2
13
11
50
1
39
2
2
7
70
3
3
79
11
11
9
9
2
8
2
3
6
27
5
1
6
8
6
11
5
1
7
87
1
2
1
6
4
1
5
2
3
2
15
12
2
26
3
1
21
3
7
32
14
15
21
7
19
1
7
1
39
1
121
1
89
1
7
46
2
14
11
7
6
52
12
11
1
2
6
34
9
8
14
42
3
12
4
4
11
1
1
8
1
7
10
10
1
1
1
7
20
23
2
14
21
2
51
46
3
1
9
2
3
6
8
2
42
2
101
5
2
45
4
14
3
2
7
1
1
10
1
13
1
8
1
11
11
3
24
1
2
8
5
111
4
2
3
73
1
1
38
13
6
2
10
4
16
1
30
5
6
5
6
8
6
1
3
2
1
6
1
10
4
4
2
4
2
7
6
23
45
1
9
1
1
2
27
2
25
14
2
9
1
11
2
1
11
50
10
5
1
8
16
5
2
15
1
1
40
2
51
2
8
11
12
10
39
13
25
8
45
3
1
4
4
10
57
4
5
55
8
41
7
3
4
1
9
2
49
57
1
55
5
60
16
3
4
4
1
3
10
72
7
7
3
1
2
8
10
18
52
52
4
74
1
4
1
8
26
6
4
6
13
6
3
7
36
6
24
2
9
3
14
8
1
37
81
12
31
1
9
5
4
11
2
5
48
24
15
1
4
21
1
1
3
1
1
64
1
2
4
18
1
3
3
1
47
16
1
1
3
16
2
9
7
2
14
2
3
2
8
16
1
2
4
16
1
2
1
1
1
5
2
5
5
38
1
15
10
37
5
53
2
2
5
12
3
5
2
1
3
5
2
15
2
4
4
19
2
12
1
1
2
10
1
2
21
3
6
21
2
21
109
21
