177043676901
409574678652
409574678652
340807169083
1728358418879
332976790797
274333756613
1023711852865
338976712321
18446743651514940304
39243640056
937632651165
244018619208
460139975991
1715412552594
18446743663581005591
511369073076
395139381790
450565973307
147641474049
211074323064
290773579314
434828401451
312904381110
692975563143
479777357361
44820337025
981596553702
981477159351
436728361598
1707340277691
78205006841
676021336930
179922645550
170090333927
17000949877
412173722000
159270038808
407456785535
137387868232
491515613118
83649679453
896578409623
1700107725350
409574678652
504432888608
731541617352
493017965394
343314433400
206690059112
500455261269
130093157952
250285927084
452747746898
493839591054
493783800294
191326776690
409574678652
1097739995078
192871775287
625229478064
1812478441969
460364913839
292910221617
111466646426
496821916685
145807915764
790289278358
194206152176
409574678652
530339583375
546023961692
239812557262
1811619418516
53178843667
125074315621
498047805963
533144494304
18446743784329459950
1062083432588
43202319610
409574678652
408910642871
382574454746
50481687219
157427074270
260318350357
899781533498
264905603489
170652070974
124332019780
546490747508
785381143366
409574678652
718470392870
113143896101
166615582262
18446744030144345699
157427074270
409574678652
18446744006672098487
670131638725
1871157420364
468196598209
311879644377
130487834524
478547481225
475250035482
408219404817
1832688581218
215859397661
551707158468
1918851344263
18446743853902069069
18446743715860325783
75636250817
51678335719
16440338354
18446743970125006665
409574678652
192174349815
117404851065
496031204690
18446744060270375916
42108558543
408910642871
353715189542
11222739683
245042929383
423235085818
404655518670
501666582986
437700040812
480742073753
39772544605
166348037283
140580981318
80059856710
21396104278
1882465032668
35909967827
1027016057169
222351256126
114402437989
107899016227
337503684924
306561079662
22938113775
409574678652
228848623756
517921041970
486943942896
18446744009438219195
319887549999
128989502349
983367991720
18446743980078538858
409574678652
1863055132796
919007522076
44894116560
983367991720
1872068190079
571521065664
409574678652
1074795044519
471354078679
365894155887
45774807020
64876619813
24474074172
125753777816
18446743873840568249
50342966707
1055258363982
386164486153
837072304806
1686951274975
519987629184
612883147761
66001953119
18470654259
406934960554
521194582441
398349410317
18446743831043526383
756531765361
81766449867
541692809344
257864334093
223830582214
672322344044
69057157491
529076517877
327006114077
500182388720
1063438573823
454848622514
614393581627
411598456326
466083537148
190075460506
171529637519
240059747272
545569685333
501382009822
1662477498435
1685543141102
535798360627
493341608747
401799787763
790941530686
79696899022
303757268701
63902390180
767326096981
645329354214
37854730394
441023141627
39729846683
195223859038
162456227290
443412203296
14632899673
428678753749
240113046197
491807305463
641111925639
9148930367
1846149049579
496472987797
363979875678
1042145836178
1012218815792
938820304654
274407918090
455371636773
439403108739
495511042360
209047465921
122144478327
534795494384
455567433681
185283687990
77649109495
551394685984
838138856584
218092449822
673498770925
40931650494
137021928585
37612533412
409574678652
70123691726
233909978809
741859642069
158604509096
18446744035121875494
483832246610
462554461665
445439287175
1855828011727
37289786233
311056326940
313165312724
314688329570
976105994734
14218379521
67425126132
131119420890
493799698234
18446743902633339654
33437967113
752910588984
322538150922
1863536919332
25734594450
507853206698
1798109987512
188007922563
73464425494
529737898565
543795413887
93502299152
141423546460
506112143213
954514561695
5887498177
364205814289
636807012379
15758947209
273984261410
499071324429
499601993180
982223105183
51120589552
347015337427
719080764396
11626245718
1041723305677
269516401575
6532527127
525484731831
531701888312
1056367123556
411678604970
409574678652
275270637563
421278031466
211705735687
400290101230
31946601147
281104288647
768777471719
399437817536
409574678652
890844653210
39223565555
14400828271
534622172481
226641960941
36513454629
465579521313
98537757839
523663742685
251186594481
223201245404
409574678652
77695438291
530688735142
538109788081
953833741209
27097985666
185643400009
49520227829
1364377329
281916458195
96695274076
1871044961857
386401936
344371289668
134892282989
628794586
714786649047
672831295818
332314084619
409574678652
490759123702
529623736472
248559822477
324291187227
311702358290
489335199845
720497038009
223830582214
53520853895
332990006792
455507117450
94197976440
1790251938935
1094482757655
345401013852
519345774715
443211956897
59632625806
409574678652
525484731831
550998635625
113948233266
287948900118
877698991908
287470287400
222296979801
233066298053
364678650126
163130637942
320742302463
409574678652
409574678652
562649583521
51594449059
62564404714
523523832576
358776289678
181815039646
518130792397
1921493946481
18446743758847830038
101073205435
920090527541
1858327943815
1002496028318
88897598481
518350369314
334140534469
275287414467
1051949517140
201591520192
32556646847
50323889704
473546711112
356874321030
9505729718
227050644376
768342116958
141475034948
327928640492
200777320548
94099074574
118794612856
1706274689949
170546990734
75919215303
918948007425
409574678652
165846670608
542930665786
980079126187
224499538164
21123640961
524117235579
613791317807
27424086113
599613394072
642034450193
846335511399
23684715877
423376411885
188024749898
233930723993
1011035987774
713827472108
495832419562
32925564228
372098875412
268377478865
188347089797
18446743885305993150
202638523671
485824360160
326238011558
365174800573
154462803113
2791282944
512603794025
530866842073
125172423960
49596214390
125950842902
313001609352
18446744017263524602
72832454245
952467006278
1075860718324
39695520579
409574678652
408910642871
1016509118005
409574678652
122982791016
232248574511
344004446528
297331085037
18446744035022740495
15952320501
409574678652
367320192383
625509993098
230333136710
252695345302
60719599229
30805702019
390661984872
397194188659
948148189970
283942204358
437019810418
62438944932
377895566777
157980609005
409574678652
199463142473
612107900542
8607286211
118545479549
1655435200813
245994040775
80241734640
18446743873332778075
1091026994453
720671314519
157667759006
44720349183
32395959444
974101291753
1922071597448
448426876622
1787426655459
881920479975
162126553897
124692997268
172237811746
333643322985
491073516068
409574678652
369627491262
888681424805
955988427596
835227449087
582055694094
501091963004
347793286320
32956124731
207856375521
451978900539
409574678652
495232662775
158255017404
54379289367
20929112785
369666894533
302707502091
440410608786
915533399114
453842450892
532516010558
129246341480
457627905734
83323559845
2930149323
548697946832
186262673673
64649458032
253891041027
450529285345
879554354618
459127081048
109824775449
1380407583
661789738086
84980158187
517484557546
4927681965
329522454345
491988873142
26096588951
238278175029
323129955347
4193273636
844099228501
260419090025
176515122611
412552469562
229697808434
739266440876
156182866009
254825196710
379842981649
1020913749514
225201406900
421801137186
476782592647
808238896690
117278809824
40686096599
386924378540
111335089470
254492018377
359950991708
192502266887
980578328159
426957342628
385959440852
1704032121464
5492683789
130047767295
989994297940
527742457824
329006578233
108412550370
435647699960
210128758579
224998306132
123408696375
145846715893
409574678652
18446743691795295050
143449651703
479277477536
409574678652
543140047578
99161809886
379338181638
409574678652
291428658251
41999046216
409574678652
992783194383
409574678652
1088298948192
480768939622
368997258244
409574678652
18446743975237285977
1802771384825
195377914273
401356404852
1718623878261
542420651560
18073155881
327825683667
409574678652
406799386194
156985448000
1789994462674
296641499118
387545894395
537660461291
409574678652
53470200898
845720686004
412695950132
481820153321
409574678652
504191330354
599613394072
239559229215
405443282559
1802727911355
996948827796
424875193007
113627745993
5788644170
345258447384
990298621988
111526729479
428136785419
879554354618
490021766002
184486834473
53897678957
939098366534
400187895515
116528635870
316908403920
309413087165
175527727471
54546112519
857034400206
409574678652
936312381116
757492465956
496668160209
18446743857226288841
1034884595493
409574678652
409574678652
49921031470
409574678652
897059813609
480428388198
1064076130854
1832996393881
119820074457
312474540592
503584475423
420927361496
130428639970
66558221230
218784639682
1029733622781
1883636924783
298631252583
157580192660
496220854897
491853165999
408663144176
409574678652
71130706907
451128130268
577339634158
16931333645
233962109983
753506617206
163242673607
1061423143364
1864104990423
3819087064
280256712932
351744998910
18446743772970223732
18265236198
521226710694
520405540856
296410344623
143316764156
770848067271
409574678652
540837261961
3529876132
113611324063
546364731039
356984398585
25534125881
409574678652
30424048125
409574678652
879544950916
880706446452
326977711182
359809493840
18446743985672519860
163486000205
964855451484
14767261711
409574678652
499185931531
78953011509
409574678652
323619890217
10885387358
542561062234
398694907889
409574678652
1906047210250
392063043659
635614572473
703134765799
433071520193
18701936733
497844862363
598265690102
357717968272
379373238310
409574678652
534017713195
501434341287
408850045563
850566961940
805397101055
1807878180825
132787370285
859016423268
33909594735
128615513541
486057597735
353741098477
95546086802
48580620979
458577258091
429791312140
1052373813848
478909488747
18446744009438219195
522469138836
331532929590
451426231527
7550327136
278405580612
434550305282
34903890334
860393186823
259736489406
1847516914719
487418764678
459216941718
9359720400
192752164536
969398772063
124056254708
246959030622
22147868508
513468528220
142484238761
260663921744
18446744021024260321
288620140929
211973783602
409574678652
1817825379039
507185585203
1658353508713
255536393139
65124437670
60869222227
644753371384
141235456045
409007786696
160881086523
64267179510
108617088024
123087061116
381791393828
458662943126
561778969676
624556358190
235153301870
22437076835
357134059674
54482074249
845014092592
409574678652
1843032632111
1871046214994
30110135233
334607244258
792783528039
296939077541
266099953764
1817848169670
428555933679
691466486994
18446744042100877278
543316748891
959339711498
280202222304
53236186515
18446743771370239639
527582018841
349174544363
444176209572
635058184999
249120452639
270910721818
427983429078
173345699412
136261135308
38085242619
367454698467
901354463116
10592342588
88146705975
125768450530
375229607390
252181541431
401453373878
290938319708
443778306865
58533194365
271060889335
136935335248
37758111958
90266667745
11979596257
94686160836
51654886707
397767430183
302208643076
18446744029706688336
427945652378
408910642871
272605433597
529833478627
401459616585
818285051473
16179251580
420632365622
577339634158
190558925019
236860675078
367971992101
356631579165
48741813899
903671567562
234019124381
409574678652
25131141429
332896956281
84055012525
110486002917
463283450394
260110792480
28670245144
175705753905
47659725081
46332225720
420870529069
211967490989
171529637519
986939634600
791282110137
409574678652
58747648723
518491713504
384417528880
409574678652
832604846032
122867581348
1793501250712
112263750659
185283687990
488621597107
487108119588
1043498403681
691110938952
892742516312
830281767029
29731131751
147051700623
1043008501973
306733366203
439970844702
506874018086
555574128000
744312572505
415211919116
9799273297
459464329461
4107798978
528389595561
582491161658
431330738517
237542122056
18446743963990989876
44035605064
596680782936
424653927698
89373190742
209387569174
843468935255
121778404204
487624150170
1915687814674
37797358940
185138341101
348783130425
267094945237
209789827025
256043834699
1076781773758
148090862069
783737325687
445115189602
479858237226
1021493090625
434660763781
188857176582
310563670025
1005964435802
1658353508713
68436146591
156831279900
455840806384
578731740561
39035473012
353828848889
223885240845
659914343036
873883898282
1009407990232
109495075199
640811376130
165968745105
215522798144
155329159141
422879000182
409574678652
366874474840
194002630385
406934960554
400812549451
476377349217
350330711071
94600193050
95627632636
333061397027
254741477295
425060353558
115809439285
144764900863
952467006278
497440933196
1046446945724
323360062836
23099557490
18446743812808692665
81170717854
190967093505
180497808864
252388987954
978983862747
412123695536
422184025494
747358602617
237470465274
354499931101
223776872924
409574678652
146823644021
402304517949
312658688471
18446743871569644641
334230580476
44092660269
268048813853
345091546132
259439344618
904684833621
220324413118
224136235575
172425795504
522003764658
737265277117
306570513440
719528045197
532882278341
18446743625895171326
137859030669
1011668149935
1099452413447
113581551602
437821451519
563291700597
478088787840
1074539316227
442326249825
297336639939
487491276948
18446743864460104479
219660680222
356234454895
819573361673
129925540928
356104751232
