18446744073035608501
7887918792
25612659962
12237042918
2305475723
18446744046592053532
19974516929
40638119499
32243152032
28709036935
13187518731
33489109604
18446744066917060393
44715338903
29770418956
33489109604
24066987773
18446744067454718294
18446744070107993464
18446744039675818219
18446744045452507342
18446744064319993896
18446744059502738337
20458681879
18446744032561261620
18446744066810050600
19336610009
18446744042412644291
27178975409
18446744073673854669
18446744073673854669
18446744022510547268
18446744053223799037
33258700418
18446744051236549839
11254860947
19974516929
20458681879
24830949208
18446744029550107447
18446744067699046782
23796320160
4385643741
18446744050645312985
55021103183
24133711070
33220678956
30379229972
7613925610
48026442213
13187518731
33489109604
18446744060387230081
18446744073673854669
62661285772
18446744029604577291
54624351348
3364395011
18191833378
44715338903
18446744022819289008
49340679769
34700152594
7770615545
18446744039244351542
18446744038316242109
43188750135
7770615545
20697317269
21194364652
18446744036656315979
63894794335
18446744049105732926
18701743220
18446744044227135659
23796320160
39551696955
18446744053223799037
18446744071685097561
7887918792
18446744044276764394
24345622239
18446744068522008170
18446744072160402818
22895914848
49390038646
23784190536
23796320160
50926618693
12412892622
18446744041546269997
18446744012543451027
8210134725
19096808649
66177632113
18446744051236549839
18446744051287942005
18446744044227135659
18446744046757644196
4465599741
24133711070
54787864561
18446744007939324732
27955068987
18446744069468379968
18446744029550107447
30379229972
18446744015204183799
39551696955
18446744040077906455
18446744068723090103
11254860947
18446744015403283696
18446744052637824607
24292380513
36612156476
18446744038060576615
18446744011641836326
18446744059888116025
22455083979
18446744066810050600
18446744031281613589
18446744020296476888
18446744007186146713
18446744071615236493
44715338903
2305475723
49390038646
18446744066440944562
19593779347
15952832153
19336610009
36626346150
7887918792
18446744046757644196
33489109604
8808641769
18446744040566113536
18446744053155774367
18446744073673854669
8808641769
18446744059793858665
7483508416
18446744023314552784
18446744063450158385
18446744040988073989
24292380513
45398201338
18446744027111128675
18446744035592186140
12412892622
48033440278
2305475723
18446744051287942005
18446744040255063823
18446744071535358833
18446744036656315979
31495435274
18446744067699046782
12148393167
11254860947
59031643276
38935453729
38295770178
21620193102
19924597015
18446744046204598737
18446744022510547268
33966047522
45244247329
44715338903
18446744029550107447
24292380513
18446744041074706886
18446744039132474776
1599025778
7887918792
18446744040566113536
18446744012089104002
2305475723
18446744070768930826
18112563653
21943217884
18446744031167100627
18446744073673854669
44715338903
21275755558
18446744058861767948
18446744041635576194
18446744035592186140
18446744034783147136
31790679995
7483508416
12237042918
18446744025488405663
30994355131
18446744051287942005
19096808649
18446744042498215215
18446744027450507289
12412892622
28709036935
18191833378
18446744071685097561
18446744005523983435
18446744072188409259
18446744015403283696
33489109604
18446744010126769286
46193015000
18446744017517540941
18446744040077906455
18446744038060576615
18446744046757644196
33220678956
18446744029756660324
18191833378
18446744027111128675
18446744031167100627
18446744071685097561
3257062141
34700152594
46193015000
18446744031281613589
18446744015497833232
4465599741
7770615545
18446744046204598737
48832874863
18446744066440944562
18446744067454718294
2305475723
18446744023314552784
33258700418
18446744041611529133
18446744073673854669
19336610009
18446744020296476888
18446744059423509732
18446744045452507342
18191833378
46185037644
18446744069636965471
18446744066810050600
18125233789
23796320160
18446744039132474776
18446744046757644196
17134503060
47162772517
2305475723
8808641769
18446744036656315979
24141504963
18446744015235020502
18191833378
25614829572
18446744022510547268
12148393167
19604261260
58860020706
18446744034540272524
55317245246
18446744045752027252
18446744068238535625
23796320160
6452509900
52834195306
18446744072209414776
23580380103
18446744015574489088
53768168241
18446744059403117480
18446744007486418179
18446744054814523996
18446744045307774129
18446744012089104002
18446744072975347840
55021103183
18446744005274066297
33484944898
18446744023314552784
18048534932
18446744018209287789
18446744054765780382
21275755558
68440815858
27453660715
14283438774
2305475723
26122311823
18446744018267327972
43389243390
18446744049052905141
18446744040566113536
24830949208
42024084268
49533951763
18446744059635767788
52684039512
51643689791
60536682029
44421452459
54787864561
53372856190
22778552751
18191833378
18446744040255063823
18446744009848915022
18446744034783147136
18446744062846569999
18446744055109921048
27059364434
47423971973
27901523830
18446744031281613589
18446744011641836326
42724199161
1663789062
48710759824
18446744066121210854
18446744049308685272
62077313093
54783236906
22778552751
38935453729
18446744012543451027
18446744015235020502
19128460485
18446744060446150458
18446744032092511298
48523375701
18125233789
18446744050645312985
58860020706
18446744053515387190
18446744023903191127
18446744062586191398
18446744047483488364
48033440278
18446744032643459499
18446744067399267055
18446744009848915022
18446744029593781594
18446744028747456199
18446744073673854669
18446744042498215215
21620193102
56389130395
29988725423
22746272864
40591462748
18446744069636965471
18446744041155003935
33538229134
18446744041155003935
52834195306
18446744056830754585
18446744022452226379
7588441003
22778552751
7613925610
11254860947
18446744073673854669
18446744036360705011
49340679769
18446744045752027252
38217288946
18446744054624449946
18446744049667819846
18446744071350530464
18446744020296476888
18446744032536927519
29988725423
42724199161
18446744007559839935
60536682029
42153903914
29303882241
12412892622
36859053336
38217288946
18446744018480369362
18446744038827017432
18446744009848915022
2412437542
18446744035592186140
18446744071752142226
22328696243
18446744015403283696
32243152032
20697317269
18112563653
18446744040988073989
18446744044609896699
32243152032
18446744027499893297
18446744038516527327
60317378273
36859053336
18446744046204598737
18446744058777443863
40591462748
51643689791
18446744039244351542
18446744071615236493
18446744041635576194
49390038646
24808301425
12134656282
18446744025180336703
18446744045452507342
18446744029124984195
40441058367
18446744041611529133
18446744073047803587
49711113234
18446744056096209472
18446744006709344205
25612659962
18446744071752142226
18446744038060576615
36859053336
18446744044931185051
50093205706
18446744059403117480
50093205706
18446744009505678282
18446744054814523996
57929331283
29303882241
44821228601
18446744051587451837
18446744028515188413
18446744050645312985
50926618693
27955068987
18446744029593781594
18446744014551268053
19604261260
54817373751
18446744015235020502
15952832153
18446744056096209472
18446744031167100627
1330849128
29303882241
40638119499
18446744050645312985
62661285772
18446744038317420186
18446744048059088497
44821228601
45244247329
18446744064874006751
21241633937
18446744063450158385
18446744012908668057
12237042918
18446744039335474161
54624351348
18446744022819289008
18446744069267740567
60317378273
30768162450
53768168241
33489109604
20458681879
47746762585
18446744054765780382
21863011811
43374130282
48033440278
18446744062781772577
18446744042479489184
18446744034540272524
18446744015756944840
18446744023314552784
27178975409
18446744059423509732
18446744057682245565
24133711070
66884667720
21275755558
18446744039132474776
1244389513
57929331283
33220678956
18446744018540719396
1663789062
45525704408
18446744050577660328
18446744015235020502
27178975409
18446744059403117480
18446744041074706886
68237039124
47746762585
44421452459
40441058367
1599025778
56918130443
18446744054012512198
18446744029655835602
18446744015497833232
18446744010968237649
18446744046458403954
17751918515
38295770178
18446744071254314434
56389130395
55021103183
