876223671396
876340198125
876380393974
877919675401
876223671396
877982775997
876223671396
876223671396
878289131000
876223671396
876506784617
876623605283
876223671396
878037072124
877557981905
877768727829
876829276480
877015046081
876227693952
884559964901
876223671396
876223671396
876893218161
877070192339
876223671396
877484495060
876219275680
876223671396
877576313174
876223671396
876223671396
876223671396
876223671396
876373526358
876219275680
876223671396
876223671396
877866451169
876226419985
878184012801
876223671396
876223671396
876953059630
877348132298
878063212350
877067312503
876223671396
877587283269
876711637135
876223671396
877049325184
877070192339
876223671396
876223671396
876223671396
876223671396
877839940616
876223671396
876223671396
877994652313
876226763960
877970104842
878257440385
876792273265
876223671396
876223671396
876223671396
877629009318
884525302087
884699451170
876223671396
876223671396
877194825667
878063212350
878080657780
876226641980
876223671396
876223671396
876223671396
876223671396
876223671396
876223671396
876223671396
876223671396
876223671396
876223671396
876223671396
878227396799
876223671396
876389897069
876223671396
876332970592
876223671396
878205759412
876223671396
876223671396
876223671396
876237477934
876223671396
876223671396
877064723406
877571221939
877520808630
878045242173
876318039375
876223671396
884369470372
876931830253
877854126195
876223671396
876223671396
876223671396
876879323941
876905015712
876223671396
877393359340
876237477934
882955642953
876223671396
877701881685
878227396799
876223671396
878021881960
877958308679
876223671396
877759746093
876223671396
876223671396
877684353009
876223671396
876223671396
876223671396
876223671396
878173471822
879912524235
876223671396
876223671396
876392213467
876223671396
876223671396
884720366231
877049705532
876794168876
876385747687
884446676850
876223671396
877551146257
876609949922
876223671396
876792273265
876223671396
877064723406
876223671396
876223671396
878233339944
877015046081
876223671396
876223671396
876223671396
876223671396
877960409348
876223671396
877994085771
876223671396
876223671396
878236393994
877578473174
882983956290
878161720722
876396223675
876223671396
876900314240
876224437178
877337770686
876223671396
876223671396
876223671396
876223671396
876381433360
876223671396
884458788723
876223671396
876223671396
876821968448
876223671396
876911555079
877994652313
877386917777
877351083444
876223671396
876223671396
876223671396
876223671396
877532228991
876434024571
876223671396
876223671396
876749497785
876223671396
877590161391
877921525589
877759746093
876223671396
878155982287
876223671396
876223671396
876789495369
876223671396
876223671396
876223671396
877016151013
876223671396
876223671396
877960409348
876223671396
876974946607
876223671396
876225892823
876223671396
877646206569
876223671396
876223671396
876541173533
876223671396
876829276480
876223671396
876922514303
876223671396
876223671396
876381618733
876223671396
876223671396
876223671396
877067474848
876223671396
876631844846
876223671396
876340198125
884251236094
878000766741
876223671396
876223671396
876223671396
876236647146
876223671396
882060506184
877684353009
876223671396
876318024692
876223671396
876223671396
877068710443
876223671396
877944392794
876223671396
876223671396
876812915071
877162715566
876723135001
876223671396
877337770686
883492398715
878161720722
884629071026
876223671396
876223671396
876223671396
876223671396
876945451396
876223671396
876223671396
876385747687
876223671396
876223671396
877520808630
876223671396
876223671396
876223671396
876631844846
876912653130
876223671396
876223671396
876223671396
884406254582
876223671396
876223671396
876638988354
877693622597
876893776866
877915082115
884536696762
876223671396
876789495369
876223671396
876223671396
876394494224
876223671396
876223671396
876489880958
876381433360
876268833828
876223671396
877523400651
876223671396
877070192339
876223671396
877839940616
876226641980
876223671396
876223671396
884295977846
877944392794
876226240229
876474278427
876223671396
876223671396
877781285421
877351083444
876223671396
876223671396
876223671396
876223671396
876223671396
877587283269
876223671396
876223671396
876223671396
876761358568
876752095780
877572197515
876223671396
876223671396
876223671396
876909064037
877587283269
876798356353
876351135219
876223671396
878155982287
877532228991
876441278589
884406254582
876931793901
876223671396
876274806781
876223671396
876489880958
876223671396
876223671396
876416378021
876223671396
884409673259
876223671396
876223671396
878236393994
884570100792
876827476792
882715304492
876223671396
876223671396
877914142183
876223671396
876409223039
877393359340
877795514164
876223671396
876223671396
876223671396
876226763960
884446662838
876881278341
876223671396
884548840928
877962647673
876223671396
876223671396
876961878885
876647255624
884525428839
878021976471
877551146257
876223671396
876223671396
876223671396
876223671396
876392066996
876223671396
876223671396
876597527439
878264569176
876223671396
877528124732
876223671396
877067474848
876223671396
876223671396
876223671396
876672274429
877587283269
876223671396
876380393974
876224967464
876223671396
876223671396
876223671396
876893776866
876223671396
876223671396
876223671396
876223671396
876223671396
876223671396
876833755085
876647255624
877629009318
878080657780
876223671396
876223671396
877070247461
876223671396
880460582065
876223671396
884271729572
877909136224
877064723406
876223671396
876223671396
876223671396
876790371362
878137297127
878022831573
876223671396
876223671396
876223671396
877587283269
876223671396
876785053901
877484495060
878224927809
876223671396
876183844470
878145304739
876280456584
877070413752
876223671396
876823155239
876237881816
876223671396
876781913867
876246049455
876761358568
884391746176
877350026676
876223671396
876223671396
876223671396
876381618733
876223671396
876223671396
877653300180
877646206569
876227411424
878022831573
876223671396
876223671396
876223671396
876223671396
876909874683
876223671396
876210436467
877823496596
876223671396
876223671396
876223671396
876378083811
876387239767
876223671396
876223671396
878191210275
884445570516
884446662838
878171898796
876223671396
876223671396
876641312433
876223671396
879912524235
876223671396
876223671396
876581274020
876223671396
876223671396
876223671396
876223671396
876962973735
876210436467
876404515823
876945451396
876223671396
876775326916
876223671396
876223671396
876223671396
876435140847
876223671396
876223671396
876223671396
876318024692
876223671396
876423327592
876416378021
876408982609
