18446744068139510360
2764820737
16253689116
1178832023
5192750315
12460332029
5024459598
18446744057974775778
7949723099
2076611494
18446744064869256606
18446744062205939516
15498736798
18446744069936082328
18446744062592409829
11091490195
12509857455
12271089614
16296132785
1376014435
8286025513
4832962057
5024459598
990777930
11684205278
4959775325
5839703824
16378579218
12133910453
245408864
16794104184
18446744062582778777
18446744069919712277
12284981151
18446744061559870552
12151546647
8066620316
5639933111
18446744065333766096
7812873762
18446744071636214420
18446744068192207602
11282927366
2180277952
9915103620
1372971257
3784015681
135280623
11978405406
12184954327
