15966229185
13677388265
18446744069599920967
570304654
22631503456
18446744040342331140
18446744069703633665
21642714986
17093625568
1645144361
65068584995
93948272727
8794698799
72779015805
18446744072003790209
18446744069592455194
12257166386
18446744062097559233
55085657919
1766294234
5503770856
2335317758
101427395112
18446744054749180325
86998742133
18446744053225184966
446495514
17519419245
18446744057859680453
18446744072986454917
18446744072957847997
87506374144
8010706601
18446744059682372352
18446744052901368105
18446744071705129055
63236372784
18446744072782798293
18446744063630777550
15560047749
59910583883
18446744012889826607
56852063586
596992764
76582768967
1897084915
28811948134
87506374144
29121065303
21243066569
18446744040843900631
64104206508
18446744070567790648
12493763979
2077706415
40148258862
7917015580
20845004235
10281701776
9093106685
4174932423
79382042835
19761967303
18446744045536383932
18235595294
41030434489
1232717239
33938916395
62431599051
84801983830
76517707988
87506374144
18446744072756079069
85500573137
16520669151
22976449482
18446744072299029897
18446744068223861649
271520504
502037815
61592895116
18446744048023218187
18446744069674968195
22871236579
2032109858
18446744056584909480
18446744072860331937
1232717239
18446744052430822497
11258101242
931888511
18446744048163435573
18446744050456249694
18446744060549609153
21772701869
18446744046927924344
17059930606
18446744064077720680
1345111304
20809608556
76798211469
14807616293
7586684488
18446744046397330497
19287021112
8230868583
18446744066694456223
3817368879
18446744063482685948
3619892199
87506374144
2851126577
18446744069585642804
66439532850
31928747783
18446744069023075936
18446744070567790648
4038613775
18446744058420293785
26883982772
10121224266
10655837553
830522207
80176957712
87466191869
9444612668
19450479515
8641682788
