945317079922
741229130667
981703688545
944674721881
1518256244780
837002291612
1546684534735
949127193343
42842674240
474918454247
18446744052882372795
768234203964
1150758035589
845244309836
1542741878593
652396773857
151468175364
704031611988
921683497604
931915140161
18446744016467389059
413434635051
828174687701
247391153163
635069117116
944950089006
836339163823
874408737892
404995184627
76544217562
949621098862
334928913636
18446744037367373007
862844450029
658312854093
982073930929
941423757410
907780367450
18446744044533589133
246683855534
18446743808826962475
921683497604
941423757410
855980497324
1326673463848
18446743933081988799
1390590720805
1429134657687
947255839769
901558808384
957085263334
1074808225711
732413047441
41108891211
877749813915
18446744063079915748
18446743947817268825
1003107018010
1885355124552
76993582484
18446744015933756658
841397293736
902702834400
543052978335
18446744054644088214
151367012459
839718477350
198305294596
997270425310
418059692650
1570994231150
745053021462
23942408521
1009977814484
1516069449528
681207627072
249436457759
249094923592
1194838568913
461678541496
384402707441
835173648258
329536824520
819700029457
533880705817
753364563379
460752370279
908550286566
955162662747
1185099641907
261261242768
182743019668
1751360045744
1096783193294
1475623177545
226604939423
18446743951771270470
891230358483
566211957788
936090646941
52991581074
225770159999
1087825923578
336505529432
1175480525190
952068275968
988622817637
1109361496914
18446743872767401486
908369759690
957842228419
1541020749883
957064123832
905797469219
26849754997
839116830429
906890736899
890253152940
6700697634
64494672307
1060616445923
843130650642
146368881961
951688986600
830124890116
1048532200782
905382431726
715722883222
18446744007772790998
159432785682
100093180717
18446744009593767831
981060969617
931327837234
222131550565
14312095377
1074214496603
667702433894
18446744055484175807
699200844277
884176022289
882265949464
1084237187545
161930080342
819876048244
1009054419665
7674092000
922578402187
18446743812751424078
876483609907
837337969966
40005045715
846463142183
36307659373
948645369178
397562421599
703701809265
986624543295
1294924277378
936578556082
596813536036
860181465186
392493506158
921690287745
3216672928
1030818825790
1518455666173
921683497604
18446744060309769700
649040405377
853168065322
22496781625
1531221544141
955169507983
1011452554211
921683497604
917087669385
314937425547
18446743548558359173
298352645320
1746026962117
904218369572
972993616800
462487713273
1189352572793
722209599964
18446743918017023389
1176270317249
951563580921
295640628419
418934738876
156315043829
829317998879
18446744036107286140
14443270026
869724406496
830186561957
921683497604
952140539493
299702861095
18446744033730448376
280804627991
18446744049459447315
843326032223
1413201857115
365802555361
464106878269
850804606766
737024300107
954249364096
134132386304
969974346789
247867138039
1044134315838
1517877143366
875306425817
930384123867
826640862583
921683497604
1158082117798
13167197801
2144212624844
875145715985
1041472735776
927451170236
614750707791
671069348812
422261326149
960648118470
1135019577509
690315827860
649727476056
2941967392
928701413877
398329715147
390399271461
78418036713
977180164615
121669941405
1200780374034
62354786915
173564681862
1610937461266
886055099554
1102299042713
18446743987398857609
921683497604
880586902335
907780367450
957089550323
354164517088
960001335967
887999633753
921683497604
846569026060
921683497604
849923354279
1111952007547
846902641027
67780966404
350185599615
949621098862
1539179859258
1056009467430
135575031754
1089740206156
1638434831523
927211555142
1184445234070
836163182670
862685299603
821221226875
1063220101127
437455685655
939028677277
117993223847
1532094217892
448289098304
846210551325
1020980470365
18446744000242755626
828209150909
294493577099
461328687665
1558248971045
1236901092563
981720873708
839654403352
1086822249310
835127312138
875599988223
1121510232228
1084324894316
18446743840759642175
901699440155
479022266865
19265903561
10770327300
988575040088
65012909284
849131722122
988182290888
18446743998854233221
444777121151
405998308485
181258503302
836312342287
378989343393
12261941474
426605661299
18446743846637802846
946559159073
543316535679
10338456003
788827994855
1184585232414
1086704620446
948296716781
941788784042
884110029116
18446744031617411924
46572211157
877336095868
854814541994
18446743547803451824
946596970726
28091247119
1101557060070
576506967006
1219670492961
902702834400
850495974588
1383378605
344181855900
487492056376
1545142821623
9338234199
1121323768158
844964148257
1118392871240
1098829600464
994470113532
836412187553
838400223569
490300073071
736127895017
1149582851131
254454586104
842892353761
342347656482
305049219224
54960952089
1235368627220
675607803145
337380834518
154162940444
1044132095127
123498838648
921683497604
973574938924
193022408463
547772879013
1039032409948
393710682489
844413094851
1043722949840
1595461359652
97652166905
1013315858934
18446744043974174307
908012362887
18446744049914845392
1159152347112
540379316516
921683497604
578629615766
546950957844
835714336751
1038043158109
226595055298
18446743968618756656
1301165403636
441551701284
520172315642
930215169554
864821857460
1097800116770
828597685124
19231330454
903977477613
966429694688
931315327719
1058233097223
839812552619
905704827790
928412477783
1648778222058
861713253647
772553173462
1127397184738
854622630281
904964018642
2040789069913
389242521486
948911204086
1011521102391
1151875830734
841829968370
911103309860
580460914140
1044215139504
64630350162
18446744058514177623
940751067985
1608412098539
367116702676
18446743737791626578
1039540638270
944939739425
493281497338
906938473095
467692850751
114955846184
957064123832
174159049804
1009754090977
744873088678
348416845159
186959212759
834595708145
788432652270
232030538916
424721974330
921683497604
743729072218
997462978372
18446744060623882257
1167558507200
1552058621066
462487713273
860454524925
975524403579
18446743790991346296
905601676898
854921803700
957036576827
984533716538
13218015175
18446744060309769700
18446744000770064983
425440074734
18446743856692475596
205827166348
1178436746396
262288326600
766698720198
18446744066893578047
631807849906
888233293058
909356119638
835466987327
1047947755395
834145136350
18446744032607059048
947626433703
839785297822
1050476368860
13218015175
1456938077318
18446743996625372476
882265949464
560180860061
846531683205
825864393986
842093151702
1192567796231
18446744041890351162
600165438388
606598500415
939394696194
419629362173
36567995016
519845313573
1557287617732
90402605986
67480540766
308270027668
1060262085751
722694829397
18446744050338020275
850117792878
156324744101
1173990805041
927910054451
835319826133
675956342947
413538269569
844070298164
735305929393
18446744051342881422
1154893188646
1364853205511
566347231432
210342696993
887835060935
18446743626899387365
411953799742
96875614594
1216851627053
583859447327
1229627794114
10338456003
954403608870
1154893188646
692943037732
867857024122
1212185170835
430702451302
18446744025017784949
669657401105
994640601487
224130773561
908315653556
874224555419
259456704508
1667513387517
1195028370050
1515037885207
975767025911
435653448816
968622903456
852749822675
1072849874203
94031012549
958505647097
418074368480
1161113172873
984716040002
821701798838
570329822918
981104235093
18446744039951731302
872811258014
18446743830782451946
1144320863936
744222430899
609455125133
1205745493218
59327723145
975188255181
326672730490
941537587976
1983382128234
1537186360228
903857748327
838352731363
676218811059
924125033296
182025668088
612200911427
160395250453
48895670872
921683497604
153542388833
877036865500
376218520588
18446744037856849545
956993962730
18446744073301546015
1081428500592
954422891987
421697181752
873233386542
395351690528
1960888676
18446744039118122572
1529308264874
215702832244
18446743978623414756
18446743910767346234
945349189047
18446744008836808009
18446743678623797181
974187109379
948207741108
18446743986850561619
988671964057
723345601137
906957885503
1039926532017
932385859646
1065370261058
886999387004
1080420366309
291424358638
340771580086
1088989492066
860125731860
1560579067970
1119225419632
20916113887
115093681805
997618022411
42842674240
921683497604
975987872466
490861141782
142453956149
1047928442562
930857266259
14776197151
856955898306
246972625526
838565982338
901268344028
160887861550
378277220007
827283252099
488218690736
870144427691
10338456003
595755134794
245456822056
465577799799
955219842015
18446743974198157724
496259485698
837789944224
833387085610
206918054358
1323177768999
18446744061519094177
936957004716
713421338675
6829010551
22184972131
869724406496
339234488999
761265021639
1144531265866
18446744035169513313
24813888259
728222020428
845101368877
1184244514312
1005884295984
1058641653854
927372199803
2941967392
22638086488
22352587363
6829010551
744902290884
1584292462919
470049975125
527732379367
408582911027
961651227965
1086822249310
987234995568
728942277674
392775813126
1099287007634
837337969966
622516125145
935896592284
466435043695
548661380436
420180292039
956386288086
242314959250
399988462966
623760314522
266766551769
1608328222191
180658580635
18446744037811554991
1537519589724
902915372070
968841390153
1087839250044
1204384606531
1233553112549
6829010551
974654592097
1136882973323
1029384323136
829697197156
1519508147962
956965771972
1123344816607
1039485601020
1109331350013
1135019577509
914102628818
538233551727
1095133953250
474445639929
849924935158
872887281556
905382647350
727543815662
967986435638
1276397991790
46104790589
921683497604
1117345403482
521407025121
835283814648
18446743906522769648
921683497604
18446744054328932778
883677288884
830851516128
842947058872
769603558119
871830073580
153354859915
287277472513
1043342914605
1031356510294
189335863947
1575558414508
734939030549
833389171686
18446744048546039165
18446743840571988989
18446744032526414248
717427649465
801363598439
637203962446
1044215139504
1537938221762
848847924685
852774026132
267348290709
394079922649
18446744058796609107
2170971839461
370022994925
371822973074
18446744002571807171
1227492370323
583094084725
721848049125
922806817589
18446744055562262184
891728365487
948265703045
908045820822
1215023988189
1148516636137
528279483766
833560765964
902509022041
899345270717
700960731898
1086324153610
423132468970
14443270026
764307263082
839548717454
995499208735
1059914003120
995923923374
49094224476
18446744066893578047
396392810315
1110280500772
904873761987
1271042959220
298574246706
1527580529703
864534910252
1125316863744
1013119532924
18446744049131704871
335363759735
859196633104
957842228419
900474834326
302183474799
948130430003
396264131188
355703615733
682783988806
15912875329
1596073779021
18446743830224443387
18446744072496133212
1020052981168
1513644021291
548108826100
1039914425252
360105822980
1530846554173
964679400596
525255020019
997785821334
593038777582
921683497604
1272640717169
833520701565
39737148923
572139164305
982760962658
958650172322
416754191038
19854462812
586186948839
825003942332
1232985225046
1023099110752
1163410320052
18446744058499496001
231232432771
14443270026
86045005879
941119942812
942273874709
937668378021
857926588207
569484151982
953245634969
912836111442
832409499204
732232271049
1042382523087
921683497604
879619916668
930384123867
496502590266
370611230068
843476810145
866541889780
829624342952
18446744068492654702
695519971310
665255175238
1039718516418
1058357751691
297567237184
448378625168
744430157254
894550745375
1554962034017
1237757662284
866283315801
108633426368
862196426937
581966696723
707000430278
610835158780
872370535820
1077365002938
365149939900
846518341346
921683497604
371511770545
1688443174466
1204319172357
57694306152
973678489828
468277196611
1030040422548
921683497604
666007258173
629326093726
512728297923
386356145924
830065185572
1043635588689
185650173339
1605907436613
1205745493218
851617145117
382447697987
736002224059
18446744060309769700
921683497604
147165354151
495546588379
323937806639
47656060416
829187457800
717427649465
18446743996625494726
285199367701
397694991693
1003718385544
75231713834
18446744073145894418
921683497604
18446744073301546015
948253469351
571119633720
867283558561
921681567619
1309850956468
851447096017
594320052690
744476316734
902615832787
18446743977968543502
18446744073301546015
575256063426
206974608842
1251454788349
843639579109
2082596052617
987017048306
943156644661
592130686886
18446744048697243796
56847278397
914924765636
937507367727
22303402862
939820773109
93168065173
935183376602
417076715013
6025918581
380533056158
872269042913
869093843215
18446743941868085402
940370842546
886199449039
602104397356
1060799688914
223996515293
345622206188
338785030576
22303402862
1082516261817
828351277540
954864981552
506329178984
755982393010
18446743617859351170
1056385564441
845868751765
18446743970493941261
503266153370
905694506004
831897309740
958308561911
840878959673
359198463406
18446744020950558439
398818331768
26016493727
471096861355
921683497604
18446744015297693833
948148656592
359185080189
1519460639702
1582589747176
863991438192
8405523993
893590561033
238395748850
1533573163248
1069648180014
869313267356
18446743999074846436
847417964348
65349427687
43998026431
1000358093683
901489650305
1189794878001
18446743555072298709
12833342309
1079286946256
75208677251
6829010551
257370974624
470064366442
378740693023
930040337588
936410471597
255956456210
1585193977745
1003519378700
615292954239
18446744058067374310
899902691483
18446744052882372795
175705207962
855770571834
1520210132857
868551653002
18446743992190260365
287223459065
1252311264427
718935958999
1055142591219
1813026897591
737426185485
1038066500210
268045596286
19333939646
834349425721
837663728417
1175437060900
18446744056938833703
921931554687
437571515779
87597731277
978405309428
959300954394
848890199325
656615045622
1525821985292
14361181390
404298039025
190934404554
726579595412
1044064409381
921683497604
867283558561
