33781012209
18446744041724418102
56614947193
18446743791098893208
18446744066765520873
179260786110
18446743857596729826
18446744060997252908
131473118850
18446743825196398437
105925563158
47336784501
11844941559
61281051012
24045801129
18446744070974744255
18446743872603885395
18446743959597733047
383594376242
18446744071289442795
117708320107
457355291906
446853140295
449103051433
23960257440
60424868902
18446743821152894154
107624738885
44206041545
18446743946204994960
18446744066252820957
84064399552
18446743531178505446
56755521082
18446743841537119181
18446744068906766369
18446744034054131093
18446744045507820100
5009736117
46127334636
18446744057648856594
126016472552
18446743973310446745
18446744043933204435
457355291906
18446743936262569143
227315329727
12547702883
18446743994735959625
18446744048832956022
161496067951
282196623483
20595245954
135962509086
18446744040318054078
18446744042335976246
2143327558
467032254023
457355291906
5009736117
18446744049479847692
18446744013490734972
18446744028453818767
176737990172
18446743807498146947
92680161760
18446743962553703927
449083287012
18446744072247151186
18446744063666680562
18446744029561476526
3868528913
66905901126
18446743975655124919
33851546205
136412613842
59895067979
18446744025455860930
18446743551246779578
18446743997137504934
226625182247
449083287012
18446743836690755085
457355291906
18446743885805617967
18446744058334023388
18446744067311353217
322601264219
18446744063973190153
18446744072692389642
18446743979461473608
18446744034595040444
18446744049112917968
18446744041548325546
364124663131
2315382386
18446744044090215925
32426362872
18446743961541521958
40663196334
18446744067311353217
47751748067
45590279624
18446744025879284262
18446744062446294046
18446744029878660776
457355291906
18446743842981727634
263229367886
125589871841
547577306132
227303455445
18446744017569913032
66419253506
404471752364
477160955907
129786418238
18446743963863490568
18446744037674615430
61555658217
18446744067204225246
18446743922616890250
18446744000751963104
18446743955196414459
2143327558
18446744036870493681
18446744002574553380
18446743934324896981
18446743852836258716
18446743815656437111
18446744066252820957
18446743798309806174
136434511044
18446743961873194467
29946842856
104718074467
18446744026686353097
51978833662
76303283195
35892318118
36291864817
7461345914
457355291906
18446744056543685591
18446744059576658192
137062536329
457205718488
52735416118
18912161816
18446743599253921124
78572926937
18446744043533955031
7461345914
7461345914
386408925249
117968422580
18446744057039626107
16571504767
133275539398
18446744051522032870
25978534845
457355291906
18446744066252820957
271597796178
86090877868
18446744060548291763
196689116613
18446743976958400756
76681746226
18446743975351671583
18446744046313549070
45932872262
18446744028477533454
18446743995659099652
18446743949341936411
18446744068906766369
18446744007168274048
5474780962
18446743850525560422
18446743999533905000
18446743985438168267
18446743767505072589
447003521320
29592583939
94791843207
71158705718
18446744046757076797
18446743895738851508
18446743905362104993
43722316739
21242418916
18446743989325876665
18446743823261563968
18446744023213160498
18446743937614867329
18446744071289442795
4063813852
12418426443
18446743995807922155
131026072777
18446744049830438026
72397791247
45147697300
18446744030528351701
18446743906843837055
64919227543
136912168732
263200155516
18446744071726955739
18446743541127651557
18446743993397849960
18446744069597648118
18446743941620892699
39147901282
18446744072801896174
18446743831796240862
18446744030257970845
18446744017609821911
89388173130
241432306449
18446744072036598880
18446743776544428495
18446744071334814326
12418426443
30004116717
470370025811
96851113018
131499153154
379470365676
446853140295
43263095386
18446744017596882118
11004268883
18446744017826484254
18446744025702944418
18446744028907989756
18446743852358284080
28808072707
18446744059087961984
39325369819
77022108747
22554189601
18446743966730488183
18446743878097058351
64337198240
124887677681
18446744065248401239
18446743987635415729
536885423620
18446743995674012813
24449006960
18446744035688143326
466446500156
18446744072228022835
18446744028964095700
512729904558
18446743976721004643
450456656972
405003399904
264681557516
18446744049114359939
18446743818903021444
21690781612
4937972174
18446744000804346083
487373812
18446743658806162542
449083287012
18446743924284402561
18446744010432980084
327024006314
18446744062590220740
18446744032806171390
45060398280
14314923069
18446744069707125677
18446744072261405925
9408693626
3485840764
51078516455
85278918290
18446743814113577712
13793549215
18446743949857487201
106947473593
18446744021376289809
18446743870958186247
6864159350
46917752016
18446744059989733816
83473381612
18446743968333896786
50748853798
18446744055366398370
31164623187
111001587633
450330831984
18446744067311353217
18446744024600811547
72030490724
18446743700539113157
180037890995
105493888380
262998166293
213492091229
98450161666
24254077234
18446743985452458191
18446743924682341357
18446743910208953462
18446743955142655539
24449006960
28535114140
18446744027030306007
18523714546
9530685591
18446743952384702727
55346468727
92875786357
18446744011791479717
18446744042234815134
1207808953
18446743944553873104
98343999545
18446743940120832515
30055220477
18446744018102691565
19890525383
90198433462
18446743894334704725
18446744066252820957
18446743819560964495
55007239477
38752302961
15417636193
73392328666
18446744064199149750
18446743654959332073
18446744040471951974
18446743903150290845
236525946680
154517485483
18446743967922489568
26804729073
15869953006
18446743947348522992
235104116028
18446743944241620898
79828486508
52422444686
8361544671
18446744052667611244
18446744067311353217
491628090
18446743810722788644
449083287012
21989423621
18446743997561984656
18446744041771635542
92701759609
21612863520
18446744005189810521
18446743546925676938
117029725469
18446744057833834928
64847972261
5754430990
3128522679
162885957693
18446744022883582642
18446744057039626107
20811949443
18446744036246040229
18446743964055449670
18446744052924133868
35948710389
18446744007332128400
12897351887
18446744056434010700
205132933694
161282197560
18446744053425822967
457355291906
463077234848
18446744029964735550
24449006960
33196177198
36634968002
9912386648
8361544671
136644318795
18446743841123076037
18446744035374162188
18446744043290210405
120088049527
18446744021825480930
18446743881951270389
28996394295
457355291906
12418426443
499029150337
18446744042333488609
34164239318
18446744037222384187
18446743656491377867
9912386648
18446743866502237098
18446744064987893774
18446744071334814326
22035510916
25077287736
18446743820917956085
18446744004151484265
184517742418
18446744033671028494
18446744032806171390
18446744017183722414
18446744045124389192
51958982875
18446743871712955687
18446743961284343453
18446743951685695198
46833424190
99094446693
18446743861939592434
18446743558221048860
12148691888
18446743952512693746
5009736117
24888463302
88544482310
18446744026132546356
17443105838
18446743972733314201
18446744008018722988
18446743975429981100
18446743851185702085
18446743811509683891
184385316135
18446743998188356638
18446743823339301527
18836091464
9613965838
24562752413
18446744059087961984
474083736924
145365146004
28739188930
273658998248
18446744023255717725
18446743994865038377
461128925484
18446743873602675354
16918022174
99629958091
18446744072904922679
116662929196
2143327558
18446743830338689327
18446743568006509811
16543921034
101282726922
18446744043406114387
18446743808771495983
234021436798
463211289326
457355291906
135889652878
18446744051607595333
18446744006188656627
457355291906
8032199220
18446743867853347654
23317067878
18446743942577085530
79162365249
3217266299
18446743898781694912
18446744023928555429
18446744016546997916
446853140295
18446744067204225246
18446743957727663739
18446743942335623405
5762688464
194505278019
59631054236
25849361957
44878761447
18446744054338355558
18446744024775535822
59576804265
108488203940
62926012595
18446743580859068585
76400864097
5465172905
18446744028481813540
61555658217
838219336
67365346017
38468531356
448521877416
18446744004493409824
18446743958002990777
18446744008766689334
198880902688
457355291906
160462622742
13192497069
454799263025
457355291906
