5327760161
22499764835
18446744064846569984
39139167283
18446744055469087456
34043704001
81765123722
884646932
18446744056850458892
18446744020826187379
18446743967685284421
119314455588
18446743936459394200
18446743941168308184
18446744035649394858
18446744031212175416
41014601716
5290057983
124086186375
18446743967685284421
14711977228
48558496677
18446744065147035419
48558496677
57112870907
119830378306
18446743999736810907
118198924879
18446744070498947129
18446743936459394200
41014601716
18446744042478147404
18209543066
14489482537
18446744039924173023
18446744052117409853
53074203815
81765123722
18446744039924173023
100448672415
9801698930
18446744053435705777
18446743973678042081
18446743942145943073
74901427534
119314455588
119314455588
17489858190
23973800780
18446744014610334923
9801698930
47691367454
18446744070120218702
70350523395
9801698930
18446744064846569984
18446744009938553371
39139167283
32217086907
18446743973742373212
18446744018607905528
18446744053435705777
53074203815
17489858190
47691367454
48662557872
75566328603
17896915354
47691367454
18446743941168308184
125258975833
18446744028429158116
74901427534
20236590307
18446743942145943073
18446743987149838369
18446744020826187379
74901427534
18446744070120218702
18446744071298968896
18446743989657519746
18446744020826187379
125258975833
18446744035375710140
18446743967685284421
34043704001
14711977228
18446743942145943073
34043704001
124086186375
18446743993580991155
48558496677
18446744065431591860
18446744066324573063
81765123722
180656695
18446744035649394858
18446744042478147404
34043704001
124086186375
44606575720
23973800780
65688586407
69488779308
118929986447
74901427534
18446743909395901899
18446744022118185023
18446743965894609531
18446744059725878813
162270635576
63196003132
119830378306
3343104165
18446743853147056868
18446743944727248727
113424493178
63196003132
63196003132
21465199107
18446743801912296349
203796616908
18446744031212175416
18446743976382407509
18446743993534027107
119314455588
18446743966403866633
1245239696
18446743812985972049
18446744006938785417
90810547930
18446743969261926932
18446744016101755685
31247030930
203630961775
18446744064999959542
75343561496
44606575720
60309182391
36639277931
113291492931
176679562412
18446743985808848405
55739679269
44606575720
88166954988
18446743808739134510
27536500911
18446744055478639955
117918632772
131216396516
148630094900
12759274615
161194645487
84779458903
205284934953
129159289673
18446743861490103124
113773605492
109388607656
18446743964318000700
18446744047186024906
18446743936160372515
18446743837849320279
18446744064978633162
18446744035225461459
18446743939781202119
18446743915781439077
18446744064697190172
18446744024137869541
18446743943749620347
104605455944
69433270523
228190696188
18446744046078325024
69417581783
18446743873280502007
45132564772
20236590307
18209543066
49063538715
18446743963652662236
18446743919183315883
18446743809998253910
95827614568
53610585468
18446743985808848405
103167927935
18446743993325369027
18446744049873655833
44400668420
75989377268
126216948300
18446743903322495509
18446743963377445827
173903908524
18446743844936113345
18446743963652662236
24314448506
32057718455
34208990773
18446743943890500177
14711977228
18446743916205263358
74237545367
383380148841
318860580812
501530093497
236262479686
336497728585
205975183578
18446743944627418271
548396047200
24955271739
18446743878999031389
18446743996129322750
18446743789893946241
85803969319
459828329630
50086878936
275005296298
18446743824014482837
18446743624903281737
18446743762555610283
18446743910402909392
18446743980922588870
18446743850124327658
18446743676868356829
18446744061421276183
526638954596
18446744038972388958
18446743798306381692
64168500100
203796616908
11156699814
15052905716
440779802795
18446743540768750973
281186269648
442999869357
509866210631
66163482311
18446743720620722712
18446743891668752695
18446743909490947836
18446743791547804287
18446743591570963552
358340979285
18446743861841428297
18446743617629181651
38803219207
88711486075
18446743889745490451
18446743687091397189
18446743897315942699
18446743835952755324
18446743769713143445
339318140746
18446743724979628480
63561115424
517419562631
18446743700086266336
295100771786
18446743831638199683
254711269987
459956961799
18446743806258198521
51829984230
112794846024
160145874766
69417581783
18446743959924347425
545729610215
18446743791763040510
18446743782290115553
18446743936264233324
185613454102
3789166336
18446743687091397189
18446744045118237191
188302516918
228620323597
298553627865
242445405223
236707246512
18446743577870510192
237359925961
190632279175
293539278915
18446743895017287179
106356082436
18446743922673805018
18446743653275602176
18446744010875134968
166076837417
131700764677
18446743916610586894
196514575081
32646546664
18446743870053949702
18446743527765887423
18446743843737110514
18446744060888309366
411938110269
18446743525095361573
18446744063417054125
382738193965
18446743930210718138
172843402321
18446744056821744540
18446743719544116769
130087601462
18446743833321042896
18446743847068718868
49309790431
18446743927229142994
18446743736134004907
34502078924
263698562731
270924701882
480112412867
18446743904596901680
18446743949110615506
220804540454
81177802138
18446743716452467391
18446743603468602545
268895570158
18446743686168572734
18446743732140816000
18446743924904094064
18446743681770515608
18446743892742520184
97564835991
318557351187
476154070347
18446743785253547411
263737325167
25257538475
18446744026287800370
268399592139
7390858055
486138494750
18446744041141495222
18446744045997965684
512574762634
248065295524
50024475816
18446744070401132072
458603452055
194493457865
77196954549
18446743846928705460
488404669489
18446743962139246161
18446744063417054125
18446743706783372006
33386781207
18446743735847478114
18446744040461969509
18446743996774286261
59729389861
198443956360
265335358898
213719272254
18446743858916112741
18446743894730245602
18446743815973080531
18446743806221075169
153541818833
412319029455
543440155071
173523013887
171915701070
18446743663138085776
18446743617092331556
35945791859
18446744051419196552
18446743825535902834
58832648286
111493964248
31196489696
18446743754713184069
18446743958475403444
130579435596
156745241956
18446743771217411205
141678316499
18446743533726144407
111443084995
18446743819715907921
29990458143
516648612128
18446743998630125888
18446743689113792032
186172316771
22793259218
18446744001325316553
249916134166
229471746938
18446743767708710202
21658418848
380115827990
270305822494
18446743975133341460
18446743977829908995
322184826606
18446743553038123141
18446743944150385122
475774610473
18446743654205971045
167048459137
18446743729899500053
201489931195
394091065483
18446743005718313092
272475349381
17513447920
492673495793
18087980032
18446743854234111158
929693651822
474241147945
18446743056860277480
122135091519
18446743696141855855
451333592875
18446743977405949668
991854884277
18446743737382765162
70089480728
18446743793076106156
145710143695
376298503005
776576158498
685755985013
18446743930896184400
18446743777751637636
97247030620
18446743699034247936
18446744071665812496
18446743883105002545
175847576532
23577495782
342192576436
571696160164
18446743635312965715
18446743812790818637
18446743799306715287
748484586758
164695167393
107423179463
219314329962
18446743676328574868
23377961380
921525795570
936488107566
212301255171
1017802907828
184195126282
18446744002375799996
133631265149
18446743863030515766
386692257663
2665227787
18446743940467276609
876399350010
18446743856007972311
236760659889
96248334740
363947779397
18446743768627223546
18446743772896781495
544001569211
18446743577861649734
220991439286
965218363837
594552914376
509808497463
284320017290
132591619229
18446743971444744849
62550120557
18446743872920978257
18446743812529429659
292458555648
18446743971370146126
18446743265189275094
1044582967007
13121997532
82197206558
18446743560176568095
18446743904121427129
18446743661512611848
18446743703267410296
18446743849528174835
254512523549
18446743114857517112
167617848431
547139717865
554900446632
18446743886605181657
18446743479661632548
157150525026
105241556664
18446743935102491792
18446743564803085474
594601827368
18446743759962457268
795121456263
236755401766
18446743091251128994
141162378561
18446744036218470866
18446744072103919142
18446743574683888833
390690457463
1044070600633
201872170295
18446743977032318161
19697129778
430979382444
205021101402
18446743700310752868
336497685150
139511124581
426815972333
1011750020826
49610786730
471230727058
790951853491
18446743803471881558
18446743337598729962
18446743958654370257
602033805242
486313617555
18446744055844352481
18446743783055353327
283306151364
487221088118
18446743694615557171
18446743539813003249
18446743801000826627
532067487108
667351013628
12341890696
18446743564516406560
693728891163
18446744047186024906
18446743807686459097
161016221722
337819126106
18446744040149747075
18446743040558290847
1066274734185
359447468874
72222203966
669037388948
201336956066
632647312374
18446743672276979637
18446743607630551259
506842613394
993449932534
670666235205
207932241318
171472539822
18446743738019231073
18446744002150951607
138693058361
18446742985567887879
18446743545564184179
385403308909
18446743685027786235
18446743769388303392
454813589367
18446743627378317553
247444262085
248371521187
18446744031859319825
18446743891340168668
18446743918348412573
18446743805588049824
580363217649
18446743875031305286
18446744000380007391
18446743908449542001
18446743116330506650
30713364491
18446743495966038124
536401081022
18446744051545181566
18446743574601195772
148560520777
18446744029331934193
18446743157504903208
43713635137
13515979398
110154531704
177202649764
975598572323
18446743146684126556
543580622450
264484370141
267843560864
806307882380
700294609400
18446743816776591982
604601843507
18446743527124101251
513715401918
407091580873
18446743820721095962
18446743683022458237
211012305398
776619245947
212179767803
18446743949220501210
304372902117
18446743416370406201
193471116514
297370193906
807811143730
322497629490
267301014653
530413235022
42128515859
18446743842888862260
18446743489303060350
1020918658480
18446744030928722129
19641659523
18446744043613795021
92226399950
219024585949
487736711513
807185506344
18446743001598322611
18446743361300149628
18446743912706330255
18446743286794898225
360119634185
18446743881250247631
18446743999274831683
18446743182671945559
18446743416253222240
18446743986773414457
18446743314751208203
48956803825
18446743896400142678
661291375414
18446743994469155325
593968854624
256487998358
50522265350
291334128289
115036916108
266187648923
18446743935722143737
18446743794214365423
47864626105
18446743819746262178
737559087543
18446743655685910916
269861176230
18446743608295280555
630435374886
18446743613110728040
888327398567
18446744001273597789
21418042351
41893994478
198904438293
217577319019
254158035695
18446743561960443323
146769584579
432953882500
18446743666566928325
106714832623
646744691125
18446743892380710475
245704222916
32071736172
825712859102
53079974437
16424481901
337973878971
923592998902
18446743549882656578
145182279906
204984757526
256768275087
1016165389436
67802790505
878258327416
236439083939
18446743920735783866
438922910018
164886816906
18446743428574796884
18446743170202734089
643639654154
414452195137
18446743877904286524
18446743624903281737
69852380963
18446744007717107146
18446744040691062711
18446743824826159654
125193613012
18446743472931537961
139775169259
134109293653
1092895882291
120893882172
18446743412812511090
18446743491116148364
287265417548
463320574861
18446743579944533167
18446743861830210486
18446743403123243815
18446743973486128163
184973054627
536098345088
18446743553444057687
18446743646031726406
280333134931
18446743215220115678
18446744043314757542
549133812201
471602620553
18446743511822813485
901700262993
544088740512
184558886872
18446743933779256538
75707887872
789585961454
18446743727376741554
254809055200
18446743694842936195
18446743245951318597
18446743861421841123
905434845621
528347602146
99069214534
159598787952
69448669810
18446743904121427129
18446743813478416940
16872309056
1053737242628
18446743757836337782
717878403576
18446743700786604059
394130492723
355187786819
361897052608
18446743325264811908
522070205860
407143644519
538726235622
18446743600622984191
197721056800
330723085969
23866252248
18446743980272283251
82086378722
44475678994
127166388705
18446743269779071752
796005647054
228909050680
547607341007
18446743621106381004
496669684708
18446743608662955390
18446743467973572181
18446744056201974056
541400897522
636776333856
433615305475
18446744000234683478
398475696755
993460267439
952943120388
18446743450151597122
255388031848
18446742989313248482
434038014430
965805921845
67691757200
18446743831598699133
122406319557
18446742974623944736
651779659692
318100351295
248675751106
696749296708
462289238371
555817973006
18446743346481008427
666683711454
1080121554586
352796421873
297085485502
58671100691
18446743845520261423
18446743684784315554
420542651292
18446743464173791682
285314432355
18446743842288783691
18446743598850512647
18446743875205090270
18446743768136505550
19697129778
18446743553832514233
2830192343
107596496338
18446743831936712504
267421856143
436330692299
837506339630
18446743612513623122
18446744072948324895
18446743560045858818
591686186650
569586553382
594686389124
18446743395711294914
270992056092
454412254285
275516396041
226909482907
663263996042
180619405043
18446743567243647862
794807686012
635493934959
405926647179
54661070474
1007868804997
173523013887
621304899407
18446744050813218608
509344252547
111230030191
682630016406
575527497646
243816109551
493705864787
18446743897330564418
18446743890933426795
956959921804
18446743710627803024
49683899207
18446743396324116812
84876569815
18446743290271596453
313892859463
18446743492841807326
874052432897
609814954920
465038686220
156709179730
18446743023507383432
510425286246
18446743549444652019
603294929906
18446743799937012021
213450863148
103410907423
138316303099
952981060585
18446743991479385181
1051740814475
18446743753671188949
376979963850
188547604825
238298284957
23043256595
494754494910
18446743630986484342
293796546721
216934002089
18446743831102304233
262252543509
1004391380964
240504533628
266002950505
322920414710
638163436694
499728653586
267943144191
751668492546
365133327405
253654826220
18446744052740722632
137872426965
341832572800
388775063328
11529012227
84000786498
18446743141287135885
393921359012
400110003225
18446743825420681768
1027545562503
995562844719
37972744111
442403226518
18446743606138797198
22866768364
138242131739
39872439916
18446744052758627174
18446743480448134264
18446743942037114369
202184693195
18446743661368401023
402887022393
18446743704058002836
50064972248
18446743799663392060
371913510783
18446743827781448457
116324115379
18446743677152130136
858381531577
18446744038894237564
18446743620355113689
104054701899
86743612063
182950644406
16961563254
473784156619
18446743376834330960
778320497770
693728891163
18446743447262689363
18446744017810025743
581271463280
18446743581002813835
356283967496
148035835610
18446743591288884053
152157651960
31413373960
295200568522
359889420517
18446743607237398893
50139023326
519429234506
392843058544
576483535925
18446743764152975903
456235329088
282811008651
63438407081
451128155488
463236687004
1087498477622
212612597023
221659204638
925643936810
203685138090
18446743682445991045
18446743221638309104
52639711199
18446744071562064175
18446743880052433958
359371382186
878880347562
3839471449
18446743873034429534
18446743848674716710
412007448090
571585481509
319321992439
9279827355
18446743690912087872
18446743727807576545
28861195770
18446744071324465102
45139861052
808281613648
18446743811691814158
18446743399334316048
346171311597
237572268196
18446743988671678549
1024977668991
18446743754639010720
18446743364234635657
18446743970331059339
18446743903337098031
18446743640267276585
18446744030478988323
284526372527
1008213421276
247656044367
18446743805966219365
18446743776011122631
18446743480547193241
18446743558438928267
18446743323316315002
18446743047268882575
18446744061421276183
18446743000294190409
1074111484297
18446744054324474382
18446743762054954599
18446743626695817927
18446744037398258273
18446743728465736282
18446743939591979855
624554812864
101809828486
211200887644
75136081650
18446744013144645281
