3216107197
18446744069448960368
2912891056
18446744069588972173
18446744070861698152
3930406322
18446744067086816881
18446744070289697775
18446744070125855087
3415062937
18446744070837069353
18446744070403216847
18446744068723872485
18446744069791721171
18446744069913991394
18446744069241712430
18446744069485020957
18446744070912034144
3380106382
18446744070229285967
18446744069605843021
18446744071242253519
3222212679
4058538570
18446744069630275584
18446744071469151234
18446744071566459672
18446744071462793346
18446744069808356101
18446744072983304229
18446744070968558969
18446744069453951024
18446744070852820937
18446744070365522189
18446744071334059665
2062832789
402769053
18446744070100241000
18446744073376105156
18446744072420651958
3381433017
18446744070025882113
18446744070120997950
18446744071834798355
18446744071538836838
18446744070877100703
3826045652
3739957551
18446744070010315122
18446744070303271775
