18446743350644747718
441024688786
158952737588
777274461046
505523783737
920415721462
789598349055
729694212397
789598349055
378931142623
787787232183
708437307724
1065030957924
457289143436
729142950304
382553935408
702897299013
720754234674
638831441367
1036327543071
722744623539
909936803908
995783418791
115670325875
712055617499
650822518486
675130478970
773088210420
799532292104
519391490802
218716246646
607577418515
979825809812
708936029135
734950689253
812668415646
803461436427
282306963270
24624717529
929646292304
1069709714329
747895452209
16263103007
893490069361
951178174724
725841911626
787787232183
47491969814
17043250323
1082663724879
1020089108233
787787232183
122063540570
849127852423
787885498568
756523362920
409326991858
247407803161
59282632893
1082766724956
868123472909
789598349055
1084782651850
935554674510
585673776640
788293657811
884303937776
337868166795
1085429545694
972315721159
972369131171
73211120589
656612126471
678601354730
460571823591
277790643003
559391209043
704545545503
508435799686
955335863246
576642991552
787787232183
865827803073
273446185773
118610238413
708190499774
569645288106
465842433174
206669499000
131325471065
709038688183
37744813113
724798239196
177496938627
786300759828
18446743876493063465
640618679890
1044244795890
789598349055
789598349055
679300696124
166054968547
1029293688091
668428967906
564546143006
754484319288
787787232183
700146600131
742034903546
98304606028
675351360594
228112281287
14965235143
787787232183
890321281590
293976182276
619894967353
564087473046
937082678246
729846097291
27410691033
417003645759
196672070639
198389179634
699184284496
729961675566
18446743863344434140
688258716140
688528876729
498443582478
505128948084
596933792952
140998071109
245041916288
809212081526
304924789974
456889694582
790807504596
908934887953
581730783946
987336830112
135136226833
447264796875
708371723061
1043075032669
789598349055
862326869285
641160504832
452120416780
594565179546
152728329108
141753059042
787787232183
804959330192
586852797561
771473974175
27377212430
340761947498
49294019750
712055617499
1026948715427
689968241671
787787232183
705528801424
28917143558
841218798448
983340910106
761047123249
784091830349
811800856588
820132849807
777274461046
762078624435
150238823780
712325906210
273861587452
636442091995
501070696161
483523848521
649959537598
47100670051
492133226014
809875440843
724596656404
225562525398
729584579567
719836276364
151048092895
52844022769
18446743260024630317
834706976806
434328522150
277715667805
48773995768
521072299138
948182697053
75534763738
789598349055
745798930513
389506653508
685780359393
269965353997
796944595413
335142295909
59983418845
879748554719
470548448426
626794926475
288396608139
577122295419
27777182794
24915107861
718254549463
789598349055
1070004899710
1026367288478
486628881316
789598349055
1070781974826
939170467899
750213757166
718358684993
447821443555
160129562470
70016440706
684838660102
691708799863
575397297970
309429832558
586699963881
1052930546509
652403100282
569594709122
787787232183
18446743528235975964
18446743128683747708
867489335058
730905367441
147569249799
440597599440
91522262241
183207287358
622916962809
714495381274
735878845785
787787232183
549198153622
593137944663
253807924911
395384697226
202161148023
787787232183
712055617499
479750456783
624107205877
547971838497
18446743985755222407
63744586238
556797052214
372418743400
268990823130
872700963938
565396461762
512572206504
55598838683
474314397834
730888785617
593042743715
163705338606
803040215566
321710435861
453549272571
754610771401
449448273527
18446743821573301515
504834081782
240846875411
958223094588
452046263573
784188680118
365090303168
1011893739983
709183787207
689870922943
244735570701
374399767316
743110125590
740636559526
621472463200
377384989280
64838037774
775714938924
606642023737
149384706401
735766372447
932155679307
14206737452
831489492551
67997934093
787787232183
846876544996
235147317683
18446743962318400609
255216112790
471942226245
777274461046
536022456791
787787232183
348748666338
641307401703
779325782511
443383832170
550814700321
18446743703097711027
805847949892
720395652139
777274461046
18446743942502998230
740838255883
542602987220
623583402181
189826664208
375565281686
31749811887
60600983596
855653876840
789598349055
192438863458
789598349055
17139282537
100626012806
679462154042
820566123224
672881831651
363545452988
912259184985
963024943413
19555383859
561006853140
303830404163
22638994840
824315991713
994409962063
909505201506
588695021426
413242297146
628648364492
762925550767
472904194600
622022215460
564270881513
386123759869
950728063463
1076817221321
530498115613
2682299879
607335013418
83746148837
787787232183
184754394787
773088210420
870725484626
898609645698
656938401701
185087297322
631055213554
718827263776
213260288656
666597882801
29841536147
72493408182
513642887187
471975444772
287121901780
514322585236
440880321136
1056348206461
7770959345
55197122186
697448303662
78633694430
824138022463
1006770635709
391977306160
721786251039
25473448460
897831547214
326753859808
302171310098
679137842338
18446743177621645899
669537646176
39567911107
771790996686
129776675117
691254867326
72439290477
572947138229
972907654873
83703945554
586833224147
18446743874113268975
757394113581
147868473472
627238889774
977486951176
518827387429
425579541614
789598349055
852293382334
649162267628
487134136786
306029826268
816101914274
887946333421
762764453208
494400377719
72267315087
620518241624
771775268124
777274461046
789598349055
456274096184
646197722139
748778746436
1072381874750
957618437655
712055617499
890093323323
36953142843
710644064915
255296208641
642039763056
789598349055
1052609022078
832622426919
741947055960
413245603311
537055228445
805847949892
15851908398
777274461046
673942864386
763534081873
914869856205
682139724238
631519838853
33767644669
651842111454
844453640671
627543129207
728059485221
679997608186
398377045363
676248247231
912827174222
161782371976
183105508200
655112970399
200044610481
249415315619
208641303849
505233413140
571127619119
156434474888
318230119033
939488273472
917084521615
758296168685
244183942968
716040108265
9860183761
745798930513
954826801687
18446743541868819110
938321839102
927542194540
18446743834295440101
920098808443
502961474980
408962340016
338348496447
728292571278
357305284160
787787232183
55765993569
681633202446
18446743892102527259
877570478990
1073071618227
510939914911
628717269722
541123716335
641449832411
635964305930
681811978232
518004534728
831179820190
486423158135
222397418529
1029969315989
618497773120
29897422758
174991841997
672412358468
1046449031337
713384853237
463388814076
665824525035
858112964324
367317022038
8325293081
31484827561
917086239933
18446742974368690583
321761807693
123464860786
624709867063
713407695269
787787232183
388991255715
664725915490
608938117137
842448532988
973431382378
579333117982
497628946979
1095818538894
577414943385
702749323675
739972682568
346952252085
787787232183
766261889858
1028115824492
209476977572
247935906750
595238180915
939484753238
527183734755
1025055399240
710644064915
447203864329
711158578434
752778717332
324756429385
480670124544
912975321298
478106262274
37317633111
812097339903
264450304638
796801060145
63521539188
507683326679
787787232183
789598349055
745321103951
39504591672
296142436775
18446743815226467029
926651820644
1086146049638
671025957353
211166308814
949064985195
935653012123
319482375431
58069218246
193847204459
791725586966
936461160422
895368237668
571637226497
1019381159555
824319955047
2312792984
51125782960
21567744237
787787232183
1042193845709
712055617499
336523477817
581258850645
241215056138
319854708201
15851908398
1035628365143
325597835306
880415841672
18446743743242043182
789598349055
72091064369
512505512768
18446744044417938119
44385120732
460968573695
787787232183
777413222271
230973744779
1034124891300
787787232183
932819394996
350825807412
377502574232
212177518326
354901071546
608955746829
553480674638
585482203607
646667667365
258319848466
890812184594
657808012065
433644212757
18446743644127623431
46266376647
497224038886
404280691948
585068416624
715918387653
1063500608490
178462641151
537111602725
745861612813
18446743267242235108
722279944334
486334995412
897535925274
789598349055
347117634362
787787232183
940943792670
825269019504
659036144038
616418054982
792907652554
789598349055
777274461046
787787232183
119799673507
789598349055
789598349055
786437497129
1065030957924
1070357682818
806941097167
17343677024
727733333596
1067157870520
409679390248
254246380927
556684138818
687485087468
714495381274
1095112523042
670269664000
507422333932
789631209120
821052361457
51125782960
120946933193
515772152426
744250170502
604932488303
777274461046
385925025631
1092762037251
743404041318
796846568255
908082942740
243893971169
92265078473
796243958111
735940137800
722301289070
357061754912
701348574397
454540915184
927079008590
1090175294887
773791273084
141781693712
378373801516
722968117031
28853163766
18446743858329261359
66699839586
18446743551910004304
252510503264
787787232183
759427086486
457992513305
51125782960
972280562811
18446743699669037303
398526374254
190717311134
43434728636
722442295949
187080539688
1263533597
562822175461
106101612855
931406972475
667035819676
612983764861
993860266398
51125782960
942763527052
315841733716
29122937796
789598349055
538463804757
364670343255
852866768495
328863867924
797319028522
883307021528
18446743344401205023
18446743732165382743
732506880986
60570225415
837887609985
294670788697
48773995768
675130478970
886181517191
743665546676
414157012009
647135069621
969358849860
1078179388033
693061593496
332614592916
406031439418
712294855770
879370064849
789598349055
777274461046
953251595487
340562348814
608603729457
28079652541
403172711604
914491232966
738615973017
829547174083
625336786726
139824421806
447150967902
329324805100
579554224559
884253881587
503191594715
74998469077
712184418608
727419066945
737999218292
91872398367
351460636849
311148357249
216361933844
60811913464
758156395510
399177504971
31573819176
1051701176332
593508121445
761998433128
789598349055
814405764652
143896802781
262343050373
106052769430
939480887946
493223835939
755462148390
212340768537
787787232183
36097507929
693061593496
261896020436
789598349055
343998106208
590549255028
629789666662
503108930738
54869775417
950822642239
562864014927
787787232183
851422160435
939226995508
170911192740
672881831651
800821185033
18446743711735419895
579304623834
123157173749
122113055469
773088210420
515254322061
172749009067
329548084455
48740299199
474563551500
176711445819
722968117031
374101517829
1072389986398
203007173739
779325782511
717813342745
18446743570479607848
592653215976
18446743730685730155
125003910079
359653624416
347077266089
127567545169
1093709834367
679451486309
683424453875
740422848239
789598349055
991035583784
710644064915
116088751478
26076358563
748856845656
552595715179
417130066927
282707624424
131782629267
919786439993
787787232183
829074662384
493048912121
789598349055
585142289445
570083952804
663841347387
675351360594
165969512474
990508584529
623288742415
435105819962
866654669120
576082125799
550006290018
610775161485
975227573935
918761471893
628821057542
179343455448
1073080811769
278840223651
445768490685
683346364593
880728732821
565858544790
742012193732
193358135157
771399463963
880280851450
575307052840
722280826836
47748276418
428167799316
682702301571
375571145968
725599512666
576855765887
757204829992
696795306181
674749981128
1078448385435
623286133838
521463884046
663150038741
47353500623
226198150272
789598349055
895258597114
359984389468
18446743674216551487
557180456472
188230306153
692459158320
658783232229
800471484736
698757832467
51124346200
78633694430
828567461533
797382045535
18446743669513146939
825127684073
789598349055
680402583418
87274670167
664535933228
1049050491429
710644064915
789598349055
652366794413
21318250912
87371745325
214256326862
18446743640084118985
628805304756
282490860618
724616857537
293555579147
393634950453
192238674041
761220852721
18446743888589494701
797605015531
498267197058
432357610527
383672033617
63656523698
1015436875093
688243098386
1036518913091
934847359796
684009311753
714444492178
357796821494
801475614460
307608089165
18446743670066548942
787787232183
554026563875
787787232183
18446743674155495490
1006528169893
913440761019
163841348886
738013233067
468620344476
230824592733
838741210265
698478807942
760183373049
940464563089
264322379434
66454173456
99935810464
789598349055
775095189925
873402632863
74946708647
214840827632
637688558131
756523362920
834258563845
809702095824
558868723728
623726901938
31749811887
601105770923
124657575157
405148966285
824059703991
940464563089
180471876900
656979075762
655642947666
909456038980
443266724664
263912341861
173300620639
953629013249
226793201387
194283870700
685772632160
1017032374757
557180456472
1055207196595
777274461046
881480179555
203357446308
669623951324
657135612585
675119306977
777274461046
18446743215446691311
543755624210
547791179230
1019275504507
540457979881
348937670840
144084335594
412349866902
1048565453833
263922818167
910454427301
828541256802
935356733785
472794334240
543410983094
282740862339
680648397977
322168844428
18446743338962275299
920171053297
552900115411
762925550767
787787232183
773088210420
668800670860
972140434584
789598349055
827041206190
314397875268
543732070881
671150046057
18446743672560233383
116060172774
364541969244
472160272327
