39869215369
56185972599
18446743995072955722
134628219576
18446744059031335787
33980684752
68469610716
32521880924
60439670781
18446743999570930807
18446744036674744678
18446744038165947180
18446743966288518783
59619132165
18446744047303124937
68469610716
18446743993893620129
133558049702
18446743946820884472
18446744057281374536
18446744016738392269
18446744052276033026
18446744050580475545
109562168513
18446744033639468762
21471568399
18446744032711842651
18446744047303124937
18446743995072955722
13234548112
13234548112
133558049702
18446743999570930807
18446744040720172772
6320475702
18446744039820919128
18446744066470145754
18446743974103645916
59619132165
27624559382
65554378907
18446744047303124937
33883233921
18446744057281374536
18446744047303124937
2775533980
56185972599
18446744043252839430
60439670781
18446744032214350059
18446743946820884472
18446744068474127046
12120838490
34901296590
56185972599
59275748225
6320475702
18446744039820919128
67425112188
71638885237
44920053414
18446744029413547880
40746814646
68469610716
22739019227
18446744008979740399
18446744036674744678
18446744038165947180
18446744073200916582
18446744068474127046
10478254965
101688615789
18446744057281374536
40037341583
18446744032711842651
18446744033639468762
99074676294
27624559382
18446743997825314998
6320475702
40746814646
18446744029413547880
109562168513
99074676294
18446744025499727788
18446743997825314998
12120838490
130812204376
18446744057281374536
18446744040772693270
63340979126
18446744043522892604
59275748225
46988605645
109562168513
18446743999570930807
2775533980
18446743997825314998
130063981803
5621620210
63340979126
18446744005479090690
71894063140
18446743874232441288
18446744048454961592
76601251977
8196775438
249432398904
18446744002537652627
18446744022239917428
18446743953564990527
18446744068472596267
207806558838
50383426063
31766853940
18446744039778322311
249856631207
168539996192
18446743994419830189
27624559382
18446744058850746438
18446743938739773871
18446743823829387117
18446743980585541097
47919845467
147922920291
27890390533
18446743925738142720
113584367606
8026905064
125225745081
18315301158
18446743938552115177
18446744062185460882
73655479787
86522374961
18446744070153129962
18446744034653422143
18446743968578732552
63747728170
18446744046578744329
65554378907
246892058656
72355194349
101866847971
18446744000049657895
128296043507
142645406306
130779479485
230786210468
101688615789
118176028010
18446744012979252004
18446743937689468433
18446744005479090690
75517665639
18446743884944556594
18446744047640631929
13067776198
18446744063455595561
148550487133
13430907503
18446744072154443704
18446744018412240655
46971646644
38646779488
18446743954130873313
128445052905
18446743989374882414
18446743972640773591
18446744037369320296
265171203678
128252623387
181116435728
110502749414
63058442297
18446743821141774891
18446743989374882414
18446743851570793576
42578992166
4646243230
18446743926743228423
89417113118
18446744026413775796
18446744053770283447
171046046388
31766853940
18446743987819487723
35172558730
18446743981349346312
18446744036466249744
18446743943404124948
21478114888
18446743934057023497
18446743833996577064
234205288189
18446744058795513529
10478254965
18446743945287669289
18446743925738142720
50383426063
18446744053515448810
35675731241
92906727553
73342378482
18446743950062914085
18446743654529297301
525633491818
18446743973201473703
18446743749546362018
165529701978
18446743986134533304
18446744054198000037
52843280724
18446743625269838485
18446743556904776268
18446743922745602610
18446743799955042887
490414031834
18446743685364492646
208668053893
18446743654824149880
18446743562563013279
18446743985026580981
181244576173
18446743647990745951
80659370607
18446743631574479048
21044506262
18446743874261109258
18446743673221247405
472313759973
18446743741092652647
18446743561185397179
464878719178
156432284274
62333074038
18446743990432833555
251338068986
18446743599672302857
295863597768
225781827947
18446743828679477901
18446743827195015616
18446744012563740893
318137936967
180835946980
220350790888
181863018599
18446743980585541097
18446743980089751805
18446743666007370150
18446743819140135980
374798693312
18446743866471765650
312356605435
480505674973
117937479253
87563802910
18446743993951660772
182906398434
44807270735
384319170482
453596818294
18446744011174258287
18446743648562316538
18446743626269295289
197186421233
18446743661117572968
420518834840
123821303047
114666983882
271888724270
216186478105
244583523634
18446744058739100515
70867183836
18446743927685654839
18446743567627002756
18446743793902499908
18446743700416835595
18446743738283767598
504301385103
254925713416
78928754782
59001257954
76731188206
18446743862224593773
327495044341
18446743545660283968
18446743799558142392
232554813282
108323412765
18446743840706623825
18446743682965990844
292007530997
18446744016145987459
533239356223
18446743587457568660
18446743731686621697
18446743587628718083
18446743645679437152
413917674517
153735030928
144229082307
18446743847604344076
236870835413
18446743711689553917
18446743922031230130
18446743552631782721
99125389455
357645764127
123904283945
18446744001940967996
113921767053
138897609323
18446744052777538466
11477147010
183056470565
18446743951923673986
434579004576
18446743832769218801
18446743816035208606
18446744005524313258
95676841615
18446743846805790570
165214878601
94458147927
30791324102
320217968637
18446744006007808977
37603810133
521277746999
246587323293
339812509892
76297726583
209866884065
86522374961
18446743605669371008
18446743925513400402
18446744008577601464
18446743918249117127
18446743662220757171
326668658178
18446743799558142392
18446744013692166012
262855832606
98124040737
162727947907
18446743942781011326
101866847971
186237114983
18446744022001114808
18446743691187083501
246483464046
18446743857741669093
18446743920899992386
18446743648558929117
387183765766
98459906280
149162651652
18446744046578534927
330267640365
18446743836328958393
18446743957855867932
311562401895
213618497460
18446743603651742356
18446743661493275970
89997462061
158477693427
18446744053686014095
380011844984
18446743775942583303
215187078939
18446743741321915323
18446743890278662153
18446743546346631508
364798206841
203730857878
18446743937984482924
18446743729455741459
18446743872918118299
18446743999125433455
64912817575
206563655832
222584943456
18446744034653422143
18446744021836858779
215874926387
77892826284
403648494008
18446743915814128964
18446743543550799626
269566414572
276404597205
143020319999
18446743922458087979
18446744065471859756
18446743891621134023
89417113118
259790470534
18446743754573290338
18446743565114775072
104691049366
525695354998
175222058653
18446743883629383265
159265029704
18446743686155315205
76772472993
256638230010
212593536404
18446743945291626707
436734422765
18446743987668260435
62622441237
18446743716532503530
690793902446
18446743660270301149
18446743608165878029
272360778602
18446743973408373873
902584184195
18446743561545104177
360789320833
18446743611237828035
18446743893784370621
94415746087
661914707794
497703762184
1031451223481
18446743542065915221
516235360170
103903635859
18446743026551630926
1025211941921
219120723412
268802127983
20091647229
18446743675522730532
247362909027
18446744008531222528
248359219448
10363806953
345285515324
18446743897275752250
143580621189
40025685930
816316764405
18446743812053941131
107370677018
511166992727
484157262299
207418099890
223643772604
18446743654837550895
694114130786
18446744026540670500
846877776994
196284982394
18446743939532144619
237798812827
885830620814
18446743331733209283
18446743851320451921
18446743843931721913
18446743751005077564
152008878782
18446743900216438850
298657235172
18446743963101730249
18446742982577468451
281473492002
83424905317
18446743912314294553
433124127507
1069798251892
18446743504681930842
853631935313
18446744011652146994
18446743786241567037
107203525418
18446743625952310544
18446743194746749035
447716634493
18446743918231912831
301760058373
84809520503
18446744038581341874
18446743218784316712
184523818416
18446743688356989777
18446743996135804105
434353746176
985010217108
18446743777156437358
330263914475
402247669760
116867496865
18446743979359379627
258810261100
173329851919
395565721210
374046657832
18446743596018571968
375722072356
221291537849
291176829113
255130145160
183015235292
302913785879
18446743648562316538
18446743623493240886
18446743920184184743
73127500089
18446743802149446690
18446743989692923927
280102742326
148313767199
342285292710
676253718103
18446743841360210200
127211652804
190567435171
402871816016
179335513328
18446744023543536989
334928959761
18446743766209563162
294148469073
18446743923462790950
46499779212
32993465738
1073983368695
232233957238
324406753164
223416512516
246077951862
69524073801
971685567157
221926260577
18446744019400710538
18446744052155518674
18446744022804107278
511205033819
208036718910
615057084188
18446743297442592754
180356697581
176868890067
8551725884
18446743975745159044
79406238014
18446743697854388265
644237564620
317849459984
525506115225
18446743957585805387
615466244362
18446743699595583381
18446743896502047551
449411525116
148819322156
255144302375
885512161731
18446743598084121742
18446743618721272542
344058719143
18446742980140150805
18446743869174057913
78017533782
10042548406
18446743948747608329
18446743974122183044
127867788594
179114595666
379005546453
18446743740496092407
213022221512
93629221523
519957445809
18446744028190948849
372163768040
467594873513
288037623255
18446743625278592240
230812945302
486024283651
20290159214
195545704693
18446743756535264828
221715604386
18446743773892330206
311776874347
305524309244
68859473607
477677890006
120890011157
359239063171
217056597665
18446743782314590598
313742630142
18446743593335542246
18446743897042735856
93170664171
18446743851240984747
18446743551412411844
18446743723716243689
9340458651
681049714
18446743643627628722
35190682505
428209359773
171436608663
259691608302
101590860651
18446743979489388914
18446743614850091436
236021183656
258495969132
18446743915009232987
111387922172
18446744031710250763
18446744065225273180
18446743694167480505
151808189891
18446743631522743620
44724674372
250506894669
18446743781820733527
534265713854
1081182954328
18446743846770909218
327810168926
18446743882458495839
148248959952
402506813893
18446743587413684858
18446743740013458167
18446743660311743845
213553078088
18446743930551956907
66616644447
18446743467817848345
128771581747
18446744067186058252
285035865756
18446744066632546725
18446743720624427790
339593616681
472526705531
18446743914097473006
467001403119
221681125764
505872115589
269752308307
4847383511
615580287940
18446743896938894253
18446743686131328346
18446743628777421665
35571149334
1080185061879
18446743761544111572
18446743770529397625
18446743791582885742
18446743946699247102
226570868818
177737500508
18446743832492560887
18446743571332169496
678784723422
110059745367
18446743583918514618
162902433681
224393065440
18446743514999704865
18446743767126307623
18446744038969981094
18446743790709755351
47335643970
18446743679283337378
513009378347
445447112273
8619046081
18446743646256060390
18446743068537888736
370447610875
455029657018
274144561957
18446743689805357442
440123654777
254420007403
393266726505
18446743195970084562
18446744043460383581
18446743691615389279
121506591731
510084355827
1619273062
1073300278560
356223224703
307433640121
402407084282
161581583155
598514327876
173817157184
222961368370
433341063250
285986020234
226055868518
420787124640
909131358836
18446743899309841184
396644751671
77132889804
18446743901054608462
343013717968
44445147246
13471407915
193823725629
416165707931
462115254859
129156817310
18446743929951043256
289791359720
156432284274
361884659502
419657733049
917345508459
267111976125
18446743406522953615
417817390057
166693805735
544018944037
409166035179
430630055682
413221223713
310423183955
67797914989
101590860651
98975095777
18446743891167124318
18446743716880367141
344134946324
362622075400
504176926613
18446743210769616557
470095810331
532132073116
367742906417
31796976818
414109932845
405579039717
18446743569333095787
737393837141
529489621297
186160501868
441836347888
18446744065225273180
461566783483
484957894206
18446743830327996109
18446743308606572325
254187396943
315297244716
288293816247
18446743621971605426
18446743608515039300
18446744064425282385
52672317740
276614654980
413817920605
348661248303
18446744014335202230
41370527737
146765660592
18446744014532842208
98689371351
84533359408
477146662657
46948387872
161608331997
316404850570
18446743298617553506
254999968149
442302407783
976436113386
18446744035011485367
153672736837
154304406474
502791780825
18446743872727659108
149307491525
384319170482
223311831184
18446744072834766656
201424462117
731943149519
18446743693005255765
532400133837
400557666841
329340784008
18446743561214124520
527457189984
18446743710175402463
533713663827
18446743543584658501
18446743789219314386
18446743955613752776
18446743775434040424
2315235645
424308961651
18446743567037356702
241714170556
927035551410
345164420103
16234460276
49353899498
144716944688
525872885347
87797374909
18446743881653255409
18446743776863682718
18446743987601037379
18446743677494469207
420309645071
88000603020
546706260153
18446744036298832747
235974696831
13348979988
338149072811
187090390898
199336616790
640544229795
18446743798640456128
139363149828
18446743935434842817
18446743651089066322
18446743210967893501
18446743741677635586
18446743098020105753
196292754925
18446743622317148893
18446743660955467275
18446743637134806086
18446744043772469037
18446743696897966341
250026093181
464431289893
30941001826
357878464209
219549069770
878992181016
9904919509
296834577136
18446743885945370612
18446743946211640845
18446743928436614459
55800788177
283191763746
18446743658043898611
527174669246
18446743541813609598
18446743787541147978
170615490809
50516494339
18446743892952807466
142545836025
454616091196
365734858801
135806723904
729749622502
19507309314
348400435847
18446743972690438397
480981670128
228213123746
18446743936557715931
18446744013513489071
926644513139
64524219797
190583525764
318797067496
436703056904
327383812142
87622654031
53098905541
121695148376
821210830177
384007343313
306349554831
1091480574646
439685776485
426198367870
798216350844
503620016246
310378447554
11326977603
18446744022281681315
96796418653
79928287743
126386335839
18446744007942137820
18446743987057090208
62391970567
18446743965087136274
500751722929
229059498425
130871515375
16413382309
454567201006
298271729489
76983623577
519075726534
107534551243
18446744070556072145
18446743953098269117
765122848499
6580970448
18446743975021674216
1068518773661
89040651630
517735342651
18446743638298618898
111486658611
69524073801
18446743066084106211
738534014270
358241756210
18446743604907980283
123376219283
18446744006841268502
293490432359
336716586781
247232517800
59367870206
18446743144511382558
18446743695019952254
264127652585
253190564109
156710344461
64459382992
217953148109
18446743267002985470
213736221862
19892998979
266932966062
719955372624
15321302376
132078958985
503567510753
324882996831
88814441158
18446743880726818131
78392431235
48111436023
18446743836403348308
18446743731781853805
18446743615718944498
114116066454
18446743524046249890
18446743403440989892
18446743940168976708
18446743955224788174
634061972377
18446743992037723012
523890805568
335307553458
32487369368
332047636633
462653091518
1063026202668
555968020346
187411007386
18446743736895467724
35710594273
18446743900357196136
27138389452
18446743663824794716
886489796055
360498473722
512785830872
37339772942
18446743639012355568
269859583728
18446743979321704653
18446743821151327269
168787259291
712716477978
18446743803969958961
97535884768
18446743747803836022
18446744069988680949
492254504483
18446743281593559354
18446743684392500947
18446743964838776461
18446744016274472332
18446744005809164011
18446743361731646645
13708171035
176230061198
18446744018126457491
122005499728
95610817607
317968990068
68859473607
18446743970331579656
67981904733
240661405587
257674970625
900666948524
263656262636
85012822153
18446743609866943646
515345176297
18446743555337835619
56659689724
18446743975754254529
56695468908
18446744071540755613
