18446744044271691713
18446744010653242543
47933771059
62932881493
2495027714
18446744061617191434
18446744044542657545
56039590697
38915872687
18446744069826648614
18446744034255094947
9067304015
20898537877
9067304015
7466346923
18446744015640588475
8858427433
2495027714
18446744043932804280
20121870274
66992700106
18446744039666944783
18446744045998434719
9067304015
18446744013319181932
61815796984
52654308182
30499362525
40761587990
44455024917
18446744013319181932
18446744057098532181
18446744070783721305
18368889443
18446744068855923903
17529985987
23181445159
3802391720
18446744061281924023
18446744009904550543
17427992135
18446744070570806406
9067304015
30682991066
21443301197
18446744060533988097
18446744069826648614
18446744006366085167
18446744047317502320
18446744045998434719
22965119272
18889916177
1825637926
27496435251
18446744064315204869
6553099764
18446744056907780679
26967965437
18446744037973978671
18446744011835118578
57725870026
18446744021006245852
57880743817
22318686557
4905667348
18446744050632009748
18446744071317054715
66992700106
18446744067829985630
18446744012938583905
19408351731
16313540784
18446744015120758980
16272811800
19615477697
18446744038370828922
27496435251
7466346923
48626845506
16048506435
18446744046391507137
27250976025
18446744059422317237
2218719285
13986557303
18446744066859010579
18446744006366085167
18446744005154284802
18446744050293069058
18446744028606862669
57858153096
48626845506
18446744051621925411
18446744020873624767
48626845506
18446744033018749165
42209085127
2218719285
18446744024642246020
2218719285
18446744048185788087
18446744033018749165
48761188408
3217825292
9067304015
18446744049066712200
19408351731
18446744061617191434
18446744070570806406
18446744043615131807
22965119272
18446744067829985630
18446744069826648614
58736773101
18446744056907780679
18446744047565211127
59148155804
53504066692
18446744070639460912
23181445159
30651435880
18446744039638529317
32124330245
18446744061281924023
18446744051674926941
18446744067829985630
11264897981
18446744045469262533
66992700106
22438184642
48761188408
53840632212
18446744060098211218
2259745328
18446744015192664525
21484905184
16272811800
18446744047705020071
16387292455
18446744059405703922
18446744056907780679
5360832262
29638582588
18446744071688513975
18446744047626866186
18446744065024156517
39788020679
16387292455
26639151350
53376946119
7466346923
17427992135
58137213094
7466346923
17807314352
27250976025
57184948441
18446744021006245852
18446744045998434719
18446744043615131807
18446744042836637900
18446744061281924023
18446744047642992505
18446744059405703922
58912135881
18446744039638529317
18446744008320118560
30800115693
30800115693
24399501727
26967965437
16387292455
18446744044271691713
18446744047631930747
7717598687
17807314352
23816012065
18446744068438170510
44455024917
31578996661
18446744042836637900
65899051240
18446744034483075252
18446744051621925411
29638582588
18446744026213547659
41877944232
18446744045469262533
22318686557
19615477697
18446744039666944783
68181816756
18446744017630969465
18446744010653242543
30651435880
18446744017630969465
18446744044542657545
22965119272
13986557303
18446744010653242543
18446744047565211127
41915542356
18446744023200432440
50070927262
18446744044271691713
19615477697
18446744056420874396
42209085127
16974891010
16272811800
27291321599
39788020679
18446744042836637900
24399501727
17807314352
18446744047642992505
18446744048185788087
19408351731
22218456837
4256658899
63899355955
18446744021335659435
18446744051759578529
18446744018006900699
18446744021648549188
13986557303
19047989875
62932881493
18889916177
18446744050293069058
21786698044
20121870274
18446744009883241030
18446744069826648614
18446744059405703922
18446744063172538571
32978795615
21484905184
18446744026213547659
63899355955
18446744051674926941
18446744070639460912
57858153096
30499362525
21786698044
18446744061281924023
18446744041916016562
18446744017630969465
18446744057098532181
2495027714
18446744052890464792
20898537877
18446744070639460912
2259745328
22438184642
18446744033018749165
57520039057
18446744031503197761
54890211307
20898537877
31578996661
18446744031503197761
48846922665
18446744008961244597
255073175
18446744030804325714
44233409748
18446744059405703922
57858153096
18446744037707632821
18446744011757209932
2218719285
18446744015640588475
18446744024642246020
18446744052113040848
18446744008104091394
18446744066859010579
18446744060098211218
18446744007865502458
49383190700
18446744030461197175
18446744051621925411
18446744017648527836
33796908764
23051807771
33962880115
65999365349
18446744067829985630
18446744035405335036
18446744044514214938
18446744071489625384
18446744038882560166
18446744033018749165
18446744015192664525
18446744038370828922
18446744012106259249
22218456837
18446744030461197175
18446744035147123233
57181694646
18446744038713647609
22218456837
30682991066
18446744013724329873
18446744029386387585
10095562401
22852929599
21830036921
18446744039408124674
33962880115
18446744037613300976
18446744046391507137
18446744032485256096
18446744040616933770
27154328437
18446744016874466985
18446744044519764154
55406379793
18446744008990334500
18446744030461197175
53840632212
24605217156
46084155523
18446744051151573385
18446744008990334500
18446744007398010961
18446744049756752270
18446744047317502320
40974510761
13986557303
48761188408
51965855307
18446744009904550543
18446744015152513470
18446744067380288414
9531981072
18446744054015526265
18446744014076183203
18446744009883241030
33796908764
2218719285
6326858134
18446744061281924023
18446744047163800775
18446744033984075461
12101728439
48761188408
18446744033774640807
3275194517
18446744014076183203
18446744060098211218
18446744028623642719
55530860628
29492824366
18446744054015526265
18446744063172538571
50290668861
53840632212
31149524772
18446744013319181932
18446744011609090588
48846922665
22438184642
64508433841
63899355955
18446744062110602836
18446744049455913584
33796908764
3437439070
18446744006630373435
8471313357
20584123436
18446744069826648614
20708337039
41877944232
17807314352
18446744015640588475
18446744057824712177
18446744067380288414
53840632212
54890211307
51181532004
8471313357
23816012065
18446744066859010579
62876836546
18446744047626866186
1825637926
22852929599
18446744006409087489
52028175900
585062633
18446744042834308477
18446744067380288414
18446744024236620662
18368889443
2495027714
11264897981
18446744016874466985
18446744042780087143
18446744014021131302
52776099993
18446744041423594664
18446744028369164921
18446744030472692675
18446744020873624767
18446744039408124674
1825637926
18446744006409087489
30682991066
18446744007214796594
22438184642
18446744029386387585
22852929599
28411739113
18446744063725939712
18446744028725173168
52693245945
57858153096
18446744014888484922
21786698044
20584123436
18446744018686273922
18446744068438170510
18446744057395789543
51014833907
18446744052320206970
19615477697
18446744028606862669
18446744026824755929
58200727229
18446744070783721305
62876836546
12423242239
18446744071214469059
18446744043229764946
53808184345
18446744044361512623
21443301197
18446744031225666848
37235181847
42994896632
52776099993
22218456837
37413079420
18446744041916016562
54699926654
29492824366
63758747942
18446744065200125210
16709623531
58608033086
18446744013724329873
18446744016874466985
18446744036456231300
18446744069050640818
18446744069826648614
67985083101
18446744026148574104
18446744068392071167
68181816756
65999365349
23816012065
18446744046391507137
52538286249
18446744018006900699
1611256392
18446744010653242543
38915872687
26521557624
18446744042834308477
18446744047631930747
18446744056980979622
22438184642
12423242239
16313540784
16272811800
23326259484
18446744059850821942
18446744065743632641
8100729626
18671811870
59148155804
18446744032518363774
37413079420
18446744043229764946
18446744032847477108
18446744051332162389
18446744015192664525
18446744008961244597
18446744066492829739
18446744039014802670
31660223502
16272811800
18446744030461197175
13984372644
18446744038543126876
18446744023142255357
54699926654
1825637926
9067304015
18446744019067968022
61885189664
5360832262
40230804820
51181532004
58200727229
18446744015120758980
40974510761
41138568561
18446744057880591202
10095562401
