120580600271
613572178354
620096211773
363987099311
437862408945
313650566292
870474232820
25809768043
873487786152
794866413590
737550812458
994734895676
885799425025
1018695446371
155089597362
885799425025
370429136300
885799425025
18446743838890705846
593555744956
245831641140
310810449253
806705122042
847863567234
423597452137
82131969320
810582101142
634702742898
885802907757
879550789768
930271024681
594978430162
839231897240
18446743959668478509
1087834178836
492901844101
885799425025
550039404799
589502580966
1044642828102
863520318770
658092496361
973982435189
676884838904
18446744070581488368
18446743789563803439
568177146543
619555691686
772468969466
741571066264
18446744036337718856
885112112623
888958821823
687096523464
885799425025
836966077020
915785811856
18446743572078619381
170324879727
1096457443672
885799425025
867373375014
885018571035
20781056360
452751500443
581455135409
896916926441
509976131716
654484004906
664118775595
923504739268
976686218579
894665582654
454847760153
879202281289
851627686140
599557582681
664505341214
805722509727
903714998071
431799950091
861808769336
570173830725
585722920481
31134360726
801313634768
627512262042
1081134762098
931269008082
1004517223793
679096216782
998506485316
460654844374
602546336214
359703558554
762070393596
677734457949
627231042427
1017141641217
885799425025
885799425025
737108121614
685981485871
623840843045
862272786612
938909687948
883346853259
1050464612111
18446743674960308852
420961330227
934570055076
465490431021
111236416876
426571962638
803567523465
473880802707
1007158442984
525465179737
67386472977
884703451663
18446743660479722254
556834329457
724064699380
684801061621
1008610632849
704819052565
18446743676141721088
926606169319
1057834658426
580817713183
636903520500
18446743997952373658
846307417739
625652995630
563217513984
902606325178
142198519291
618898518983
18446744050665070298
764086198079
330843638335
127554006696
863992858658
664176901931
551021541294
950151048309
589311362940
782259295635
400823506136
732090239230
879309102618
18446743797684836637
790248856183
734276447358
638928018447
806324322571
1054575229573
682552531151
932987404503
838803227750
907943324213
842736788686
18446743948845140127
53768501636
997473568156
838626665956
874546803358
885799425025
956851945272
685794464212
578961803885
623062409752
1037086082904
413344006482
1003280479658
1020129913842
18446743901811952207
956131434109
885799425025
18446743988503104616
885799425025
255265836365
18446743919703316414
779594395958
18446743826982064777
598180414006
808976342477
831790477429
751237906492
885799425025
665844838225
859459109544
992353592905
480804567608
18446743702112715689
885799425025
599865749549
663679912492
657137996315
491452073872
761526216374
608011127891
581835378996
18446743597893976480
673415240851
582486016268
802691820715
948407654458
808508446126
952184953394
885799425025
1094266099545
885799425025
18446743936876339666
714682943936
924878400628
590216748878
860678503279
525223771295
797844626327
544023003085
1037452424943
707561631945
888044118775
885799425025
553629777652
759540088453
978349376180
921831074006
18446743958358065588
614683033434
860584449306
313648144833
804547564426
18446743607626149396
884323736762
836938102866
704585313840
1029853673323
630769117147
672881293400
18446744015114248206
723154128197
727994071781
780986790552
885799425025
375047706160
885799425025
886591474063
602605371148
550821489291
459324029427
579530153325
644054030777
882560132012
836649103076
990157119537
829440117931
962774811914
667441444853
18446743775807438368
857800783739
18446744036813105495
941143985516
968690883552
879083489334
1084793548619
665860982790
852254292391
18446743637464826449
697894341309
135614215588
274045751123
1053217360251
1079175158337
805705252824
863336586234
484967047638
886599859092
96764940845
777311349761
809327826557
911017009085
952891032334
29518620860
995626833736
529283111990
553684624674
1013585801559
326926613597
687780689330
642650114545
890279245797
885799425025
910327297051
702248772458
18446743566076094911
444140225480
628784018548
885799425025
556718811044
1060438376455
1081069213132
885799425025
612361955185
1098190721122
1081655105154
776541251819
1003178404329
576897140317
957319390194
590039981430
994611283851
933990447213
1050041158787
804948237081
1059928860883
862084977351
883110523642
900783836718
885799425025
19820642120
756848064390
31909685847
127550316655
695691468063
886971901007
660426447847
903055418368
871451692946
876965457592
509976131716
885799425025
133146033866
1015401721155
960172863564
781824713696
600540124116
876566988000
620258083
907763429130
596548853250
1012362170881
76625163798
550736603632
682816464893
658984433371
925803214935
50100608920
66227527968
905187346287
1005323626594
646237404066
681672201461
959657124998
860919009949
379709373329
693323428585
18446743718382901440
1097881038108
18446743784208915205
871518561728
1017536362957
18446743665464757880
18446743950120427405
163344707060
885799425025
727986134989
972517951925
605370485879
183047753861
685518981480
1032020512911
944638100083
860718687449
550326231154
276188268384
105826683355
723537735534
467489651
106025186129
934880116687
860364117897
689401643726
53941730161
825401216315
482636007117
885799425025
865413700045
885799425025
18446743593289145365
854980922466
7959778133
119241825688
960879439058
685738317645
962590330456
903327178798
409267967896
680654809689
817954128779
653896730197
1068658146918
31230519788
606747277912
591724435510
651632040712
768769253127
427209423583
178043684891
721822632157
942998085315
87520077456
626773894090
593846291883
616417224395
873304753418
845714432510
986964010555
987584652223
914307505352
1067600646779
796279620415
754031039250
229586047975
759668880220
737146059293
875596167740
746111897355
85297540572
930187419363
874513565881
819247865554
618268579017
18446743964964175297
196056951090
795024796961
1065444413540
719777699731
823991023949
1084483379074
1053906984416
636867064530
1067476137441
392798344440
937092896501
1094397624470
784618435740
715761591412
888246144946
885799425025
634025857111
932716350811
698695304436
686864398000
824428102760
935585627625
908229497829
170732714613
771066795462
18446743766492807879
973759340422
951535411700
370005003785
794235103151
749931836407
409621575064
8133205414
312828859913
995487648019
883107159771
32815120874
958832308290
999750893724
15716545448
1000114973443
868632350522
18446744008567796605
931410385263
986716189206
552627885053
809311026260
550502868636
18446743930134203669
946974127529
851830058756
717962218876
648996058552
596548853250
32550560493
885799425025
850517891991
18446743774270227565
18446743645097978165
814973463209
1084115562480
555309312123
73324674752
872386563637
498618768016
628073318627
909775180917
686128540588
807527397482
457014239442
932713284679
398362184567
18446743840103382870
772653422305
388339843757
282190138593
624635218229
917378319567
805493936014
956797649922
1030352499163
885799425025
904432215702
742920338598
897165402490
559605240101
876601871513
18446743774228111061
875848050365
1010171540534
22663018917
926326238846
557482139575
1026875945897
1054402641716
829656784256
18446743567738573002
749608969901
784165256543
700114628020
960960798462
875715777671
894175425487
700568496091
357854893337
918419982795
1057512418481
743274259049
565726932791
730618639848
933999620380
1038625322391
1041968766515
1087242419298
1042350920948
622534839893
798987851739
471378022860
629625045627
567527851400
1015248156526
966509942151
18446743937891011211
552889423420
960337697245
891949866723
1079376149194
791641148491
689596042036
892575676943
522347274076
945512474930
652404301693
640367046037
919678837392
782598662351
884919810056
636555257025
728454004127
644038842825
608723719769
885799425025
998005700860
788361984192
933555941951
849443125725
806717684781
807815375554
808536667628
473657989357
960452404467
794210749797
524106389708
885799425025
48403211267
1002232343715
758025798880
928322556281
885799425025
1058964693937
793043659405
697060357359
571236021243
845451285955
18446744071677860009
912107340029
670546340387
988105995385
885799425025
892282684624
875725546434
885799425025
773062687662
809433941453
346179545175
932866144575
18446743883568049218
553887510459
655333964347
412016789060
19187799641
18446743831686437968
18446744024799902400
18446743582272448826
358889542871
98194724747
912650245978
18446743795024625158
1085102296814
556834329457
352772221275
488518752436
99553784039
859018777034
680749591437
429659753441
933140421653
699310034828
861858523642
110379153735
754577025466
1073679099443
989939670631
971352513823
865721200274
67073494214
874975526061
304963382349
952568844092
1011035928811
18446743552889570232
45050371689
602283527253
18446744004409719994
79075469389
104793027670
902358982132
670852463319
451302534478
879875836034
576782605898
980503248208
687221939535
885799425025
859034562221
588083288512
915489873739
925523978649
583684898241
670678273359
870939823595
604454238660
705626189545
1028148881186
703079236279
116299422996
4665269438
918682357409
676963853969
679602113053
257233887888
1064043980737
581948901876
643522662896
557892235705
339946217387
18446743129211963618
552916459422
18446744019165806431
864385011952
715807300372
859985303154
859671496059
550244833104
562144148849
1076774787439
939314983411
815185234924
600984315532
957424055551
97912794344
840401347165
578592484933
632045830735
741093892705
804100064880
860349183621
854030986156
696364563883
568234839952
659137967971
783172092953
899016762638
937760061712
285214553400
657221690100
709135888897
763484638252
803272090099
950701299200
680859638755
686550924361
18446743561409671139
576587032803
777877521209
973710882237
782962615689
857337735537
828649206350
771087975530
616224070865
1059865346799
797523264372
937555834095
885799425025
814866610426
745011272844
800414293961
900785638959
850508623433
646171034613
373550255547
611824494408
873415184186
1011744660019
737423569338
746996902386
1033617390966
1062616133417
875234254226
648578951167
604516134974
530386440760
570772162609
300309301344
651273852023
587232090479
587073064486
874850097443
815850980814
1029570975259
636720062732
896416730443
861513029443
584606264280
18446743785663689188
887151946586
757291583423
624016587676
570000496871
778593890431
959625008337
885799425025
801515284340
293455176461
38174989435
461074976907
922559438475
818412402463
570815755019
896644995071
794683807788
18446743940074450394
620314251682
18446743569626634435
881450934641
605452904341
779661209316
424402026310
846620164706
987154645728
613928990396
1053465028967
683932960000
880132943758
740511870032
861919125799
885799425025
42575750579
757371523847
885799425025
820103779380
1085298559490
728195723486
636270559089
569410176216
550647706663
18446744043765026448
954527716253
680446120086
592383719947
299398836184
745935540304
573815078972
885799425025
581941803641
791922342224
661426697556
632798500504
635674391569
873107281706
954381749535
1091554469951
1013733817588
155538275718
18446743935558789980
24567660653
550340418302
993050080189
18446743618126696609
561714101153
496208889043
18840768489
902459624538
817288954370
252303653248
915410004251
954656906456
1094876738398
287375673183
1007181922108
885799425025
1071681822697
680228133765
692144560638
911247889132
458794498460
741242682654
989935104792
513562743858
486770576874
865294811973
14119156313
484306850587
629694603776
396802097731
740694217006
885799425025
611974458425
1047375262034
874053949191
839711977670
577967699607
549820811058
955575824046
602099953938
743058436559
861539085906
907726832637
767050874885
1065214373430
662569061250
18446743612304636553
885799425025
594101775378
370912274431
973714974218
962340220709
599956134316
471191438472
874381466509
549956817303
869071265901
733017997295
893527748745
885799425025
598307092099
18446744059998654071
874825511023
461430199957
747729298234
617494248168
80948599208
904492552945
574914064081
635924552714
1071071706729
1006183036775
895319838774
565678715679
956422653738
128382367692
681344820491
777420194929
18446743636606229949
598660225266
885799425025
283633455180
1051029912797
366157720752
657831566850
884334639262
862187819438
18446743661202876044
955550557315
878153894826
909848086177
885799425025
18446743756724217030
654411991819
18446743617859437151
419528240230
599213705465
716866701117
812698459649
942833892928
401513378434
18446743522862506757
849254891457
303469721916
338954017231
594646179032
946683870250
719760252635
870975249285
885447596016
630235793826
127339118597
18446743745750441185
916598941818
550385027509
672840780344
390605646203
887133660011
752965315560
862496962340
885799425025
156606941671
1032010803609
961222890112
136673929841
458114933730
743716109902
650271995913
905173742625
855753107467
642820020708
635299981045
412260900126
916980356276
885799425025
884693285932
861236856363
719228993971
859183750497
1016241563530
636107963257
865613527188
866184768083
818495963180
641463603589
732418002006
600114521902
37601314230
550746802299
961725397128
1044020270874
1021173694539
999093393904
391821348773
218863787775
911092306520
874885854848
852449706900
676210417584
877911203276
655591861258
452706894192
974561044364
1029359836561
766425878766
820476514235
885799425025
1074759701108
1022552127135
18446743879857862993
873110063376
553853677234
560406722699
375789999129
18446743643031933686
888498841395
574862249248
1096994345870
913116790943
606881316123
951400097903
1015121233022
865441736935
893909287369
819195759480
880238680230
970202977045
794733906822
1071623872529
249043233020
861513029443
602069085631
1003172833294
587073587038
598065157783
847207615101
619327801293
832818073776
804381535761
657926690541
582581496316
885799425025
885799425025
