6 125
40 26
207659662 361299412 357341734 207364568 246845478 265474066 333378956 99753449 250681923 779665150 395445743 256714972 397740208 359048311 513429944 373470964 209173098 718096622 315418661 18319026 207659662 299179686 41508825 252108422 270007841 324849789 346560016 246845478 232118233 329202246 265474066 384700059 248270632 389832575 76552175 306373259 206619810 288858572 268714027 315059930
40 53
757746188 260182092 245981864 376464110 205210912 42643078 378873094 271048005 286738185 271688535 328912889 316663918 257716879 676092004 62909551 248094931 311756139 397397225 685091410 397397225 297411972 376464110 241261680 20240518 543377070 300662415 342545705 316255120 280675132 364210869 242933213 208778984 383149530 356223592 313580514 496189862 338046002 436996479 316255120 417557968
40 44
98840682 224218733 362270883 354967435 269030010 278019024 381545151 392300042 240196149 395649793 392844493 547092436 328543750 214514532 569357806 303920321 106993048 284678903 374978270 380394859 236324097 387533904 281554177 791299586 392844493 255691042 166889784 273546218 387196522 335259727 607840642 279712938 254618841 354967435 316041153 358128317 220644120 279712938 333674002 386705986
40 32
258910406 590999266 130521126 389525153 89608731 375052516 291531240 205531444 213427550 300266810 263984635 224487855 337839903 321896161 313673892 207318777 376842556 150118333 249329656 336980151 711299554 627347784 799205138 265227409 398378331 249329656 399602569 207318777 205531444 266041046 212438063 266041046 355649777 295499633 306777732 397225590 83061570 315485767 318005540 337675719
40 38
235785800 341359783 16264354 27021356 257050360 323394396 354870461 230077786 612564578 237192224 309339435 306282289 316371813 770017114 544988534 238169322 223078973 256721678 471571600 358052926 298349430 201773354 233033987 213813432 243724460 709740922 682719566 426061074 201773354 313717506 385008557 213813432 358052926 213030537 272494267 289637783 341359783 298349430 257050360 716105852
40 4
394050102 522752608 222530125 387502100 285474552 348135185 32436701 212106726 1300486 317481540 343312744 350201695 694362090 343312744 347181045 285474552 296726491 236527955 258786186 329459842 382991833 347181045 275490596 551198588 259677569 236527955 686625488 229456172 275599294 6548002 260784115 314744344 343994211 329459842 275490596 261376304 348901209 394050102 30653645 348135185
40 69
277574465 311707191 372353853 365966618 253543615 311766665 209079719 369352199 367074320 257851664 95547348 539021959 266114694 357289826 573414972 396282787 244138602 396282787 259986942 287199915 300842169 285042575 357289826 214782792 792565574 247019783 345196003 344097101 35027650 8676792 317817742 342567131 211490149 272110227 226191469 734148640 330938968 714579652 286707486 307132059
40 58
8223477 270195276 702982188 260186641 201715629 110803304 250332304 380636130 245302717 380895351 305414376 297093013 274787249 246259287 225635691 274787249 326636759 388180888 451271382 373908893 351491094 205968665 356177413 342381049 322120447 283085548 251551486 207592691 653273518 761790702 269297952 250332304 296674506 566171096 296674506 260004646 361135608 415185382 233859168 68405546
40 69
291578101 265699230 315233937 249159865 233300966 227274371 208911202 375878583 134876625 233300966 672468256 319231828 227274371 374421113 686106276 254293031 318433185 301085362 255902993 266259187 316759573 332292600 343053138 246689512 305900830 249403233 243166957 246689512 336234128 321999491 364106785 630467874 436946411 248759813 301187626 364106785 237211815 329382512 362150996 454548742
40 9
308417132 50940281 357653070 218503520 423951596 347047531 346386223 215520528 350142608 295445942 204858514 724965136 693550156 299202327 326732920 357653070 273005676 362482568 341441401 781604666 277288673 346775078 250039332 218503520 390802333 362482568 276686116 295445942 259173106 331233481 347047531 259173106 346775078 385133024 254164746 315741578 694095062 385133024 254164746 339173443
40 2
222244591 352770450 302226431 206168398 419289574 247445589 763664398 539806730 336727649 60992246 269903365 374661822 354567971 221658901 115773088 749323644 202698676 295450490 269903365 282124839 301247041 395530178 186453343 381832199 318593730 278619862 313319649 248834352 300109781 279275513 209644787 339902719 204437599 444489182 380096499 564249678 354183803 385676453 209644787 209644787
40 71
267006160 288851823 342164544 75547157 346632815 345294241 272082192 234655023 272082192 347298236 247822899 237954210 298652992 346632815 94341645 693265630 266991281 273309870 201499417 273920990 231526807 244067334 206764425 342164544 206764425 273920990 220283754 269747084 312773319 440567508 225816056 469310046 371950311 333076142 205880777 488134668 97471342 201499417 311048906 42394183
40 51
286956521 214756602 243613183 316213646 351166257 342159703 710443250 396892769 341642889 236366575 254011273 787334140 452577570 345474679 234109534 342851071 355221625 338311955 383800600 685702142 256738300 347500213 400118468 254347186 299169528 256022178 793785538 226288785 345474679 39142427 347500213 767601200 341642889 332092946 40866376 310299881 393667070 288091320 282613937 101631998
40 41
350143080 390210353 383830514 356841616 311680425 700286160 360987068 267630733 211451425 352803389 334360259 394129368 252738650 17305925 355691584 422902850 249560207 24979110 360987068 286241543 352803389 46529210 619414320 242850266 311629696 287073567 267271859 311629696 279520591 385966178 343681143 224978467 271873756 309707160 271821539 355726961 89113312 271873756 344698269 535261466
40 16
212556877 214719254 270855695 273946122 70581783 278593373 294225129 218645943 319411962 164555836 292949680 377112713 345911993 294225129 287876603 383340595 379191373 766681190 205757334 369599761 287876603 379191373 367002887 292949680 353526637 338646222 345911993 366498591 212904498 707053274 279455842 358630512 91006388 754225426 214719254 212904498 383337931 383337931 222467338 363531463
40 15
376237141 295721039 316962010 347199034 200943334 367333572 282530141 200943334 458909094 316962010 229454547 392655113 226768162 269151600 313885256 109401400 385248688 378787042 364622123 388417329 391931541 444655672 770497376 263244090 361944949 205741131 205741131 380357640 347199034 2549901 729244246 222327836 11453470 565060282 311875119 350491479 361944949 240289147 332582053 315658273
40 22
241135857 308980270 288477247 238014710 283527136 272057196 334137544 529613104 308980270 81009559 264806552 381596073 248365245 279992803 336610641 337435515 31157658 478169468 349101237 366566418 239084734 234690614 360532445 239807328 235090046 674871030 374117744 363038086 269172368 357445324 210413178 232409999 216727799 263183493 39698157 241135857 296770849 310048232 714890648 297737358
40 64
349618406 372389926 224031268 363845145 329086295 232075375 233777624 258153974 365489715 247992049 205110539 264573261 292854332 216239379 170152238 348620984 339918683 293492212 495984098 324349786 256657948 262031269 239791698 349618406 171153425 285218689 214726785 387384983 262206474 324349786 68235911 245713422 258588624 256113875 233777624 467555248 316728861 386391617 284256901 385880210
40 2
290305899 245745377 292411206 115703863 297923260 356849786 235679717 372509093 244686675 205026920 208439237 250967281 365595697 334530888 160750664 351686498 399528550 233141647 215776185 200028214 376526849 253290804 237037235 246115356 160568777 237037235 369897422 300565839 345059618 215776185 240992126 250967281 97493653 266342254 210500073 286045496 471359434 492230712 431552370 232672126
40 43
392789951 339412619 308605424 435138910 366011278 596260348 319442011 282952648 244404036 292273208 388932938 321258576 55554483 265704093 637332608 248745671 265704093 217569455 397033923 260992825 318666304 297339389 323550289 124951727 298130174 244404036 298442180 230249070 318914407 392789951 216751607 213599780 339412619 323550289 521985650 47096871 318914407 366011278 266624905 303046744
40 53
235906119 302036740 316970502 105602707 223354331 219448416 333672225 548110108 304164809 432659224 283128164 373670466 388730871 229709873 305553989 216329612 378619745 593841784 292173569 3517249 281758770 362183264 608329618 395683285 310809336 314113970 333504454 274055054 302036740 314113970 361706162 235033130 240040213 391676300 621618672 305553989 296920892 213682170 385234658 62861130
40 21
407659444 300384053 69966458 265410616 398509653 22781207 285024651 529605204 376290728 398509653 203829722 249747309 232040711 272004870 267366954 294149317 388672060 264802602 370350511 300384053 777344120 343190844 250576793 394614411 283234754 309631417 365406022 242303463 262691946 276501906 343878746 553003812 51845854 476960067 370227586 321429826 209259504 260619880 243100527 324833217
40 60
261407828 278111806 250260297 305307099 319385263 556223612 205917267 212490154 265460577 397482125 397482125 247870678 386281250 28725190 636095304 386281250 530921154 338147579 318047652 330222817 384983086 424980308 213343449 57272661 206376543 250248838 233905395 250248838 261407828 317562133 278974028 365313019 236838349 367783931 635124266 305307099 205776845 369638729 362386272 280874918
40 48
233683559 314799140 762158168 664318670 332159335 299616447 343646614 599232894 202653174 398014885 285876396 381079084 594260026 343646614 720066292 346202256 211506388 398014885 296810330 267501995 360033146 333914594 211506388 100107983 1260270 195361711 301042569 316059410 202427368 244117967 302535351 328567658 395816184 302535351 353432135 148284903 244117967 297130013 202427368 204424234
40 14
206488702 255758356 13996749 287741403 383964933 346574184 301199652 554990418 266537414 373412859 240760114 375022664 334405011 317843831 412977404 228585419 287741403 602399304 348801099 339225785 277762688 457170838 325229036 617460662 307025428 57462559 370137470 308730331 295086366 385098610 220300129 205542924 548420114 322220070 202996271 274210057 109678640 167141199 293604851 277495209
40 51
258062456 371602741 366923042 325944968 210229172 342971723 389368430 651889936 386117019 324114966 223482575 743205482 376282440 351548209 255300515 367277448 312286211 333830485 201288726 667660970 374525835 749051670 307002533 308966932 703096418 391690746 696362680 307002533 348181340 318797429 237435256 263845331 457431798 201086152 338126719 366550637 624572422 210229172 216312251 457431798
40 78
210608732 255884464 245608792 249847641 121076547 346775199 245608792 373337910 23090204 210608732 243821916 269337046 303920810 361598809 211904113 341594830 372649401 385587017 269955382 743472984 263242576 683189660 538674092 364571015 745298802 376961011 278974668 467662160 40678234 349451000 371736492 312882834 233831080 233831080 269337046 263242576 392262441 62109142 240777110 275614161
40 36
712619326 383205650 202603120 236191826 781125520 333138901 266618995 289880517 116312484 335690224 255837206 263112962 7004860 219531381 255335606 345665243 291237594 377362015 253790059 356309663 364023582 333138901 365874634 255371321 405206240 281976076 390562760 335843865 526225924 384197499 582475188 397594027 768394998 384842216 328043926 263112962 291237594 338660383 397296373 384269901
40 48
297616667 236136329 277545091 250512136 341556222 369661737 459670900 338836387 543966082 477551226 229835450 29140438 380005132 349266576 207275570 334408919 15688459 739323474 256090963 279652574 223087154 765387288 271156970 386697380 238775613 317157374 269474874 382693644 360141285 299251118 350220033 380005132 301414118 236136329 278233889 338836387 538949748 271983041 45596213 334408919
40 24
49256470 392028514 226207378 349410610 243474384 234888542 394620412 336589199 296855052 243226849 241862985 352982656 239624570 673178398 297741081 394620412 789240824 335752993 340469910 234888542 327957164 8338307 340469910 241675143 395156033 262642746 243474384 680939820 339126449 486453698 252026148 418243044 301171106 267722991 297741081 391751349 252026148 209121522 389726380 205235553
40 4
205693566 360676457 265915368 293022451 653874030 427032846 631714460 160158770 213596808 373755578 229529416 360676457 236272399 315857230 297152652 254858934 248186514 216149929 49165368 292670997 10456363 326937015 213516423 170908542 293022451 393734053 341364505 341364505 282647832 216149929 282647832 205693566 262148471 201309366 373755578 292670997 211344400 387058471 260875042 521750084
40 23
284146782 117204568 263462294 673430918 319371203 254438379 32464977 375647668 264294751 336715459 246782214 259237840 323823074 326324453 385396897 284972093 299522562 267213385 254438379 508876758 376442408 329900558 376442408 64847302 303085242 201018367 273751130 338598432 251681805 342614042 847400 212763412 388222754 331977542 284972093 335868059 206501225 277305044 304300135 264445396
40 49
245849556 332879757 531966818 615881082 340773617 300649130 320577431 305944654 257564965 322363923 611889308 249475475 83208652 220596291 320577431 286646812 298941576 305944654 303667227 286646812 368289313 265983409 386882134 3991774 231061463 356812112 246959156 142748707 1786492 303667227 392224182 281102912 336570370 320035080 368289313 342484333 340773617 287990323 300649130 307940541
40 2
277715221 236853755 241429077 341640107 392827968 265187304 251850855 385337846 588847452 218256913 252459734 277514369 373965728 227794567 294423726 110815231 251850855 336479844 247004466 289853223 273805832 269048278 171530148 333502268 361391115 236853755 218256913 274477192 392827968 297977554 11425181 282345379 362605772 263276036 390168303 265499866 362666086 436513826 354855539 397951844
40 3
265352329 365008780 300695784 275199987 270620044 300227455 350111952 484202492 375517508 371018023 742036046 351415230 541240088 375517508 301381285 600454910 354132213 267005950 281840974 574003118 281840974 225376972 385789813 254681551 366823141 234786989 14896828 316602591 287001559 242101246 187107875 306701655 700223904 280835019 99817191 509363102 344662977 350111952 300227455 216785400
40 50
341386561 211257296 298650239 516379292 335380800 341248750 265334018 258189646 230248516 475880024 374317462 452273904 597300478 127585167 275935588 289524423 226136952 242690183 215630946 330712265 298650239 206997970 200743884 385774813 394814451 301597022 661424530 96164212 312584671 374317462 341386561 210157088 211257296 237940012 320037969 312584671 682497500 401487768 551871176 394814451
40 41
548126572 623680198 262511948 212234468 223191589 121849195 297712898 241957053 359731971 220347628 340715358 350541442 375293703 81344902 201366743 310770362 253444508 236600874 301443027 276375750 565423290 375577111 305692415 252722266 253444508 249011453 375293703 127813628 359731971 274063286 552751500 311840099 47509863 289466916 381258136 223191589 368218472 201366743 446383178 282711645
40 26
213447698 285480913 367526666 398318000 315674070 631348140 259402235 251177921 257898292 399368923 503291174 398724639 233480946 599449222 265709014 229196229 318799672 480281548 299724611 381138300 729749956 223360009 223603679 352773130 157778291 335440775 293344826 240140774 240140774 203431900 394392954 364874978 389115124 398724639 219601190 240140774 367526666 178716810 252032312 796636000
40 18
322352329 369105907 208185814 342052962 239849078 324122094 66856540 201049880 368072442 39930055 248115869 279132829 225257075 298193841 333209325 239849078 221299820 383703703 87764754 307216575 369105907 211480590 213670253 201049880 359705686 370393719 258951287 370118390 298881342 740787438 236625551 344444003 251630631 292058425 329196851 365737882 281341153 317007877 473251102 402099760
40 53
347275683 272015807 354715619 226865505 283624713 355735311 29435627 395151704 236840181 243658809 334535375 381647124 300285168 461809813 243658809 321249335 775807118 87131800 797947852 313997305 244671895 350684962 308315329 453731010 319708134 381647124 74333096 351307810 251362014 271594688 368693350 350684962 487317618 351307810 387903559 398973926 209291617 271784372 242068856 310890360
40 58
235158364 213335009 258104524 237957397 215403304 227165941 215546922 235270433 206969200 352039731 330322758 296509685 666148608 317316936 110747430 431093844 258104524 205742075 243309500 470316728 275844969 71095030 326150734 327483595 430878175 413938400 243790641 215403304 268721170 487581282 330322758 314159421 206969200 333074304 271165104 278064230 253955730 213335009 232473765 235270433
40 12
336278236 415850710 314620453 776472404 394631866 247713095 206458634 309623986 206458634 397918968 294001740 365893867 226367904 143664615 207925355 9438956 223162070 398880300 255621087 341853613 270563310 90886362 340510219 336125630 330976786 43285227 511242174 388236202 282494602 320540248 501934502 795837936 321672618 331071263 250967251 672556472 588003480 374262013 238607256 619247972
40 41
300723998 365382967 232257702 248613645 357028837 318000304 261874395 498763496 294437104 319929241 235335467 348724110 223592335 365382967 234363434 240461417 253821728 260038379 277269947 5854423 85742602 307936102 242738500 398360975 226077400 354497655 793725974 268817697 304608597 253821728 47382663 314941401 207121227 52428948 294869575 244768995 276021283 396862987 249381748 232257702
40 69
521674518 382023825 373109548 458311482 275816638 81969588 263939474 276571722 319630544 385325391 238670585 260837259 271345092 250715508 382023825 355242944 206288296 286470865 279571131 219893584 223880026 384780420 399242007 606711606 559142262 572941730 382963092 299583455 206698643 373109548 412576592 146654806 290625254 218618926 254245229 229155741 385325391 13605288 339283279 303355803
40 3
385385096 397020569 337731694 342712955 210719965 378459851 206112052 292580376 3206100 206112052 226331520 377401626 340736343 232249774 337731694 754803252 338142222 314151867 3666012 288914364 205422255 230901032 265545728 338142222 340736343 263767085 369730096 249585033 265545728 130016378 217177386 232238867 378459851 236403624 202216155 210719965 349523976 398542259 214910366 544083287
40 31
316062968 276114093 254497061 392641953 322579170 552228186 144364678 345543244 346447249 326070364 652140728 355689685 354010805 258598561 330159763 164343606 235904808 297893945 595787890 215637992 330870804 215063629 387003471 308768498 278505872 211425533 71561202 248895409 471809616 367898600 248345813 130479615 774006942 215063629 365320727 317952119 364125639 365320727 330159763 393260087
40 21
245640827 619261488 223294808 480475398 334498186 339407022 359581405 240237699 393475705 350093474 41551074 357085222 389798948 247064791 678814044 240237699 267799624 299670123 278333347 59099932 225117669 319108055 236782273 397597150 157359451 294207012 339407022 779597896 382581259 306164723 359581405 556666694 357085222 372973443 315231632 309630744 338600125 115305317 331534850 211374036
40 59
273508813 354116450 227799263 371005073 153751260 358430274 447496836 371005073 281306990 223748418 396609945 314232551 281306990 320622397 280805692 341251893 316717846 341105398 371377399 216563728 290923567 225074524 297441812 297235232 342948206 273508813 354116450 338840776 371377399 321355180 80878084 242858685 323449450 633435692 485717370 29899675 383971226 216563728 297441812 323449450
40 47
331919076 245708013 284678803 324919435 663838152 331919076 284678803 358088396 260452218 254510184 44698938 392198506 132533211 386806673 319514826 299530317 332720972 299933980 258844823 644130160 240781107 229760963 642024238 236797612 219730938 392985429 361073393 314379144 324919435 318229279 84819866 322065080 351709532 246075332 773613346 372923381 269680206 325508594 343664689 321012119
40 18
283103275 325875052 229777073 201516603 204994642 262209121 306484789 364203590 291323184 686915592 218197343 624785204 352911451 351654313 259309372 397321253 212253722 324782628 651690976 329645368 328154627 383626936 312392602 244899442 32432048 42742213 343457796 256079696 222397605 11292139 260291593 364203590 325845488 260291593 223444988 383626936 332463576 137935167 367712240 260607763
40 38
255369807 230023710 253248787 510739614 381248187 188635604 219413926 40963664 371537516 373643758 312831387 350329750 279880412 299608321 763284918 381642459 395680306 229599268 279880412 253248787 125519866 785473774 311514902 219066254 392604764 430317858 311767769 205973910 206199862 392736887 785209528 239687974 382044529 337231782 346391958 340678795 337231782 215158929 219066254 189480444
40 40
280723475 359407522 340676962 253625616 204705185 342133859 58855790 396448329 216230873 379931366 315257696 248130880 367369662 244739987 342133859 312481406 292621337 309521167 283895710 280022992 272371788 229090800 326233822 328777000 19540310 107776221 371105390 458181600 253625616 332021716 345325485 342936030 273625196 19255833 561446950 204705185 378490500 312481406 380711457 759862732
40 71
180613341 348204473 321294169 275030859 298879153 51856773 349878730 396072101 305289105 206879102 310344704 227026098 335635670 208385873 206879102 200501060 349878730 396072101 298879153 274404641 291523461 264225318 325011625 227026098 26265761 382419983 291523461 338273462 237097998 98182091 208385873 335635670 528450636 391995571 324861247 200501060 279752683 377934774 279752683 387492443
40 7
547734728 218123662 520401652 385640460 64669786 251276916 347079417 313413917 260200826 251770289 283636980 335515599 272489956 222096226 336520356 218123662 374360173 436247324 444192452 289494734 273867364 41056125 390142583 251770289 289494734 265726540 338537150 172018921 256752253 390142583 229651018 324462198 314923489 314923489 134363544 370283886 350987054 207838337 271551337 222096226
40 37
362438003 330367557 210406538 345456259 390749973 240402246 379004699 330367557 362438003 326980694 242894860 579083376 288196504 384356583 289541688 254229441 304724936 292299599 304724936 296400494 375561543 394639931 316229041 33967063 10751653 741330242 369855846 739711692 375561543 375645554 584599198 282901606 751123086 85529240 370665121 219195696 345456259 222610425 372687288 219195696
40 73
315751038 267741579 226656909 209711956 373499700 54926656 367741196 325103852 746999400 359362685 26690960 226656909 353403229 298476573 217602073 378411443 20067872 344572216 209470085 389534967 371731502 315751038 318480764 261311402 112188298 435204146 418940170 756822886 743463004 378411443 298412892 353403229 318480764 650207704 373499700 386950614 209711956 369779554 286243306 200861373
40 64
399340254 395141872 214069152 206875056 203537643 305957739 299831421 231488378 606464818 290777544 284833031 354632158 391739436 611915478 515474584 357952598 16475832 372235595 715905196 395141872 352266344 260866319 257737292 372235595 303232409 242739120 339361134 241261460 305957739 299831421 276086946 343727787 48038424 309112390 244817232 254198474 391739436 273536719 428138304 254608265
40 6
275851320 367466506 247637441 356193687 372396564 331901605 79056977 309295360 291881543 215876427 311847171 227807500 106198877 551702640 111358718 341284363 275851320 217238768 289717097 206211745 639336950 255138623 341284363 319668475 312410622 280188888 342192941 563451 255138623 398152530 348959062 229925645 363753266 233353645 495274882 214614712 289717097 381501418 210662644 308085032
40 31
292248758 56879034 370576820 302741196 415328896 391772090 352319185 356525150 242463519 354075344 795293528 370576820 307006794 245862162 227983141 312354957 266082767 457466598 328127767 710600494 656255534 214569154 677055814 204970964 204611339 338527907 397646764 285751430 370912479 284385963 210894003 355300247 206396365 207664448 268527862 63570026 412792730 219977963 369191045 228733299
40 40
214093139 224822376 218693241 269400949 592779046 550895504 337455889 295219801 300000673 389378275 269220254 278342470 203618254 783849618 380020934 323886226 349858074 393161506 329467146 339807506 398340479 282403802 223875545 337555613 389378275 391924809 224732767 62457663 327388019 329896305 330404837 366217425 253619496 57671035 275447752 253619496 282403802 381662352 54466925 296389523
40 11
380230175 380230175 79041891 234181070 468362140 82823482 335320597 265922033 361259285 358577593 317637945 342465435 291909467 290786157 380742923 226457044 379688284 324535147 372696390 226457044 303336315 32625680 220429215 280733960 293931758 581572314 311923095 263423544 323636050 334959508 308292541 380341245 252136026 284306291 336850242 275861769 42902090 353166835 336850242 240064567
40 71
558363950 252508987 378970840 279367922 366489158 244970964 214875154 558735844 241704936 279181975 335878715 321907021 201543235 594646118 301433451 358294428 114577822 384554300 716588856 373667175 358294428 317503809 288454689 228932445 304589051 457864890 763150440 381575220 256830542 207329199 333048592 266824055 13971694 297323059 249712734 324281076 321907021 257738713 769108600 297323059
40 63
73571186 362702448 219603363 319278436 296433813 68404927 244998048 231287833 341308325 235127195 342856192 685712384 327623957 270015047 278639988 395900846 321069654 319278436 684962028 327623957 289683500 235127195 234613334 296433813 325996748 208180085 274913219 334533509 251066596 368968430 352211174 251819700 396028884 183414773 251066596 283414319 278639988 342481014 274913219 327512903
40 1
372285829 289041951 281846376 214014870 250689105 33932202 242293744 712511454 403339926 279230616 371726354 246543823 280476025 330698365 334088126 298919830 159677816 332208440 41992147 272360508 597839660 307554002 260177001 344748378 260177001 263203229 318720387 298919830 27482646 387354333 364046822 560952050 281846376 356255727 201669963 251747970 229607319 217020856 376080273 689496756
40 13
464428062 245206005 221066653 379759673 312621019 299201955 232214031 436550650 218275325 284996499 284996499 313959637 153813412 232214031 297222424 442133306 328634197 249076472 312621019 539308748 376837838 107183464 372088737 298985356 219678510 333314558 94476752 238837806 220562873 315974229 218623857 245206005 315974229 490412010 269654374 359388512 383990268 114335894 323151941 313959637
40 62
326684537 281604199 268169371 394470533 268169371 205700366 138537879 265318305 264822007 219280088 390513790 211682527 385050655 201642634 131697289 233752389 590167792 289266228 373725672 289266228 205700366 708834866 385050655 265746611 204465158 31069618 295083896 231115533 788941066 337397655 747451344 265746611 345448467 358256139 238401191 354417433 144001014 291260950 246512776 281604199
40 54
422438198 320350125 227365359 234804618 296557567 786402904 401300834 211219099 243067414 99955833 259721871 309172867 345098859 353927133 217987720 311174932 335959665 350069100 97953768 244430977 319327603 200650417 308049418 519443742 79532791 369320515 324817964 286559702 68107518 305710729 308049418 330293560 211219099 268797237 270536309 280926468 251726497 393201452 299964611 251726497
40 66
342290941 342290941 163940493 253649108 556626566 344651114 292990828 689302228 225619777 287912560 272038905 225619777 567983040 276574550 377329802 230101389 209165083 283991520 380030821 349457788 374779963 337990789 353619902 70221792 366720057 250965641 501931282 309809029 358134352 243935388 271646903 296116038 309809029 149297121 253649108 239646572 206432636 355729757 377329802 278313283
40 17
51202054 238308196 239001521 363955157 209183084 263584110 340647349 350030956 241458817 338471188 394258624 226282317 366022489 270679958 353369502 290953714 71475810 361626036 291845011 372571440 22540484 222511775 485883456 28100579 232769329 234025687 207102649 291684689 291684689 269389474 293325938 397994548 581907428 223035442 342155768 322294453 396920271 446070884 291845011 242941728
40 53
377968508 326384511 25256945 14332426 320382153 255412628 332296772 322802758 363152630 414105492 726305260 320382153 391177787 319459747 592926666 353615158 237391878 363152630 6924764 319459747 319327903 233922131 30855858 298656510 326384511 482160404 207052746 241080202 271246985 571366652 307703806 321920140 248067630 325691436 285683326 322802758 296463333 297545813 316654576 379379469
40 44
501635822 302760036 289980868 302760036 131327373 14334341 348944321 374635440 285031835 250817911 219706210 354770703 386968501 363057386 240917241 215626437 233630907 358558198 336828263 243074782 220777693 243074782 285031835 255899342 228740441 474548148 445112544 353489634 355486844 358558198 222556272 228740441 330559505 227230825 240595689 330559505 347475147 227230825 237274074 355979093
40 40
222149630 359340262 360846926 286967072 294333978 239733955 240069313 262016817 222149630 309542627 398868324 306326745 322832933 94974752 217148576 372942936 248846007 318107992 341281481 286967072 286759347 309542627 265140553 207885824 234219009 311605552 373112365 272143423 307439715 207885824 217148576 250165456 107971812 22585379 241724152 289348867 303893572 272143423 234219009 375906841
40 29
374325676 628245664 360392125 349657150 391036287 224166889 286933034 322283879 376029842 377414098 573866068 212642614 31838415 381893792 211876117 326495716 360392125 366600521 76514593 301963043 196387888 317566250 289796393 247892144 331698089 301963043 237608239 376029842 299859674 235389397 425285228 314122832 237608239 763787584 396579736 534386258 227492528 161190339 267193129 200191848
40 36
337475235 307514171 346502911 364720385 651732566 297399467 216318171 297399467 374222993 390254200 204356044 371569684 214898987 672595696 56933632 374222993 321661932 169866949 230489392 336297848 321797761 307514171 594798934 397395340 360565254 216318171 389065188 364720385 321661932 460978784 292850001 325866283 384413032 221972467 1177387 378837685 330570366 355782881 279698626 661140732
40 64
395404940 395404940 393397450 284440594 323196234 386683507 318151676 253685851 392185308 350423046 543952838 21261083 361552388 584052218 279025630 636303352 250445385 226683894 342150589 228660167 264916984 302022372 292026109 271682425 237423847 592595974 243561369 386683507 271976419 6066239 271682425 790809880 296297987 374143857 202309513 318151676 123698472 253685851 264916984 265910180
40 63
290524495 253193552 235540125 665998824 265271421 226391194 228085985 280271446 224196654 332999412 656366602 235540125 329838960 392953237 260510336 228085985 228221222 309716951 224196654 328183301 39385037 227182728 200284255 754873050 454365456 377436525 392407579 104087072 265271421 228221222 62911880 530542842 371175265 456442444 332308294 323460003 252024989 448393308 329909532 53880252
40 55
220660829 288736814 367113742 384348950 392304831 323752612 275103608 333149785 387891455 263777629 206732355 734227484 261465040 324368783 90019658 374573457 264976140 275103608 226637032 294329292 392304831 365871752 217590479 253418484 120571321 387891455 354542959 217590479 300754171 283524490 312346578 261465040 300424514 181702153 291458035 68173645 264976140 390256643 276703070 249875798
40 65
393558462 227614218 455220252 270413283 129806640 283809017 689544900 231613724 290315784 228670033 283636226 207919301 356794902 393218057 300615480 203634499 283334140 222205737 344772450 332063115 201622058 383737265 34193432 31797693 316914462 248166197 227610126 782069518 257258913 383737265 391034759 384756096 361420364 270989522 351107894 567618034 327749500 481454038 344772450 283334140
40 68
332375372 376270960 365653595 74913560 278642530 370793113 325006322 688326988 325006322 204105409 248810474 344163494 27593588 314785050 302892562 295879553 250595955 370793113 336865093 367448779 299469899 501191910 399424477 429663554 355046335 303206373 216550437 258663434 332375372 206282934 299469899 497620948 216550437 331071936 391008770 341627809 261016305 398386701 271013002 398386701
40 13
344345145 238300823 244308915 311896113 332216543 339073949 332216543 332088996 386877564 355312748 691102516 512260797 750561620 345551258 261239273 381036919 224823261 224823261 335308333 205490346 314937794 238300823 277511333 375280810 261239273 522478546 343155137 260335699 256936067 339691832 254346385 119797646 333095607 313806026 313806026 20004415 356276536 255846802 52566753 311801114
40 40
231662818 344878532 94052897 218755205 351197147 249472281 271755247 607484786 484112470 293139333 328357681 138121682 272204254 305689204 324963613 266321269 231662818 209393870 242056235 242056235 305266249 272151546 327974567 301795582 280600705 296654199 254087075 211636307 689757064 303742393 398170281 301338023 330544721 358012505 240928944 327071176 351197147 272204254 380177917 543510494
40 56
210362991 367866303 345741415 517849574 112365619 708828564 356520149 99706821 294634440 293822514 424545840 466769308 359732638 399716185 214223500 261655660 367866303 717673734 216485371 258924787 303723848 233384654 354414282 294634440 331680110 719465276 127331685 256863355 216485371 272384500 256813328 353560795 358836867 254384692 352494128 210362991 288319757 369228974 212272920 276149240
40 8
297891431 395439740 407075784 340222948 363236519 203537892 397423256 327047895 296573979 220744837 256320947 200495207 308551389 398422009 226351815 208679552 259111451 389334749 277744442 376644102 117695298 417359104 389334749 399914242 326562017 361546198 341068645 256320947 68877723 273715731 272980599 224592032 356682682 77249235 212502695 335807846 212502695 383391601 296573979 2982269
40 16
663953336 331976668 309823652 373325233 274227278 297374276 299871054 389570146 359963816 340890264 378227383 336700509 260229660 673401018 252933403 280996660 349833605 231074542 360120786 229468837 252933403 253796193 334795440 330205000 368521721 226550242 243651305 296903406 32434969 398121630 336700509 619647304 393732359 4524300 231074542 746650466 101231481 346384547 332306023 287073706
40 16
224401939 600286698 63453484 299404115 336108485 234534224 277959342 234534224 311530215 356205471 623060430 324120650 86366110 609724104 204320316 247300784 345502764 234635886 296753400 359028537 297859201 595718402 304422309 322188656 321001996 350837703 356205471 345502764 242321432 346000902 304862052 367511801 296753400 300143349 386081438 236689865 308898252 85938089 236689865 350837703
40 58
100711982 628323460 399906946 303036782 270460722 306169955 261670200 280535628 315965705 328229664 226235220 399622404 297588150 292746743 339476389 340970746 261427814 205457973 230686616 258088386 311370604 29953542 205346038 291381356 297588150 612339910 306169955 339476389 231641837 264262723 314161730 1803975 366644504 248771987 264262723 44438162 340970746 302704537 293210149 399906946
40 43
693312714 490545492 264048300 24203660 646762024 317920362 767264628 225595999 59332712 347604018 383632314 330839519 233130117 301919837 236932902 330839519 213935573 323381012 306635859 347604018 236932902 695208036 346656357 324061886 379095879 379095879 352398134 306635859 110671116 377502214 321142862 371480836 338623422 263159999 213935573 6777633 661679038 279773737 391670231 245272746
40 76
283905138 365073201 228077774 341600968 379950026 381776974 332930281 348686139 326854530 254867835 338951761 386947818 215344528 356321600 215344528 39523307 366294878 381776974 261313970 292675600 775453286 365073201 208018354 86036148 234911413 328918525 430689056 288182439 387726643 358491356 42825213 340336800 456155548 360101567 763553948 321935471 97871836 300911670 284228605 286887274
40 43
224365224 3828692 374038418 308718177 372032734 300882714 362373118 359988683 399592171 744065468 217239890 387107747 378604080 397631083 266098290 308718177 287318291 337046599 273289811 238170864 266098290 276612962 288558978 220033110 281243989 381692350 774215494 346123672 357638368 311836459 223861802 223861802 447723604 336147260 623672918 94374059 386427100 320930044 220033110 601765428
40 29
375062393 301875699 306807995 92348609 306807995 264642900 296928568 452441616 392960551 311521891 303281194 97182464 408281358 355218313 275947235 310138973 350358183 200888327 239790406 346196770 226220808 296928568 507696322 346368125 395894487 204140679 221787035 210819332 327281791 112443067 374506356 234966797 253848161 692393540 343962069 388777886 344231103 391861362 209625531 319545724
40 49
139371764 246294286 25804429 277488943 206155686 366020166 625128300 212154261 205969068 222651595 205969068 329134205 264786758 395156381 345527450 395346257 201489166 402978332 264537265 445303190 228012300 359862562 396002797 391824595 248911156 378834014 361238012 368717146 245111308 783649190 212453377 201489166 323180423 308197061 336695801 366020166 312915167 71519875 312564150 329134205
40 30
105861074 292619571 730204044 265287576 368219862 330056312 287035455 365102022 372583786 665133904 241692432 755884216 280773313 240562097 377942108 360544214 268817975 166473695 27019561 36613873 368402608 266722712 585239142 210977339 453509150 332566952 281051277 266722712 372583786 357956890 394821366 368944858 305885811 360307482 260015894 323693609 357956890 226754575 537635950 208308594
40 38
344186914 391051052 277552869 252355720 237240998 347886873 376232579 782102104 11710435 531684868 341369887 286857615 650476272 336504042 227823183 437885336 223852718 345743907 229439382 277552869 39090339 265842434 286347719 344186914 204912239 122427219 125444286 344249805 409824478 249049818 391286720 336504042 259920167 302662303 383277253 366169606 391051052 218942668 315000838 325238136
40 73
363645298 390288838 253919673 260080546 369391555 318959030 597373898 321980980 341371905 526701234 747697448 386754939 384173380 354371072 281619695 243062166 235845623 325658434 263350617 338011595 263350617 280803704 36405859 207555752 364063422 400887405 284655161 373848724 296752687 31225315 349719143 332441709 201389322 204620308 362100905 298686949 207555752 327239439 217517920 728126844
40 68
381135381 248289423 232915702 393987788 315882423 399928513 771590046 377439844 387222614 17390593 326819474 503822344 355460858 251911172 329712403 256304418 313561773 251911172 32945020 226517547 512608836 427284574 385795023 12875260 234265906 361042768 328508471 351867384 342186786 314126009 326819474 653638948 303035632 322834485 314126009 213642287 370685133 314473978 372851451 159721882
40 39
26004789 335096340 225727662 85793320 211767522 263778176 336628028 368176919 211767522 225743466 12029921 564767198 366747491 208273345 347304593 367137314 533288896 733494982 260162267 366747491 237522544 368176919 225743466 282383599 266644448 335018592 260797740 28451633 503496510 317098635 306566959 397283020 226648422 453296844 613133918 306566959 335297417 251748255 375946269 347304593
40 7
239698221 12469074 252167295 312183369 298466195 204589534 288745054 352584779 583892958 291946479 72485148 321200707 624366738 266125128 239682881 282285966 781027254 390513627 352584779 93086922 43006260 291946479 275564791 331751314 564571932 214732517 266483279 532250256 282285966 239698221 235677367 239682881 679589386 294404756 308762528 201317834 339794693 232051062 323949013 226236889
40 63
297639600 569167670 676043490 284583835 341062572 315274599 340614348 331615178 299700621 293862742 290412093 374917987 254321725 324252886 364149781 338021745 308838800 77780351 235016359 13901188 263236908 257756695 210379819 231101575 243456340 297639600 266484524 374917987 216903666 389093929 159821749 433807332 329717236 216082391 388819175 375904140 269900471 231101575 399921120 45133401
40 61
439379396 790908760 290784627 304404520 394893166 219689698 335078442 386421175 358204049 357711954 304410712 16776820 283208245 344640704 462392253 290028216 373881780 68066589 747763560 608294696 210446418 357711954 285135606 356025614 657033014 328516507 309124783 219689698 249108801 276574115 608821424 261737227 290028216 395454380 307561447 271547989 251098993 328516507 307561447 304147348
40 54
299882171 205055853 253667488 387088508 273612792 221311509 253667488 378491289 717898184 370667081 205055853 387257859 264345868 312963321 279315940 380827261 220759081 230648315 393179920 221311509 284711686 270223856 223657397 302313487 288669956 388051043 397503213 336675151 220759081 376545720 11883694 352086040 358949092 673350302 35002468 387088508 214971841 230648315 211773703 291803072
40 45
513924596 658714874 366226770 292791374 234652059 250106836 245618567 134530731 213120914 351301048 377748865 263937346 310657370 256962298 307350125 259855064 407137040 390902988 304822955 240308416 204224014 329357437 292791374 503127936 79250601 213120914 246970236 398468077 282232510 204224014 44967891 221003974 203568520 519710128 320427814 272403670 251563968 301882402 22377446 408448028
40 5
250513024 369118644 255714076 466614212 331144542 234970033 165552568 481089952 368381302 293817970 296656373 387170316 388248904 268607594 239332067 239332067 285479249 391683324 315928269 234404513 371243236 291641423 267711839 221617748 478664134 220180960 146625340 550842774 247879062 247879062 443235496 275421387 141133200 250550124 285479249 389031744 240544976 233307106 117868278 342483666
40 65
216639040 203946115 356557539 300139058 204528039 208293720 211034638 353579348 294349534 286939773 422069276 368607977 374959968 214777681 356557539 341582837 573879546 387564304 170431929 217398138 374959968 203946115 368607977 713115078 255951493 646167170 747901298 42636791 268516966 354000969 708001938 375942066 377650204 373950649 416587440 205065129 268516966 323083585 227990814 375942066
40 76
545088674 251012350 59422807 341868539 202192515 398564447 239430721 280170012 502024700 321457153 157709008 398493807 252926852 350248411 239914692 274776210 384462642 251012350 262234649 483976632 398076893 240784799 226753634 272544337 373321541 398493807 220989834 251245209 241988316 383582362 342410091 337968955 262034346 9107494 321457153 398076893 210748939 797128894 524469298 262034346
40 25
323378240 2889943 255650433 324480279 284227441 318454228 279118061 709223908 364616689 83180061 336646110 345912514 688680562 374696202 292443196 220952803 384632883 333756167 384015898 354611954 387951064 239496138 768031796 97501425 229677282 333756167 315258186 395991634 377504357 318722711 391242490 367618113 315258186 398885894 251422899 344340281 398438247 242187223 318454228 212689364
40 37
360264944 341141788 394590110 711305416 342780683 220204743 355652708 201785732 372639652 367590210 317185884 456567532 208477150 221122420 208477150 246210720 261617514 367590210 341141788 345916569 380359197 136547519 370360885 236092133 261617514 6850529 403571464 228283766 324242928 376365288 691833138 319207932 268161360 324775899 752730576 360264944 317185884 374440739 376365288 634371768
40 44
229686050 298714839 360523480 459372100 356145562 714097052 49137320 346242896 382143986 200334810 229686050 313140472 216147223 279884788 262751017 295316711 205262277 270521930 357048526 305194844 225513682 451027364 385459769 284708518 279798707 311386160 590633422 312939432 218146574 284708518 96792209 295316711 219576250 183992469 262751017 334820428 205262277 389254746 307490440 200334810
40 64
529554900 280312939 238660783 395532198 245991024 337283222 131430316 209744751 236029738 232660449 368481858 263538982 302932993 142463398 225643351 491982048 263858796 388467329 240439006 261828560 378838767 1238468 404988882 314108952 310978555 721103464 202494441 166277493 246003931 527717592 273094748 264777450 263538982 360551732 232660449 361440099 312338680 395904023 255863240 261828560
40 23
349654219 212389884 212422943 277720016 394048786 356344370 314310305 370442448 336509251 279841006 36590289 360291500 384879507 225506719 223833200 673018502 315977129 261029640 317971069 403465816 241702998 257341959 793265456 44314371 389793677 201732908 213578935 302171091 184446492 396632728 384478642 380323649 303176183 42146543 536136508 268068254 354864538 334241065 268068254 720583000
40 60
201636469 364117284 317490911 208651065 260349792 250865274 47603263 417302130 308335212 505692232 236654335 337667042 295033380 253971226 260349792 354927478 327135677 387842025 675334084 295033380 339609977 172782767 252846116 250865274 359559840 374419236 218216738 398153618 337667042 203085049 238749199 19491758 228615961 709854956 92808645 364117284 520699584 387842025 206367963 286886619
40 25
319672227 319672227 663202278 258447047 201849322 239924387 300617381 254210709 745104520 37638454 258447047 246592700 242547004 251298048 360400652 385068402 784397948 372552260 392198974 239705710 254210709 393913942 290256938 276254949 291849163 530187239 266840828 288396771 242547004 576793542 246922526 331601139 479848774 253497779 381463137 580513876 350253269 639344454 146991416 493845052
40 50
723278436 269885442 237129336 204151601 206301510 216127741 308959078 374943990 432255482 362122802 379507582 379507582 242865097 264310170 539770884 357456671 173206072 387689759 315502146 239845732 321220917 264310170 229796982 102586107 295062705 373994493 395431338 459593964 387142256 3019365 204151601 239845732 317581129 315597874 204783263 3667204 212026293 239197893 361639218 276921475
40 38
258745326 228934651 359674183 377099814 209991108 323184469 322325356 259012481 223288914 331815362 20166297 216088196 239720082 373164787 289403267 289948511 290710121 394423692 310705794 397520357 231130892 207821386 290710121 359340093 292665518 210964595 581420242 355389539 795040714 294326837 504330593 377099814 350059250 432176392 386628014 397452929 289948511 290755997 1352730 163173679
40 57
655453856 384608666 251988173 230978109 327726928 315432048 382535306 256941075 382535306 290916733 364877165 304408135 348636896 743556726 792808218 118690643 38857908 343677398 251759528 371778363 154882160 364824370 260951623 343677398 385066433 262838149 261586480 385066433 290916733 230978109 370450171 261586480 503519056 304408135 630864096 381162077 513882150 52593899 396404109 373499528
40 8
351615915 227485337 531050756 395005706 371775602 357211620 250060064 344869485 397409375 18321834 388527235 218950349 361150209 63969941 325041980 227439337 542105812 252393971 265525378 390704927 378242286 371775602 324557294 353117552 270205669 351615915 249862445 271052906 207458295 287198165 218950349 357535416 414916590 388527235 207458295 46000 227485337 270715805 303783663 244561635
40 6
402046734 305660469 230244315 310694016 211561890 234288866 794730178 377765869 260533829 755531738 244790009 201023367 227325988 237028881 235517557 332397698 397365089 261127953 373145623 319390290 320384249 298438873 114515403 384949201 284506243 308305136 270748700 310207856 522255906 211561890 397365089 296136441 331716792 629248914 314624457 554931794 263250466 277465897 468577732 263250466
40 13
282994128 260750586 392786156 252336622 300450630 319799120 243808951 335680435 380271196 671360870 347507503 263391363 521501172 278605519 380271196 357091117 114180637 328176572 361041821 375446296 375999535 249316281 370473245 59145086 200911758 750892592 278605519 331371780 298853628 248177207 331371780 220015770 231752725 284550734 399184702 217901756 333641070 370473245 526782726 751999070
40 26
270449001 333746871 377273691 17493560 327832643 600843258 300421629 309650556 308624177 754547382 17974060 341979023 341979023 239189557 239189557 271216016 366524163 366524163 210774050 345193768 154464718 271263669 251026455 377273691 224824167 374019090 210774050 277149734 256683117 412568359 343403759 219554372 398377585 272877013 374019090 238903590 359299631 686807518 384818888 300421629
40 42
83139638 613317582 784064838 308892781 279641957 308892781 543293108 271646554 292099577 325725689 203170614 327851846 99119305 269414470 357952203 715904406 279641957 286092694 378761262 276469026 357958009 572185388 538828940 217953262 279997882 217953262 231283588 336639593 559283914 307202579 552938052 260523194 371654966 306658791 357958009 497951144 392032419 369267367 406341228 231283588
40 57
265866077 446037798 265499672 283623963 207243240 206778722 446033555 314287854 238398489 530999344 223018899 243836268 221143408 399157347 235171320 369935514 307622272 289688040 238398489 636899326 795928302 266499499 265866077 336620623 370371832 273926082 356266527 31155249 240257450 333973226 266499499 223018899 470342640 318449663 265499672 397964151 331474833 387197493 308983622 712533054
40 24
397227648 15404632 329542211 204362867 254320497 709775126 355351591 206699328 372075008 221718129 204362867 339538632 351801662 370327524 679077264 206699328 321349214 304792114 392182651 341124533 248086400 298838737 296157005 221718129 259869219 597677474 348555788 314760465 297402339 355351591 354887563 325719901 25809380 321349214 267162828 341124533 519738438 276202963 296157005 381160971
40 10
359133305 664815134 18150692 265560625 308156202 332407567 250139991 333693102 389490522 379368599 359133305 315359446 223715905 265560625 104903849 205703399 637472104 303323742 280949602 254497142 20235294 221455596 583461504 287729727 263421899 575459454 200976570 287729727 291730752 305880419 596979694 561899204 251805275 259294935 318736052 200976570 221455596 389697998 401953140 298489847
40 59
344072980 210377469 266753135 317276492 334516058 241240716 237177571 289847908 265796824 474750562 329667488 71794161 207995410 649574938 314928230 222288616 285738811 378697677 297458169 19285511 285738811 321622153 26897436 336754743 324787469 322222965 218053747 673509486 248205899 268224331 218053747 304456087 334516058 329667488 536448662 365660063 348519589 669032116 697039178 336754743
40 1
273980804 305553790 359944057 318196378 451017288 692637920 300356447 523866120 68526133 21505970 359287349 587454268 204359209 71730628 261944274 390667286 277993545 261933060 282395936 277993545 310453646 272221164 273980804 239554913 307948902 370287687 212509090 315233104 313018420 346318960 225508644 216011784 305327023 241927513 256196771 243295547 293727134 234806667 223365158 620907292
40 41
795843154 213552773 213552773 322715286 397921577 313959930 272661319 125191200 309435887 302777254 163700860 293505150 377253633 261090610 276396886 290766316 427105546 356627483 447906486 293505150 390619576 346115969 322715286 276139614 230096422 109162513 340176124 398355259 797132902 223953243 383280348 299445597 398355259 260636722 559694714 276139614 398566451 254488654 244085641 279847357
