509139824
534389309
488537457
988861639
883172908
666821419
753777398
627204766
45695875
917363447
1048339
999420
1046904
1048512
1048522
1036284
1040348
1040252
1048472
1048576
1048534
1041918
1047020
1048576
1047912
1015803
1040382
1048298
1044463
1048460
1043935
1043456
1047792
1047516
1032186
980992
1045944
1032186
1015798
1044474
1048294
1048522
980992
1048271
1048542
1032190
1046254
1013760
1048574
1043966
1039839
1032189
1048544
1040768
1039866
1046523
1048403
1046260
1015808
1046528
1048516
1045948
1048574
1011712
1046451
1048047
1048419
1045887
1015806
1031646
1048425
1048058
1048424
1038334
1046140
1047671
1047548
982784
1046198
1032063
1032060
1048512
1031932
1048551
1015552
1042426
1028095
1048014
1044470
1032127
1046520
1048520
1039356
1048284
1037808
1048575
1041920
1046016
1032186
1007615
1042924
1036282
1043950
1042426
1048370
1046525
1032186
1048540
1048522
1048543
