375401471
80322740
491785276
448582181
436833730
707437
107488993
530576117
346223978
190301593
786502
975472
1031920
961260
1048387
975457
1047570
1048557
1048576
1048576
954418
1044373
1035109
568379
1014044
541374
610295
954413
1031920
529037
608489
1032608
1043545
1031920
844947
1047419
1035109
545001
528495
1048576
1048557
1047420
570509
555315
878855
917397
541330
954413
528590
792634
597931
558736
1048557
530054
545002
1047419
1047570
541329
1016424
541414
568317
1032728
1048387
530054
878844
1031923
1048576
1004794
1044373
541998
1035109
1004793
1035125
552924
543818
1044373
917502
1048557
573446
1014044
1031920
526984
1048387
1048576
526350
537814
526448
1031922
532055
1048576
810717
529934
526892
545001
1048576
1048557
529989
526600
1048576
1048387
1031923
527354
1004793
1048557
929773
526448
878844
1048403
526727
618651
