402953166
363581695
132204579
89510515
569985412
803267095
318753184
915384934
770298088
828436848
1048576
1035109
878844
1048576
767050
1004793
1047587
541434
786488
530122
527019
954413
1048575
696018
1031921
541374
531053
1014044
541998
878854
1043545
639116
529934
917397
897480
1048387
1044373
878844
786487
568317
532978
1048576
526154
954413
786498
1014044
954413
696369
526645
878855
531173
618616
1043545
553144
526435
527479
1014164
844947
599921
766959
1044374
530054
558745
878844
597919
696005
1048576
1044374
1048403
954414
696369
528606
1048576
1044509
604640
878850
570444
528470
1048576
810717
848860
1048575
1014045
1044373
618660
618617
639038
786488
1031920
1043677
1048557
1044509
844506
1044373
1048403
1048576
545002
694144
529989
555304
610295
878850
1031923
529934
658486
1031920
1035789
618651
786494
1048387
