564033263
966835399
660560051
970899523
181744655
925800409
808163178
326383702
406018584
327334047
443576959
983053772
691819296
879286691
602402894
311125689
264162528
179085867
37750867
41197255
391852705
343921555
768218615
731707815
485924648
538279941
32118238
615911178
536869808
941976777
591990565
730820879
765575119
111280542
442118391
274164444
944959368
890475811
189594260
441174320
444595122
74885324
98737753
24441484
397254939
122351215
710787281
975187652
444595122
994429185
396324646
380745960
188553404
760023124
444595123
768756577
444085411
384139419
848201666
28853045
287641537
848423256
739061270
444585947
434307787
280633992
995843396
93727721
444083965
444161402
858767309
266546563
58620065
755062307
486139577
690582781
489882172
164868189
941677624
701053645
535115359
74060542
444593713
727030339
941728849
581411212
530350376
860012589
78879908
451150444
948829340
914664850
841709696
821813510
228327321
149252982
852010084
444595119
573982397
311725146
431020081
402015161
444595123
105591695
48366778
199822398
739294760
347427583
43239627
736665372
444084043
211451944
416949183
615146044
430608552
347695335
516443533
836265239
804408271
250665337
561609562
519214467
940894840
927952854
33998346
444595123
758834266
444595123
436359402
508890992
