600264695
39357352
235535890
782293234
993244943
360219165
96057360
766591050
357752299
498144074
845970078
188625707
706768466
456151756
228310211
252023756
432840173
689982187
687238878
884002482
385793567
754707689
550406858
187154779
553477005
481980684
256464329
205204906
981496932
528706790
862898882
444595085
302470603
263820891
61776065
190918669
107526711
222408592
444595122
538358777
960089436
410379261
444595123
167172334
439860118
652446603
148765600
443560049
444595123
995197088
120958175
448289373
753783172
524231931
219857217
423035007
753757467
889574122
83076499
843106991
444595123
991835059
858979151
19230832
444091287
716683986
510985750
460861420
444594975
444595122
647341078
376361746
702777084
395557501
403816299
376505219
887249898
120576307
257626440
873916607
734241107
444521304
444150049
548917144
869379442
963715623
970540464
14732467
976461765
239787095
413391461
330237073
277855657
453060384
881623558
444595084
883558496
665907246
900310747
995214534
150537930
495416118
444593787
444595123
938348357
572693817
944654481
81686940
717906696
336342218
40005336
650553160
766350185
281293490
392191433
656108011
476544619
444595123
97001320
815366547
957922088
30140835
534502345
335461518
292825006
444595085
444595047
387635650
262324912
937793666
