4 500
10 14
747692370 228144078 308621624 373846185 340324580 391975304 219863663 200745799 680649160 200745799
10 8
261588386 291519810 396827053 17098468 398290998 241888410 244489918 237971430 523176772 387377090
10 15
335848963 245285064 283455355 255198298 241399544 397575380 289874564 482799088 325275573 397575380
10 14
375945639 300691087 374186854 225197671 304661507 515234342 249306646 257617171 73495767 249306646
10 5
317564698 484326204 580228982 242163102 269280509 317564698 218502355 361726627 290114491 229782827
10 5
267187650 534375300 475844398 306258357 208511559 397065997 242395066 78778401 237922199 203522684
10 11
376248255 258122266 322719480 335494958 258122266 220392628 440785256 149956538 208326974 370349166
10 12
393269647 364917976 396611770 267247982 109990250 375392063 687008710 393269647 343504355 265401813
10 4
344734393 326319987 326319987 17618625 298609411 298609411 280990786 273941687 547883374 252701717
10 1
367369277 231228593 353663808 382180242 231228593 337224860 359451763 382180242 734738554 14810965
10 3
356736896 247901863 212845507 212766600 345999819 279857500 373571199 313500775 343535987 687071974
10 17
371842215 378658251 222588134 280385188 378658251 266533218 200719087 365225943 43945084 373471112
10 10
319191822 343000099 303261982 261362521 336423529 8406350 327828322 345141927 336735577 327828322
10 3
372537716 424331942 307215601 372537716 294621865 335726255 307215601 247120568 212165971 671452510
10 11
296353713 346285967 296353713 121335517 339058931 592707426 217723414 435446828 217723414 339058931
10 14
297082029 326414114 335460141 467099029 382090529 237238838 228199089 335460141 297082029 764181058
10 4
317199147 278549371 302142779 317199147 337453811 338625071 301565998 58904440 356103399 278549371
10 1
293583179 741957508 316830831 370978754 633661662 353590459 360792539 60007280 356666277 360792539
10 14
427699830 220798296 250908249 213849915 220798296 331195593 119600945 333450860 293303573 331195593
10 16
268687885 268687885 248585785 346521160 321549340 322874666 497171570 537375770 200046138 292220971
10 9
303697899 233581926 725362560 374150536 298540927 323186752 11469256 374150536 362681280 467163852
10 5
246368432 238215372 425307236 246368432 173110656 506987568 372426897 212653618 253493784 385764274
10 12
206228682 326743404 94977064 308309451 385150715 280500478 389801244 213332387 561000956 206228682
10 19
571890000 215564446 333516685 215564446 70380554 397169825 245760827 314845756 245760827 285945000
10 18
3198502 250785773 744075908 372037954 225289321 217088458 317170730 306732952 250785773 220286960
10 10
346070411 297421034 386551656 277149294 277149294 371155440 313040306 315861076 346070411 269396496
10 5
353701881 376075989 309305933 288119606 262762528 229582397 351312896 228364787 81248424 294827565
10 3
346160086 222275157 376133223 520668676 789975574 260334338 394987787 260334338 379849527 217682540
10 2
432118044 310950053 202659022 310950053 348020134 309571655 202659022 394997766 216059022 375347400
10 16
350741814 9018093 341723721 297703841 327515587 286578855 243216300 225931537 396960898 573157710
10 12
5611307 339766410 270778667 507067794 347868025 311287630 552779948 253533897 218457192 276389974
10 18
355916945 349171889 535010 298108558 369378745 381275406 271737561 262171459 314389507 298643568
10 15
708730494 335909571 339026423 319658737 304250802 315753379 200312527 3116852 354365247 370718415
10 4
487769943 717112022 300329635 299451324 758763338 270993395 358556011 225014614 379381669 225014614
10 1
300855027 238007176 15685183 315541890 393215376 237941330 381489734 762979468 381489734 253692359
10 2
781213652 390606826 382460524 108357782 236490169 283898012 236490169 689695902 344847951 201177737
10 10
246850020 313175084 353128520 287530373 355750124 25644711 711500248 313175084 241257626 246850020
10 13
370088371 370088371 361832518 279308742 336309985 740176742 292217690 323473345 378344224 338502303
10 9
241953016 298070439 287226397 69385860 264544410 311338876 596140878 361982756 241953016 298070439
10 5
258145407 776785430 697449774 215474485 208828658 567956772 208828658 388392715 348724887 370720933
10 3
272696658 359460255 230880444 265353424 51316705 365301475 245509852 359460255 316670129 272696658
10 16
204117381 242640579 217386037 89425068 335748580 241997502 359862722 332065647 202307452 264036734
10 5
6954 251535937 306648423 251535937 251542891 250219179 237189346 204033533 257874928 233852825
10 14
204069336 207078982 404977536 308610427 202462167 233137815 466275630 4590214 371681956 202488768
10 17
233657941 143173060 370941054 237675985 342783301 342783301 237675985 376831001 287385322 254610292
10 6
385143887 37476287 349309642 266537292 698619284 289405401 289405401 286293821 386785929 286293821
10 11
393358281 340618305 766247774 42834756 376275390 213136818 322676957 279842201 379748493 383123887
10 1
341413031 307826233 351571575 351571575 568836480 374149063 307826233 322609684 236409936 284418240
10 14
200425340 330217609 343188495 330217609 383415751 394388533 219590541 311550461 383415751 300691342
10 9
353012005 221476586 571375098 312937825 285687549 231951273 226465987 233260162 231951273 226465987
10 19
310974598 320107378 390183772 219075355 230226479 621949196 21041293 219650530 391178894 369142479
10 4
282287665 282698055 205340815 290765357 392212094 291943813 274450004 16315353 370023254 212406537
10 15
205052560 300550879 320075009 320075009 339835123 360194757 18202535 360194757 378397292 283315492
10 13
352170133 269966726 298925578 476602972 269966726 544541088 238301486 272270544 352170133 375045159
10 12
620587368 342317907 289923477 32024223 218048603 310293684 227759808 342317907 218048603 227759808
10 18
227704739 220526287 260113771 455409478 368949625 227704739 234501116 391692603 326700552 98995813
10 6
434098234 659831538 329967529 353637091 279979387 217049117 256072085 329915769 329864009 351337686
10 1
335770941 201886208 302185378 604370756 278964963 351892523 242776553 150006315 259987249 351892523
10 18
456748260 319352670 228374130 375224137 214939746 375224137 131582665 268750928 222014191 243641472
10 19
348231746 365581475 598870478 359227154 696463492 299435239 105909860 382988160 365988574 277078300
10 7
788116772 358451831 235820995 365635689 314878394 314878394 266191494 132670814 394058386 398862308
10 17
294836831 249169495 465134350 716948462 358474231 235906528 235906528 236938862 294836831 232567175
10 4
228846142 274300917 227412056 548601834 228846142 354943656 319755692 375685537 240148919 202396593
10 14
336031590 355100387 210464065 302998478 299605859 271762854 239188556 256787731 355100387 89141794
10 3
319650208 315283503 206308339 324282574 424258667 253632217 324282574 630567006 283060596 319650208
10 6
295600024 200043345 203347630 374949774 225610198 591200048 784212956 392106478 312412623 295600024
10 17
279745573 349917119 58695417 249104055 338440990 279745573 269982472 261412395 363381397 246822426
10 9
214607887 296351876 202146756 210068148 763502298 381751149 381751149 302736154 301855311 167143262
10 4
336562008 348277126 232315322 393762671 261909121 250082053 60720059 275841949 267822506 551683898
10 2
311836638 216356432 302856219 284318116 226418731 373392658 226418731 311836638 285766492 284318116
10 9
304481207 247273403 230723891 23476800 230723891 221751570 264855379 207247091 207247091 343949152
10 6
704423356 352211678 771681844 367217152 305320849 352211678 734434304 203471812 610641698 385840922
10 1
289327241 223187187 385396022 397304404 588158606 349213921 294079303 309208197 354965252 66140054
10 4
358090969 326530316 239322957 290557754 326530316 51234797 366347495 283388824 324772627 376202743
10 15
366171886 337582921 357415229 8756657 339543316 297089898 337582921 310709951 621419902 222446706
10 15
371656215 279007850 298343383 60338999 678693698 249710127 289928844 339346849 216133226 270415515
10 14
319935179 257100175 639870358 234144060 287645821 211247107 203836010 203836010 309166618 30308050
10 9
209270926 269573954 369856096 132107264 237748832 369856096 209270926 207736782 262185318 316097171
10 1
304215517 60898429 311110774 230570767 266201311 316285105 291469196 291469196 280587484 295286056
10 11
760080980 205474983 202919068 388793526 284308698 475772282 380040490 388859725 263103068 284308698
10 18
312538902 213404230 325174796 398652982 333693754 366173368 325174796 333693754 667387508 732346736
10 2
240888575 392221234 84960369 298310285 207210875 265234046 239625816 264589859 301981113 386941482
10 13
219340913 313362680 259433791 350589881 307797290 219340913 313362680 255257231 393412272 264646068
10 7
260501669 538836736 282241852 615619266 307809633 564483704 273064070 521003338 269418368 396285614
10 4
306534429 335629298 207642651 245327364 334311406 98891778 368733032 228786904 306534429 668622812
10 16
382386365 323766320 282555440 382386365 304925544 647532640 365953331 352897721 548296972 274148486
10 3
267978320 306518824 682270674 362840030 341135337 341089094 362840030 234134445 73157017 682178188
10 14
217504654 218426549 385844139 385844139 321246114 204651298 393784707 219348444 436853098 254697675
10 15
361177921 278043092 278043092 722355842 223517212 348753974 751657218 375828609 306959498 306959498
10 9
525793216 266851244 407700636 200135612 207565024 262896608 321504104 362344406 200135612 203850318
10 3
213494616 375536659 213494616 326709095 714371960 338205339 228201904 287951437 357185980 287951437
10 8
247376922 326383293 383989817 240745664 328019515 580956256 320456125 247111344 143244153 290478128
10 7
209004983 216872461 512217214 256108607 254514615 216872461 342621234 234548301 169595980 281479993
10 12
244517971 360373788 374172044 377419213 323795230 322928467 336944442 244517971 378151399 3979355
10 14
347899478 399152989 284946579 408944804 204472402 352379934 222399678 214250981 35854552 444799356
10 13
373538391 391569976 291073286 383133928 383133928 324271835 291073286 387797361 391569976 747076782
10 18
347543343 370969381 201569248 392148242 300503939 347543343 47039404 201569248 205493554 291259651
10 12
380187695 372635282 348424798 244763258 274555583 1412774 386998302 772609488 386304744 371222508
10 16
296165091 528920198 232755107 296165091 313698015 379334215 264460099 264460099 223953764 592330182
10 4
248995432 334237893 382892622 373337019 260079119 39099126 373337019 269350836 360077446 334237893
10 19
329381168 323100411 369758026 230094607 293691514 328659969 261749668 310188190 5559558 217390036
10 19
349571522 279309935 359984818 219566240 159822545 439132480 351140286 474233372 237116686 279665945
10 6
357334073 307655896 250141938 269096286 307655896 615311792 323849441 714668146 380662898 323849441
10 3
603304822 645082436 321663572 330423397 387428244 384079786 322541218 643327144 64887026 301652411
10 8
288755319 352003418 333268247 328356729 294499219 272473224 364969964 218891105 239633233 79530194
10 9
338308147 354982076 353615066 243376483 216020938 359171124 287986998 94931664 707230132 243376483
10 7
375438494 203419571 203419571 375438494 82349215 293089279 293089279 308921180 331937581 278851776
10 19
736920304 243274248 319573940 337117749 368460152 334389333 334389333 319573940 486548496 166974556
10 19
375262394 301119853 344041511 210383257 255219392 348663177 688083022 396338171 510438784 133658254
10 13
336321430 672642860 92959528 685972614 342986307 317058258 579683332 342986307 289841666 286220085
10 18
267460537 238921987 287706748 280466557 15665695 288028718 287706748 264800862 209265572 394785831
10 18
373801112 59510279 338090715 238428272 338090715 368695819 238428272 297938551 354599818 319121265
10 11
219024795 38373669 221680535 218740326 715302786 296105265 357651393 334478934 220162862 370226306
10 11
126147143 392734033 286911554 299092371 573823108 216153892 266586890 266586890 391352391 273339514
10 5
372785154 289547212 325594200 579094424 205238615 340769425 395887922 47190954 205238615 296180874
10 18
236341515 404536472 387889479 202268236 275316324 387677053 275316324 266230903 38974809 387677053
10 2
317096502 334246468 231669221 367604943 37238414 317096502 306898886 205881843 411763686 279858088
10 2
370957165 270659021 402534500 201267250 30520952 263842739 294363691 331031928 348100190 226549837
10 9
363656715 280197628 385165920 228665706 320748948 320359722 242463447 259908231 78285501 214190885
10 5
706374926 215152922 215152922 361074684 363465534 353187463 331511965 205244629 363465534 353187463
10 18
288464192 377423567 257493641 288464192 340958068 210021005 222808545 350934393 257493641 350934393
10 11
141644761 302991008 253225119 278056037 261130409 320832976 394869880 321015682 346385498 641665952
10 15
23596976 296227141 229065335 276486922 210129571 296227141 252889946 387784551 342146067 299704562
10 13
380304385 233638870 319406022 263770882 323005526 205343778 323005526 380304385 297109269 394575845
10 16
366727139 18935893 379232682 327158650 301328484 291865178 227184478 291865178 272929285 231640014
10 17
337450734 369241519 750149390 375074695 266714546 373342587 329715398 35891853 373342587 398916109
10 17
418752052 369248467 373299175 369248467 344213548 738496934 209376026 344213548 307032533 746598350
10 4
292368593 303649619 345554161 259959786 361133187 399730754 349141865 399730754 259959786 292368593
10 15
368790670 244682512 219294592 219294592 309816384 302477446 235480545 358307963 57794934 252807287
10 13
618835540 227161396 390188149 309417770 365057805 321268282 137896409 389212267 246448321 321268282
10 13
205427332 395026126 257150814 579652236 137875312 711436658 289826118 257150814 355718329 239437231
10 5
294216253 261810233 267207754 294216253 635550962 211034171 360550994 326495091 291362632 317775481
10 5
285798503 280987541 86167370 247583449 364055072 345792395 355138270 728110144 367154911 367158066
10 3
68700469 328273633 369484154 369484154 217883858 300783685 363842149 353900846 364641742 353900846
10 13
232619293 237240557 232081685 344990295 698298220 307045346 349149110 465238586 295073228 344990295
10 15
344237015 267399556 323258394 303063718 606127436 379167095 325319623 359343372 251141886 303063718
10 2
380587616 374193308 254415720 234018889 366181383 250581603 501163206 224557225 468037778 328145126
10 17
377602720 304752162 346356483 26409011 282925070 224448377 387093361 288607273 360684350 219911514
10 8
441688856 280934779 248164326 220844428 254307378 330666642 373773699 313326163 6143052 313326163
10 5
378877481 378877481 214367667 335881258 313310306 290739354 581478708 626620612 272760895 305266918
10 10
278779630 795445590 385230122 496036524 213264625 397722795 372516167 287834723 248018262 285996380
10 18
256011591 305344098 772161236 235238182 293026981 365760057 386080618 379253078 247208687 494417374
10 7
213724972 265246911 550872938 202131537 275436469 283254359 265246911 375267512 212093614 287063935
10 16
382085299 323721587 90383581 334242494 334242494 225378766 359879123 233338006 315030110 225378766
10 15
338686292 275160601 395669281 220725976 418597288 186370637 209298644 354655668 262627151 387144592
10 17
210319242 346118501 243228824 485382664 243228824 692237002 293508179 211184343 486457648 242691332
10 4
230572011 325777170 318640542 270474856 318640542 540949712 389583477 230572011 274494139 222309170
10 17
602275902 396056071 615296510 301137951 267212058 307648255 792112142 332477175 40436197 396056071
10 2
305672133 275545767 333836169 551091534 257706086 381004752 275545767 379949623 263437371 259485946
10 18
213000498 271302785 220722138 542605570 503414434 236503737 329605072 310162289 344980870 251707217
10 4
223001088 264387410 248697989 348676823 364382920 248697989 296324257 47626268 296324257 362192699
10 4
505883994 214846082 246101738 298686542 369975905 296929619 252941997 597373084 135908089 333081308
10 16
250267601 493571532 208146477 329315136 321341972 251233861 382214860 251233861 321341972 246785766
10 5
212310538 270618659 232343756 255829318 316370992 300158221 339862948 392240371 541237318 370618918
10 10
349163671 273001863 332874778 394529886 349163671 273001863 668438870 296584277 546003726 334219435
10 1
280468284 340262609 280468284 355080000 560936568 355080000 47152815 331645780 340262609 327621099
10 7
510183664 368124735 771563446 376271398 113032903 297384087 255091832 368124735 385781723 376271398
10 14
345297726 337718097 295393710 295393710 328932897 470218000 226836924 8785200 241010239 235109000
10 6
334948906 242787684 205252302 118630426 234139755 338340229 373353651 363032246 254723225 509446450
10 19
627611894 623369856 732639964 377386111 241714363 313805947 247279104 299561458 366319982 311684928
10 16
231492363 367516604 252387524 204100559 270264908 314966881 359683937 7832667 325081035 352244141
10 16
203349087 294776474 203349087 266820310 329261197 370782872 209279446 379031924 396010470 758063848
10 17
318717440 213745779 202671389 403138124 333747313 201569062 338987173 282413651 338987173 333747313
10 19
542368870 271184435 210673286 63628887 334813322 421346572 669626644 200311849 334813322 289175517
10 1
371758287 279181262 224546077 78048302 293709985 316038481 282729222 294290294 296010485 281413696
10 4
238651086 60507676 257341963 514683926 317849639 333442480 228900507 351949530 238651086 317849639
10 19
275736216 336546508 203129218 358604856 309508746 333507820 356807256 206634550 249538581 336546508
10 9
255039710 574814336 287407168 360303501 287407168 488747104 244373552 72896333 360303501 273804820
10 1
240635561 246232375 326017210 326017210 248071609 240635561 259029967 85381649 259029967 246232375
10 12
253506625 236163784 384843781 617132570 274373277 236163784 389689336 305681107 308566285 507013250
10 9
353510382 795820162 286312682 282966036 58639070 397910081 300061742 353510382 293861052 235221982
10 14
435824980 392595595 355254306 392595595 259613512 252191486 217912490 326684162 391887514 326289390
10 4
731237946 365618973 228791076 298947194 230520665 728758056 364379028 234883811 221435070 361951211
10 15
243784717 303484731 374075627 78133740 277146287 355280027 203154587 243784717 355280027 487569434
10 10
604814216 278246327 366252680 221837450 443674900 302407108 221837450 75951088 297788538 297788538
10 17
341898305 226417212 369916174 290710559 220960105 64293347 318833542 637667084 283964619 318833542
10 2
256327455 326603798 311557394 241150064 251989423 42520296 256327455 398220382 503978846 213807159
10 4
219018750 243637487 243637487 214961257 320934273 252718484 383384903 429922514 4057493 214961257
10 3
340700970 713098538 506693154 372946566 340700970 32245596 356549269 313283276 253346577 356549269
10 15
261906806 761851022 257113105 380925511 202057849 385176767 333856601 59848957 277880268 334357508
10 16
371785690 452429888 317442170 269845964 301307787 226214944 204352008 204352008 264279918 383745735
10 6
222229791 351479914 369619178 326466042 353205984 255175510 255175510 261438920 241900060 261438920
10 10
361488332 383683111 451905998 210851699 256930535 383683111 225952999 361488332 210851699 261396616
10 6
290662235 310999159 293825360 280231479 560462958 280231479 371664734 78758220 293825360 389757379
10 14
46776838 626597016 293433659 313298508 275873421 231006012 275873421 229096583 458193166 586867318
10 12
235303696 277228105 291584442 291584442 359965629 248539098 580788900 290394450 393803239 787606478
10 2
384281911 239055973 368224150 478111946 518881246 294702736 332810497 259440623 239055973 227931506
10 2
386685870 342466364 339329000 773371740 222128087 342466364 678658000 430905376 384153559 340945613
10 3
91368087 284772235 331555329 316589305 215833954 240187242 569544470 206913451 215833954 206913451
10 1
303036592 250755200 262917579 40119013 348168352 231271008 391082438 347035360 262917579 362433325
10 18
584548708 272646450 249370986 319088312 383955882 425349310 292274354 272646450 212674655 378231996
10 13
352223370 238351435 387298796 238351435 204916642 387298796 210396408 254276444 304127508 35075426
10 1
252298010 239762729 251696233 93527784 312002672 251696233 204462550 345224017 288991142 303612614
10 3
330278342 404069440 269125333 200646431 355885031 354689580 206152063 202034720 330278342 202034720
10 17
167615044 227455377 627883776 216138293 227455377 318935767 313941888 395070421 257848444 515696888
10 13
201382967 370257793 545591982 289230255 282687977 168874826 282687977 284577679 272795991 256835136
10 2
336265485 226400501 93915877 215090681 363321954 342331878 430181362 280482228 236212851 366941904
10 16
241024849 247236502 275095109 494473004 261149171 247236502 346576710 280134604 273376926 365867513
10 11
352386933 386518920 241775103 334502576 401002104 352386933 229011266 17884357 200501052 229011266
10 6
208213845 754963470 310833945 265979376 377481735 546749625 251244698 319623469 232942011 621667890
10 13
308422224 141637357 346570380 519397680 377760323 381661510 385057415 234728336 259698840 385057415
10 15
384530964 412983792 263416254 665100 385196064 206491896 385196064 229512937 271927881 331745042
10 1
299207638 229450959 276945875 340994228 681988456 301600817 331196558 331196558 229613588 301600817
10 16
374861873 227397639 300884097 361862375 285189616 215767644 204773856 207967918 299342617 71944978
10 10
206168965 763285200 241884392 331997689 298653825 241884392 381642600 247103975 331997689 298653825
10 19
396943463 224498286 246722448 350492009 125993723 217601078 793886926 305123863 724130720 362065360
10 6
274686075 212214193 355423673 30268357 340638491 277298034 370906848 681276982 274686075 218846006
10 14
386746143 353999922 32338821 240454487 207653518 346730275 386338743 386338743 353999922 251240018
10 16
259039502 548786770 274393385 462564632 223309236 270401884 376161183 231282316 518079004 259039502
10 12
395431853 46639499 334313692 239596212 256654398 675436928 337718464 334313692 286235711 239596212
10 12
276524530 392877557 229156432 392877557 355284310 334732464 78759780 212273302 229156432 355284310
10 1
320643794 271208616 19755304 366085264 256253898 318619208 243395813 296160458 228709109 346329960
10 19
204212822 389718684 205244063 289476377 668620488 24180388 313656765 334310244 372946071 289476377
10 2
333132798 267559392 214096351 131159350 324504703 324504703 398718742 267559392 226438646 452877292
10 7
242383594 342455169 82601680 335188551 252586871 342455169 201441381 352943828 201441381 332105002
10 6
46834256 258179866 268775787 323120534 537551574 268775787 422691220 258179866 255441258 211345610
10 14
239825289 153072861 298532030 392898150 208087203 392898150 391976342 242516348 242516348 258157650
10 15
205176597 250946769 501893538 250946769 250946769 262977986 200622699 353149816 347916681 332402903
10 19
290183767 656368722 267771438 328184361 312444903 381319188 15739458 335044249 376923874 312444903
10 1
748338016 760961200 200126094 340376008 597253732 205457610 340376008 374169008 380480600 298626866
10 14
48468689 275247850 323716539 284246402 229928545 390591820 244746331 342616375 315889693 489492662
10 15
258928096 294132347 233782340 449258690 354093393 258928096 260902604 268856203 377391550 708186786
10 4
223335762 261424227 356162783 256126902 280380487 211286237 343986305 326672740 381429468 12176478
10 18
273646285 394971151 268488073 310599560 547292570 293529953 394971151 310599560 121324866 268488073
10 19
220810226 305637370 271145157 220810226 396782939 323531289 346642280 4696250 275841407 273522621
10 17
352258914 298517835 370546410 72028575 241918019 269186391 626260532 313130266 329885020 313130266
10 13
271662701 239104101 206118817 322350548 206118817 302645814 315882522 310141676 327304644 30983113
10 5
331631004 211238414 226638078 260084495 287469959 255883598 384294798 51153400 322026531 307036998
10 19
434865754 366926492 227747600 311856670 596324208 217432877 298162104 301250276 322226211 84109070
10 7
234464081 354620074 466356488 233178244 377585192 234464081 354620074 244731147 253447154 310008739
10 2
9245327 287684662 262091706 396293346 245412505 392612167 287684662 387048019 310185487 227740165
10 8
106619528 317306284 335802312 210686756 203595014 326670828 362898337 318453452 379377926 268071228
10 1
251443928 219429045 382434062 330126087 201041272 176877091 377918363 297048118 221236680 201041272
10 8
360729292 733066998 366475807 227109909 276557644 273035588 220937353 350351995 366533499 273035588
10 18
98526047 255829198 286112413 314969503 262248466 320993975 206747775 413495550 334430889 304531939
10 7
282783136 495834770 315442840 565566272 253748095 282783136 247917385 398678894 311818177 253748095
10 9
384055018 429705776 260556844 245957152 245957152 331865936 768110036 338404260 294712177 260556844
10 18
375244626 750489252 313933563 547690760 337201339 627867126 482468960 379844476 202798492 241234480
10 18
338848405 59599378 398447783 270010371 277584597 277584597 201660480 399604115 284107288 260811238
10 11
239148932 276873828 239148932 214148917 212370522 352293881 257029041 352293881 394288702 257029041
10 4
327253397 388009407 64685691 213664008 254384494 427328016 392219809 259655878 324341569 311134252
10 19
390648949 750169168 390648949 299039393 375084584 392547310 229776365 459552730 327898243 337746822
10 15
280555937 298375829 367221961 221464948 336998767 209143953 347496867 115533819 336998767 367221961
10 1
294183422 268801999 344222823 688445646 305367083 257092503 87130320 378951024 305367083 268801999
10 8
337379145 337379145 514583528 377165122 221274405 339901465 257291764 339901465 263245692 208429443
10 8
359504881 245861538 304766844 289200788 9104526 627742740 313871370 312665848 625331696 359504881
10 17
381936993 274329839 380971172 322827051 248892947 322827051 248892947 47515118 201377829 497785894
10 2
34817719 347147272 381964991 390485044 381964991 617426204 347147272 208140226 315177662 308713102
10 10
741558104 305851351 11878727 305851351 604877734 317730078 302438867 215104758 370779052 611702702
10 12
298999031 237093858 292770899 237093858 292770899 289876287 389201783 370342233 152107925 212894460
10 17
358641874 249936683 234646480 364512873 290266514 499873366 290266514 259146984 364512873 362186372
10 18
293990233 297670649 209393054 219544076 156813168 375338144 282274984 750676288 439088152 296106448
10 18
397314289 546182622 798431492 219959600 206002846 247055881 343511246 399215746 219959600 273091311
10 11
251732167 277762582 312369284 317998211 284330896 257595398 635996422 54773886 277730895 349661178
10 19
386650547 377944808 257567481 351192243 399895328 257567481 377944808 373040044 248000927 328079643
10 19
524396790 375930753 251311353 323357724 255978723 296179230 511957446 323357724 262198395 646715448
10 13
315942378 346524806 388471197 65431281 250511097 315942378 357606532 257629949 320650460 361956455
10 6
105890870 280958687 219475457 360172271 386849557 386849557 297503708 278621310 241102001 352542113
10 10
269068046 597704696 221604954 55248893 269670947 443209908 276853847 298852348 221275529 276853847
10 5
276480081 209420770 56835262 272301390 285170177 272301390 296813225 593626450 239977963 296813225
10 5
361625868 503059132 311065005 393753118 268255355 268255355 787506236 284447104 371720045 284447104
10 4
331634423 22301066 239356358 354986700 376233011 238674684 260975750 385422312 294905667 247154042
10 18
379166999 380896581 559200602 299374762 381989383 381989383 279600301 382370927 279600301 306243978
10 9
202950308 292013398 201529553 384945351 391992339 64202368 200658048 200658048 289161015 327789971
10 5
353167173 398822758 283626717 246726825 223016166 739361128 492634303 369616705 375067917 369680564
10 7
292365061 292365061 371461337 215934413 309074700 275168403 357877038 357877038 306036418 371461337
10 19
267910870 285267274 274814708 570534548 361492986 267910870 335870823 549629416 361492986 246815308
10 18
629853580 203415608 212158806 49050983 314926790 370850336 369568018 320517035 280076123 393441142
10 9
243941426 373510625 295695019 55813469 255723863 591390038 247489561 311537332 289075494 362678080
10 2
620075686 340908942 280501420 233784911 287342860 287342860 233784911 370016781 310037843 340908942
10 14
122649425 218599445 206473773 218157537 354395534 360368063 341783564 305432566 329123198 334847788
10 12
256272279 512544558 616830324 324297264 302386027 335591336 248484002 308415162 378065447 207030838
10 1
696893472 309241688 271246855 282786551 382098097 282786551 373880023 33651361 348446736 348446736
10 4
423665274 379284332 219939671 323050342 240162095 369780976 687634656 211832637 379359886 343817328
10 15
358404280 260151003 260151003 339737329 223906707 329228552 232385221 658457104 464770442 358404280
10 1
374152741 360241215 145903078 347677361 600790116 223177173 208190583 354093661 300395058 302344818
10 17
742982038 226972175 334318533 371491019 286548633 259109502 573097266 651702504 372969993 325851252
10 9
356799284 328226225 332338583 713598568 356799284 377936384 232104524 656452450 333883144 332338583
10 5
19697108 278737282 218901895 557474564 279163342 238599003 258995163 238599003 206852389 256501905
10 10
396326079 264049121 259928832 259222488 81118244 340340732 281849057 336669238 259928832 336669238
10 11
302878759 264358395 130285416 214192604 292322924 247263096 214192604 271520883 313620240 394643811
10 17
207996423 543744038 781300852 292924203 415992846 390650426 371433541 230550226 371433541 271872019
10 6
773898502 374819551 393675603 372465063 353987169 296417305 386949251 351254523 744930126 383658708
10 6
386608370 335017628 221001638 335017628 240539493 393997522 62445869 272571759 314391814 280524490
10 10
200290149 247698020 364908577 289203243 107256617 396459860 308324891 247698020 344733737 262554380
10 2
269004178 682091918 208564106 341045959 203157551 270846485 406315102 286699647 296091398 573399294
10 15
333508012 245013975 220033259 113474753 333508012 220033259 398785601 324668159 388621412 243971229
10 10
269300577 248128852 207925731 396845121 314791444 314791444 538601154 396845121 409001444 204500722
10 13
205525391 223987341 234858360 688701792 344350896 227627377 219266239 8361138 447974682 234858360
10 13
223039667 635449234 330694966 391970462 233623767 317724617 218447023 223288966 10584100 256282996
10 16
369658126 333158461 260966542 216759358 369658126 257177267 332362433 575308006 287654003 216759358
10 1
342381547 354873410 391835460 609357324 304678662 282698325 36962050 684763094 357276607 370340828
10 19
154614047 259943903 256735530 267760408 365273759 237784917 535520816 267760408 259943903 519887806
10 14
325814670 238228550 493937310 246968655 238228550 253256659 372935095 386815132 476457100 385220846
10 19
274350180 346719266 331553291 346719266 361934856 267743608 331553291 548700360 274350180 216940281
10 3
261176534 353228948 216392186 312821345 232519166 370986123 51644811 373919154 327595687 351157956
10 13
335936215 305854671 246079931 329054937 271725301 305854671 631363718 292104270 315681859 329054937
10 6
252894397 224805947 248258574 352034110 211251874 268480847 213224899 252894397 374058785 13554073
10 17
228295761 216510296 349491489 301757235 154834287 456591522 228295761 356520246 299570390 382977021
10 16
359459935 226531485 246743736 10847705 322734377 372708673 311886672 228332770 311886672 201758525
10 14
243612271 380111264 444807390 254912662 392536003 226685353 380111264 254912662 509825324 222403695
10 8
594962546 353461947 220045408 406438912 226955636 297481273 6910228 399274033 203219456 220045408
10 5
228687796 233588366 391162701 2377644 238338702 235961058 288744526 615532132 209319841 307766066
10 12
337915858 262652382 675831716 579965808 386228155 337915858 327355649 289982904 386228155 229351372
10 10
361211190 344890481 287778001 286927562 359657222 725063290 362531645 72729660 361211190 212446052
10 1
297685613 148581817 330888943 353573583 344618092 256523398 204991766 297685613 383589860 371324649
10 5
232140629 371084063 295584136 201779156 298918481 169304907 361890812 384577083 382701763 371084063
10 12
398460483 392397342 375038147 234860541 345794233 23422336 280939872 234860541 280939872 255686946
10 16
364002191 694080842 318967672 289199070 56145498 347040421 288669810 271473305 318967672 637935344
10 7
315040770 282789500 237365080 355253038 106141734 310991765 203379523 343506814 282789500 354726518
10 6
302102231 314143281 253008064 314143281 382049465 302102231 248226615 65916666 339032759 764098930
10 1
389614397 349008309 268127222 25887335 233851760 779228794 268127222 383995673 349008309 259739095
10 6
213549750 200050412 427099500 400100824 322914253 213549750 258145082 248245237 109364503 242753970
10 4
201780150 18826902 292049612 426600208 320382829 314227342 246178693 213300104 339209731 292049612
10 1
219215390 222367593 214101869 238709311 284761394 143535864 306392723 238709311 207188133 382245175
10 11
283005182 283005182 383329860 383329860 377796364 397561315 755592728 114556133 286818418 271702394
10 12
547294774 390931239 273647387 209602591 205207733 390931239 312423225 205472139 205207733 156363535
10 11
255561206 328796649 244183717 348785071 218689964 296887404 266938695 511122412 357100465 218689964
10 3
601027778 234959567 234959567 469919134 283153218 358315807 239862903 479725806 300513889 270447779
10 16
266302880 270309345 260368573 461981636 211979151 304097509 218101113 191672291 257560453 230990818
10 5
335107650 314177270 38068794 418811732 253494033 506988066 383124715 330085960 209405866 247474660
10 1
380795901 496810382 390822805 142417614 390822805 248405191 380795901 362584445 323468977 248405191
10 6
259672535 371610927 361188140 259672535 111938392 234894232 327088373 267959325 267029505 519345070
10 18
207767587 580738466 218751032 290369233 328584528 239321104 243628779 218751032 290369233 82601646
10 14
299357594 340099330 263325564 282296697 598715188 286612943 299357594 263325564 282381928 212560468
10 18
264779081 367442574 460006624 315491330 336751314 251802488 630982660 230003312 305758784 367442574
10 6
393193508 220126871 329312603 331831829 238548785 56873289 292016745 621936804 310968402 367841691
10 4
716158006 206264613 268773929 358079003 354735662 361422344 354735662 206264613 268773929 358079003
10 15
317431637 200640359 634863274 368152061 249543967 249543967 284117586 200099138 284117586 337615927
10 1
249271427 691326150 529512996 296580609 288530734 327641232 264756498 593161218 345663075 261385247
10 17
315579534 271564797 139601217 543129594 311308305 391025918 205583007 205583007 411166014 622616610
10 7
5876064 370271232 387758253 352639648 202535434 298535668 315643568 358515712 349934933 358515712
10 7
274241449 83528405 387969922 330177467 394597091 393387899 232808578 304441517 339709585 274241449
10 12
231873152 287164966 322941678 273164140 343776604 220528190 41290988 216484724 316009221 343776604
10 18
209469445 332291559 330831419 257719883 339139248 250851111 113271102 349553394 370990985 389763580
10 15
271086663 208374131 275726942 362009402 251567773 280367221 361263081 271086663 225255445 551453884
10 2
528255792 565811398 394177379 202048635 320822044 345762359 322365779 264127896 404097270 282905699
10 10
221468284 360777233 272506897 41726366 315379447 304693857 230780531 221594871 231465437 230780531
10 19
381854742 213037447 320035957 282254626 763709484 286560589 286560589 373420935 272577933 234014528
10 13
326187925 257320657 677694266 338847133 338847133 341731943 255487198 86244745 257320657 313128446
10 4
286507543 348980483 110097032 354654802 249256103 709309604 206846120 224905623 316943152 343716492
10 11
288999596 339615773 268984021 268984021 249108667 246296436 330434575 66906379 335890400 339644391
10 8
226900851 389801049 274254941 341685403 283568165 439254268 226900851 219627134 307227891 283568165
10 1
269655457 352868097 309744551 258577302 312802296 352868097 229566363 315375102 539310914 517154604
10 17
16469422 737924228 315653464 214339742 272418291 371896194 385431536 368962114 428679484 385431536
10 15
215074370 571957700 285978850 390771031 390771031 285978850 287690595 268645566 356883330 263710066
10 1
375412211 369183930 219019985 469402498 15681264 219019985 250310426 236281870 234701249 377038773
10 5
304707992 363984838 763413026 338921300 324198609 57507904 338921300 381706513 304707992 727969676
10 3
752883654 119286031 307560072 309878963 349794282 220300229 243072298 376441827 376441827 257155796
10 13
395946982 300643028 251007603 56988665 236795322 300643028 251007603 312727227 243654363 205713314
10 17
329587282 360195873 226518110 226518110 213646458 380131415 360056281 760262830 12871652 720112562
10 19
237884537 307064610 390471884 237884537 367580334 293738652 354635511 709271022 400443383 308827639
10 19
205882623 645591024 230316227 230316227 258462424 322795512 641643158 318847646 320821579 236002216
10 2
207913312 207913312 312713000 206811450 297193213 206811450 285563622 349672756 268569122 285563622
10 18
308028844 256404471 512808942 340452289 232557499 399329385 395346647 340452289 323310725 232557499
10 9
293877770 220038685 387154301 383839615 229862234 767679230 205539710 229862234 220038685 459724468
10 3
291587737 291587737 583175474 367043005 734086010 267695063 535390126 241311240 267695063 315480411
10 9
274434756 3210464 433777750 216888875 220099339 418706364 548869512 229104232 393553573 209353182
10 10
300469946 363828691 342327358 684654716 237111201 267509180 273463585 600939892 273463585 288683950
10 13
282400451 302192831 365229236 204912885 226003393 209495770 97279946 338320916 209495770 604385662
10 15
208879150 645845682 363132796 18977845 236105561 227856995 322922841 320439115 333270385 227856995
10 18
75486782 347833580 389228133 263729935 395963000 313399136 337882252 263729935 356272468 388885918
10 3
28824382 257637948 219375665 269268098 292616183 257637948 596184960 585232366 298092480 269268098
10 6
294491849 390359499 231302924 319094747 390359499 292447308 249131466 289698649 95867650 293852259
10 4
266262605 277739539 276209915 252146485 323188368 379250876 532525210 252085768 555479078 367405013
10 10
228625200 333485709 246842116 666971418 312212736 201704535 624425472 228625200 346629280 395800272
10 16
368299420 246824130 779978604 234976118 246267050 234976118 379588199 389989302 368299420 411679184
10 19
317711250 355676064 396096334 362441076 635422500 388924952 245936487 210192046 326319255 491872974
10 5
607008712 530069094 265034547 231217258 333485470 29981114 264772444 379214700 303504356 303504356
10 10
309181859 279766785 216252726 626263028 513031858 313131514 559533570 256515929 341079524 376234411
10 3
224389765 253627675 251821378 259809348 119977489 253627675 373605164 206373894 340846562 373605164
10 14
279997936 262571612 788868884 328716799 337240455 202953851 525143224 263900919 65717643 394434442
10 14
751253852 344805434 286772019 265099633 375626926 357112521 265099633 201189317 237702555 375626926
10 2
529405456 286347310 274407173 288120053 264702728 390697306 283522221 782205030 391102515 286347310
10 12
788037270 296930807 315141327 218942810 437885620 300470315 394018635 341847543 593861614 600940630
10 13
580747996 308131992 290373998 268154439 276456010 290578165 268035048 536070096 354060987 312593557
10 15
349331772 352264579 378880964 309797230 253878170 256968239 369888254 39228677 330659577 309797230
10 1
229566723 211173997 387829243 775658486 159995315 367174591 200690879 253817534 200616199 371169312
10 10
356526441 351396268 276338941 260535029 90861239 320897217 351396268 310975831 287499682 274901691
10 14
25443657 399171175 282773625 336057442 310613785 399171175 218059805 393282597 286236432 270918107
10 5
267447010 293389538 365119328 231377265 240165602 124953726 328198312 241810419 328198312 335746148
10 19
716328850 255355821 605966696 302837209 279196648 210595781 302983348 413491641 255355821 358164425
10 2
546233258 273116629 269369165 376096188 224563040 283168684 449126080 376096188 108412416 381529045
10 18
268486422 278484857 343753082 202997523 278484857 270666157 322974484 536972844 263348618 316237121
10 9
251484206 349059281 267217578 359904107 271700589 364842610 251484206 392781437 378763384 108419901
10 1
393168009 321719999 384997148 393168009 95153289 298014720 384839770 384997148 235110455 321097268
10 5
390539630 246462606 364936521 787875008 390539630 393937504 757056358 393937504 334083576 378528179
10 2
348390803 382079961 348390803 382079961 225090736 354374125 90050626 396703259 225090736 315141362
10 18
310444528 310444528 457991458 228995729 212023318 314105209 314105209 373291835 272671467 332542356
10 15
225128083 226809303 757334136 329013469 343762877 378667068 378667068 2432533 379687960 376234535
10 12
338844368 234420524 311784762 239547112 29300706 304039686 666680784 550474712 333340392 275237356
10 8
285745328 792674568 396337284 202059324 202059324 326283542 329440353 571490656 385387586 373958136
10 2
218827616 332972261 300334046 218827616 269024422 271611911 388718319 55746058 229477990 229477990
10 19
214390677 321837078 238873102 220994760 217313477 214390677 343078643 106944276 428781354 206901839
10 10
358091954 391129875 689912818 385748451 329662453 344956409 268343981 247577774 329662453 268343981
10 5
243734061 271917963 243734061 292361867 394917534 381861006 285334391 394917534 7027476 375704937
10 6
310583234 273665927 496944075 370787350 385047318 246744919 385305001 313812938 770094636 770610002
10 11
391935317 241300329 376452580 391109017 277340105 241300329 266373637 532747274 266373637 277340105
10 8
215560922 281429553 260515797 379139964 215560922 206774531 317208726 276152952 307662328 317208726
10 17
355730257 264102332 235588915 204730868 365447658 322023324 362465280 724930560 40441956 363046356
10 18
326374255 376542815 291359096 215563796 312822999 367855228 291359096 332192295 317958716 102394920
10 14
270615461 254177868 308186411 270615461 765653994 289957778 372604848 206979403 508355736 382826997
10 1
279901489 17686512 310537896 320972398 359138151 259354371 348549855 331864336 366236367 238410455
10 1
260255873 362217218 655529274 313082591 399714384 327764637 388986827 799428768 362217218 399714384
10 5
316439752 250581396 283510574 281404743 567021148 248555889 248555889 281404743 224342594 316439752
10 9
238486615 78442256 329786731 372815106 360012885 281570629 294531439 369775104 286682910 265204397
10 12
345988691 338010947 388700037 255231829 255231829 250688836 321931422 248577098 368944514 335928379
10 17
344670326 217241265 286960890 322982369 225144237 290809719 381183441 290809719 73568454 645964738
10 6
214430101 69273945 206294656 212521660 206294656 396190700 212521660 425043320 211701571 355769375
10 10
356406802 675829252 770398808 337914626 399964268 385199404 712813604 362737368 202095812 324611667
10 19
218958725 366530626 451393378 393993571 225696689 295382379 373574746 223875191 382347034 20418825
10 18
280815403 280815403 382367051 256171869 258916707 30328459 764734102 393456213 363127754 205560751
10 12
261717991 271743099 285063471 165493087 367658543 202165456 319900225 218478508 271743099 436957016
10 1
262184748 379651889 18068618 382346987 375249735 379651889 224759009 759303778 242827627 344347077
10 2
267045907 395366836 337722180 280165368 259941636 286616276 277017702 277017702 19570369 230502469
10 19
318502091 279446399 325754462 251167468 251167468 233506037 279446399 502334936 176580474 558892798
10 6
29813842 256900393 353272372 206741623 356314297 330375828 344432319 300561986 384964061 380469802
10 16
360001052 263943456 383823160 279394706 171929792 263943456 389033972 211893368 211893368 363459155
10 12
348711245 439920416 326347348 326347348 219960208 340902175 290358827 300567620 254082888 376675504
10 6
742005396 271575583 324683217 368766510 230795636 371002698 46319481 229896703 459793406 371002698
10 18
212321613 291216579 67976132 294202649 374565054 324027917 212776954 362178781 362178781 212321613
10 17
304108533 361934992 48057793 384441658 672767730 259360540 222158510 389412059 286246729 336383865
10 9
371423887 371423887 272947608 262468213 260396186 279918739 10479395 289310208 260396186 362351024
10 19
355873273 255611886 225052273 382794474 394425540 244598523 240445949 394425540 130821000 383474441
10 10
312645044 351029450 42811150 269833894 206386662 269833894 271174920 238626869 201731643 383364395
10 15
317186531 391985847 392150757 233039078 787905782 365111312 392150757 277493597 393952891 330734105
10 12
741534384 231856522 370767192 401161630 280975867 312089338 31275707 200580815 266301162 300162392
10 5
97601518 311769406 363847658 203357810 342794829 387620224 337780743 532492280 266246140 358442550
10 16
286434317 60853619 398177077 331248514 310018988 397447683 262696632 392102133 259867979 794895366
10 13
322644566 267260226 281247873 371725462 313213690 320373801 229677869 229677869 301374598 51351661
10 8
258250428 385123470 9461071 240191121 223048578 283243547 248789357 271005477 273052751 247679472
10 13
254346469 345138851 335856511 336229098 134924497 254346469 434302978 217151489 210214354 271257098
10 4
704598898 516149592 615544986 351126025 307772493 258074796 352299449 344736370 352299449 263245537
10 4
224341589 350005186 331936888 246162730 422039468 277970904 370681335 313847841 388856501 700010372
10 4
759932776 379966388 329145755 361146648 391868277 244631588 271237107 235801386 8830202 313064492
10 2
232025574 318153554 207439451 220613640 335079335 30319608 220613640 311650385 287833946 324264821
10 11
258260432 241026376 241410012 270594755 388396146 241026376 375653021 241410012 394105011 516520864
10 3
256041094 292186744 206918988 431164456 207083118 395798277 205542692 512082188 302477566 215582228
10 15
635255938 375064988 319417069 286502393 206798621 1789100 253366063 317627969 206798621 294345063
10 19
238567414 351424920 272149891 321228207 321228207 574164012 279602853 287082006 366952794 222739092
10 10
272861008 227383411 371009615 399891640 363169795 356259948 268782521 272861008 131109119 392051246
10 19
361590829 252933558 320709547 361590829 354513874 228824099 505867116 93225519 348844141 255618622
10 2
258434079 347013154 347574882 258434079 258394962 398308345 347013154 372371380 339839481 272127023
10 16
246016142 35179467 246016142 274223382 209293049 562391218 307434869 281195609 614869738 354077953
10 17
350733158 215564582 349995047 770124416 554559834 659101494 385062208 246564919 329550747 319585124
10 9
207772066 257750038 330175285 314365808 345021414 385359570 207772066 336489678 315875396 55184285
10 17
225383877 246698969 137014640 217405244 225383877 329728246 217405244 383356154 362398517 362398517
10 14
385305598 356863067 543974878 28442531 264189037 214136785 271987439 285232749 227565727 356863067
10 1
285461840 223481119 223481119 353682907 473072760 338300470 236536380 314876655 15382437 446962238
10 12
383328519 231576971 331639219 295823768 591647536 268681307 64246797 331639219 384055733 368527156
10 1
341409413 543520254 138444451 395219150 329476024 354734871 271760127 202964962 405929924 271760127
10 8
214855701 117030384 358132119 381630386 763260772 265701112 253927919 318823703 236030086 331886085
10 18
338024133 248482256 366570166 248482256 275750848 366570166 733140332 308984808 395116199 496964512
10 7
243656384 399825494 339063942 243656384 247290422 284196014 292611473 363478980 247290422 337067960
10 1
239768996 252868337 359930815 205547059 265967678 237310064 372514969 505736674 201148700 306376938
10 16
238005989 349023977 221541239 368120156 736240312 349487817 379230171 349023977 379230171 213172453
10 13
58728416 303652297 280217413 242111668 484223336 221488997 375492418 253945585 221488997 269848258
10 3
218732390 218113962 391439256 293349714 218732390 379167680 293349714 294482584 160435290 218113962
10 1
353130411 263640175 292711357 516453326 236429492 220385433 235844805 258226663 5413512 235844805
10 13
229777366 254973472 275518025 316227083 206043866 218094514 221833244 575913056 287956528 48929606
10 3
298961628 315131521 273910808 232808267 231697187 42213621 227224536 303901045 227224536 278163125
10 17
219997051 332593202 259402989 343277404 219997051 123280353 340625741 439994102 343277404 341025543
10 17
319663795 329288402 378113188 319663795 319157551 329288402 297584646 305252209 341780905 341780905
10 4
321043180 321043180 751969210 350257692 375984605 270745794 388233857 361146078 105238811 375984605
10 16
337617213 236575408 269773678 340427195 389601200 376530708 295813542 290675621 98925579 389601200
10 5
788710672 742382768 452053308 376171862 394355336 304264266 310086564 371191384 752343724 226026654
10 6
287172140 235691421 235691421 17536999 342930599 283672502 276176558 276176558 471382842 301209501
10 12
223648890 230876086 376573684 236202033 539153960 216355197 298460289 269576980 753147368 285696664
10 14
246650627 257236914 258747491 241312342 250290009 258747491 307616838 415209460 207604730 296479218
10 16
307966224 380324147 279958758 380324147 210135348 210135348 219042322 219042322 745604878 372802439
10 17
254215229 237770505 208019029 396155684 13732644 385352669 250016343 508430458 371620025 371620025
10 7
233424896 392552822 384356850 371686448 434448340 371686448 388454836 271804864 776909672 217224170
10 3
213639731 227306949 334293311 227306949 213639731 375733525 335133864 201326771 13667218 388362894
10 12
326660020 334513649 214874140 219385679 136411952 359239087 320494306 355797631 355797631 219385679
10 5
80097060 291471521 258895728 371568581 570117972 235824411 291471521 363982356 363982356 285058986
10 10
263611926 275147527 94246442 237525245 287519581 348689931 327122633 369393969 368679123 248024575
10 2
244801739 450428652 290425583 328836175 48520151 293321890 337021532 225214326 354410231 293321890
10 14
389795422 330458258 244292461 231822099 254942081 10649620 244292461 377852580 271305572 258753796
10 6
497326120 11421973 297636064 250210733 595272128 372977142 248663060 311761242 238788760 393596651
10 17
446612426 290765969 202091353 305971096 223306213 404182706 374121704 113416737 305971096 378808566
10 1
314154639 476323388 378889539 314154639 126786125 699074526 349537263 757779078 290838355 238161694
10 19
386885800 326459680 232084620 214477002 274219764 369496631 373718376 260562757 260562757 383275267
10 13
313247961 567528700 675374868 277174246 337687434 340468884 363954621 356099519 283764350 313247961
10 18
307141836 398945862 714610732 357305366 340577045 297255214 231761165 357305366 231761165 33435209
10 5
378169050 293019758 288048519 319222093 288048519 638444186 258457599 576097038 26202335 346926893
10 16
202378131 291432679 666305960 333152980 249573835 249573835 288467083 202378131 206780212 38893248
10 14
381523821 350306181 214454006 222548575 219715803 272335496 293521914 88001907 312670168 200222161
10 15
261391190 261391190 420726748 267749260 55255178 210363374 302810725 281410736 247555547 302810725
10 10
399696080 450342938 279900974 225171469 328003931 119795106 225171469 647924746 279900974 323962373
10 19
331297686 393530059 266172270 266172270 64590333 312786506 266707353 386946671 277529532 266707353
10 10
311597129 517566910 255196826 256118708 272359414 258783455 291824363 263778120 362811057 527556240
10 19
328291307 287853934 258606951 258606951 319742521 372242914 575707868 238224081 215597566 744485828
10 11
650280568 396136040 227804221 314976051 325140284 293058896 377026333 258644242 130633951 358438172
10 5
471720804 289932002 284778038 63637824 236000008 348415862 321554213 696831724 235860402 334211520
10 10
391724058 329714782 296421737 320100336 385205679 296421737 16931841 346646623 255929021 364220023
10 11
256876821 346051282 323294621 96096935 646589242 364741031 218531681 249954347 230330181 256876821
10 16
384310785 384310785 768621570 310797535 209581990 52231879 318846823 349318388 383815782 371078702
10 16
340979404 333224320 236733207 340979404 254577785 347855600 666448640 364654448 7755084 323283973
10 4
158573511 218921047 309188623 385740589 467762134 291370213 356924492 771481178 233881067 582740426
10 11
221264415 221264415 56737144 322871065 292419592 645742130 203027423 244075736 244075736 349156736
