135118841
746732851
588881092
965570690
919949665
400554944
150993861
289340307
671022013
234879930
905935499
443772304
348124079
880802664
444447047
434566429
822016952
444591007
366705569
444039031
603978728
226491292
444595111
838728626
293567387
838859675
444576099
398587821
444578155
293596013
369097632
444474242
136313767
838859700
217971636
350223263
444398487
142604718
226490661
771750702
309549999
754973086
443306310
419425185
355728279
904915889
159380381
687864758
142471095
409725858
310377395
176155555
140442535
444296019
889190837
67091128
444020060
636976042
939520947
209681311
838859620
435157925
299875239
289372051
443962131
369029779
8387499
8321956
433320099
838859704
134216603
443159019
872283054
349164459
442579881
749726641
443448735
444595091
159382443
720894642
444577993
385800867
268434315
830462863
452950964
104856491
443177843
268433344
813693484
973076340
822082482
444188011
444529490
308738979
887090092
390052779
260041645
444562089
444349865
167599019
301724568
893381549
436206496
402127784
443469421
762051517
218102675
436132775
39811984
876608427
754957236
603978616
880278444
425715605
687799212
444594891
444542673
276806570
444201417
157285277
385858337
444576477
763296651
444553387
444529575
134216616
400227227
33553300
444591017
67106720
