692390935
282796897
105780791
247041791
674705869
355634864
24356837
692770399
539904698
566528049
1040302
1044468
1048540
1041406
1048532
1048223
1042430
1046174
1046517
1048512
1048409
1015792
1048504
1047780
1032188
1048542
1015792
1045438
1048572
1047016
1036288
999424
1044479
1048550
1048568
983040
1048546
1047692
1045598
1032186
1048551
1029888
1045749
917504
1040384
1040376
1038330
1039871
978944
1048570
1048510
1048444
1042426
1048382
1047926
1048545
1048572
1048543
1048402
1011711
1048574
1048574
1048572
1048538
1015805
1032192
1048536
1048227
1048435
1048529
1048384
1046128
1032152
1043196
1032180
1045756
1015808
1048480
1044480
1048537
1032186
1047398
1036028
1048557
1048366
1048576
1035711
1048526
1048528
1048558
1048537
1048474
1036286
1039071
1048448
983039
998912
1048052
1032062
1048478
1040380
1048540
1047833
1019872
1047552
1048171
1047100
1048534
1047294
1040382
