822018862
400449573
675931083
220457902
70356772
444595123
158302917
385655369
443927206
652213736
408792839
915018777
444502957
737037939
309550652
128293713
419035573
444001677
444595084
368048821
780486108
444001677
596286457
452876677
596286549
697172392
363759931
860873255
489701828
514343801
636420113
496443467
823753894
706940899
742914841
213428038
496449978
444594345
459104311
256872409
729031038
846581116
762074218
907268793
83893140
249255293
249553475
444594380
569750337
444595084
681149496
887278135
331556323
706940815
444502957
444595084
203509524
444511425
209246711
823800459
789238589
739755065
331602374
444595123
444595084
734705150
80486787
874368605
209243057
83892944
874487333
532908131
425283656
386379128
745720842
441174320
128293488
459104301
444595122
147438324
459108568
101828628
993707029
738524756
669647365
376823215
983217022
385651757
307128651
820784861
16757820
569751037
706941145
969426466
428110992
444595122
177935033
440664585
440664586
706274064
425283662
881991367
385655529
444585907
249288480
834776527
443927203
83893307
5267460
902842097
681157446
39494149
128293852
258495041
260798102
980578715
16884804
728874897
91859409
443927203
623679156
203132532
295519115
16885584
441174320
249296307
444594344
441174950
916956583
441174320
