5 500
10 4
353308158 243347685 318945657 301598093 353308158 486695370 503656211 300205245 373501948 747003896
10 10
411043312 205521656 322464782 215069039 507510874 215069039 393526873 321076139 1388643 253755437
10 19
276751159 326080976 354366494 265701488 320548520 354366494 312653647 312653647 589404806 294702403
10 4
348889784 786776314 393388157 387269493 361762334 333202879 326994202 306458936 326994202 333202879
10 7
18826635 220675290 265141511 241371813 246314876 777997534 351400985 374788310 482743626 388998767
10 3
338500545 295277430 256179571 256179571 284306524 397635750 590554860 374011632 342459282 54194021
10 1
316102430 239416146 250565986 501131972 252342480 765720520 242016672 382860260 374095654 8764606
10 15
264390288 437950644 93280479 374723802 281443323 218975322 332943679 374723802 209258508 211941580
10 4
320263192 333582161 368141607 320263192 381125137 320585374 667164322 71320788 391906162 225147169
10 15
228919038 269983338 6663307 644503134 322251567 276646645 255714841 539966676 269983338 276646645
10 3
284854738 342748568 228374977 278232886 312200654 268164011 556465772 312200654 328532510 342748568
10 2
293659101 261263134 227776369 440977834 24577102 220521660 351541839 285840236 220488917 351541839
10 15
244052266 379843190 210155457 247733943 361321843 344858325 488104532 323156650 120051730 241270113
10 17
456635726 219131909 277115740 176336981 352467123 395468890 352467123 228317863 338760398 289834058
10 7
376085913 752171826 309629505 394290838 231306507 309629505 261495238 315456899 231306507 383599620
10 17
251759316 294568798 246393603 277574686 215826579 306011195 503518632 334198079 306011195 215826579
10 16
783795624 391897812 320468479 391897812 71429333 384483306 237874511 475749022 237874511 357498513
10 19
301001283 602002566 244987989 326637059 351109523 244987989 307654815 204561592 351109523 326637059
10 6
714871060 239573963 327803923 327803923 313608436 313608436 338743599 351734084 357435530 357435530
10 13
373971358 202567025 313382880 317916601 386194627 373971358 282741945 115349576 282741945 772389254
10 13
311458986 316164494 293269313 224742562 325101755 288763509 356093932 210123637 741339316 370669658
10 9
309718834 293492042 272523949 116447190 225452180 341899370 390296230 683798740 344867401 225452180
10 13
330289756 269082835 214993247 302807673 386832229 655335692 327667846 327667846 660579512 429986494
10 19
363779880 206024055 221902991 443805982 332687842 392508977 332687842 221902991 232617805 232617805
10 17
246265867 136624173 216536842 205718693 353161015 246265867 381622484 358662787 763244968 273126428
10 12
294949095 283809025 250387523 415534508 70143245 294949095 353952270 207767254 352200618 250387523
10 14
369240181 399088864 241904757 215566461 483809514 268243053 201949837 243480231 275120608 216669104
10 6
203774293 354778944 45365014 310380755 343618770 216824202 339208283 355745769 292195196 284985328
10 15
242652499 295842526 485304998 258867651 216342545 384338636 204625661 280679337 299969994 384338636
10 13
209573308 783354148 266707457 318431460 376285454 215597177 266707457 391677074 108858152 431194354
10 1
273850685 312615409 301492819 2273784 545498220 330872846 273158810 337494947 314889193 272749110
10 6
270442792 359296888 540885584 92355145 304281783 389170527 240762836 240762836 481525672 304281783
10 4
245012735 295555779 309236618 382718841 490025470 203768336 200384883 295555779 64223883 350902425
10 14
229712250 311429020 385310420 380937674 208366570 73881400 380937674 354288902 385310420 378062266
10 7
734111476 363397024 794969282 397484641 363397024 367055738 221898495 278168275 367055738 278168275
10 9
796082680 247299648 121302437 664559630 398610817 398041340 379535965 332279815 737204170 368602085
10 10
211457166 374136315 275479481 306169498 398961459 385059774 211457166 374136315 348990340 173602608
10 17
350236368 300678235 486546216 303849548 301347825 363033726 303849548 243273108 300678235 380572234
10 11
246829994 295707089 493659988 378119006 591414178 269433384 251896235 262723183 305784175 378119006
10 7
234360537 382070234 382845437 201314498 775203 382845437 263515234 338058588 278458037 236394709
10 15
293053287 300130669 270085566 293053287 258447668 390459790 651213912 325606956 540171132 390459790
10 4
274809863 219082926 380512935 380512935 265044228 530088456 265044228 219314317 347534456 265044228
10 9
203047866 229931401 752741430 279274159 376370715 227753194 455506388 380670753 272789358 279274159
10 11
317804493 248483955 355789564 355789564 372626655 16837091 642199538 321099769 496967910 211338683
10 14
323326879 361977239 288648446 723954478 312968777 165422773 263700006 312968777 527400012 249321238
10 7
224171229 362562190 318893745 741553120 370776560 422659375 434470008 362562190 217235004 319219589
10 2
89549752 324635428 315542244 207092590 414185180 373251166 210715160 221107854 281730836 256042737
10 19
520650336 43214697 346799270 288987363 390013967 333455079 260325168 238294563 234082308 346799270
10 4
310986526 96160329 241831094 336161420 339767154 241831094 385477692 770955384 243606825 339767154
10 13
18624000 329771852 222437562 325526938 444875124 696791704 348395852 214118813 246205554 428237626
10 3
204952809 529537282 388051561 507730146 324892018 776103122 253865073 264768641 388051561 324892018
10 4
236817488 266731437 533462874 333775153 292274361 322418790 342723097 334888511 199687721 236817488
10 7
357843756 366857667 273131374 370819222 279362538 311825309 366857667 311825309 228619819 228619819
10 4
366890813 369792499 369792499 2901686 253182220 236376277 288620174 352887735 209291368 739584998
10 1
338591888 793523242 255436260 265110652 321689701 255706091 274483180 338591888 643379402 396761621
10 7
344481355 216145210 235502284 238075113 307584036 623610842 4221385 356460807 712921614 311805421
10 4
307382929 214527482 614765858 281805820 273685319 210284224 307382929 341080539 214527482 420568448
10 18
19540902 377211947 384342382 687928602 343964301 768684764 230566932 343964301 754423894 324423399
10 18
320842570 237192796 315405409 367672745 613358942 336325584 306679471 292573863 320842570 585147726
10 3
222012166 236483980 306671800 470020970 350261402 350261402 30825498 374257087 275846302 235010485
10 1
324588170 256823713 594016154 352473272 260418964 297008077 329938839 370313055 740626110 354262982
10 15
236607394 395885880 481380750 280017696 244773356 286850364 294445243 240690375 331677990 227207985
10 3
203922097 261993243 382912117 336392758 295816128 200524444 523986486 315180002 201596847 389940070
10 5
258814535 231207572 365613674 339556046 330975792 258814535 339556046 365613674 349113442 698226884
10 18
734194508 243113036 213801798 367097254 213801798 291217220 582434440 520392710 310435430 253920984
10 13
255619485 399535848 538044844 269022422 399535848 352812388 52572413 321594835 373562872 373562872
10 16
365933532 356370406 327968977 332944123 332944123 731867064 384901246 381638278 332944123 665888246
10 9
235176577 720811412 338423781 232029677 333060240 360405706 381655223 205536045 149625546 359609942
10 3
462732976 257765614 751442136 375721068 531527246 204967362 231366488 275532181 265763623 275532181
10 18
278930530 345321740 376429795 255690638 204689855 234152090 252423625 217460590 362862279 97499265
10 10
121566221 298146317 344870595 293392122 230637019 223304374 326906599 236152801 398943516 295397229
10 17
358945553 350132416 269290596 462698552 231349276 393924150 71293262 278839154 700264832 200958943
10 8
339221939 216397987 271534099 390150879 636919538 339221939 678443878 318459769 329901482 780301758
10 12
236131241 391341362 342462860 780604168 257530270 277722445 438141308 260373128 390302084 202866946
10 14
230909533 283522726 237679919 567045452 280765761 304864030 777531792 388765896 383600225 388765896
10 3
253710293 307211225 347061570 215329582 387825594 215329582 368301484 430659164 80614369 381337395
10 4
221565867 233913357 204844378 289948072 346708230 385218947 316177008 204844378 322245173 316177008
10 16
330775778 211126597 228333646 17604007 336061240 392394011 343277785 374790004 749580008 228333646
10 7
13181386 380398224 226078927 390051715 760796448 361984734 425795082 482794082 241397041 212897541
10 14
795488962 397744481 313725843 397744481 336812072 280773178 242288942 561546356 280556912 266346378
10 18
394996962 282591265 231675924 170813282 386160702 216361720 215347420 361316029 357916214 430694840
10 16
338200369 330693534 214777057 676400738 381039259 396237421 266230597 330693534 381039259 281138806
10 11
257531871 284930171 569860342 247032260 345486203 376338326 284930171 344229162 364373666 323403781
10 18
322517650 386904239 386904239 387951037 322085192 1046798 317593996 383180450 234302661 364935863
10 9
218095721 270468460 382379140 393371988 321881097 342894127 315147030 436191442 382379140 393371988
10 8
328214997 98908885 390535376 399026877 321349186 341175470 290961461 798053754 222440301 222440301
10 17
258396700 86732850 255203435 291935184 372726450 360763121 378668034 745452900 281132499 329188800
10 10
349416556 698833112 366474661 275484521 320321822 349416556 366474661 274683840 275484521 256340698
10 2
335833726 327570491 309543262 90600801 245232925 285013790 365315922 210891475 245232925 243042312
10 16
272466245 206484564 307889234 206467186 272466245 569571836 541124360 284785918 200284674 270562180
10 4
516947230 258473615 246673106 255937387 301791350 341012623 351755242 311383769 246673106 365298268
10 7
308090524 347568188 249273867 219762822 308090524 619980782 81117539 391107930 309990391 616181048
10 8
354026642 227889396 396979282 289883585 321394573 394951467 288691092 396979282 577382184 359170492
10 4
385490926 256621416 256621416 307058047 379383019 72324972 758766038 343340544 395754270 332961919
10 2
200128564 716962422 264666432 333540402 317777169 358481211 282752487 24940809 358481211 200128564
10 7
200317612 786164126 241416275 435686180 325061197 274149570 217843090 274149570 393082063 241416275
10 13
397526733 98994250 342028565 443618360 298532483 232157821 221809180 399074034 313608291 380825121
10 5
214163513 201089119 248957649 201089119 248957649 265831004 363778414 238386445 27444559 363778414
10 2
322720708 378359613 337993235 619412814 309706407 296412907 295541503 13293500 378359613 352685270
10 9
733715586 275970605 383016682 366857793 403881848 396401408 252003260 350698904 201940924 271240534
10 10
227117805 215939893 340726197 389172121 275219760 381785293 550439520 215939893 215495193 384326818
10 3
279126568 291504583 351818483 249245930 59568601 351073184 200496969 342077648 275781001 279126568
10 8
25604885 221916439 722297314 273330005 330993661 223376713 330993661 361148657 356598546 223376713
10 4
289163768 255215637 746556502 396231105 210736451 347556267 399000235 399000235 366647784 373278251
10 4
392310478 377882333 260327138 290368223 254925671 392266224 241108816 30041085 245189935 370017317
10 16
70491847 487546900 262219526 350246925 243773450 700493850 342956269 387664003 336276056 332711373
10 8
298287173 513495362 228238744 298287173 524504724 339532689 256747681 481678376 262252362 240839188
10 8
322578172 255259208 241660036 191448054 514026226 218879390 388403268 339168355 312142180 257013113
10 10
359780961 370074195 214750377 673928520 75874255 379887929 336964260 358233129 282358874 719561922
10 6
566134390 314566942 310864472 296915873 290113816 52879029 342992845 283067195 277959927 593831746
10 11
365375936 388938122 44572048 298095569 263958274 230282268 308530322 460564536 298095569 302104069
10 19
357051419 392866430 785732860 229056448 209536607 231996645 553736215 229056448 382213810 308811583
10 17
387813410 393542678 83441506 230295635 307475795 384021480 278413433 222535802 300579974 289336523
10 17
211885459 423770918 221235443 121247064 619846780 302523854 309923390 300868730 203424753 231415819
10 5
246094671 320536650 213717341 641073300 320536650 267319252 263645615 361934324 361934324 306986410
10 17
720662654 359215240 219806488 360244694 263810180 319690376 265199920 360331327 102934301 256280939
10 18
380906251 365648407 393734305 375181962 593905626 296952813 344041654 375181962 213835711 252320094
10 12
204485184 346643717 204485184 371286413 248913082 33945622 238522527 312515487 380589339 312515487
10 5
276033938 303970141 607940282 346469896 350327330 205361137 346469896 46357189 297720896 410722274
10 12
66186621 394531225 325696336 259509715 209279269 519019430 230468604 208242283 209279269 385344833
10 4
297888104 246029797 246029797 297888104 267448590 367199741 595776208 99751151 383302312 267448590
10 15
350304082 700608164 343343073 325936817 343343073 237845424 237845424 707558862 353779431 350304082
10 18
343012650 205922396 772341720 343012650 205922396 137090254 285109185 386170860 411844792 386170860
10 13
308774741 322096472 399947632 263587769 284410300 13321731 243096197 378558335 329368440 249801099
10 9
282313836 607639406 317700258 727935492 363967746 303819703 363967746 688883864 344441932 60148043
10 10
88845608 303068913 272951863 344346040 272951863 361797471 334867632 207479136 363406139 277408167
10 6
332442260 301532830 264413367 249526627 209766969 377895596 71366838 262579438 230165992 334949637
10 18
44477091 283760652 329340796 398024330 282616386 288731053 278098000 223504778 324131889 279654798
10 13
216583329 242789882 209253774 242789882 370962963 319278008 48185189 433166658 209253774 290975071
10 11
337619645 355858479 630979156 587857000 231998521 346264641 315489578 675239290 382664990 293928500
10 9
391981730 394389730 783963460 320288990 300475384 64411671 384700661 399237186 291745298 304732322
10 14
398695444 6313679 303935383 398695444 264228441 219360991 296992624 254654932 225674670 303935383
10 13
349716265 381442070 325788475 355470603 363717074 61217091 359044615 288499174 237560806 291319762
10 10
253294843 416159222 213739327 352745100 351371444 46952243 304419201 304419201 208079611 334251443
10 13
319500940 319500940 111009062 208491878 347341557 339680715 347341557 219319569 208491878 231276478
10 15
799947046 325175849 297364789 346655904 399973523 301288739 372008193 399973523 301288739 346655904
10 9
362938703 700372090 350186045 373443672 350484817 256654331 206255877 350186045 238625626 111560419
10 10
395224895 389157994 389157994 504970744 252485372 286845223 262238536 395224895 262238536 215347720
10 12
390723147 240014697 367662101 240014697 380043571 344585426 200091534 213731821 735324202 390738776
10 10
265805032 274589754 220829225 353674046 348322632 288285584 8287052 549179508 299270447 340035580
10 13
377770637 203259460 356453040 363516810 377770637 283727223 356453040 253427095 712906080 206654666
10 10
324019555 258255490 512277812 211776389 223282565 266325136 256138906 266325136 333406603 333406603
10 15
245944251 636465180 382558272 339358495 339358495 318232590 245944251 382558272 243660899 276597596
10 8
373767695 363173309 589528428 373767695 271037514 258761820 12275694 257925494 294764214 517523640
10 8
340633785 246484888 297425890 759511148 327602762 284848101 379755574 340633785 94148897 301608977
10 11
274676915 204107955 374440183 68616880 408215910 388359308 388359308 319742428 243621978 208577733
10 13
251422804 352066569 337486276 276300424 253866334 395703079 75766145 227133913 222185225 295705908
10 2
362585922 345150289 276515881 382886556 341099228 362585922 314349476 226208864 288472408 682198456
10 11
376169823 316203202 393185036 220228162 376169823 66800305 241857749 241857749 249402897 752339646
10 13
339281220 142714013 331767353 261207487 237321074 380035087 259041554 252791205 242483109 331767353
10 19
316182224 550665116 22994080 213731561 325002108 275332558 427463122 504676956 360685222 252338478
10 3
212035508 309999432 39812643 268064859 203576697 307877502 348630826 317853217 317853217 203576697
10 17
304668886 305576669 789715984 334851358 304668886 611153338 394857992 378161643 334851358 373951170
10 14
287817045 357284271 331473505 528270802 264135401 28542938 231015955 329374068 360016443 321843358
10 12
317029919 344535973 344535973 434955986 254115960 689071946 217358414 207617144 226753909 254115960
10 6
252040418 211283442 208235521 289231275 255237089 379388541 80995754 271210623 208235521 510474178
10 5
175603766 779217606 389608803 214005037 226528069 244212741 393509747 314793450 255072501 226528069
10 8
315046290 229448853 261213028 394098183 226278665 226278665 452557330 297829810 261495911 238906490
10 12
226056070 25969856 317912784 400172428 317912784 200086214 452112140 274312844 548625688 226056070
10 9
116424562 406816454 398251873 551077936 203408227 290391892 275538968 275538968 236858647 236858647
10 18
202325031 115874044 371516530 325237570 354438457 324010863 202325031 375915414 255642486 751830828
10 12
210065559 420131118 389080995 334119062 10909558 272346301 283255859 283255859 222526665 239367355
10 10
56891625 318918248 247857730 364547597 267078896 267078896 364547597 534157792 247857730 304749355
10 1
270668051 231050139 282779838 378767944 251826928 215708898 362971416 270668051 462100278 231050139
10 17
305225701 610451402 319504057 375153901 337584017 208442888 375153901 305225701 305225701 639008114
10 18
296714655 391995584 201738649 325214680 321058537 458776488 783991168 403477298 392775687 391995584
10 11
340879264 242716261 325899767 46463665 242716261 237560217 361034094 475120434 322969467 284023882
10 4
254080526 397005981 202042003 705687784 276650066 794011962 352843892 331677102 214201040 517361896
10 9
344866278 689732556 344866278 324635291 331609358 343104138 221007206 335759094 358123198 209785721
10 8
73444688 264091355 302548365 208628213 337536043 390767486 203543995 417256426 337536043 348108115
10 9
436958770 79995447 218479385 345905486 210869634 345905486 267802756 691810972 298474832 291581210
10 17
230682896 230682896 779520482 335610440 389760241 280856595 284612743 307319405 389760241 348481635
10 11
235883326 257991977 349864356 71054781 202712726 263196301 263196301 306938107 287851039 287851039
10 13
355773542 245804215 245804215 30514920 385792620 348464053 232220175 325258622 771585240 341320663
10 12
200036666 391381270 327769042 590819960 44586052 220586482 327769042 295409980 372355094 330534383
10 16
213159715 312278056 341475305 350137324 202348429 128315590 399539586 799079172 350137324 322077994
10 14
698561256 321280839 276295948 260408417 216905559 276295948 104375280 349280628 273853636 216905559
10 8
270800969 17298900 258884030 233294824 219923462 215995924 320680066 240042715 312864792 218042654
10 6
220933942 76146849 755354770 236979045 236979045 377677385 332322898 279035425 256176049 386056998
10 10
229746318 308075710 204581087 347599547 376027649 361078395 409162174 366610905 394482634 616151420
10 15
271267742 224350514 231562782 314007495 398851504 380822178 149259396 240419528 240419528 282014218
10 3
254707152 206202994 216806207 750783350 675266464 370450525 228187407 375391675 337633232 228187407
10 9
240806359 245973770 240806359 397063746 342060916 326611338 234726656 6079703 397063746 331842233
10 6
329474106 393253966 299749274 289004625 93504692 365132783 326159916 249564500 256097824 299749274
10 4
307645207 374875178 65849098 303465205 237616107 674274672 237616107 606930410 337137336 235739585
10 14
282183228 213757823 215532895 357605019 239526860 215532895 314337462 142072124 223444124 213757823
10 13
156759817 392231172 407200716 455937872 250440899 227968936 246778192 203600358 240647473 392231172
10 17
364071847 329379365 383219728 760490162 275667005 380245081 281557417 281557417 41860357 322211490
10 17
24837157 240582509 331603133 456306936 225992034 228153468 299994761 255880708 215745352 365552379
10 4
286868333 222581391 263171352 217187417 25169446 238001906 279357785 253886160 253886160 237185801
10 4
268594005 231783238 327863680 274342806 548685612 672143834 268815969 5526837 336071917 268815969
10 18
215092236 251454006 342318613 292644531 254107953 223851790 260280901 508215906 342318613 215571375
10 12
247138749 293185871 176376464 312725215 217359297 393735761 676575270 312725215 338287635 338287635
10 15
276519828 272393075 276519828 204072380 398852889 371264767 201642850 2262925 371264767 274256903
10 10
344137393 247948346 384712737 253286376 495896692 320921561 276674094 219222598 320921561 374599674
10 2
332529692 221178601 314051024 665059384 205172748 502903070 221178601 628102048 251451535 342459982
10 18
394576762 340769674 246287565 304101464 340769674 279222964 352632811 106345246 348518812 330819801
10 1
359738555 220242341 397985361 395951648 84018732 275719823 440484682 319260266 267948788 238620342
10 14
659721218 328091862 43999367 329860609 217230422 217230422 208505653 208505653 252505020 252505020
10 15
790768236 773729838 394386329 377957777 377957777 386864919 386864919 395384118 316182873 394386329
10 14
393646385 307681399 394092042 277618092 307681399 366165929 113424824 280667218 363027326 615362798
10 10
308429462 38767532 378047877 385887452 358855275 280813220 339280345 280813220 339280345 205518314
10 17
211913655 373455880 331683387 322298566 373455880 205165657 384319653 51157314 322298566 423827310
10 11
396680296 650897748 394217889 359891021 307936324 307936324 325448874 291006727 291006727 319258504
10 4
252074743 392306691 320870975 244361836 787859436 393929718 352588380 244361836 252074743 76509139
10 15
271365707 264044037 325737248 264044037 28999780 293043817 211188651 271365707 346127494 275705783
10 17
201571161 264387975 239343214 345000024 403142322 293304897 207870009 207083048 105656810 264387975
10 6
241806466 347371332 51985537 261711508 694742664 257740108 318561037 392252384 266575500 316682273
10 2
362871028 328410756 677788728 23556856 354893328 338894364 305499116 278076927 331336472 377782244
10 18
296304365 158065552 798275476 396688012 339568910 241072186 399137738 607327912 303663956 399137738
10 4
538997760 234520501 371074950 234520501 320122031 640244062 225868475 222745471 320122031 269498880
10 15
304701025 228888152 35330287 304701025 457776304 340031312 340031312 358593945 241930156 241930156
10 10
263791873 218369045 332390176 381524726 209235382 353136263 330936014 282433999 353136263 664780352
10 16
243364389 269616940 302615596 304898151 378336163 269616940 609796302 302615596 243364389 238641621
10 14
300124943 365717204 372270241 250874590 292530922 541493692 270746846 65592261 585061844 365717204
10 17
232157160 325788573 713864822 30646344 411418254 315108835 356932411 202317297 236355471 205709127
10 17
380286223 324926614 319486043 240358009 638972086 398614077 371364360 367771635 397347058 397347058
10 8
222370274 290910734 369380356 222370274 353695063 488630974 220889844 330171677 344639471 244315487
10 17
302564346 218977143 255129449 388086564 605128692 240218039 329174546 359941199 359941199 104811750
10 8
339847883 239396430 338684029 237985364 677368058 239396430 387916648 316339476 339847883 289451410
10 3
306453926 333100628 230419230 244379917 333100628 313791819 62074009 283605252 201570056 220642172
10 3
202575214 280082431 280082431 373522224 296759224 373522224 261605119 16676793 253423514 265036946
10 11
42291359 376020978 209509980 274263524 303386258 365540637 237819216 231694116 261094899 331163369
10 11
283246729 250443614 339731249 306071214 306071214 206676658 264166588 206676658 133054591 281200283
10 2
260226979 304761040 520453958 747234494 346966870 269507944 35253096 305771343 373617247 373617247
10 7
346333879 363517843 510579042 727035686 244269407 244269407 219770953 210160816 323365498 255289521
10 8
244150444 369149093 344873311 376276788 478272806 689746622 738298186 249094725 229178081 239136403
10 16
116629625 247995987 338857280 503930374 368594812 233104017 288992313 466208034 224343584 251965187
10 2
235186567 367315342 244287683 235186567 379994405 9101116 215075591 301223798 278991894 215075591
10 2
381525977 397287847 397287847 794575694 320169181 286252436 52966280 311580283 371161659 339218716
10 10
350916541 95996659 341267809 216272148 509839764 254919882 341267809 682535618 398257396 238711551
10 3
278722854 355796107 355796107 203092353 152703754 278722854 347225519 301121568 694451038 277297185
10 12
208742202 227809314 338009810 448272916 227809314 319455614 246161969 362107419 202110947 224136458
10 8
392653607 229992412 268003944 399838279 364778935 276198997 256225400 322763015 322763015 69890592
10 12
309972600 319703140 237322720 639406280 342120854 334758530 204152434 205331547 319703140 293369457
10 12
371232962 289764613 291333368 221490542 91342652 307471689 398814341 229327404 206810614 398814341
10 11
322014141 249974165 249974165 236482079 333867343 290282604 286017362 378709193 290178065 322014141
10 5
348931928 236981391 345956011 206652417 579170374 362063199 236981391 233214363 233214363 289585187
10 14
369031726 799537440 329400536 267358312 267358312 251862237 329400536 62042224 399768720 251862237
10 11
628075600 314037800 353664561 680039574 340019787 326375013 596557642 298278821 305934172 272226091
10 6
344491455 236480849 343948615 472961698 252253027 390215680 332119873 542840 307176139 332119873
10 13
226065102 390919672 329072016 266146286 329072016 365579120 271812652 763462282 5666366 381731141
10 15
682075328 341037664 264653802 370402276 218435529 635056078 274335018 317528039 377806233 317528039
10 2
228734626 797365308 200840931 266502481 533004962 209055955 308283822 325790678 398682654 79549196
10 15
367144810 367144810 375958294 345621386 323624279 367144810 243278564 388660728 251279218 734289620
10 14
408897906 290810173 390793170 125020690 245910942 265772480 316647227 204448953 781586340 265772480
10 12
285071383 285071383 315854283 355317376 607354740 299509631 303677370 326904391 326904391 206547223
10 12
84061974 385146049 301084075 283535948 326192340 237552114 385146049 237552114 282163172 301084075
10 12
297847991 286781418 548842438 489633788 244816894 244904849 274421219 29516370 305525841 330412914
10 18
290210298 200799567 200799567 361832848 290210298 316307426 359583855 719167710 323309876 203011674
10 18
232704832 298880624 389538222 354382571 266911145 24777645 354382571 298880624 396578529 329604926
10 14
398209318 402004948 245453298 394818489 398209318 201002474 242285279 202231833 197206844 383116977
10 3
549620408 263656285 31726272 274810204 236017990 274810204 631489068 284018262 236017990 315744534
10 17
339785595 205744397 341404562 682809124 343023529 205744397 391002479 607732486 312374255 303866243
10 13
298551481 288544053 262227712 322073614 36323769 257099981 211957495 317699408 322073614 577088106
10 2
347946815 299534019 591369788 255192288 359435771 259322854 295684894 349475577 278798379 359435771
10 10
694082948 347041474 330022319 375141623 17019155 369178578 738357156 286181403 205095999 340745147
10 8
308243711 591161990 305791862 213885805 353220916 89559757 397803468 295580995 394657676 616487422
10 11
382057484 285705968 522612040 338612774 348761385 264701229 677225548 248037252 261306020 382057484
10 17
380708554 238915907 394059973 266636519 224274015 251552393 380918779 533273038 258228072 394059973
10 9
237568334 83201268 369898801 251158423 282296114 359560207 276358939 552717878 234262255 221809609
10 7
324707107 244596727 243664951 269433632 330874146 221418663 243664951 250135342 252361879 250135342
10 15
240039668 291683512 480079336 380132986 760265972 117149392 377280119 583367024 380132986 357189060
10 1
368655056 227612952 356690888 382136448 368655056 455225904 327039753 356690888 337800361 331460085
10 13
194172467 203122876 212073285 203122876 406245752 253937992 387787646 354796940 709593880 362233386
10 18
338222360 313772159 359758221 113727836 317883551 271478738 386697069 395016099 355724406 204155715
10 13
471561172 235780586 382830613 364876731 729753462 235780586 321347424 321347424 325363797 364876731
10 7
364894431 364894431 361246890 391229918 391229918 267787560 267787560 335266854 363450814 363450814
10 10
387069695 654402586 258691429 231933989 562287280 660706582 330353291 327201293 353528213 281143640
10 3
334718337 353226221 303050172 378838683 338645240 391414522 258206111 378838683 120632572 338645240
10 19
325246986 249478183 380690580 337479914 77672606 259807308 236858235 368283685 650493972 498956366
10 8
317197131 296986689 624096354 321667119 329259190 296986689 643334238 312048177 230888251 634394262
10 1
86044069 329114543 277518797 355403436 263628957 286152055 355403436 349673026 239768693 239768693
10 1
213985303 223452971 213985303 242753940 331616584 291710454 446905942 216327226 313810734 663233168
10 14
305356788 411988076 205994038 305356788 216532457 261054514 200597164 293529763 200597164 216532457
10 1
275064399 247951997 206705854 376498143 275064399 413411708 343214950 221631192 752996286 138347309
10 18
316338055 387403898 397855320 290988601 290988601 363837417 397855320 282073675 301157792 301157792
10 15
261120168 368605766 358853361 356367631 288909155 338872433 356367631 346432802 358853361 336851970
10 10
362596712 434843992 386463865 215247740 212485359 212485359 215247740 338258376 313474931 217421996
10 8
304284123 281651529 285980918 395999793 445138288 332118483 173430649 222569144 345168433 395999793
10 11
361944994 346716271 63091166 252780618 398964044 313740863 286051112 250649697 348012370 369104519
10 11
213505552 527630262 239514515 208892001 257758734 263815131 427011104 18244219 317627511 323686823
10 18
227831668 218687925 357309681 209544182 306005005 437375850 324902303 204438662 204818673 357309681
10 18
211640642 328909695 754341210 214541907 309779439 214650546 108639 203005097 377170605 338558784
10 18
394222396 274439448 249950003 202944402 327372120 24489445 394222396 405888804 499900006 274439448
10 9
254787199 311387843 303825900 254787199 379950456 311387843 271953746 289538712 271953746 289538712
10 6
332364658 452207980 226103990 408506358 204253179 204253179 244713494 297634492 215715353 332364658
10 18
211115291 25087814 280978999 394366716 254377715 229289901 254377715 314270418 337632838 282481218
10 3
279163924 625746496 255167704 399523349 367785352 385463398 312873248 392831279 283202573 7367881
10 16
321726924 339283655 450085276 215656341 305671379 273052448 305671379 339283655 225042638 347857789
10 4
354945402 296011662 281508355 293870607 592023324 570570730 611534972 305767486 237077922 285285365
10 1
335226817 339121559 326780222 383044108 797841014 398920507 311543108 462614197 220544350 387767495
10 3
64654361 214311524 318317328 360715050 278965885 283172596 244066704 209794993 250954441 261048888
10 4
331329722 217222862 530124529 400159846 388404154 776808308 246683779 388451768 200079923 296917790
10 4
208164984 305258313 318514881 335313006 78476729 228268082 225647543 637029762 298786441 383735042
10 6
389850835 393036534 201943002 214376631 312588874 369643194 398955224 530938227 208348161 739286388
10 2
245125778 226794422 292013438 224761912 232827679 432022472 53955214 299080992 216011236 216011236
10 3
276667162 333015789 323460681 370534972 326096594 49429432 333015789 359730869 347271914 326096594
10 4
259469821 391766767 271819684 208212674 247619460 266728397 222129906 23680197 248139487 262783721
10 3
227973724 231955493 383099798 231955493 145956045 239321144 231130425 237143753 455947448 383099798
10 5
307222619 319265831 510672160 255336080 352464455 352464455 158207705 282497852 356096306 255336080
10 10
41509459 262100214 392514331 294445027 374644890 201416989 210098740 360526119 343514964 333135431
10 14
285312616 353558816 267468113 304469884 342250600 358476902 374986153 716953804 372955611 315679731
10 3
210619387 354944972 249178606 503434102 38559219 251717051 285678451 293302169 328281372 293302169
10 12
337963092 321156348 331942986 264785082 324763528 88281218 262995317 232875130 525990634 675926184
10 7
268833541 240851379 323296123 260464331 753170048 323296123 260464331 206492512 376585024 268833541
10 8
606435406 310381010 303217703 230488305 22778869 313716220 310381010 333159879 214973018 460976610
10 7
404431392 294739386 202215696 306395645 317820074 207101331 300606437 589478772 305902207 271658698
10 5
528925034 281516812 306215174 296741821 264462517 298940503 300438762 563403020 281701510 380162709
10 13
385768212 75458962 319592403 329040184 338760142 310309250 310309250 353446724 658080368 385768212
10 15
44777092 226359560 336992474 309623787 354120931 365081702 309343839 296136015 309343839 337754128
10 13
294129464 515987866 84089824 244208029 349307762 270542340 317152662 354632164 257993933 354632164
10 16
675424050 367665793 375771256 390716042 245799154 337712025 735331586 322869006 395427865 790855730
10 7
366160981 344685098 53276211 257324979 625769540 312884770 394902556 271358970 326418246 542717940
10 18
231943478 297642619 290580027 362317504 341214528 290580027 231943478 361197140 581160054 263601316
10 11
448503370 224251685 23265857 322135497 309321320 200985828 200985828 634324702 237350812 317162351
10 8
333028800 201934951 218208563 393246313 393246313 246633225 344981393 214750951 324655244 130230442
10 7
466072940 309285404 357222857 233036470 204385290 108850083 336183456 312107670 309285404 233036470
10 5
27830488 273036067 234328699 335835792 203102006 461864988 230932494 304533423 239085598 203102006
10 3
224928091 342633928 252149334 210760916 580241650 252149334 616503640 290120825 18130995 308251820
10 17
674116644 281988903 281988903 330083774 225388988 337058322 336726612 212579519 563977806 124147093
10 1
219870338 239157165 293870662 587741324 478314330 227012426 300566814 7142088 347483326 219870338
10 7
515655480 362925239 333759840 713058086 275569208 257827740 105097499 396447120 262476354 356529043
10 3
322368489 323123046 211353589 568020384 321842658 110489069 211353589 284010192 644736978 298968374
10 1
240012495 673129798 275844840 345014222 337097171 336564899 348932452 96552404 283317754 255703353
10 2
250355891 776001096 388000548 226033419 365303175 255329729 388000548 359896428 388000548 250355891
10 3
208286898 301720853 173298805 223733109 317754214 381585703 381585703 230705790 226904257 230705790
10 10
280043053 288258443 73383446 282098995 693774032 297970048 273503570 260666695 346887016 251721696
10 3
347113480 274662211 332425105 248534608 347113480 388531347 250500666 24161545 281163300 241279216
10 5
249851877 217582652 370513811 249851877 238362807 291164357 277013669 18741718 268593595 216327759
10 12
372304990 508398508 436302974 321781553 218151487 209464829 744609980 236211472 387153893 321781553
10 4
245835166 258558979 281294094 662581720 293338467 381287626 368353087 331290860 290888411 267833064
10 12
246699946 40468123 273630891 547261782 380924439 277828794 237360671 318582812 237360671 262212006
10 9
346907503 331389659 208531653 282112972 64794531 308119469 349147532 282112972 380234365 369307196
10 6
265613885 376882459 393361466 390969513 127747581 200152516 400305032 265613885 376882459 271539698
10 19
253531636 98579986 378903869 342871155 254760828 202095378 342871155 300675364 253531636 238712438
10 6
367816746 294917413 200818587 401637174 302955579 333800102 29278001 213558418 372359173 589834826
10 8
286440804 200167878 290857708 282066863 320303281 337183075 200167878 372977430 360598749 721197498
10 10
234128708 307821487 350874674 615642974 346965535 468257416 304003144 234128708 314531125 314531125
10 3
264010282 264010282 225007546 266457213 254934888 307867745 307867745 509869776 330353547 254934888
10 13
217140993 257364298 259506731 257933074 201452733 239370083 257933074 40223305 252373363 243075909
10 2
264640963 329335701 276482277 244445994 223316818 264640963 373211587 11841314 373211587 276482277
10 3
257361581 552027516 244185632 94108937 387271991 282131477 351470518 342124005 276013758 373474914
10 10
29508935 649421524 352725684 474534414 323216749 352725684 259200990 333065292 237267207 324710762
10 2
534619700 267309850 270912918 204127917 408255834 359949236 330508039 23526609 243783241 661016078
10 16
229849468 526224776 180540166 384017124 390672910 211478778 215405068 210132744 238244432 263112388
10 9
373881568 302649723 238913127 747763136 328975307 206001725 134968441 252816748 253919457 206001725
10 16
357997806 293976414 313905172 278814240 199630674 557628480 222798639 278814240 227134157 222798639
10 19
211193179 370408005 330727784 223793749 63297168 330727784 370408005 287119115 287119115 307110837
10 17
395744947 318094603 272670123 395744947 239691787 272670123 239691787 479383574 206713451 381375238
10 18
68818543 233944096 361716277 207763300 379226642 292897734 208872444 223227117 467888192 223227117
10 9
223168244 283843030 298949769 322366816 215469013 7699231 316730630 396334276 312144631 396334276
10 2
18714456 320317722 201737551 271081160 275929053 319890985 246644346 246644346 294643509 294643509
10 7
314499435 318476934 243851300 255918074 318476934 350550525 255918074 349455968 289958841 349455968
10 11
687406130 793753250 288183847 576367694 343703065 288183847 396876625 343703065 247969805 247969805
10 15
32430226 275491700 275491700 307921926 212202754 356135164 289040035 359130048 273780833 615843852
10 4
226316010 651573660 320542568 247658091 325786830 253444759 320542568 365098640 241992484 506889518
10 3
246538509 336174265 207969672 343826033 38568837 246538509 240087100 233767045 240087100 493077018
10 3
301129359 301129359 346109582 298176058 360872614 274544648 315854142 47933524 224490762 310976235
10 1
235244680 209156966 371710701 369632358 739264716 397790291 227643320 223608677 743421402 345890238
10 2
382229677 216365051 326773541 313784784 312429463 252814056 335113180 326773541 343476105 118748129
10 19
322183013 267157599 319533868 368658358 388189426 87963934 382133547 234219079 764267094 227674461
10 7
308956780 295716733 259579722 217392692 283247215 591433466 38729085 214077394 256121777 566494430
10 13
377501784 247472777 46281855 339697823 374369368 748738736 369115941 260925252 293754632 339697823
10 5
254380075 395016912 738612120 369109974 386414935 391708847 328631789 369306060 373114402 391708847
10 9
213416972 358044498 706414156 272607155 208650163 358044498 353207078 371471632 213416972 266631627
10 1
220433199 383542659 393546522 225225855 337149530 116716331 767085318 337149530 261734130 212323827
10 9
245345377 330568084 247992098 789792264 247992098 358296805 348617989 661136168 322531227 394896132
10 2
296756309 354973132 225950330 575497258 376821823 371013095 231660343 287748629 21848691 258135696
10 2
236217239 351155216 351155216 489827528 641558624 25560030 320779312 244913764 320779312 376715246
10 16
354238511 298939842 317812491 354238511 298939842 216324224 331953324 305937153 344158710 344158710
10 3
237336365 285936092 388416470 209158525 223330380 62605712 680125796 223330380 340062898 325800196
10 3
256886086 766479716 256886086 340981938 383239858 269355959 383239858 325199392 375403506 269355959
10 13
324768694 208554053 417108106 51968487 399186998 330999451 326112755 279030964 259133501 279030964
10 7
356697455 356697455 336074277 202893940 333418664 310052392 405787880 672148554 251918132 292627398
10 13
322426785 667745182 252528158 345318397 260137149 333872591 252528158 218390828 269743390 232114946
10 7
376097201 450417533 716413322 358206661 301776869 251266096 251266096 373861648 752194402 276604713
10 2
376719559 490372308 245186154 367554441 9858682 350665473 357695759 791040410 395520205 753439118
10 6
249719040 285449303 387686565 35730263 349891571 775373130 337792140 699783142 238124342 499438080
10 3
205370723 248647029 241191497 333738839 379430150 265744812 667477678 215427125 386177899 120433087
10 8
362603307 265662587 248931093 257038610 218691228 341674132 20929175 341674132 331513491 531325174
10 8
393805564 526851066 708818274 263425533 383482249 325336025 354409137 338271268 291206395 787611128
10 9
386722543 300081332 277134168 249433339 277134168 305113325 239683791 479367582 610226650 50647993
10 7
292901979 288814044 380169742 15434514 421765138 219626396 304248558 210882569 265426037 208498895
10 4
290121992 275059449 216617464 341332207 308442489 302197949 290121992 682664414 392542422 275059449
10 2
253269781 399376588 308011167 334090935 378368869 344822913 616022334 283265770 393479649 95103099
10 4
304549600 565957994 395524163 255210083 336803870 282978997 223002962 297110123 81546638 296084331
10 19
247845133 245380842 362682379 490761684 617493502 308746751 253778287 343904634 245380842 687809268
10 3
294512697 369032073 205712923 259638235 352439423 663544770 331772385 305138968 293766475 360614278
10 4
357048192 393176445 250035020 337949358 324293252 255526235 294354092 40762913 290797933 337949358
10 11
355249415 296746976 296746976 384310223 318756352 710498830 222314904 637512704 340154645 313192722
10 2
291783503 224309626 297609230 332034802 336609484 292665954 354496345 4943276 292418411 584836822
10 1
268528978 281860759 365918293 251192226 346672428 209682284 268601049 251192226 235549112 241253203
10 6
685978812 206128278 362410027 31828415 252726926 284555341 342989406 310648387 362410027 238502345
10 12
341586200 334913074 371986896 369332456 361298928 334913074 298442820 371986896 361298928 390682273
10 16
159891266 227039082 333045965 358592352 205513647 535520526 308833737 219985994 386930348 267760263
10 18
295932825 370181337 353926140 498419406 249209703 740362674 317167126 318514944 289304063 202486581
10 16
268973998 14454163 378802144 356357260 268973998 280527181 254519835 214498998 252891223 254519835
10 15
346043334 308204144 114923878 323171527 323171527 327036036 355833624 616408288 212112158 318047553
10 17
205041264 359551190 288377071 410082528 348092680 143051416 284488485 378593200 238539011 284488485
10 12
265107196 225545634 227364185 221999238 243240112 149452246 242413822 374997880 443998476 243240112
10 7
596369354 17733046 260171688 254399369 376386205 298184677 508798738 376386205 254399369 272132415
10 11
352023698 704047396 569872244 308268787 750864842 284936122 375432421 721287144 360643572 303335449
10 2
261376157 522752314 376128169 328801110 399005785 232250508 464501016 336517517 232250508 235884910
10 12
257658666 706134216 515317332 259333449 518666898 353067108 399939599 259333449 309847826 1674783
10 3
354422025 357282200 357282200 344708994 377202484 754404968 259059698 236285572 391250376 518119396
10 11
392106012 202907142 180942297 202907142 384832580 422327430 338080504 211163715 385878814 771757628
10 12
251146113 365745956 104762892 219925591 219925591 308972237 260983064 295669811 365430172 279085198
10 19
354893064 273412789 277443088 262529003 354893064 436373339 351008692 351008692 709786128 266357779
10 2
358987903 250429445 320831886 120243778 230094337 460188674 325228223 641663772 238744125 315242517
10 2
224370827 390427387 354557664 299130438 284071612 218118638 237393105 358902566 208214304 19274467
10 12
69100529 259015171 241152388 381957109 241152388 381957109 336160101 336160101 212267413 267059572
10 11
298464041 220064022 222532068 71166378 445064136 222532068 369630419 440128044 390331021 364197240
10 5
309123372 618246744 394563139 336451886 374959932 269058732 322009332 644018664 242865686 289734722
10 19
375118794 386264867 301694825 84570042 309264716 309264716 618529432 386264867 361059614 301694825
10 7
271952649 271193265 270894898 364807734 65172121 205722777 227232881 634281266 317140633 353237596
10 3
392542942 392542942 245299824 211542317 236325307 303780286 376845006 118678037 342399582 258166969
10 4
354376222 204754261 299243922 245858689 244568583 708752444 409508522 277548794 245858689 491717378
10 12
397779471 233556156 501642552 363612513 268541641 342067619 374423014 375778092 467112312 250821276
10 13
235813418 458492878 340730344 471626836 482197028 229246439 229246439 352778758 241098514 275364759
10 13
238072080 250303352 334154077 241848339 602511026 301255513 364438946 366893724 366893724 334154077
10 16
363916304 264618084 319440636 283325000 566650000 277714198 289750875 363525276 337631690 555428396
10 18
229806799 742552426 203466869 229806799 371276213 247797092 167809344 265668590 495594184 303240140
10 9
364710663 213722189 208489954 289646298 289646298 364710663 75064365 280405530 355126475 366563420
10 6
288380252 213358044 324791782 649583564 324791782 219801333 207240596 426716088 245959019 361203312
10 12
577853368 359173928 288926684 201178108 718347856 12578914 416108362 276347770 208054181 276347770
10 1
359754523 375369233 211959113 287845713 24075995 287845713 351293238 375369233 359754523 365564511
10 13
258360129 374328913 233926705 354738415 317587362 307713106 280436309 212928135 307713106 635174724
10 2
314447450 602476548 225635267 301238274 341262303 238705604 225635267 392473553 313802730 477411208
10 17
231947793 96115825 312630056 395377398 287826520 356471182 299261573 356471182 215806188 217996046
10 1
394292133 788584266 328621375 392301377 288963138 327955704 65670758 503070026 288963138 251535013
10 16
203465078 203465078 203734337 203734337 385224527 269259 385224527 395486142 540145008 270072504
10 14
11789336 320300984 335559491 363616101 375405437 789019118 755354854 377677427 375405437 394509559
10 14
373737698 265235328 344470133 245871672 376066026 334622261 280686587 21963723 249777911 267835395
10 16
273086097 294097699 379729457 261680726 306960408 203648474 759458914 261680726 230686952 356973925
10 9
274334640 705773544 352886772 213026348 254369835 254369835 208903484 213026348 139860424 417806968
10 8
245472732 218212921 372364875 365550555 744729750 218212921 360671206 731101110 384420024 285745898
10 4
322016231 112804782 254212321 330789876 320200050 335677679 207395268 207395268 307301154 215449156
10 11
256716010 233470309 313125911 272433169 263729260 455823250 313125911 227911625 248928429 256716010
10 9
280260185 340238292 54421853 322384236 292443268 435592038 217796019 217796019 260701095 225838332
10 1
332079716 332079716 349089422 308353622 5500787 216486970 210575246 220993756 302852835 262286615
10 17
272374229 298483114 266404930 275200953 285467949 532809860 247341911 324162055 365766896 399611947
10 1
348100186 201914860 322819102 403829720 374942333 229743961 276266698 552533396 276266698 302501486
10 10
391921840 264103479 365873262 321357991 358818022 321357991 365873262 358147065 294656002 276536778
10 9
250926921 371951592 300208327 363055650 623332508 234824341 600416654 469648682 51389396 311666254
10 15
394669057 308749712 689501842 330384389 330384389 370798629 253497114 436004728 789338114 344750921
10 12
271728791 313019203 262277130 706408822 283111654 283111654 371429277 242586069 353204411 742858554
10 2
307086788 301300398 307086788 396914048 301300398 5786390 322270405 293735261 246600713 306419494
10 17
321004083 295655066 306042760 203669541 378041554 236767339 236767339 673696620 336848310 310782324
10 2
416044680 208022340 203332912 365561169 365561169 141981800 203332912 345314712 731122338 293045721
10 15
382949842 343373548 383812499 208360911 715749622 765899684 357874811 343373548 305509012 422526136
10 12
346661040 287847382 321725032 208800813 343962234 321725032 575694764 202150633 380641427 58813658
10 9
274238610 557146108 274238610 365520527 351103331 262969752 384876383 262969752 278573054 278573054
10 17
283627703 390595765 390595765 220323466 224182263 281750273 216263223 359475662 448364526 440646932
10 6
738584564 239169976 379413570 10121288 386132528 374091084 240889922 212898049 380175132 369292282
10 15
224522606 218299714 218327876 262158870 442850482 384394906 436599428 218327876 221425241 221425241
10 18
390604410 231979831 390243675 263007201 257032642 263007201 372977120 313075570 372977120 463959662
10 5
653523408 45412536 292454880 326761704 315806654 313265307 393174073 267852771 203502591 292454880
10 11
257277124 429422120 234288297 214711060 234288297 70408430 411122978 214711060 275969919 205561489
10 18
315397312 343759944 207389974 291947739 339414853 355972720 551988900 299483511 275994450 252505389
10 13
650877420 260812848 325438710 217380943 359853633 260812848 12455808 359853633 347397825 434761886
10 3
259848021 246545833 260588420 317529269 395605001 56940849 278803280 362187787 395605001 212231576
10 19
270173852 321236660 270173852 254819287 289902681 353709447 263736538 213280366 32472787 337358144
10 12
239992484 340572304 221356338 299170319 221356338 204997052 119215966 290462207 307428682 307428682
10 14
262205974 316848523 333225228 309872676 318016567 89861359 235821886 309872676 306548645 226987164
10 19
313969266 627938532 270910518 234363150 334385396 417223206 234363150 49840094 208611603 367383112
10 7
388666530 324540908 304568932 390843571 304568932 253552250 306851720 288464149 631392628 315696314
10 6
262159410 347036365 347036365 84876955 327834502 301342248 262159410 202054343 245091320 349785321
10 13
768933934 297689558 384466967 595379116 279949024 226936073 318976617 384466967 384434270 373152784
10 8
245909426 249301684 26018831 285952382 219890595 219890595 399468545 249301684 285952382 245909426
10 6
328792256 359604469 293249790 657584512 332494171 209672345 332494171 307220893 209672345 419344690
10 19
382530582 396953460 793906920 362578582 203177189 300617745 282858342 34374878 356299456 300617745
10 16
259639399 220083536 68994138 259639399 378219562 277448443 312682424 201254560 208454305 375770802
10 18
235152724 369921965 704712274 254647439 215420032 352356137 336048884 336048884 33067329 268220053
10 11
228808545 239108774 393167570 478217548 325910215 363584708 344050630 254850776 245797307 393167570
10 17
337333673 112247175 292900347 320631566 301313690 382962126 270714951 221843551 382962126 327836089
10 10
384371168 389272690 385537047 384371168 225283510 225283510 242653053 389272690 386331739 386331739
10 3
359881683 327402605 741812754 309772774 619545548 263745581 478067173 370906377 527491162 381937234
10 5
334023751 453247988 386185075 217587330 294716800 277495268 362908113 379202066 107399757 226623994
10 12
360327565 397564712 306789213 397564712 257951078 390550340 306789213 390550340 393982786 787965572
10 7
282551354 273816733 291215008 345196176 261293734 374528770 220068405 263002416 113235036 360397143
10 19
337922832 507613032 230276000 290688972 337922832 384061250 345213694 357587870 207407145 253806516
10 6
407747004 206941680 206941680 229851728 629373692 384470163 314686846 459703456 393904118 203873502
10 11
632504786 316252393 221303047 442606094 302582686 324799661 316252393 353783236 249387904 316252393
10 5
384042279 218359984 298691262 386768932 218359984 339606231 342738093 273135125 679212462 282781094
10 18
340054914 200763761 317669896 532280376 363703416 363703416 254706600 401527522 266140188 209778070
10 12
311468539 331932513 398069295 311468539 396072712 550353912 275176956 113511114 663865026 396072712
10 9
722004584 308563770 208763474 208763474 293803439 221479312 361002292 200370048 368236091 736472182
10 16
408653506 314300516 347254171 230804827 204326753 383325510 341847024 341847024 383325510 290811262
10 9
316096785 239787542 700508864 384412079 272792686 350254432 272792686 378492796 380881409 284680224
10 7
325754465 75983431 363629786 287646355 217590380 209312622 235289204 266969527 209312622 575292710
10 19
234683998 346669149 218906764 222971604 445943208 437813528 307417281 218906764 394570687 350177101
10 10
329691581 393671106 252841866 333820309 73517812 320153294 382554674 212718182 369283209 393671106
10 6
246653379 282899626 302043297 713185168 493363780 246681890 558753734 282899626 279376867 356592584
10 9
265512433 62450892 635844512 327963325 317922256 257029245 265512433 371997417 268160572 289661699
10 2
481154734 446963082 230456918 369434872 730622302 365311151 223481541 332446309 240577367 388667615
10 4
336282030 672564060 44231965 367082378 323391984 551681894 231608982 219921896 734164756 275840947
10 1
380285510 352570202 399217486 561890454 280945227 225855790 322236396 451711580 273796729 288093725
10 17
314126563 62311850 212798739 207049711 221732208 347701728 275110589 226698135 347701728 207049711
10 2
508433912 254216956 460527042 331786363 258465883 244286365 230263521 375080131 307065452 206310086
