990
654
1024
981
703
999
1024
1016
967
1008
980
1010
960
1015
656
1023
1024
1024
776
903
734
768
734
1024
1015
888
831
612
923
827
1024
849
940
985
785
744
737
1015
602
556
923
969
594
693
831
729
1012
1024
971
917
1011
926
575
961
1024
728
989
1024
1023
972
1024
923
957
899
1024
923
987
731
950
1024
786
1024
771
655
831
987
897
1023
795
831
1023
986
621
1024
555
624
1024
583
1012
986
971
762
577
969
1024
764
952
720
1008
584
575
957
577
966
849
1023
770
635
683
873
762
1024
1024
1015
900
1024
1023
851
898
916
966
979
1023
917
744
774
635
1024
988
611
646
985
945
667
806
930
666
583
670
622
734
569
930
628
771
784
953
968
839
735
1024
961
1023
965
656
799
914
578
880
791
1023
780
804
1024
1015
1023
839
984
556
612
678
1023
848
950
816
987
1015
582
726
576
923
960
625
704
931
852
735
1024
1024
848
1006
1023
655
1008
569
990
1024
1024
1015
930
994
683
1024
629
964
1008
1015
726
1004
1023
1011
1016
568
987
994
1024
1015
579
1024
579
963
954
785
715
1022
781
753
987
1008
1024
685
954
656
643
655
901
622
899
1015
611
675
888
923
1008
923
868
690
937
831
1024
1024
831
1006
1023
889
1012
640
683
602
1015
767
575
1016
1024
769
1023
796
575
613
983
1024
781
1024
1024
901
1024
1023
923
584
704
820
714
1023
1024
1024
557
864
1024
993
986
988
1024
957
956
965
817
1012
981
858
973
908
640
831
983
894
659
669
725
902
988
1008
953
986
742
1024
790
675
732
808
952
1015
1024
767
960
1024
1024
989
822
957
712
657
981
937
672
766
1024
777
579
579
989
945
1010
969
648
982
986
703
987
1024
1015
1024
581
1009
574
639
1008
1007
1009
960
1024
1014
1024
744
944
881
557
1024
593
1002
998
987
1011
1017
924
725
740
781
1018
927
949
585
733
706
614
981
1010
881
1024
936
853
623
1000
1024
716
690
986
1023
1022
960
1015
655
715
639
1019
880
954
679
937
1024
974
1008
916
784
913
1024
648
963
1004
655
790
734
986
1023
628
870
817
1024
734
998
1024
1024
1024
964
994
986
635
663
868
606
658
1024
1015
1024
577
661
923
656
1008
1015
992
923
816
566
1015
726
930
1023
865
876
1023
894
956
1024
763
994
1024
655
658
734
613
870
1024
1023
1024
601
1016
578
990
845
690
699
1024
925
608
899
1023
909
593
986
557
657
1024
661
891
780
976
982
1024
1024
1012
