708812911
320722413
186741337
106042665
187866637
652829379
49621220
430424057
632865524
41100070
444595123
293381956
978122817
522278624
462209321
39294231
407351315
444595123
125589440
67131498
965903163
994046712
843382905
444459696
444461067
442151898
483564021
312041534
680960114
444585908
444595123
725844456
831564671
457838378
227867079
842534706
125055594
444594420
393217177
209387504
660963947
128557706
46136118
820106935
343428971
232753023
205393038
384700656
697330474
444595123
590587979
417808975
906315961
444579583
901179850
317610036
983173524
848874718
444521308
531279237
917561032
580828565
395624287
248953730
436282932
838659193
444463025
813031181
592321535
555140511
947051428
444595119
150218681
923691114
369389725
504046986
444595123
142618647
609815570
699343471
753609703
444595123
18489348
316649457
345621887
309109566
150696341
708316979
514084828
768573332
122815104
310372781
95902995
927186706
903929653
648827091
791211839
769957734
402615805
444587279
714580911
39626905
79218901
259180949
486455710
345780466
422688084
408665935
706554097
962354269
969602444
66027110
683707569
851220933
935738913
49939885
331398157
15768992
555067480
381579825
488963422
444512206
851153851
321022846
568047685
139070763
905968552
444587281
307722667
284280293
