2 1000
5 1
277641229 59421933 399765359 436438592 218219296
5 8
281473894 97192162 320126044 562947788 222933882
5 7
416783694 268341926 536683852 386511520 208391847
5 9
308354970 426391172 207403971 218987201 213195586
5 4
276344176 276344176 492390736 246195368 30148808
5 2
335581222 360840629 360840629 335581222 25259407
5 2
220196462 332759287 59233186 273526101 364472120
5 7
359918278 497027374 719836556 222809182 365960623
5 8
689523164 9274187 344761582 354035769 354035769
5 3
390738262 248907562 27191764 221715798 202353088
5 1
513150476 368246183 144904293 256575238 330720465
5 4
339496782 225519977 451039954 111543172 678993564
5 3
231730292 399097963 142888298 256209665 231730292
5 5
336308081 3375097 208461358 336308081 339683178
5 5
669048674 300156274 334524337 283619977 334524337
5 7
435954396 313081634 12546939 205430259 217977198
5 6
215583243 37160636 252743879 431166486 505487758
5 2
254529460 351770287 509058920 157288633 351770287
5 7
249398868 262594436 270395838 7801402 384772178
5 9
355614474 368634135 207010632 368634135 737268270
5 4
282456685 564913370 299804992 339256099 228299708
5 6
373335476 223492638 367508939 342851576 144016301
5 5
347432471 347432471 267788094 235260525 346867345
5 6
309343492 289667498 308657375 289667498 618686984
5 3
201816214 403632428 271246096 201816214 201816214
5 4
217613954 243109361 192118547 435227908 265881068
5 9
112791710 239561129 351520245 326397685 238728535
5 6
398694515 224673759 217541195 398694515 256461983
5 2
317014051 321407293 642814586 291072402 351742184
5 5
124550610 332595791 208045181 332595791 213575907
5 4
372870975 210044384 420088768 291631267 47217793
5 5
336959324 719487278 382527954 359743639 359743639
5 2
654685378 327342689 306136329 388638207 82501878
5 9
233153221 337062375 103909154 241345638 337062375
5 8
262577567 338103023 338103023 217003919 279918903
5 8
363307939 287088459 103593027 390681486 363307939
5 1
270000459 385259799 258860057 270000459 379991791
5 1
207256766 367788728 227828665 381796638 14007910
5 7
209909691 277296142 240765095 288645947 47880852
5 9
200973689 308881427 298411239 100496636 208384791
5 3
390406436 336841462 336841462 145157459 245248977
5 7
738924720 397381271 369462360 369462360 369462360
5 7
272117948 324689587 52571639 324689587 320436868
5 6
381561356 222568456 379193024 367710085 758386048
5 1
306910287 252549751 19290621 287619666 369978838
5 6
282765178 330526568 47761390 310534195 282765178
5 9
243862638 207038161 281425041 207038161 259945890
5 4
302633258 280123503 312205951 302633258 280123503
5 8
397753341 218597927 399893309 218597927 799786618
5 3
247540241 631074684 369858954 315537342 122318713
5 2
332043336 328438110 296012074 348499348 348499348
5 3
301045053 383056380 326332591 465067707 766112760
5 7
363377132 376525413 9745449 320671898 366779964
5 8
328674873 379878650 319649137 51203777 328674873
5 1
602174824 379184526 567488296 283744148 301087412
5 2
9885548 331256359 298371884 288486336 331256359
5 7
14390883 262752663 277143546 314260346 308417496
5 5
547192 387706272 334583226 368114922 388253464
5 4
381851961 107925064 242798246 242798246 350723310
5 4
71589778 271477116 399372339 343066894 542954232
5 8
354887036 97796274 325961333 228165059 325961333
5 9
450894552 341770333 225447276 348693073 376650571
5 4
469270814 361448801 253626788 722897602 361448801
5 6
368953209 31466563 337486646 327429525 203120832
5 5
205558296 353305176 265632880 210340726 147746880
5 6
211675366 315588113 64760865 276436231 208603956
5 3
238147972 228904083 238147972 148559177 377463260
5 9
220075209 310914500 170962538 391037747 391037747
5 2
281234043 281234043 305933218 775497454 387748727
5 8
231166213 358531330 36712024 339785009 395243354
5 2
344437604 324129672 20307932 357562166 240994060
5 3
139936782 313250312 246426049 393453734 386362831
5 1
341107940 341107940 31953881 373061821 227425180
5 2
323378352 35386735 323378352 575983234 287991617
5 1
9366510 273460865 299339622 264094355 274845244
5 2
308381806 325598924 325598924 616763612 308381806
5 2
372917766 92733032 372917766 287966613 380699645
5 4
267158203 367159799 284441857 82717942 267158203
5 2
297482529 211487096 422974192 308985889 11503360
5 3
317172340 47727914 269444426 261094177 229621477
5 5
329386185 658772370 339382128 206363664 452408706
5 7
137876589 745884046 372942023 309930838 235065434
5 5
394517861 348842418 697684836 316790392 397017926
5 6
352178199 265597764 29605378 322572821 255821798
5 8
20675970 298229614 265231046 244555076 489110152
5 7
77292068 218838140 366790134 218838140 289498066
5 6
328062809 399370686 308324876 656125618 328062809
5 6
210984170 210984170 210984170 304971314 421968340
5 9
391927734 236738527 151468099 388206626 210075588
5 6
267362800 381397223 333613884 231267661 66251084
5 8
376051513 746095074 373047537 204370376 373047537
5 2
109483633 537897260 218932027 328415660 268948630
5 5
306041981 657805000 351763019 703526038 328902500
5 1
387936321 284392190 62216980 222175210 292871476
5 9
271249284 271249284 378360676 378360676 542498568
5 5
239001714 304847855 248320815 272876311 272876311
5 6
360527067 311400690 28446490 266244376 294690866
5 2
569423384 267240194 284711692 220057087 336302861
5 2
233111472 391475107 88994542 322106014 322106014
5 2
349826811 303325325 326576068 380242286 653152136
5 9
200541199 200541199 212748174 266852936 212748174
5 3
266345280 57853564 388493927 302395766 324198844
5 6
260748014 268454044 276160074 390977125 536908088
5 7
240472313 440768802 20087912 322717696 220384401
5 4
293243059 358842783 65599724 214225259 717685566
5 4
267085535 267085535 69504465 355559743 336590000
5 7
554254622 277127311 219784326 277127311 248231532
5 4
313759715 22180311 357296786 269675870 335940026
5 5
357071517 98211078 740487892 272032868 370243946
5 6
369701144 232943356 369701144 465886712 739402288
5 3
398116792 287580997 398116792 228637826 228637826
5 3
307855407 312416133 330326043 624832266 615710814
5 6
274252194 378259243 97629290 280629953 381122187
5 1
551171178 275585589 393292986 37689682 237895907
5 4
43067205 248964827 384320063 341252858 224455881
5 1
295394313 328463438 399037687 355854909 103643374
5 2
126761424 372300562 383169388 335673524 256407964
5 7
382951623 329469032 276908725 276908725 53482591
5 7
243218856 361335344 243218856 486437712 722670688
5 4
209271133 252138371 220337298 252138371 360760670
5 9
369670457 101673271 311882425 203483882 210209154
5 7
383095372 566742220 283371110 283371110 283371110
5 1
358208624 303455861 157458256 200750368 361005738
5 2
238305835 353763848 287067490 297917234 55846614
5 3
346375461 381612876 18632170 327743291 287137168
5 7
225949601 204880476 204880476 289611139 334490624
5 3
350928819 31942970 382871789 765743578 260562443
5 2
303878963 303878963 378487409 331650720 74608446
5 5
258400483 342232838 19960221 516800966 362193059
5 7
249130096 242423484 484846968 354775024 381641795
5 5
84868852 312559110 371694368 312559110 227690258
5 9
252696864 325756727 292653935 56223495 381980222
5 1
29127131 277072439 257470942 306199570 207167491
5 4
414841974 207420987 342498958 200068477 207420987
5 2
105655047 235863663 247582594 247582594 353237641
5 2
316269095 267828590 305495228 305046423 448805
5 7
485765194 242882597 377015176 754030352 242882597
5 5
230335683 267244799 235597066 235597066 36909116
5 8
371302023 364224969 157185063 263642573 207039906
5 5
338037194 338037194 287931897 40544953 378582147
5 2
253780069 219294764 575128214 287564107 219294764
5 7
378176982 756353964 600833642 378176982 300416821
5 8
552283368 261752077 276141684 261752077 276141684
5 6
212867255 203025531 54216234 363886065 257241765
5 1
530959452 398041739 790806202 259846750 395403101
5 9
332451646 387294882 332451646 366824037 54843236
5 1
291659856 246976381 57299471 348959327 246976381
5 6
253275192 413320008 206660004 68613870 344706138
5 6
355996443 496082532 316676948 248041266 254720312
5 1
365509485 402254488 278203079 201127244 352408600
5 1
206851903 413703806 157424272 382451418 364276175
5 3
59898608 375996288 248641182 223127656 283026264
5 4
302933215 64821910 291934950 227113040 291934950
5 3
489140660 23956621 244570330 220613709 244570330
5 7
494506718 368466545 44746260 247253359 202507099
5 9
338645099 298564612 287871515 399351653 10693097
5 1
129106952 227818849 345671905 227818849 216564953
5 2
676426434 344664237 338213217 354037667 354037667
5 7
305547774 330812046 304325309 1222465 221265649
5 4
216782773 244376485 553239708 276619854 336456935
5 8
604640742 215953400 318764679 340400911 302320371
5 4
85353549 354213122 357353739 268859573 714707478
5 7
14500396 291473864 382332702 367832306 365978284
5 7
230678552 242762572 242024335 292770752 62092200
5 1
496235756 266877848 248117878 290608184 18759970
5 3
359434407 259421482 222458031 40627988 318806419
5 5
375112386 375112386 333402676 235040007 140072379
5 4
231354438 462708876 128741187 333967689 215872912
5 9
47296077 311792094 278674515 365038837 231378438
5 5
311241734 225808685 247669348 311241734 318560732
5 8
137271692 311762362 522388520 261194260 398465952
5 4
208221314 416442628 152339710 360561024 263362914
5 5
211716083 216819476 273608294 547216588 273608294
5 6
123544727 371364815 303081179 247820088 318326209
5 7
327488020 322058253 5429767 327488020 322058253
5 6
398043889 374221376 269903425 128140464 333305008
5 6
206362897 341948978 456610014 228305007 206362897
5 2
770989640 380530416 379524400 379524400 385494820
5 7
364379905 83162407 347427358 281217498 364379905
5 1
425037022 291094362 212518511 212518511 234887419
5 1
269847445 302061230 365744757 63683527 275195751
5 4
333232396 217859474 207522888 333232396 125709508
5 6
222299516 58239153 286423597 286423597 280538669
5 6
244495141 348010543 348010543 393045821 488990282
5 6
252947482 315207231 256212542 505894964 315207231
5 8
205237493 410474986 205237493 493530158 246765079
5 4
396037566 326783197 344222513 792075132 247352447
5 1
769527160 46609703 384763580 338153877 676307754
5 4
284808098 348953322 348953322 733211504 366605752
5 2
426459796 213229898 367449749 334621343 334621343
5 9
303702788 47476803 333199695 284049539 256225985
5 7
297690512 228176561 456353122 269097640 228176561
5 4
395297421 310737433 365124135 54386702 365124135
5 3
379696592 345662703 269677639 215121606 215121606
5 5
372792697 358978748 346617482 31527644 378145126
5 3
152217927 225109179 377327106 225109179 395212568
5 9
240645763 20990037 306084231 240645763 261635800
5 6
213179829 328262508 335746858 93963028 241783830
5 4
207855555 290728533 397300500 189444945 397300500
5 9
338669194 346571308 677338388 437388754 239949634
5 2
117296497 324676880 394696384 275690791 207380383
5 3
259819826 336443934 259819826 336443934 76624108
5 9
329965409 266506598 64003096 265962313 314578193
5 1
204688588 356386310 350400744 5985566 409377176
5 1
2492232 325452842 272596834 376846471 374354239
5 3
49773518 323028943 368430772 318657254 257860187
5 1
284663567 119563632 339725540 339725540 220161908
5 9
356114619 673199166 336599583 115667770 220931813
5 6
261402153 315265372 39539036 233493443 221863117
5 4
341253337 365495752 24242415 214359859 300869399
5 3
381114915 377339766 384890064 762229830 381114915
5 9
534302582 713078256 267151291 356539128 240721588
5 1
342337703 13090419 293549650 208331126 221421545
5 4
394680735 207930222 258793035 135887700 394680735
5 3
508448012 254224006 348242715 696485430 261177926
5 5
302558087 370588206 504740908 294146971 252370454
5 1
391203520 391203520 778495990 782407040 389247995
5 3
241810154 763940644 369156869 203067991 381970322
5 4
32368656 205341092 334286834 387845235 301918178
5 2
89071892 309090368 220018476 275041925 240734545
5 5
64445185 350295170 216270500 285849985 571699970
5 7
368249824 368249824 255729062 736499648 112520762
5 1
473695172 367544474 243862183 236847586 130696888
5 4
141807104 376041349 356286944 282882113 234234245
5 1
377027613 798812082 399406041 441257352 357554730
5 8
243280167 486560334 243280167 243280167 341809463
5 2
243953189 352935635 243953189 234657525 108982446
5 2
211362006 327560982 354777864 27216882 327560982
5 6
280026636 310608914 310608914 496155986 248077993
5 8
399186160 42437816 296520928 230192090 338958744
5 4
354915556 248588660 497177320 280252394 354915556
5 2
270626916 249361059 148039751 368612367 397400810
5 8
330621500 302612606 389788865 86236081 303552784
5 4
602374048 301187024 361621869 60434845 301187024
5 3
453351758 226675879 226675879 208089196 206841192
5 4
207628231 21950154 229578385 308022927 415256462
5 2
225283180 321363160 225283180 319933958 323088025
5 7
283913419 371204510 6338117 277575302 371204510
5 7
335478133 670956266 228700457 228700457 353435656
5 4
358050397 315877066 62469104 394593629 295581293
5 3
264316810 726464862 298737015 597474030 363232431
5 6
370944458 726574070 232722541 363287035 138221917
5 6
241429362 291323755 386036599 265176497 49894393
5 9
226119553 399215474 388628609 256875367 162509056
5 6
20987286 378729164 378241258 378729164 357741878
5 1
291094721 54826711 383814915 236268010 236268010
5 6
70918113 201609745 350327440 272527858 241685640
5 9
271876506 368284920 271876506 368284920 366198347
5 4
302637378 284357472 242824861 605274756 41532611
5 2
343794185 215743295 128050890 346189667 265058573
5 2
356287405 356287405 364202638 364202638 7915233
5 7
211211871 216891601 277414508 216891601 66202637
5 2
208934233 201865851 208934233 417868466 208934233
5 5
24445065 237526936 295230701 270785636 336365038
5 3
20772839 316778526 316778526 337551365 337551365
5 5
282089793 374232989 61674977 220414816 748465978
5 9
71689250 257502630 377641989 305952739 377641989
5 1
222867579 213316961 138203197 213316961 361070776
5 3
359097199 240525331 329082472 118571868 301819835
5 8
221104664 201358510 398191323 263711209 177086659
5 6
237498872 243443765 386900527 386900527 237498872
5 6
382446906 223090082 163507317 375829142 218939589
5 1
239434187 220777483 361199371 18656704 215171150
5 8
231695210 49405706 390749203 307932419 357338125
5 7
98099276 336304231 383445569 336304231 238204955
5 2
317019393 288031758 368328430 28987635 288031758
5 1
248363192 283024239 26763984 268983434 242219450
5 4
279929800 340256867 351818329 368011037 11561462
5 5
391191868 782383736 391191868 798208796 399104398
5 7
316779553 316779553 200008462 400016924 200008462
5 1
257487538 44726834 331596783 212760704 322315747
5 1
387476264 100351418 392118916 368066473 287124846
5 3
270277183 316221446 45944263 316221446 393578896
5 7
495956594 247978297 491424594 245712297 245712297
5 3
200518795 328860755 657721510 287311840 328860755
5 9
386183130 274117016 386183130 274117016 112066114
5 8
219076365 359628800 140552435 284766624 357110485
5 3
512094316 419673240 209836620 209836620 256047158
5 2
299969793 325340914 242870777 348986944 25371121
5 3
408069514 316321903 204034757 218934631 224385052
5 6
352275689 224454566 321822126 25521196 296300930
5 7
259684060 201946405 657192186 328596093 397508126
5 9
319225936 258252653 241500208 125978906 367479114
5 5
248465112 346816522 223754591 24710521 322283774
5 8
680048790 300814816 373808618 340024395 333164335
5 5
296196734 578893976 289446988 236081293 350915214
5 3
320474439 237241967 320474439 83232472 237241967
5 6
247749549 495499098 247749549 319792693 360066504
5 2
269551075 390132144 8041975 331357966 398174119
5 7
339508462 288546849 397620600 55117179 394625641
5 4
286462347 48322786 393682788 238139561 238139561
5 9
321706001 325926253 208460340 416920680 208460340
5 4
274958046 202401150 274958046 72556896 202401150
5 1
341965699 385703263 389832173 771406526 47866474
5 9
341943311 683886622 16807056 358750367 271746129
5 9
245675511 491351022 371396460 371396460 245675511
5 3
248780865 200157666 200157666 248780865 48623199
5 1
91257758 298575876 370070260 298575876 207318118
5 2
313287779 23830420 337118199 313287779 249404711
5 3
226367694 326322286 233698430 99954592 232395099
5 4
357354595 392774962 35420367 295548930 392774962
5 4
265595196 221938403 13180193 208758210 208758210
5 2
259933976 39176467 262872949 269331658 308508125
5 4
228277514 369640888 376186640 6545752 376186640
5 7
24813776 328758354 328758354 303944578 380044410
5 1
283102990 379630054 20035847 265911000 303138837
5 2
335656398 326782812 68971352 326782812 395754164
5 3
503756688 315572562 270676343 251878344 315572562
5 1
298801000 333834021 350159665 315562903 631125806
5 5
26061683 622111536 311055768 391470573 365408890
5 6
219031467 219031467 46464716 325511472 265496183
5 6
462367208 246000069 231183604 308993673 278618098
5 7
215948529 431897058 247633455 258215353 184263603
5 3
244276685 332259912 216960884 87983227 209917151
5 4
123598757 404269218 202134609 209585074 333183831
5 1
342164914 339961032 342164914 391359698 684329828
5 7
280811447 312115416 280811447 335506408 561622894
5 7
358064347 270022951 358064347 716128694 270022951
5 4
341146541 682293082 297108076 235447057 385185006
5 5
298392747 575979124 256129024 287989562 256129024
5 5
129410797 289968720 255936528 385347325 385347325
5 1
73222146 428816114 355593968 360522772 214408057
5 4
59254630 259739933 200485303 241816561 317815221
5 6
378980646 253090225 343577300 386759646 43182346
5 4
352331560 85943837 266387723 266387723 394667084
5 8
379563340 379563340 759126680 379563340 225416339
5 5
288798121 229711674 324207699 381588838 94496025
5 7
298053147 298053147 29052559 596106294 327105706
5 2
318742907 368472732 282272369 318742907 49729825
5 1
285129600 270462138 9538015 253818519 244280504
5 7
245302673 243182696 490742066 245439393 245371033
5 7
311243321 311885482 40274543 354817661 314543118
5 4
561285114 280642557 367881332 280738874 340139280
5 3
727145570 363572785 33421093 330151692 363572785
5 7
141424682 344352736 727124224 363562112 202928054
5 7
88403869 317413792 229009923 311150357 311150357
5 1
359670000 251508329 513833769 205506231 719340000
5 5
767418208 284618358 383709104 569236716 220716543
5 8
273970592 214996886 224051697 269520487 224051697
5 9
213190449 311061237 310721571 97870788 213190449
5 9
399371476 398803308 282678117 798742952 116693359
5 5
233803278 200152699 233803278 669959320 334979660
5 6
288589317 288589317 252213771 597874728 298937364
5 6
962949 342369010 343331959 342369010 303164772
5 7
264765734 787571320 393785660 264765734 378386016
5 3
243507843 311569119 229471059 300516336 11052783
5 2
323939287 282915830 282915830 250362647 32553183
5 4
383000293 346018916 364184762 383000293 18815531
5 7
365642301 363226199 365241446 399557780 34316334
5 3
342567305 265872826 312091751 624183502 378641316
5 7
254364118 254364118 267136730 315081130 630162260
5 9
2936839 295675187 260966497 260966497 258029658
5 7
273559926 273559926 259694131 369043218 346275296
5 4
58467908 364600083 306132175 237122153 394022195
5 9
273242076 298504186 546484152 373915810 298504186
5 7
392808542 240068646 480137292 734657070 367328535
5 8
351367568 351367568 218350766 218350766 133016802
5 1
2726279 203687037 203687037 360073936 357347657
5 5
285393309 500630658 302867499 250315329 215237349
5 3
286548139 345726231 263859825 345726231 59178092
5 2
376002862 376002862 319951560 285124117 752005724
5 3
6040347 275560964 358585892 271387341 364626239
5 7
279981531 577866750 8951844 288933375 293289627
5 2
29121469 267384488 295613339 368922178 238263019
5 2
314933132 366585488 556225502 278112751 314933132
5 2
339775629 264368770 269290881 296312255 75406859
5 3
258256504 320901688 383826516 258256504 320901688
5 4
226458098 300174511 203239026 343585460 96935485
5 2
288662724 275655624 54698247 343528833 343360971
5 9
267520023 235624933 292254639 253066119 471249866
5 7
237721337 237721337 352300376 704600752 354646285
5 2
327233576 26829943 654467152 340355404 367185347
5 1
364468034 728936068 376555312 753110624 376555312
5 2
24370352 291981097 291981097 299718889 275348537
5 2
365911711 271807089 780915378 390457689 357302835
5 8
128553353 205498904 675730496 337865248 209311895
5 6
372521946 5002013 366715902 371717915 328111239
5 7
310154163 310154163 24824849 233738718 285329314
5 8
300950714 275135687 22830918 278119796 369248077
5 3
233504361 238043551 233504361 265662545 32158184
5 4
317758664 317758664 224951633 92807031 332274573
5 7
287290857 380636130 380636130 299969963 276898347
5 1
338164178 425641482 212820741 340571179 338164178
5 2
252522042 54534844 307056886 289958602 252522042
5 3
299767131 325980385 325980385 651960770 336972972
5 8
283960552 113314352 397274904 283960552 201076014
5 6
254121535 253488294 254754776 508243070 296849542
5 8
225537103 336665236 158393653 451074206 383930756
5 2
331854555 345312926 338159589 256136253 13458371
5 8
775031322 342405672 342405672 387515661 223714116
5 8
363139458 76739236 286400222 206178507 398385542
5 3
604002804 296739713 593479426 270608255 302001402
5 4
397504519 397504519 113860884 211196206 283643635
5 2
323905365 273359041 325866370 651732740 327827375
5 7
214081616 242687640 361311696 240932094 1755546
5 9
356669028 130260898 227370555 391417891 357631453
5 6
293133764 271766611 293133764 21367153 271766611
5 5
317019442 396012602 221936380 174076222 255751950
5 8
48013001 257419894 305432895 514839788 305432895
5 8
222956184 693143550 346571775 214609321 346571775
5 3
335247060 278260680 335247060 56986380 227247653
5 2
161115136 221715447 341108854 382830583 242091754
5 5
492948386 246474193 345483187 382703792 765407584
5 2
222543650 397511048 226449535 452899070 397511048
5 4
718475972 717483382 358741691 208891197 359237986
5 9
363274099 244746711 349187494 363274099 349187494
5 2
244117893 224589802 19528091 380724314 287347888
5 3
534218448 229308842 333880139 667760278 267109224
5 9
314272669 240958361 253198606 481916722 253198606
5 2
368883451 357344764 368883451 232357912 314749628
5 7
148055370 215067527 363067719 353493381 205438011
5 7
233181977 233181977 345559975 112377998 377997415
5 6
357522043 240524003 347106935 317717908 10415108
5 2
200587197 182368894 385224856 385224856 382956091
5 9
211684761 143333663 644325804 355018424 322162902
5 2
335676958 202282093 68887228 202282093 404564186
5 1
690795978 303605186 345397989 380707304 387190792
5 3
305379083 305379083 320140754 263741122 320140754
5 5
339715063 347176616 345491707 31505533 313986174
5 6
210166940 261796594 297075519 261796594 210166940
5 3
367509946 775395544 407885598 387697772 367509946
5 6
364817789 729635578 310936235 261486168 364817789
5 7
160806165 265384848 530769696 247541480 369963531
5 4
233106537 337435926 780562098 466213074 390281049
5 1
82143384 368992211 368992211 286848827 204239484
5 8
58835816 276115938 268825872 209990056 209990056
5 5
271474742 289745790 264452029 25293761 289745790
5 9
480210136 297253803 258951178 240105068 240105068
5 4
260939387 376608072 753216144 336922865 336922865
5 6
37803255 200649645 421291010 210645505 248448760
5 1
238971017 279643536 68061848 307032865 307032865
5 2
493565754 710793458 355396729 375458405 217227704
5 7
392123714 22923050 293397304 293397304 270474254
5 9
243546445 12132106 352789505 301661472 364921611
5 2
324968350 55633742 295732165 324532867 269334608
5 4
212463918 286785001 377268045 75085899 302182146
5 8
328061846 328061846 42019884 271582652 370081730
5 5
205878082 85083878 356271563 290961960 265433897
5 7
383955045 223185343 767910090 562228072 281114036
5 5
210774181 421548362 287848764 519456420 259728210
5 6
354877905 201258655 274092269 207062838 147815067
5 9
649685054 331537374 331537374 324842527 232143878
5 4
332926325 34505115 332926325 596842420 298421210
5 9
349158436 349158436 745206966 372603483 372603483
5 8
526729307 374634472 222539637 749268944 394829642
5 4
255871095 252159853 248448611 364711146 504319706
5 8
356956794 304331496 95305211 209026285 334015315
5 3
383073149 433938604 342488692 342488692 216969302
5 9
397355333 365641181 122699071 397355333 274656262
5 4
354033512 222876615 445753230 370498935 91719718
5 9
264169473 353071150 249813283 287278940 65792210
5 6
333199020 351166103 234350363 391098082 351166103
5 8
140719041 225868767 366587808 225868767 319972795
5 1
238330844 258671273 393621268 134949995 331458488
5 4
139537635 335309822 388281568 248743933 388281568
5 7
615275552 307637776 387221064 387221064 228054488
5 1
320708019 202285180 763538226 561253046 381769113
5 9
294326252 777191794 292543389 362396531 388595897
5 9
292831934 29037994 270702704 263793940 205129965
5 7
245464290 345526570 314054845 100062280 221468712
5 6
43007053 330767281 276858423 233851370 247822113
5 9
760428966 380214483 275575004 380214483 373464722
5 4
398295783 276153180 266870889 309720014 796591566
5 1
256924911 318850434 318850434 295709088 23141346
5 4
6296242 337817933 344114175 315287378 337817933
5 8
218079164 220283513 214904846 218079164 398758169
5 6
293320149 212424001 227429784 227429784 212424001
5 5
628350406 318025998 310324408 314175203 273006938
5 6
238019300 50380883 229795867 280176750 246033186
5 7
276569443 203486706 220635364 220635364 203486706
5 6
258019533 345792676 352072432 218895201 6279756
5 2
379164913 216649270 20863798 324851623 345715421
5 1
451445676 244841726 225722838 293252233 368019327
5 2
232839478 465678956 153462815 312216141 312216141
5 5
286006411 496295112 252962619 248147556 572012822
5 6
220217851 440435702 220217851 364990339 340994862
5 1
761243294 236218868 380621647 322397971 236458603
5 6
392865229 283582806 392865229 109282423 388241380
5 9
325439081 41487492 207171764 248659256 305715872
5 4
12428235 327993398 254493297 315565163 327993398
5 4
363180334 331289860 87334481 275845853 275845853
5 9
372933453 208885746 745866906 313643610 164047707
5 5
284874646 786940010 393470005 251032682 502065364
5 3
368931238 312632606 654401064 327200532 737862476
5 8
301290987 716798818 358399409 785575718 392787859
5 8
286752198 200188249 229779663 15433904 215622153
5 7
354881099 241073866 325644320 26953324 381834423
5 1
70991853 684584432 271300363 306791559 342292216
5 5
222748674 222748674 208372846 445497348 266868519
5 4
325298490 395154917 325298490 395325384 395154917
5 6
330768874 147497704 209170367 356668071 418340734
5 1
274743443 316085599 13699321 321095927 307396606
5 5
156072671 362498035 206425364 206425364 362498035
5 3
353811655 531555546 265777773 224000002 307555544
5 5
752421586 38687954 337522839 293254137 376210793
5 1
742560508 334370256 371280254 371280254 334370256
5 6
347853408 293890953 728575330 380721922 364287665
5 8
228692713 390250789 457385426 58583825 331666964
5 5
314201516 328637179 628403032 281785845 32415671
5 9
322409668 364536616 30649134 351816216 321167082
5 7
380915629 368630964 240929184 139986445 380915629
5 3
374957231 112015985 383430962 352187753 262941246
5 8
229115191 285845502 76702289 209143213 285845502
5 3
545041482 226969474 330842348 45551267 272520741
5 7
327769582 327769582 115480228 212289354 226346366
5 3
311332511 253285078 506570156 652392368 326196184
5 2
316924441 378529885 38368779 278555662 384812441
5 1
347751038 347751038 61712163 330874775 286038875
5 5
552237324 391807093 228981743 160430231 276118662
5 3
765875188 257976378 251522649 382937594 503045298
5 4
391948300 391948300 204275579 286533812 286533812
5 2
372396857 483357504 332557080 332557080 241678752
5 3
362021098 393021178 31000080 326160713 362021098
5 7
130704286 234153611 364857897 257106817 234153611
5 9
271747647 271747647 237294112 313472769 34453535
5 3
302077281 76174719 225902562 225410248 225410248
5 1
9135563 279950866 343778457 334642894 375161581
5 3
132553730 218877329 351431059 349402826 359835548
5 1
275435739 17105094 343116403 326011309 396902180
5 7
267282395 227940065 317661583 279800959 279800959
5 9
241997512 7065994 258983483 251917489 251917489
5 4
42707888 255346104 212638216 255346104 425276432
5 4
313394368 272430099 383725400 375654435 544860198
5 4
326230685 225130395 326230685 277956671 299403205
5 5
333074390 306616072 666148780 613232144 333074390
5 1
267507048 363630863 2314400 267507048 269821448
5 3
305224189 101505513 242942415 344447928 610448378
5 1
355622153 313423831 313423831 46941408 360365239
5 3
174518702 380840654 389886248 206321952 239949900
5 3
596953250 336774580 298476625 298476625 260178670
5 8
284618756 320816792 320816792 252401748 569237512
5 3
341324469 99490481 341324469 267623570 367114051
5 7
696856060 518058670 358311294 348428030 259029335
5 4
208959808 208959808 379770068 262829942 525659884
5 5
304007598 522491098 261245549 42762049 388359453
5 5
274213640 274213640 206011896 206011896 412023792
5 2
384042541 369907254 299016497 218452696 165589845
5 1
332252470 337863626 276925705 238678754 664504940
5 3
7430361 371532013 314053358 321483719 273330440
5 2
244936024 278845848 302652809 335270832 302652809
5 3
300527101 93402781 393929882 284376445 365354563
5 1
99765474 268486881 317201373 346203209 246437735
5 4
208280041 525265080 262632540 316985039 278157768
5 2
257909861 29420121 227035272 201562339 256455393
5 6
237025061 337287433 236939180 337287433 85881
5 9
452861538 269108540 226430769 232513553 220347985
5 7
256877045 708873964 354436982 256877045 513754090
5 2
298985983 32293206 267410646 299703852 298985983
5 9
285329348 308955272 250584263 285329348 23625924
5 8
304816031 304816031 202473286 665982802 332991401
5 8
381938636 356923201 162812193 205377308 219126443
5 7
246013932 221955400 93207736 339221668 339221668
5 2
338061881 299721257 200120883 391307917 53246036
5 4
19938285 284632505 264694220 238982818 268691729
5 5
361098762 42219481 319967466 318879281 373776435
5 9
332319704 263968540 48887613 370947464 283432091
5 4
534569930 368234139 368234139 267284965 267284965
5 6
350260278 350260278 371614738 110922193 260692545
5 3
336143560 465578550 232789275 326244517 232789275
5 4
299137709 299137709 202652093 598275418 405304186
5 6
397277872 347010294 273468307 546936614 280148872
5 6
26759408 352646893 483005124 379406301 241502562
5 4
279861320 282435357 395142803 139180305 255962498
5 8
745853140 251650544 293999694 372926570 372926570
5 5
381211123 102153416 275442348 386695850 284542434
5 4
206519666 278924058 54759526 338373190 261279192
5 1
252003567 270671407 267256467 385844032 270671407
5 1
92753490 310826290 218072800 310826290 218072800
5 7
251851281 238810376 237449071 474898142 14402210
5 4
301653866 645925842 322962921 322962921 322962921
5 7
338365279 352034023 360085467 21720188 676730558
5 7
334275161 323529409 201497279 657804570 328902285
5 4
439355800 219677900 247282180 352187599 704375198
5 1
270183640 329928702 338525359 659857404 275694726
5 7
316267913 66876098 385078758 318202660 636405320
5 9
520704624 260352312 396444534 310303280 396444534
5 2
392269742 249147120 498294240 324559293 173734947
5 4
363085894 381046240 363085894 362496076 762092480
5 4
268973985 233714249 162535983 268973985 396250232
5 7
608673700 233258858 304336850 375414842 201730184
5 4
233237804 296019004 50531208 346550212 693100424
5 9
376913862 322260665 1579572 394182686 392603114
5 6
760044528 224341109 224341109 448682218 380022264
5 2
490179356 377414800 20448964 245089678 265538642
5 6
87831702 366678551 733357102 278846849 223929212
5 5
229934920 520206462 260103231 294618756 278977598
5 4
370348906 200505840 740697812 201981441 403962882
5 1
252674988 386051357 133376369 505349976 257598088
5 7
80905684 618574608 228381620 309287304 228381620
5 8
597019984 298509992 298509992 392169089 93659097
5 5
61127164 279405462 218278298 218278298 279405462
5 7
552094710 276047355 276047355 764796206 382398103
5 8
366365851 311752655 339059253 678118506 371279550
5 3
342474249 342474249 267212909 775603546 387801773
5 1
320544163 347508387 333477865 43657221 289820644
5 6
322118123 270639689 228128533 51478434 270639689
5 2
234286000 50640979 296150087 346791066 329582405
5 4
268845551 248049765 268845551 16795949 285641500
5 9
312264897 287796362 318064532 245624492 318064532
5 7
210730889 313173576 343761264 383011787 210730889
5 7
108029958 343695925 260753394 235665967 351406596
5 8
267595235 268306801 37788957 306095758 268306801
5 6
242750817 391158454 49729865 292480682 292480682
5 2
560599204 282571034 52545863 230025171 280299602
5 4
288445944 337837246 730834786 76971449 365417393
5 2
759748710 276739311 324271553 379874355 276739311
5 1
288168711 29558824 285027548 570055096 314586372
5 8
396790901 151897213 244893688 396790901 244893688
5 9
394171506 234842336 741710364 370855182 234842336
5 1
250150768 43037797 293188565 293188565 226225827
5 3
689381080 433162815 512436530 256218265 344690540
5 3
394970808 315943676 315943676 200526590 79027132
5 5
253870368 798019656 393172344 362218674 399009828
5 6
264501712 80958491 264501712 238816870 319775361
5 6
205237093 258305994 274063832 258305994 375318540
5 3
350249125 115401477 358307130 234847648 469695296
5 1
769081062 235841822 687495218 343747609 384540531
5 5
373707538 331668887 213376742 373707538 331668887
5 2
103385680 353208849 354981127 308605081 205219401
5 6
386571420 353544696 707089392 299701975 256614664
5 8
340216397 210975179 338615683 275692573 275692573
5 9
274861340 56886137 224122289 281008426 274861340
5 4
140175815 243059201 383235016 243059201 383235016
5 2
244880615 489761230 311461558 244880615 323682523
5 4
322847846 322847846 398467220 343196103 276945465
5 2
367872674 234577243 289526359 289526359 251019932
5 8
203673880 311591360 107917480 260106691 203673880
5 1
376423547 207811741 294716662 207811741 752847094
5 4
203637572 362926905 321776082 29687010 351463092
5 3
209121981 475421190 237710595 247020824 232716291
5 4
301232277 93408098 247872978 394640375 247872978
5 3
343474592 118048745 225425847 392671966 393367441
5 8
298895634 204728588 389343374 260748346 521496692
5 7
221212247 271539747 378137776 756275552 442424494
5 7
235753160 317606759 235753160 366279757 130526597
5 2
332328192 256243278 256243278 76084914 512486556
5 7
268413643 371941406 302007549 214027036 604015098
5 3
224975154 449950308 224975154 224975154 245086230
5 8
207982132 354515220 396603926 178976017 217627909
5 4
248501393 542005412 271002706 291064905 22501313
5 4
241256422 279615360 29815820 271072242 221177973
5 5
388493113 688742710 776986226 204397708 344371355
5 1
303010386 303010386 606020772 303010386 249629924
5 2
376923423 331019405 662038810 305698904 279024683
5 8
280941354 283314558 561882708 2373204 325031343
5 6
233219212 233219212 256060125 466438424 201794370
5 7
272585503 316027466 313694449 344967781 316027466
5 9
283398074 298883747 756847032 378423516 597767494
5 3
303956229 303956229 388886966 325999047 286548569
5 8
309729486 70271940 250727394 388243364 317971424
5 4
348313428 217227227 217227227 348313428 434454454
5 6
278248831 312431032 277499789 277499789 34182201
5 8
242357680 372359855 14350108 233236317 228007572
5 3
323969146 233723819 265526917 647938292 531053834
5 5
364593023 268170358 34313037 330279986 268170358
5 9
245622397 245622397 392917464 260498370 260498370
5 4
589727798 343609569 343609569 273362415 294863899
5 2
282214828 306665487 613330974 246800693 331116146
5 4
340685400 253623310 366943471 507246620 331285663
5 9
15850829 272354592 544709184 256503763 261440128
5 5
782617582 316591377 336834891 391308791 336834891
5 9
275112760 394330209 610214816 305107408 29994648
5 2
373157514 373157514 538743128 269371564 360408035
5 6
357582901 328864866 657729732 328864866 300146831
5 7
217179642 252161439 182197845 434359284 331951905
5 1
579794378 289897189 366598784 366598784 324975107
5 3
323902296 323902296 294507118 285689747 357081959
5 5
258778367 517556734 221558010 258778367 258778367
5 1
206595915 252353170 45757255 357492964 206595915
5 1
263021560 269854819 100160728 740031094 370015547
5 6
210285593 209931464 6727592 228477353 203203872
5 5
237834078 237834078 288540039 310331261 206789726
5 4
301571456 219930178 391928616 90357160 219930178
5 5
736699102 313758232 368349551 269322946 269322946
5 3
716960776 358480388 281605160 563210320 307733085
5 6
219432981 339362568 339362568 382914977 225999692
5 2
248336367 223783835 248336367 133295504 381631871
5 9
238437016 205336551 556583594 369435014 278291797
5 4
382146238 221190436 261653155 271119217 9466062
5 8
301620805 603241610 80798724 382419529 252357343
5 3
201943063 374194528 309419462 618838924 309419462
5 5
201785425 197583321 349811291 399368746 399368746
5 1
346561455 285342516 346561455 274727026 61218939
5 3
280430877 335231199 398456315 272006083 670462398
5 4
285909131 82829091 305952575 223123484 305952575
5 7
264754576 212314932 318685731 364348746 637371462
5 3
214748582 242279502 457028084 228514042 225132995
5 8
252060653 380415222 7668389 217196254 224864643
5 5
276703569 228144323 228144323 288744405 382481644
5 4
222818124 317027332 8818860 325846192 634054664
5 4
315185626 282800255 380019931 97219676 263240706
5 5
286095092 326906339 286095092 237135738 40811247
5 9
271824568 484825936 242412968 242412968 271824568
5 1
373169189 212190451 160978738 373169189 253002874
5 7
315622213 396319217 288037059 288037059 396319217
5 2
200981861 324504028 257844117 374462688 123522167
5 9
234291978 12021371 222270607 268379957 234291978
5 3
318692761 284138471 106981157 318692761 211711604
5 2
249793609 298796676 49003067 399715515 298796676
5 4
133550398 327650682 390061530 256511132 233966248
5 1
349238231 391174311 41936080 349238231 284484561
5 8
378925380 81646959 285686561 297278421 757850760
5 6
110012277 249896611 244460338 354472615 249896611
5 5
223774531 447549062 286258998 383327032 286258998
5 2
336987902 239477225 97510677 234920091 336987902
5 2
1174462 343321701 344496163 397331641 343321701
5 8
557610159 794941992 237331833 397470996 249731086
5 3
365968513 147077522 281986706 214532114 429064228
5 7
330018064 212852350 94566630 307418980 359638836
5 3
105858245 284479459 385525394 279667149 237518072
5 7
398581005 355341592 317403541 634807082 317403541
5 4
89979244 352790578 294182411 384161655 384161655
5 9
340987087 231322129 95027777 367581684 326349906
5 6
218812269 356472361 137660092 215787278 215787278
5 9
255668030 35966545 219701485 230407222 219701485
5 4
298154562 299073637 348231798 348231798 49158161
5 9
252904143 573837566 303455864 320933423 286918783
5 3
216796214 287419759 27608737 433592428 244404951
5 4
229104081 96308066 325412147 325412147 354057726
5 7
295168292 234754148 234754148 394212828 99044536
5 9
279220854 345913029 662590834 331295417 331295417
5 4
383496983 219447347 340730164 271530059 52082712
5 2
27357029 313047758 313047758 340404787 260564605
5 2
530076922 265038461 384868406 769736812 373949809
5 4
370353418 258985973 517971946 263886416 258985973
5 6
202688369 301026196 371116977 168428608 405376738
5 1
290439614 311437083 250785851 60651232 311437083
5 2
395680987 395680987 54874286 289336720 234462434
5 8
368697288 834208 367863080 367863080 221547063
5 7
287583704 332882564 32195591 665765128 365078155
5 1
229831007 288621284 58790277 283121906 229831007
5 6
16636034 304627867 381272055 397908089 397908089
5 6
122723331 241950537 364673868 241950537 340936763
5 5
234277406 34725831 243379678 269003237 269003237
5 4
321661257 265135072 91329341 340820468 249491127
5 7
368176594 247855884 232001814 464003628 247855884
5 7
291233981 349201490 294734536 294734536 57967509
5 3
325666164 228095622 506614254 253307127 399267706
5 8
317165542 393124204 305821796 393124204 317165542
5 5
398689890 398689890 218277756 180412134 298992698
5 7
353684736 355267578 306525909 366909886 613051818
5 7
587732480 298025965 293866240 209946330 4159725
5 6
501253556 699108472 349554236 250626778 300639099
5 3
269628122 245779540 23848582 262169436 245779540
5 2
8604990 298146037 329357893 240239111 231634121
5 3
222478645 298208875 246096979 327454410 492193958
5 1
64076281 295643805 225522161 292282852 231567524
5 6
274002310 365175589 365175589 337010397 63008087
5 6
244467808 257024513 244467808 257024513 514049026
5 4
219990483 115136075 331574263 223355169 446710338
5 6
294758064 281326801 26336123 268421941 268421941
5 4
239894122 246050795 43833134 289883929 492101590
5 7
224739252 257095902 341249719 224739252 449478504
5 8
379100343 361487762 145506970 361487762 215980792
5 7
390179849 213592799 213592799 73211325 286804124
5 8
305625733 379850037 80509646 305625733 386135379
5 4
374154625 295826331 62531270 358357601 365539959
5 1
383835563 299109834 43976830 255133004 223231471
5 8
374419675 321527008 643054016 268634341 321527008
5 2
254738770 254738770 289940429 390934871 579880858
5 8
162264461 557513164 387705285 395248703 278756582
5 6
387096857 324773436 324773436 453577918 226788959
5 1
761420132 396959790 342937613 380710066 278285434
5 6
88283643 362407445 333543712 287022948 274123802
5 9
352848498 70215191 282633307 307607723 352848498
5 2
288134927 260943051 549077978 274538989 274538989
5 1
26751883 278711896 396142889 283163969 369391006
5 7
293955963 367596050 73640087 587911926 293955963
5 4
364061274 728122548 352435739 11625535 381829879
5 9
210870237 40232598 251102835 210870237 337861885
5 5
326028756 22693947 398806762 221188327 243882274
5 7
209560679 318775734 399716272 80940538 637551468
5 1
320878139 320878139 220977745 351153189 30275050
5 6
351857877 754462118 377231059 398041598 210608873
5 1
125795617 239260967 478521934 365056584 329645075
5 1
509457195 748760892 374380446 374380446 239303697
5 3
684474090 342237045 351638269 40739457 301497588
5 1
389616635 331377194 472079054 236039527 140701860
5 2
230096315 365956053 230096315 365956053 364025520
5 2
37478922 313910994 380650803 276432072 313910994
5 7
23396323 290363253 222794114 222794114 266966930
5 9
229595457 229595457 510800433 370197945 740395890
5 4
292869806 280518711 92322334 317494148 225171814
5 4
302305278 212107137 309600212 7294934 309600212
5 7
229226792 327034270 211998892 229226792 17227900
5 4
311549560 366854739 432966446 216483223 366854739
5 7
432759230 224000485 216379615 208758745 216379615
5 2
374259408 86719534 360172618 287539874 720345236
5 2
247714907 247714907 302076514 402745468 201372734
5 9
288028087 339855012 219538531 203057466 203057466
5 8
229394924 10718914 458789848 253856788 243137874
5 5
610141304 255367543 305070652 255367543 354773761
5 5
288287722 361273118 230153109 256487602 230153109
5 7
221475340 261700872 292766804 585533608 221475340
5 7
351803188 271446509 367472704 542893018 734945408
5 9
256251093 495463535 375857314 751714628 388185182
5 6
293384662 44339802 376397529 332057727 664115454
5 3
102111640 252704861 201649041 505409722 403298082
5 7
330027896 660055792 372399179 317442793 252718779
5 4
330584863 661169726 493878314 246939157 163293451
5 5
624954790 312477395 15123096 301571669 297354299
5 5
290605268 318581541 318581541 290605268 27976273
5 1
512312352 260868462 233500260 260868462 256156176
5 1
272658126 121432604 283927221 545316252 394090730
5 6
376743916 514288828 243715698 243715698 257144414
5 3
530072324 265036162 265036162 357354688 265036162
5 2
387627694 290246155 210262203 177365491 339258140
5 5
387306222 387602693 320121602 774612444 454490842
5 7
615539388 374545923 240993465 307769694 240993465
5 9
353591515 84979629 284851324 369830953 353591515
5 8
216979142 201215373 344891655 261593425 44614283
5 9
4061399 255091844 259153243 518306486 200233220
5 6
249166941 125833137 375000078 375000078 354904123
5 8
306394815 218939672 253323456 359041947 52647132
5 4
257198176 230466988 97589439 257198176 328056427
5 5
308315869 328407931 397982047 397982047 308315869
5 2
328514892 346077292 323693659 206069319 117624340
5 7
53355534 496530672 301620870 333796477 248265336
5 5
423237430 211618715 86241700 297860415 297860415
5 3
273664986 212896835 259946274 273664986 259946274
5 2
212285287 277207105 224916382 224916382 424570574
5 6
391016015 384210428 384210428 782032030 6805587
5 6
489521546 338067527 244760773 676135054 431374281
5 6
291588932 244603786 321857738 331181654 643715476
5 5
272410587 271552925 618235318 309117659 346682393
5 5
703587402 487634347 346805083 351793701 215953055
5 8
358500593 717001186 212667933 504333253 347593219
5 8
207057460 213840680 414114920 6783220 268065579
5 8
1549470 315580983 374520562 314031513 383661516
5 3
269975693 225161355 397888525 539951386 44814338
5 5
331531819 331531819 234984996 205954195 234984996
5 2
273788625 273788625 356639063 313690486 367438326
5 3
242511480 296957308 296716512 296475716 593433024
5 4
332034674 276601917 323769635 323769635 55432757
5 6
368670703 319380809 373626598 102273361 271353237
5 2
44060579 372101523 287044677 242984098 366934669
5 4
708933992 218950655 354466996 218950655 238440935
5 3
374858334 98291696 268840234 276566638 375440972
5 1
541434258 266831045 270717129 268916401 268916401
5 7
203201747 227913428 361376620 133463192 406403494
5 5
207976046 355782271 168058215 376034261 258531171
5 3
287417738 287417738 278388109 283382295 278388109
5 1
312231304 312231304 259395228 283226751 259395228
5 3
486806380 318218021 243403190 168588359 290920266
5 4
365384024 211385003 136763460 696296926 348148463
5 6
357531179 370918443 333901642 232320198 232320198
5 7
320031758 216630416 222597570 389880212 5967154
5 9
787679942 758297000 379148500 393839971 379148500
5 6
84688738 241948735 241948735 326637473 267615243
5 4
248799868 384203490 399341734 246852575 246852575
5 5
232960589 309138240 309138240 277547003 277547003
5 5
263958892 333281135 296585304 593170608 329211716
5 5
243602403 385115781 797892566 243602403 398946283
5 9
385475883 247022960 232298837 494045920 232298837
5 7
300839863 776677140 388338570 388338570 337566227
5 7
458099832 256596037 208202417 229049916 319094196
5 4
248769249 298364336 10548526 265773501 238220723
5 8
210756051 281041294 31781911 392614105 312823205
5 1
657264178 243993030 328632089 326233180 331030998
5 8
298393267 298393267 164142677 462535944 231267972
5 3
628919964 393608474 261133927 314459982 132474547
5 8
355441153 286785201 208956997 710882306 68655952
5 4
210180802 210180802 389660759 179479957 389660759
5 8
373618264 395379275 395379275 417140286 790758550
5 3
260167490 486435050 323952758 323952758 243217525
5 7
243505044 267740785 267740785 247664213 495328426
5 6
501901634 250950817 250950817 37773405 213177412
5 3
423111734 622937314 211555867 254352393 311468657
5 2
735138964 367569482 371438316 367569482 261060484
5 4
285845758 756547694 285845758 378273847 296001013
5 9
308205881 276731115 214454134 308205881 553462230
5 8
350026941 471747786 121720845 228459015 235873893
5 5
293782264 738343762 369171881 369171881 75389617
5 4
636287080 318143540 318143540 385795946 318143540
5 2
152828904 396170478 245628234 398457138 389178863
5 7
61601610 200802068 270183396 208581786 200802068
5 1
792042990 396021495 340966992 330906700 340966992
5 9
279124308 558248616 395050206 275790191 275790191
5 4
384494399 357840494 234867041 65323081 300190122
5 5
202861015 245371192 278696360 33325168 246825210
5 6
51179990 311677864 284414098 362857854 284414098
5 5
259814493 259814493 139049419 398863912 797727824
5 1
296882408 57457867 314693972 314693972 372151839
5 5
333401541 333401541 348163100 215661973 348163100
5 1
447830836 301269393 315158377 384347267 223915418
5 6
287120657 255983137 224845617 295928112 511966274
5 8
297473931 389236358 370999228 274217361 91762427
5 5
395594215 791188430 348470801 395594215 395594215
5 4
539116956 284674431 569348862 269558478 269558478
5 2
677429046 718922352 359461176 20746653 338714523
5 7
159417540 217298296 211522222 370939762 352726764
5 5
265037975 302094351 530075950 227404831 227404831
5 5
381562416 735301376 242668228 242668228 367650688
5 6
225296005 208677950 352199403 143521453 297987253
5 7
238457829 320283470 238457829 81825641 363805941
5 6
63541770 251766731 315308501 389692893 315308501
5 4
189077769 430641260 236807890 241563491 215320630
5 9
154417918 387432991 387432991 233015073 233015073
5 4
5194976 327880628 334330871 329135895 329135895
5 1
307419081 393730227 218799631 268262651 49463020
5 9
304082837 3503201 200610943 204114144 200610943
5 2
362219948 362219948 724439896 619032594 309516297
5 5
270808919 541617838 211751705 387792927 329866133
5 8
262103845 363388898 49311244 311415089 262103845
5 7
379625470 127183184 369268915 379625470 242085731
5 2
363789689 337103561 377463380 363789689 13673691
5 6
341335104 291608235 291608235 343732423 687464846
5 6
239171038 701593970 111625947 212896790 350796985
5 3
253604303 292158532 384214397 92055865 316071256
5 5
366030878 293287208 586574416 323193376 293287208
5 8
304191302 320864759 227648979 93215780 357201361
5 1
210287830 89969710 420575660 255120098 300257540
5 7
342797023 333432642 324068261 205012897 666865284
5 5
349108320 225101941 366844703 252871019 96237301
5 4
277766324 236641524 473283048 366246587 555532648
5 5
252585006 645939182 203775760 252585006 322969591
5 9
212074723 78578801 238006763 375368168 296789367
5 3
357666380 387477908 357666380 29811528 774955816
5 9
342175885 376672688 342175885 269680377 217829474
5 6
109809022 255965360 317248608 207439586 291034480
5 2
390447044 476697530 64861173 325585871 238348765
5 4
372395688 283310014 14355769 297665783 297665783
5 2
336187769 294047139 310721590 310721590 16674451
5 4
731870290 365935145 34539240 347978072 382517312
5 9
59611439 227318887 388575582 286930326 276031299
5 9
207229615 414459230 229609881 459219762 207229615
5 9
239819892 329952208 239819892 308268298 90132316
5 8
316228726 428097838 274525836 111869112 214048919
5 8
301326364 52503448 320749854 268246406 268246406
5 5
47259289 344576942 281736710 328995999 328995999
5 3
316344711 316344711 104801258 211543453 398340383
5 1
391212248 30422590 287513832 360789658 289864344
5 2
384610076 250883370 213340187 171269889 213340187
5 6
249842860 261060187 68739388 318582248 331087534
5 9
323994080 286731861 286731861 280861350 37262219
5 3
440697325 336908311 322095554 777605636 388802818
5 9
281924589 493281228 246640614 211356639 276745492
5 8
86943058 343301813 383852066 296909008 355296214
5 8
378207974 307130648 89772397 288435577 756415948
5 8
315197495 132042865 267765210 244237572 399808075
5 5
112226804 222818185 222818185 335044989 445636370
5 4
211911530 211911530 547043538 273521769 267193757
5 1
224101805 54429818 211400713 422801426 265830531
5 4
220268513 56207094 290796562 227875340 347003656
5 3
383776850 292137532 383776850 584275064 200498214
5 8
342722095 395695363 333909040 61786323 368155102
5 2
279989223 301080321 301080321 207594680 602160642
5 6
225696345 63415532 225696345 356216548 292801016
5 9
351141727 351141727 611853518 305926759 329602710
5 6
396541886 332102052 313693486 232240182 82848400
5 9
161589596 382158573 245286952 328984308 490573904
5 2
360150777 360150777 137383702 222767075 222767075
5 9
42570940 312959371 293350824 625918742 335921764
5 6
371093681 91494814 261143210 352638024 261143210
5 8
246646946 382067603 352228136 29839467 378765136
5 5
95911535 320595383 224683848 390761127 231221584
5 4
735481504 367740752 275211898 92528854 251313674
5 7
307115792 365861998 207908020 424608204 731723996
5 5
360252286 281576530 313350121 321184559 321184559
5 1
227257266 305790743 291087695 63830429 303871992
5 7
204179690 761143724 380571862 408359380 202210990
5 5
384015639 354066339 29949300 318941944 354066339
5 6
301481779 512248098 45357730 256124049 301481779
5 1
354330596 351525405 341622273 130037865 221487540
5 6
10294824 352242583 218624870 212247636 201952812
5 1
347849754 261277254 347849754 261277254 271127929
5 2
688725672 344362836 284462111 404263561 219462349
5 2
334362552 352305262 379478097 274558083 27172835
5 8
592687750 296343875 382705686 265553698 765411372
5 3
274639668 25342791 370767774 249296877 274639668
5 8
63568210 328111663 361035122 264543453 268105353
5 8
55348812 269166861 256891730 324515673 325433780
5 3
246966196 386704374 77498854 291544735 309205520
5 8
350577597 146944232 371974414 350577597 203633365
5 4
266829893 355972877 326871493 60041600 355223183
5 9
489852946 244926473 265968966 223883980 223883980
5 7
376032290 376032290 501913258 125880968 250956629
5 1
375703749 354573485 709146970 354573485 348623843
5 9
308686450 202349972 141078733 354307260 213228527
5 2
428508240 368599529 737199058 308690818 311976117
5 3
351562912 55026628 593072568 296536284 703125824
5 7
304374076 581934716 225542373 78831703 290967358
5 6
21684614 500217042 250108521 271793135 284740195
5 9
280523318 340972460 280523318 245923074 681944920
5 9
264560194 206074638 325423219 119348581 206074638
5 5
308850820 219876399 322290548 272591433 13439728
5 9
358497903 202357377 358497903 228469919 130027984
5 2
262298270 360247684 97949414 388634504 286632229
5 2
10383679 257856081 226621686 241765614 216238007
5 2
125874354 362290303 375138261 236415949 239420737
5 3
354172521 333402285 333402285 380744846 20770236
5 5
209273829 285020078 294160281 294160281 285020078
5 7
315547609 315547609 303954210 19944917 335492526
5 4
283368449 344586439 761933390 380966695 256342079
5 5
280828396 368357744 209149012 561656792 352507780
5 5
172054149 232762454 352250406 217863443 389917592
5 5
56356673 317713913 317773026 635427826 374129699
5 4
253364131 608366598 304183299 253364131 262554192
5 1
312285893 291490446 706586018 353293009 353293009
5 6
251448758 210424946 210424946 223413334 12988388
