1 1000
5 8
608378872 304189436 253957855 354421017 507915710
5 1
123183631 238998857 347711880 449056498 224528249
5 7
65441905 302040947 269011032 203569127 203569127
5 5
230210325 210938205 204788071 421876410 191666085
5 5
202048466 202048466 22698912 449494756 224747378
5 2
267419366 280526994 386297256 561053988 280526994
5 6
226844896 202326159 601979544 202326159 300989772
5 9
208109491 286291417 327600371 286291417 41308954
5 6
256659849 284560987 312462125 343177930 569121974
5 8
64745200 332088405 664176810 332088405 267343205
5 2
271537731 209519810 330633014 275892989 4355258
5 4
36286804 289655561 354534235 318247431 354534235
5 1
114016940 254700226 416166078 208083039 302149138
5 6
53255629 240722301 392043779 396281249 293977930
5 4
85680978 292258239 392107975 206577261 369803695
5 3
350780180 204222424 395558500 357539411 153316987
5 6
231682740 241921762 231682740 209934810 10239022
5 5
324225172 396612923 72387751 344961028 396612923
5 1
209422137 365880902 350748821 418844274 156458765
5 8
297250241 240508274 390647581 56741967 240508274
5 9
279196470 266231134 279196470 307937626 297517931
5 3
380776910 380776910 235513908 355789908 145263002
5 8
227461536 389109093 240886425 240886425 148222668
5 5
323711710 364474691 99883682 281105162 380988844
5 6
255259921 271600405 16340484 510519842 257637688
5 8
384216547 380032023 530358370 150326347 265179185
5 1
515731579 382653905 765307810 249576231 499152462
5 3
292645280 292645280 299298038 316662670 6652758
5 9
396752750 795822632 329737781 793505500 397911316
5 7
226094052 209339023 360109633 16755029 314708853
5 3
240373103 480746206 668467884 334233942 240373103
5 9
153271195 331589722 331589722 387632748 234361553
5 1
325371269 46040428 371411697 371411697 206932862
5 1
753946326 376973163 385705168 368241158 385705168
5 5
250770721 206990999 438343582 274308629 219171791
5 6
292285765 311656997 380827430 69170433 316146045
5 2
358929808 213026587 240212045 358929808 268492592
5 1
281924477 86817219 368741696 281924477 393506235
5 6
372105226 54505442 289434114 317599784 302439603
5 1
324238889 290930428 324238889 33308461 343978300
5 6
300170891 600341782 350014633 397879358 795758716
5 9
258325217 320973709 516650434 267919624 285261423
5 9
58043778 216477195 274520973 216477195 371355912
5 7
269431672 358481990 269431672 89050318 304111498
5 8
292662194 211589353 34496189 327158383 215401548
5 7
61791462 395875496 334084034 340976420 337137571
5 1
303061603 55474208 331083475 303061603 247587395
5 8
395544812 358242483 342524592 358242483 685049184
5 1
264760828 223174874 306346782 253788569 529521656
5 7
354932048 341818365 354932048 324289356 254015982
5 2
326494596 356465327 225421636 44046598 370541194
5 7
293589355 211193684 13732662 307322017 211193684
5 4
623719080 311073797 311859540 622147594 311859540
5 2
204561151 115097686 203635443 319658837 361990334
5 8
244537751 359061840 341784597 359061840 328018155
5 2
339665312 679330624 348726408 278520495 339665312
5 6
262024781 382154443 299905026 30160118 269744908
5 8
379210665 758421330 226850343 226850343 531570987
5 7
371898812 251782697 315532243 285712878 33930181
5 3
343102187 309741703 38142522 381244709 368736219
5 9
222011073 352459913 222011073 306350901 130448840
5 6
153103170 336849679 220614985 212550561 365653731
5 4
386086433 381489695 287069818 99016615 396379661
5 1
396308946 164379833 224598342 231929113 231929113
5 8
396395477 253514582 792790954 396395477 260819583
5 9
660777438 274429357 330388719 322912528 386348081
5 9
206096291 117597628 323693919 334894563 291103099
5 7
260172453 520344906 359301884 337687060 260172453
5 7
53701502 323743945 323743945 377445447 368586422
5 3
365529546 284128880 253328216 293229050 39900834
5 9
255018599 203942932 207323924 307175826 614351652
5 7
298353454 15851041 298353454 228279877 282502413
5 5
302293844 388721887 237328271 86428043 237328271
5 6
206422743 286168640 217930597 79745897 286168640
5 4
390561293 53621923 274634653 260600225 206978302
5 9
382379539 382379539 325299548 34909096 360208644
5 1
302102344 367106338 389000181 302102344 367106338
5 1
568176590 258040489 258040489 311356128 284088295
5 3
268684018 362262400 217936630 227982539 724524800
5 7
276491678 355441345 78949667 276491678 261051293
5 1
254835786 254835786 308945127 349572631 94736845
5 4
289344334 347080662 13516297 302860631 347080662
5 3
244697303 330223632 660447264 56380382 273843250
5 5
339399989 37612011 206771363 236459768 274071779
5 8
242344932 242344932 309717866 67372934 484689864
5 1
12594340 208445010 339970989 352565329 352565329
5 6
308650798 332211979 18796839 227156469 351008818
5 1
255646405 269295477 80592686 339699238 259106552
5 7
239387488 383577090 392076683 239387488 152689195
5 5
99603891 342303589 214984463 242699698 364405468
5 2
227657740 495327276 347403624 247663638 298743533
5 8
389746791 14008702 347384475 222461373 361393177
5 3
328443633 383365120 383365120 319632170 8811463
5 4
333466533 333466533 335289638 304309351 1823105
5 8
276593603 58784186 335377789 296221078 276593603
5 6
8097411 346388009 649467972 324733986 332831397
5 1
369971291 116612437 253358854 739942582 369971291
5 8
338347293 213475076 297334185 338347293 297334185
5 1
549073410 349933782 357253764 274536705 357253764
5 1
240467176 14038098 226429078 226429078 240467176
5 1
216675046 573974228 357299182 286987114 216675046
5 9
26807305 263501662 308442778 235432546 335250083
5 4
387088319 90399725 296688594 393270207 296688594
5 8
330555430 268813108 61742322 330555430 268813108
5 5
264264517 225726070 287972592 264264517 246939386
5 4
331410663 363940051 727880102 350473855 205581689
5 5
365205548 275426776 365205548 337451015 550853552
5 5
204905398 369270123 204905398 3456186 201449212
5 7
558540702 377302394 279270351 323686505 377302394
5 9
216453762 225453980 216453762 432907524 216453762
5 2
297378697 460996703 379187700 758375400 251985654
5 9
310289449 26466442 336755891 310289449 259125604
5 2
294794480 397462313 259737165 102667833 294794480
5 9
386254823 258622461 258622461 333210417 127632362
5 2
208318974 313581159 354890246 105262185 313581159
5 2
311585210 284530434 298057822 284530434 596115644
5 9
364584217 495040050 247520025 729168434 247520025
5 9
368381327 209940859 384030897 396410212 174090038
5 2
79670204 613918070 344550925 264880721 306959035
5 7
397888784 235702721 235702721 162186063 397888784
5 2
283658612 245318403 606903876 19793326 303451938
5 8
277171867 365104996 106181351 277171867 383353218
5 4
315148604 510097594 385490339 385490339 255048797
5 2
288721855 240349352 219912200 117778281 358127633
5 4
28310666 296813784 593627568 255821305 268503118
5 3
240480267 218916897 307149480 614298960 66669213
5 1
262446059 268860097 294404172 6414038 262446059
5 4
391549403 82364446 369100341 310841627 286735895
5 1
265125475 24952976 246377799 265579576 290078451
5 8
251962612 516912424 372736705 503925224 258456212
5 6
219483618 280585580 280585580 219483618 359989762
5 3
125625920 369839446 369839446 354330650 228704730
5 8
290493860 82591939 373085799 262045352 290493860
5 5
219585067 316761352 358879955 202270699 42118603
5 2
363924974 297664294 66260680 727849948 366684493
5 7
215640627 215640627 156937651 372578278 372578278
5 8
210989861 401201568 327690288 200600784 116700427
5 3
362014537 272087234 388902408 14995564 287082798
5 6
231618578 249199374 334362370 668724740 231618578
5 9
211719491 164774550 376494041 423438982 376752672
5 9
348138242 321212946 121592938 226545304 696276484
5 9
207423745 74805535 290984321 216178786 228448894
5 5
240334276 343134105 296674810 296674810 324729060
5 3
312358619 25996224 355570090 286362395 366898434
5 9
226523078 277870850 555741700 277870850 277870850
5 7
305617550 651752326 651742880 325871440 325876163
5 6
252735672 117417101 226623401 344040502 688081004
5 8
243186681 465860178 314270483 71083802 232930089
5 2
394541835 497902562 368588321 251892589 248951281
5 5
258756426 517512852 349557376 209984263 389177455
5 8
520492478 216437571 260246239 260246239 302866282
5 2
788527604 227388287 394263802 251085487 394263802
5 4
350458948 136458352 341334933 214000596 214000596
5 2
227755145 312866716 261756066 261756066 237006006
5 5
310795283 310066158 251216571 394531071 58849587
5 8
265151254 322712011 322712011 530302508 207590497
5 4
433436562 216718281 204493586 100445468 317163749
5 7
317720409 10271259 303008896 307449150 317720409
5 5
769604908 384802454 384802454 384802454 358957335
5 7
367012900 33750524 367012900 400763424 200381712
5 3
229965554 229965554 377047478 259915156 377047478
5 8
257557702 492816618 375187160 750374320 347870434
5 9
220716743 215192379 209668015 430384758 294283168
5 7
285756433 242462450 224390244 98118194 322508438
5 1
150813732 281457116 211407229 290552741 362220961
5 9
90552845 284097101 234313801 324866646 311690944
5 4
395481922 790963844 387321574 396581181 261546753
5 8
206637988 162700856 240292381 370131445 207430589
5 7
354528199 5902662 355431147 349528485 349528485
5 8
243820271 357224918 214266908 298766750 142958010
5 6
290025962 580051924 2132074 290025962 287893888
5 3
217221011 338262533 492483492 29020735 246241746
5 7
354481236 62085874 387364864 313962902 292395362
5 7
296618223 661055306 330527653 218257749 218257749
5 4
222187280 295114640 222187280 295114640 322903720
5 2
214571557 371531721 347522287 276064473 156960164
5 3
72406810 306425505 267539822 234018695 306425505
5 3
442169188 266430992 221084594 205975980 221084594
5 6
393301858 12390574 380911284 380911284 393301858
5 2
286142444 277576946 366167145 277576946 260126485
5 6
244451962 344935709 269559105 386524524 244451962
5 5
361354288 87208303 299734766 212526463 362030017
5 9
332874137 752671894 376335947 348870962 370764730
5 1
341722434 324853259 47532113 341722434 294190321
5 1
367285073 113003400 254281673 363853202 378162244
5 4
216348821 432697642 216348821 216348821 347220582
5 6
344597763 362717662 18119899 344597763 208780959
5 2
513616132 302451375 753496824 376748412 239880692
5 2
346928258 346928258 391853291 366925999 297337893
5 7
278255706 15318082 269766857 254448775 269766857
5 6
347406207 107959775 202715588 310675363 349350059
5 7
397895944 312544213 397895944 131017262 266878682
5 7
386351210 245997033 394681566 789363132 772702420
5 4
305067035 383293079 202436931 102630104 305067035
5 5
207573816 281730117 202424728 207573816 74156301
5 3
250558511 327896831 77338320 222325935 391452508
5 3
289731299 354778490 296140168 289731299 296140168
5 7
71791974 343936870 331258538 331258538 272144896
5 2
283886272 225473262 58413010 225473262 283886272
5 3
260179736 131623174 777472596 388736298 520359472
5 4
321886330 239228398 321886330 239228398 82657932
5 7
297339535 201357493 336706444 673412888 201357493
5 4
30848425 385120359 375514310 382110606 354271934
5 3
265296645 59394192 280201678 560403356 339595870
5 3
345132659 307245060 367615700 37887599 307245060
5 1
331127376 363676814 203561953 236202048 94925328
5 8
325463733 377968854 352581841 287748663 90220191
5 3
376909219 125419363 251164291 502328582 376909219
5 9
13580250 329395678 248234288 261814538 308557781
5 1
378495922 378495922 756991844 367177986 367177986
5 3
201300839 250864280 342866967 201300839 501728560
5 5
11571607 351168953 339597346 228131327 317387203
5 7
216900063 212271339 168029407 216900063 380300746
5 5
357464696 263062500 352984404 263062500 4480292
5 9
298340948 268524111 537048222 264202233 528404466
5 1
275084876 275084876 359154241 550169752 339546504
5 3
376477326 339676564 34158521 376477326 342318805
5 9
287772141 15844245 216072953 216072953 271927896
5 9
359695275 11807774 371503049 324011906 355185402
5 8
288776095 278013214 380939923 534588568 267294284
5 3
387195726 230204524 326607980 326607980 237035414
5 4
365397638 236958033 298260767 298260767 315123766
5 1
431423688 215711844 185036777 246386911 215711844
5 2
336455296 5046364 336455296 331408932 307723172
5 7
276594635 276594635 380336421 319013171 312087306
5 2
358930258 233532161 393412133 396049562 125398097
5 2
238758949 325847602 87088653 238758949 325847602
5 1
219335162 266514829 19546783 286061612 391888300
5 1
710792372 355396186 240187416 390203294 320589078
5 3
215074023 96060662 430148046 311134685 215074023
5 6
279934635 233654098 135074318 368728416 248936054
5 4
64325425 488329190 299273707 244164595 234948282
5 1
227500228 227500228 363265248 726530496 363265248
5 1
118069029 248948515 340924802 367017544 681849604
5 3
384405096 344164890 160827316 369702607 208875291
5 2
312489028 219803321 92685707 312489028 219803321
5 4
343515736 68919859 506008382 274595877 253004191
5 3
358912984 212000833 232766267 358912984 126146717
5 8
747323188 257278053 223553464 523769724 373661594
5 7
251589010 394315276 138142038 389731048 251589010
5 7
61214051 796399220 275198302 398199610 336985559
5 9
392064205 369788356 382600910 389338942 765201820
5 4
203446515 291396589 168482110 225330459 371928625
5 8
280628883 251228924 280628883 253193540 302022561
5 5
291688130 6577298 454675014 227337507 285110832
5 8
669445878 441701456 346733189 227744422 334722939
5 7
26702277 228278569 228278569 254980846 355714067
5 9
530213113 746365534 342573792 216152421 373182767
5 6
35330830 214649343 417711896 382381066 208855948
5 3
389297489 134099506 349859195 255197983 225217327
5 4
273495007 273495007 254797635 320985979 393861150
5 7
387638569 455464706 227732353 227732353 323049961
5 1
542277250 371951502 271138625 210949209 371951502
5 7
277008512 25171913 334199283 359371196 554017024
5 2
603959204 222598788 218453673 301979602 218453673
5 9
283510928 235566645 751845724 351129042 375922862
5 1
370063125 204769134 256693318 51924184 216664986
5 9
288372970 13103088 288372970 226051236 301476058
5 6
299763107 7626108 307389215 384323805 384323805
5 9
241333451 321884708 145542555 214265320 386876006
5 8
310515467 360789175 352481968 310515467 360995206
5 6
290136940 777641926 780446868 388820963 390223434
5 2
273521895 300892092 386076451 547043790 27370197
5 3
308756012 279729603 6910454 299276583 315666466
5 5
403609086 209127654 271987843 543975686 201804543
5 5
591386000 295693000 294438763 216201574 79491426
5 6
330417899 285217312 209998170 165840187 375838357
5 6
373201136 337570631 236511351 675141262 301940126
5 2
393866166 313698520 202901071 87856083 290757154
5 3
101162933 752262682 376131341 274968408 376131341
5 2
237954205 203583152 237954205 203583152 475908410
5 6
314974833 314974833 212608042 380921104 353739135
5 1
329833240 760772490 332743601 380386245 47642644
5 7
644783294 322391647 288094635 322391647 356688659
5 7
278461597 234757007 557213764 43704590 278606882
5 6
278390141 88996245 367386386 232187120 203726244
5 5
395797769 393018693 253952968 253710140 253952968
5 1
381518462 350181543 31336919 350181543 200835061
5 3
233568572 467137144 389862412 252222464 233568572
5 6
666789962 333394981 365400189 365400189 730800378
5 1
311723678 652280402 355445128 326140201 311723678
5 7
272013582 47799376 235673062 332708328 224214206
5 4
57073677 590851408 238352027 295425704 476704054
5 9
317694532 51264541 317694532 266429991 281505550
5 9
290545477 218371114 290545477 349594855 436742228
5 7
283604276 309423804 618847608 232641351 25819528
5 9
341029907 206537791 411630428 205815214 134492116
5 4
242693646 60616095 313449752 337990363 277374268
5 1
329057164 303284809 69716626 259340538 329057164
5 9
157518070 258232460 375663060 218144990 436289980
5 2
334411663 351100313 80762414 270337899 329679347
5 8
340106246 48815933 316252203 291290313 340106246
5 3
365481147 243740277 365481147 243740277 383998652
5 5
276207749 285744154 279581251 61698951 214508798
5 7
238951854 41359451 227907736 269267187 208877305
5 1
341955904 367445354 105702939 734890708 236252965
5 9
624713116 21201635 333558193 312910202 312356558
5 7
314977656 689713482 231212165 344856741 458501317
5 4
370537658 370537658 211691865 158845793 353224566
5 1
237431333 13487737 497851874 223943596 248925937
5 1
394899347 394899347 1165975 396065322 792130644
5 5
70776013 265254004 336030017 530508008 265254004
5 2
286866202 440325262 220162631 381098865 220162631
5 4
295189073 745411424 223870713 372705712 375048048
5 2
708491194 624650262 312325131 312325131 354245597
5 6
219253402 226655803 202464117 453311606 438506804
5 2
241471783 255129995 271852819 255129995 482943566
5 7
70598802 264166757 334765559 221802941 208178116
5 6
241075123 214793196 122498548 363573671 241075123
5 5
293554541 290116597 291835569 293554541 583671138
5 6
290087335 201383141 356609422 213079197 426158394
5 1
361472815 382510356 303185712 276347612 79324644
5 7
313918811 380940577 383595118 13144331 300774480
5 4
208171212 376395213 302839624 533730914 266865457
5 6
349390449 230555648 397204140 397204140 118834801
5 7
247931899 5976137 241955762 247931899 241955762
5 8
305813938 305813938 611627876 224912292 305813938
5 5
60062853 310195565 250132712 304609885 264482445
5 1
391846182 232036089 230598819 1437270 461197638
5 7
314523796 339634821 361170854 316850148 25111025
5 8
145289231 236176382 308135199 320544875 381465613
5 1
322032318 140191499 203516038 343707537 644064636
5 6
349661837 337955493 337955493 699323674 11706344
5 4
44371495 263954662 308326157 308326157 280337561
5 4
259839998 259839998 238614947 21225051 307500524
5 1
369162533 271037050 273022573 345670863 74633813
5 3
381272175 335573336 288693785 232133937 288693785
5 2
383488411 369151748 212917580 381736068 12584320
5 9
246176471 383060800 379738108 260037488 383060800
5 4
152014393 205324419 357338812 205324419 357338812
5 6
282088380 19361352 387486551 368715490 368125199
5 5
235556998 398293941 325618111 203308169 194985772
5 6
232515320 234491486 132835514 336147458 468982972
5 1
75572858 294249487 301766399 226193541 226193541
5 2
109860338 370605942 276778023 251418796 361279134
5 2
249725718 379331005 249725718 379331005 129605287
5 2
362634113 332797293 347715703 665594586 695431406
5 9
316823816 316823816 633647632 422918899 210728733
5 8
357212355 505802532 30648184 387860539 252901266
5 7
386713711 286468348 207157150 572936696 186222985
5 1
250337915 260671392 275566491 525904406 262952203
5 5
273650051 273650051 547300102 287001370 220093561
5 1
737891392 270507166 368945696 368945696 368945696
5 7
245270698 682801180 341400590 341400590 490541396
5 2
155555886 229683619 385239505 770479010 366361641
5 4
349838956 49028614 251999114 398867570 797735140
5 3
18736589 213137445 214951258 233687847 363965815
5 3
250472817 500945634 222288192 222288192 270956389
5 3
49976606 346535501 377803246 251749281 396512107
5 1
314497792 304174178 217868065 7099596 210768469
5 8
271701299 393505137 543402598 334446783 271701299
5 4
304366314 37780782 266585532 206366211 412732422
5 3
280347610 592174964 296087482 399000014 312293909
5 6
413560332 354241208 206780166 354241208 708482416
5 7
310064518 367375488 94758701 215305817 430611634
5 7
262446361 220118774 42327587 375319809 750639618
5 4
247406242 247406242 365945810 494812484 118539568
5 3
316251442 232271648 83979794 363633616 308092041
5 6
311963683 29975289 217619233 247594522 211919567
5 2
216532440 216532440 371803674 313713279 155271234
5 8
299377722 343004898 686009796 598755444 299377722
5 6
595567166 282640864 274329100 297783583 282640864
5 2
206843910 296945903 291265209 90101993 291265209
5 2
402197672 201098836 336777378 302471560 65420294
5 4
787957430 393978715 269995029 393978715 306912321
5 8
327931155 247163844 655862310 389222787 266639523
5 3
617283776 308641888 308641888 359879735 359603484
5 3
523492530 220464541 261746265 364943859 298389593
5 5
344976463 394174191 396601031 788348382 391747351
5 2
337290089 264837635 288821793 218004506 70817287
5 6
367188391 165020233 250882586 354500642 202168158
5 8
381026845 297611237 595222474 80497345 300529500
5 6
238007174 91944365 659903078 207027543 329951539
5 3
302343045 294016334 604686090 317080254 317080254
5 1
233075329 319469261 86393932 466150658 277328380
5 2
362388066 207526696 106499523 314026219 207526696
5 3
260839056 317629115 53887389 263741726 263741726
5 9
637780496 259692612 399351386 318890248 59197636
5 6
273461335 265432387 374993912 204149073 8028948
5 9
378071803 12920769 378071803 390992572 390992572
5 3
206523501 383067340 413047002 297454367 115592635
5 6
231904316 146472815 375794005 328936155 229321190
5 7
600554744 300277372 255860265 300277372 44417107
5 1
377093236 318195002 377093236 318195002 636390004
5 2
397609411 306336877 207229186 414458372 207229186
5 6
311576603 623153206 324146096 295628466 398043953
5 6
201520088 266881864 312596291 111076203 533763728
5 6
326244691 366296707 121183584 245113123 490226246
5 4
285133454 216507251 322436236 570266908 247830672
5 1
349726762 266487074 42193017 266487074 307533745
5 9
304722304 334315304 668630608 29593000 330920092
5 5
264748515 529497030 305956441 223540589 334871981
5 4
221488571 265575029 346663396 61307569 282796140
5 7
366644121 362908240 7999530 370651205 370907770
5 9
359366281 10371193 235035746 718732562 369737474
5 1
233490585 103201867 302232351 233490585 336692452
5 3
205080573 356697008 222183931 410161146 151616435
5 3
269008304 219677327 246879785 309551873 62672088
5 5
140437206 342735843 383028440 242591234 766056880
5 9
390680955 37706826 352974129 390680955 212608475
5 8
383578788 289231194 289231194 267753772 21477422
5 1
361090731 383403509 620611284 310305642 259520553
5 2
394730491 736066774 741226690 368033387 370613345
5 4
371571303 743142606 709167892 287980257 354583946
5 7
272554056 212482259 60071797 272554056 229961043
5 1
207807280 86477461 390802053 294284741 281355120
5 2
338279052 687434566 5438231 343717283 338279052
5 5
313273043 798233010 313273043 399116505 311041868
5 9
310136090 339907056 123391140 215093221 216515916
5 8
329160450 318359893 341037805 348980871 348980871
5 8
162331799 274212248 342353928 231581140 393912939
5 9
515868518 257934259 309119547 51185288 257934259
5 2
392461333 284098927 340857457 398448887 392461333
5 2
357517064 248083234 297054093 256930098 60462971
5 1
335020589 642125550 321062775 260873989 321062775
5 4
708010192 397952500 354005096 795905000 354005096
5 4
324348144 572543886 286271943 286271943 286271943
5 1
104448326 362454100 293005378 794907408 397453704
5 2
337911287 434250750 96339463 217125375 370018566
5 2
389557939 233835808 233835808 233551212 284596
5 1
20197009 358846870 379784170 354122471 333925462
5 4
7076157 272740845 273786735 301478608 279817002
5 1
357023800 357023800 150302791 276565569 206721009
5 7
326970114 326970114 353564468 707128936 653940228
5 1
350707358 233408959 338108351 676216702 233408959
5 2
130556110 293104459 364060246 233504136 293104459
5 7
625688932 312844466 328027654 312844466 328027654
5 6
223351547 17435284 307175915 205916263 331435397
5 8
222658951 280390236 270738192 382499627 541476384
5 9
377078252 344344880 262251068 234864026 27387042
5 3
752305962 242114809 242114809 134038172 376152981
5 2
231279671 200502786 661330604 330665302 261397436
5 3
270495113 296343727 270495113 364355868 93860755
5 4
396330982 231018994 110939660 206438077 285391322
5 9
314638105 29865115 284772990 314638105 362211578
5 6
289031868 203729295 578063736 385245667 192818069
5 8
256610587 513221174 607136040 235685912 303568020
5 3
236505046 636609780 81799844 236505046 318304890
5 7
209607351 288235895 209607351 288235895 419214702
5 4
333751728 667503456 267305868 376797345 267305868
5 6
384946067 213337485 231407078 313756453 100418968
5 2
626444222 633594154 316797077 313222111 316797077
5 9
321493798 642987596 269796758 263987950 321493798
5 1
687144686 343572343 343572343 343572343 231834145
5 2
283192331 242882422 383814947 140932525 383814947
5 9
206552770 320110488 212465627 5912857 212465627
5 5
345641023 14353472 331287551 345641023 265059189
5 6
344817019 144222992 310897674 344817019 200594027
5 2
277673484 555346968 260328379 17345105 260328379
5 5
444647872 222323936 380300628 396626221 174302285
5 7
300647763 203326463 97321300 203326463 300647763
5 4
202839873 83408887 286248760 338800585 244803360
5 8
380968004 24659406 274031219 249371813 380968004
5 2
308384777 234073248 265069834 530139668 221754891
5 3
372567445 680554838 340277419 745134890 340277419
5 5
104962534 381820587 276858053 323356124 323356124
5 8
214645297 317113280 634226560 379851702 359418111
5 7
281937227 263655519 281937227 343638428 79982909
5 6
283757348 265095167 344297466 344297466 265095167
5 6
338607157 263332993 263573075 338607157 75274164
5 3
259994915 40628714 219366201 395668250 220510042
5 5
127831256 368711012 233836749 240879756 240879756
5 4
210577379 389545796 315332560 266248599 532497198
5 6
357875872 310169101 620338202 236346709 73822392
5 2
246219258 148532754 246219258 394752012 349594338
5 6
276912164 288716264 11804100 553824328 229413449
5 3
245921658 243963876 645258766 322629383 78665507
5 1
140891681 256917245 368023395 227131714 280608698
5 1
313402630 437336786 218668393 232897587 335777420
5 2
2612575 349370688 351983263 351983263 230520806
5 6
261378725 743939178 110590864 261378725 371969589
5 8
594698916 297349458 388068523 388068523 90719065
5 2
295701961 210229427 132466647 309226739 342696074
5 1
271540864 371267473 68834010 300793314 340374874
5 2
709954998 354977499 279210841 430744157 240056941
5 5
46069614 237867425 288238319 242168705 317313402
5 3
512309436 203262847 256154718 203262847 258957722
5 4
222574541 218929527 226142348 249195155 30265628
5 7
347189949 694379898 347189949 357305926 263888606
5 5
304516521 124651042 354569137 229918095 300168852
5 1
240935617 256157630 15222013 245589707 384812519
5 8
231228111 162223344 393451455 365354681 730709362
5 8
248011542 263212116 269709765 6497649 263212116
5 8
243023812 342216817 393540922 51324105 218644047
5 8
277067136 300018529 396612987 290271286 9747243
5 2
638409382 319204691 221703534 319204691 443407068
5 6
233367457 141333324 265855850 265855850 374700781
5 4
318175746 359717691 318175746 636351492 41541945
5 5
268008544 63862018 257133789 204146526 536017088
5 8
270113751 377961780 391304462 540227502 391304462
5 2
276252539 552505078 249139077 299308795 303366001
5 2
263298788 291018864 235578712 308681419 526597576
5 4
397087239 280232594 313672655 280232594 794174478
5 6
362595067 380310024 323796635 209463456 114333179
5 8
316912489 335226319 292492015 292492015 335226319
5 6
475962034 112466790 237981017 363495244 363495244
5 7
281108532 562217064 96812433 281108532 377920965
5 3
245651865 281368329 345405831 35716464 345405831
5 5
236472696 294857058 380805738 242077631 138728107
5 9
369166840 738333680 316333545 369166840 347961211
5 5
271150958 29541867 236813353 243084298 213542431
5 7
229538194 493854810 246927405 277107242 216747568
5 1
299420697 346579298 360013808 706593106 353296553
5 6
379619302 219445238 379619302 15604826 395224128
5 7
785676802 392838401 246409487 330047713 392838401
5 5
244285375 244285375 361294210 202347213 117008835
5 1
380463268 335478936 354471554 708943108 760926536
5 9
405149367 399274089 788962210 383812843 394481105
5 4
295220044 60751340 295220044 375484467 355971384
5 7
394111098 390702616 28619113 365491985 394111098
5 6
728255406 311045736 53081967 364127703 200025779
5 8
131991443 366539488 234548045 366539488 257159012
5 3
43478645 324590202 373327553 368068847 356463313
5 8
602825062 278950823 264960294 301412531 207392572
5 2
110909228 255512804 373344630 351333648 366422032
5 5
359594983 380336447 241261692 20741464 359594983
5 8
392371984 244995033 358484447 358484447 271336988
5 9
276911322 553822644 232021372 303162959 26251637
5 7
697397738 248338487 348698869 293588010 45249523
5 3
300682509 601365018 62188014 362870523 355950468
5 1
11754467 204392253 272712228 216146720 330856501
5 5
116255639 369975289 265502824 280672376 253719650
5 9
351338593 208955145 230115803 351338593 221579024
5 5
215248336 365059508 350658542 149811172 730119016
5 8
306185932 748949924 374474962 330058775 374474962
5 6
576162280 267479525 111485021 288081140 399566161
5 5
38670372 369091283 271831775 271831775 330420911
5 1
358635819 9324542 313569376 322506726 313182184
5 7
525138050 281516991 206654319 318483731 262569025
5 5
46257676 343056997 343056997 389314673 238334189
5 8
460881828 230440914 230440914 230440914 308092204
5 4
227460894 454921788 225926696 383618717 71303071
5 2
252979265 321608077 68628812 205490294 227205352
5 7
252127756 504255512 348459748 96331992 252127756
5 3
355448455 202147667 262498764 1714347 357162802
5 9
329595631 227830010 227830010 618804288 309402144
5 9
236651045 313973199 761720320 380860160 236651045
5 7
394637392 345666160 691332320 296694928 296694928
5 1
324361281 376081081 270170718 51719800 234204281
5 1
268292395 268292395 268292395 536584790 255531582
5 8
260193788 348240352 332501801 696480704 351698380
5 4
356335952 49498204 239885265 335363702 384861906
5 6
293332361 307080744 307080744 586664722 614161488
5 6
369582507 387490014 774980028 17907507 264809334
5 4
585855542 259794480 33133291 292927771 292927771
5 6
272867273 21739593 323171467 344911060 379680062
5 3
317965437 205758575 284193826 326474139 120715564
5 5
330990885 394339820 362778094 330990885 394339820
5 2
264583055 382036761 216905274 547168248 764073522
5 3
293055517 16904639 276150878 276150878 293055517
5 1
297523563 297523563 216576858 378470268 595047126
5 3
313588930 321849225 248797543 64791387 278036723
5 1
330217956 282207013 267348064 62869892 320484828
5 4
298640071 231159615 298640071 272119341 272119341
5 1
360186458 268968626 360186458 240652986 203435242
5 2
369174075 328412030 716032252 358016126 358016126
5 9
202164760 25807537 227972297 227972297 202164760
5 6
288252240 202374457 315703671 288252240 85877783
5 5
53622712 656233646 381739535 328116823 338614945
5 7
210309925 251627230 220638277 251627230 41317305
5 2
353582656 105865346 229724001 334995244 459448002
5 1
274978354 345131707 365708032 274978354 20576325
5 8
386615249 381968613 354289065 387838602 32326184
5 5
54755937 247324723 302080660 277755401 266215776
5 1
213269888 160467966 373737854 318332424 747475708
5 1
355465772 361559693 318970366 212193588 143272184
5 9
290628070 581256140 314405375 314405375 232048585
5 2
368241448 337848881 143242180 216420633 359662813
5 3
58416026 256640236 513280472 256640236 315056262
5 3
108867129 377575608 324618667 377575608 215751538
5 5
225224613 278312632 343741363 384794746 384794746
5 8
45190670 376443718 331253048 379813207 376443718
5 7
328217625 15338320 328217625 343555945 274740129
5 2
608483400 304241700 304241700 257530475 515060950
5 5
328182213 276857433 236052140 14119887 314062326
5 4
242275495 297251992 352514803 302754089 49760714
5 9
257108490 297721502 326953338 366698333 40613012
5 7
399075521 334518327 279417075 302854872 23437797
5 6
235929396 140685136 376614532 235929396 753229064
5 5
316974898 324896479 315773376 324896479 7921581
5 1
797731960 398865980 240714956 240714956 398865980
5 2
365579426 731158852 281981849 449177003 281981849
5 6
82880303 288829547 205949244 411898488 353867194
5 2
383987450 277042502 754258948 377129474 477216446
5 2
228054660 10862163 217192497 233200579 227688207
5 6
391363305 373167188 337543954 746334376 391363305
5 4
279201735 12548330 320878254 266653405 296882687
5 8
272034845 385891989 53704417 272034845 325739262
5 4
293923953 222383916 222383916 587847906 365463990
5 4
221440332 391689352 331305683 326286027 326286027
5 3
321336667 402979783 239693551 295449271 642673334
5 3
362977593 362977593 379496234 346458952 725955186
5 6
590232232 336774915 203176136 295116116 91939980
5 5
248536855 396746087 39585302 357160785 248536855
5 6
37321110 238266447 275587557 480595136 240297568
5 9
313876498 290727832 581455664 274703669 274703669
5 7
325340324 236818699 348883073 88521625 201408263
5 7
368262479 368262479 5268832 362993647 252328695
5 4
318078572 8494113 326572685 339839699 339839699
5 7
316228139 235526237 235526237 272079129 80701902
5 7
288437770 348803919 288437770 576875540 206236861
5 4
163784369 224561816 220845192 388346185 370031944
5 4
398674583 74869009 301194480 323805574 372968090
5 9
341704711 343027507 76112875 364375744 265591836
5 4
565927344 385880902 208184727 246677304 282963672
5 9
305985848 317475942 337976270 611971696 305985848
5 4
372889619 220844412 619020370 256681643 309510185
5 6
231626833 137546874 369173707 392146896 369173707
5 3
235205230 241569150 389180656 235205230 147611506
5 7
97871433 360636109 360636109 458507542 229253771
5 2
75071130 388439173 313368043 258204458 394277819
5 2
334159178 387497801 334159178 33876548 300282630
5 4
286251654 73172520 274370674 208773450 359424174
5 9
523577734 373259150 261788867 373711842 373259150
5 4
100956216 286118239 325883758 325883758 224927542
5 7
262353468 262353468 302592923 302592923 40239455
5 7
274423955 296052741 381980207 353361099 107556252
5 3
384068741 396701269 12632528 396701269 337238060
5 4
317437800 318158319 393868271 56223286 374381605
5 1
327402285 784683432 392341716 334992970 57348746
5 1
170288561 283381184 397024069 226735508 397936632
5 2
205203676 391512018 295652652 186308342 280827504
5 7
140157071 258008428 261603745 516016856 375859785
5 2
395938991 274303682 395938991 791877982 274303682
5 2
319613994 87916482 394148433 306231951 301869592
5 8
268846846 265980465 392695842 368808184 102827719
5 6
366891198 343030145 371186468 371186468 4295270
5 3
295266126 783080484 590532252 391540242 205181682
5 9
545425136 320521318 225858850 385641993 771283986
5 9
245968773 213390681 8720305 254689078 313519947
5 6
329160326 235891409 658320652 329160326 313637946
5 8
386621957 262952694 123669263 358176475 210921993
5 6
390196453 390196453 780392906 277906147 293488989
5 1
369479911 200458939 369479911 200458939 169020972
5 7
294238931 588477862 294238931 294238931 216293098
5 1
291468800 293082094 104234920 377368672 273133752
5 6
298021779 361563199 201739040 394304518 596043558
5 8
254636420 70115576 284373566 305252145 354489142
5 7
358650701 98430519 260220182 285929427 285929427
5 8
211792750 383382172 766764344 183906292 395699042
5 8
398236182 236862804 291413106 54550302 222030268
5 3
380943863 258410920 380943863 106761774 274182089
5 2
442226870 221113435 38776323 259889758 224265610
5 4
372737371 323453007 49284364 323453007 351305270
5 5
83444102 356599144 349803043 266358941 339239208
5 2
368915698 242094760 23689963 345225735 368915698
5 7
340248844 268648222 251569997 251569997 17078225
5 3
284322087 3877900 280444187 280444187 568644174
5 7
216509473 396231185 38275425 254784898 254784898
5 6
211095100 422190200 320366966 204967282 273135656
5 5
308932721 288430288 395280013 367578778 27701235
5 8
262995924 300949235 262995924 300949235 275712465
5 5
2964708 259389806 226539113 229503821 397276281
5 9
171719256 218631545 390350801 398495705 218631545
5 4
215608203 77499586 293107789 270462733 294400223
5 7
301055156 278280616 22774540 393849896 787699792
5 7
357286240 100659566 256626674 256626674 209494321
5 8
337193136 201597442 403194884 674386272 381302877
5 8
342302648 272485661 69816987 342302648 317276326
5 4
317233179 205676417 203552457 2123960 205676417
5 2
8235648 260932396 242820953 251056601 260932396
5 6
265880347 20904558 286784905 266203481 285684315
5 8
313168096 390098766 390098766 311540127 76930670
5 5
248338704 86814473 335153177 248338704 496677408
5 1
501875170 651334368 250937585 289652226 325667184
5 1
319792423 245653670 380224302 111083038 491307340
5 9
363882767 297905035 409328134 204664067 297905035
5 3
34786878 203045824 378195024 205045326 343408146
5 2
233875864 295101006 776536306 93167147 388268153
5 8
396598127 352831222 396598127 43766905 246438324
5 8
210456504 321336690 249194258 38737754 210456504
5 4
302818165 153448826 235611143 389059969 235611143
5 3
74592542 311404665 382754729 222352958 296945500
5 5
242715287 399738180 157022893 399738180 242715287
5 8
316638139 280904722 233530203 258682466 83107936
5 1
226215706 241155464 482310928 366146924 241155464
5 4
398869339 441995754 284197820 220997877 220997877
5 5
90522276 299200818 347357585 256835309 256835309
5 3
348067073 37174477 334024130 339050667 301876190
5 5
369289264 334242860 35046404 392654921 369289264
5 2
234111395 200901609 2419823 231691572 360047791
5 5
397220400 383761374 361985314 370302348 767522748
5 6
349720923 302291161 302291161 75643407 226647754
5 3
309164857 309164857 304696469 322164433 298294510
5 6
249989168 709258574 222277315 354629287 459269406
5 3
216338589 350176939 358774832 700353878 216338589
5 7
217881812 377213452 377213452 217881812 159331640
5 8
307863441 246781443 615726882 9968297 297895144
5 1
284791148 789305160 394652580 237449321 284791148
5 2
628672014 311417211 317254803 314336007 311417211
5 1
216766811 216766811 60689140 396081711 335392571
5 1
146388496 214610453 390908899 244520403 273744620
5 5
236461060 387028373 236461060 295267825 316906688
5 5
204870292 306689271 355983382 204870292 355983382
5 5
22494377 382144138 372923840 359649761 233070969
5 9
66278555 292292572 226014017 292292572 226014017
5 5
372823629 205909327 269456574 372823629 211173292
5 5
5347011 264445042 222583638 269792053 264445042
5 2
253213907 45036279 337245768 200862511 208177628
5 7
286313273 398708819 325347221 286313273 39033948
5 8
378660401 355256992 255545944 355256992 23403409
5 1
240496829 240496829 551003002 275501501 275501501
5 9
372434115 19838352 279538658 259700306 372434115
5 1
323358662 374198770 239930509 253503666 748397540
5 8
570115074 338744223 201175540 368939534 285057537
5 4
264375134 89442940 353818074 384047985 528750268
5 7
201776579 63659315 304635311 368294626 215972605
5 1
221177263 241464188 482928376 93097202 389831174
5 2
304049212 228793423 217551121 304049212 75255789
5 5
299988695 682290520 341145260 599977390 258274583
5 8
368082403 204045160 159486424 363531584 222824875
5 8
253928335 372631291 315999172 253928335 62070837
5 6
594363154 297181577 337674106 291634349 337674106
5 4
202467320 270529447 202467320 267804289 270529447
5 5
320325878 247038314 98793118 347916371 345831432
5 1
289946271 70013937 219932334 286919482 219932334
5 9
201950565 309789735 225070629 309789735 403901130
5 8
386075120 383384419 383384419 2690701 772150240
5 1
222405382 48037489 270442871 270442871 222405382
5 6
304865799 580863818 275998019 212625873 290431909
5 2
218942142 304818896 359377264 97384750 207434146
5 4
62481150 279590138 279590138 345078428 217108988
5 9
686902110 292531545 343451055 451457102 235445008
5 2
345062568 218336272 358894498 126726296 237241327
5 2
755162294 377581147 210580740 257941024 544581554
5 9
300608406 314721253 300608406 326234276 652468552
5 6
526160048 164027364 263080024 362132684 396358598
5 9
339749121 167209183 374274588 270403109 207065405
5 3
347972699 293089487 238206275 586178974 327824885
5 4
54006211 319020647 638041294 265014436 319020647
5 6
221039816 206891995 57842590 370337710 312495120
5 7
69693137 293852743 340194480 224159606 680388960
5 2
354795657 274464450 548928900 1525869 272938581
5 3
270844880 353222532 270844880 38256712 232588168
5 7
385212179 332310350 283501364 567002728 230401510
5 3
314814581 231224847 244297897 629629162 314814581
5 1
49452985 608693296 353799633 707599266 304346648
5 9
270678887 294162710 250891761 250891761 501783522
5 1
308298406 280252248 280252248 76031902 232266504
5 8
288982751 288982751 203456128 333142707 270228298
5 7
247697734 9444055 281491869 290935924 236792385
5 4
665324906 268059131 332662453 80095268 252567185
5 9
298905099 203691164 407382328 190427870 597810198
5 6
273268689 326444887 295558523 22289834 281074791
5 9
677658100 386252091 338829050 386252091 209204044
5 5
686674458 354986996 293018051 393656407 343337229
5 4
588432134 294216067 302612767 302612767 294216067
5 9
568370146 276348897 249571773 284185073 284185073
5 5
526269058 337230434 340095880 263134529 680191760
5 8
174904888 389026257 256830216 214121369 389026257
5 6
287942068 246591129 326207505 222903991 65038077
5 3
201055320 321813665 321813665 375040952 120758345
5 4
347569043 214506616 133062427 214506616 429013232
5 1
219927651 286086990 572173980 223363080 348810900
5 2
181984282 380123619 389778277 207793995 311136334
5 5
83226684 337070361 218259119 301485803 218259119
5 2
26706418 370091128 277689614 304396032 277689614
5 4
258055570 258055570 137290829 393588232 395346399
5 6
352159707 578544412 289272206 279980133 9292073
5 3
204947399 297142490 262795516 262795516 34346974
5 5
298375768 596751536 356100164 314710917 629421834
5 3
535568786 261306799 396009369 267784393 396009369
5 4
264124163 366365942 366365942 102241779 264124163
5 8
317238239 329414706 324677801 7439562 211253712
5 6
233151589 1400186 331649873 333050059 228554045
5 7
358143771 332436960 332436960 11061285 369205056
5 5
285264367 375485566 236977016 750971132 236977016
5 6
344516106 388969162 344516106 326193775 18322331
5 6
280736414 278009523 561472828 280736414 280736414
5 2
296703826 69135766 524271886 593407652 262135943
5 5
390200102 385284451 4915651 289835591 289835591
5 4
308054102 220224992 266692990 266692990 395602255
5 5
281856433 80578500 292647779 212069279 265668014
5 2
310109892 381375036 291236282 381375036 353042715
5 6
278682714 243753335 353055227 313612093 557365428
5 5
50595312 210432964 384461699 363610842 261028276
5 9
241194100 644674080 322337040 403479980 380512253
5 6
233482474 108742765 250743720 684450478 342225239
5 5
301152297 381418405 283977770 249286132 132132273
5 3
43306441 292314008 744769478 372384739 249007567
5 3
123649641 355118780 360429171 323324717 236779530
5 5
320362458 370657935 320362458 741315870 221054248
5 5
683722456 741561272 370780636 341861228 399700044
5 4
257042969 320242 256722727 280207373 278860302
5 5
243028572 486057144 214311168 243028572 428622336
5 1
283374404 283374404 322673244 39298840 234552858
5 9
266608487 506867244 357329511 253433622 13174865
5 2
359733387 236266884 283513458 230897276 236266884
5 5
343416001 277878333 334973052 334973052 277878333
5 4
368063988 316064133 264644377 234150601 51419756
5 8
314206650 386221058 314206650 253517307 229385069
5 5
187302662 458285152 399532331 212229669 229142576
5 6
286877010 498346412 249173206 573754020 249173206
5 4
642099226 371161895 230322738 321049613 90726875
5 3
338157127 267278409 367264371 99985962 267278409
5 3
87455540 639013326 389146373 301690833 319506663
5 5
358220967 424172900 212086450 358220967 716441934
5 1
343449271 394814284 355105179 372518346 39709105
5 5
256508386 451423936 231880157 225711968 225711968
5 7
267238690 228871411 534477380 330526167 330526167
5 9
272289563 232085822 253446493 295303639 63217817
5 5
357556852 46756132 272671727 357556852 310800720
5 8
71713461 293295414 221581953 293870362 361213437
5 4
653312448 326656224 378791562 380891156 272421292
5 1
178873711 384332751 368936420 210641727 389515438
5 2
341145875 373992172 345824857 394010847 32846297
5 2
725851258 390769321 362925629 260987035 306133686
5 7
210104623 290281527 673562274 336781137 221562715
5 9
547415146 321369388 260032320 287382826 273707573
5 5
622137294 311068647 445967544 222983772 399153522
5 7
367195030 346018310 346018310 734390060 273109704
5 8
368603574 282364233 347470903 263508991 564728466
5 6
388871983 249037185 388871983 777743966 388871983
5 2
212219308 244391470 202891915 202891915 405783830
5 8
253149771 389100774 207456660 210135338 181644114
5 6
226561915 225249641 226561915 225249641 233402445
5 9
85871082 246437405 687039676 343519838 332308487
5 3
228058219 363539051 252626921 14118066 349420985
5 5
416419480 352435688 208209740 291402761 331066506
5 2
77486927 250621294 224073132 307878507 301560059
5 6
22746354 282284232 331141518 308395164 265259713
5 3
283153527 620687504 337533977 376759246 310343752
5 3
418067474 209548620 208518854 209033737 305262690
5 7
225478792 357073971 714147942 357073971 357073971
5 8
300251651 246120684 609253250 54130967 304626625
5 1
173470774 376849734 203378960 394381972 376849734
5 8
210905807 276602575 200241271 94314257 305220064
5 1
305912993 62755515 368668508 299020424 204818957
5 5
310652310 310652310 530840066 265420033 220187756
5 2
336744426 673488852 564066280 336744426 282033140
5 1
130687207 352810727 222123520 237506863 352810727
5 2
335986904 335986904 350617622 396242951 45625329
5 5
252586963 324510465 271179429 217848393 542358858
5 5
364343886 728687772 270178852 232151227 364343886
5 3
291931405 380657856 583862810 204831903 379030907
5 7
193357523 320769515 241238063 399000959 205643436
5 8
299492533 268626926 268626926 396058886 598985066
5 2
241733384 241733384 200589828 41143556 321435530
5 4
302971987 342166780 333887704 333887704 302971987
5 7
399901116 279294407 328649166 327813481 71251950
5 6
300244013 252599638 242059396 58184617 328390951
5 8
338969836 389501366 261641051 220711271 77328785
5 7
310716774 205114119 233954203 266488129 310716774
5 2
740025496 370012748 372031430 320756626 419268870
5 2
202828851 202828851 202828851 257291731 405657702
5 2
264740481 320387326 95521598 360262079 360262079
5 3
285226797 278896930 557793860 328519281 328519281
5 9
238788763 11523584 255088743 227265179 375647061
5 2
458471038 296451616 251733224 229235519 44718392
5 2
368727854 368727854 345912082 299317464 46594618
5 4
275135460 218026688 205540381 436053376 12486307
5 4
234327761 607147018 303573509 303573509 234327761
5 7
383731646 388916558 207827104 383731646 181089454
5 6
262880727 387702917 124822190 236015389 387702917
5 5
248786066 368155254 70841486 319627552 287296466
5 8
288609639 385289825 325015153 288609639 385289825
5 2
285511423 43653188 304560787 348213975 348213975
5 3
366008705 246272475 292766290 243676467 49089823
5 5
226073033 206667743 358533814 230086190 4013157
5 6
398926106 156909924 242016182 242016182 363325561
5 6
273770609 2847066 352883110 700072088 350036044
5 6
339937570 366864425 366864425 229960509 229960509
5 7
393488671 348697349 318679274 281185668 697394698
5 2
341718019 284645836 683436038 287379585 341718019
5 1
390896462 336894120 673788240 267402119 54002342
5 8
205447188 301334258 95887070 326897988 252090628
5 7
633486188 244751029 71992065 316743094 332929846
5 3
372009139 361849698 394541437 789082874 248023027
5 5
799127360 374679101 399563680 207616496 167062605
5 1
380797904 228320178 322788925 645577850 228320178
5 1
203089912 359644202 344660796 271851277 68761365
5 6
357650922 357650922 218673789 138977133 218673789
5 4
687039996 380223796 343519998 306816200 343519998
5 6
211157514 337612921 395370785 41734077 353636708
5 5
327861329 378019175 378019175 50157846 655722658
5 1
142575867 392323656 245908629 247068451 249747789
5 6
570819150 285409575 285409575 344011719 263507660
5 5
242615430 246109408 269772941 3493978 492218816
5 1
383266958 453677482 383266958 226838741 156428217
5 5
327740732 223395341 327740732 446790682 104345391
5 2
208195881 22757003 394407622 371650619 333751102
5 2
390095751 394908469 4812718 394908469 222393919
5 5
307701412 762888184 330288923 381444092 296476427
5 5
206349087 384462373 178113286 206349087 331508066
5 6
324581682 75271066 249310616 284303163 201768768
5 6
221197592 320616171 297899971 369904540 99418579
5 3
323190724 382429265 61971164 764858530 261219560
5 3
57489692 345274439 287784747 345274439 334067623
5 9
372293991 218782848 338768128 281944581 119985280
5 8
166059760 211149073 354441333 377208833 386956698
5 4
132582324 328838828 525095332 657677656 262547666
5 8
292631893 663447100 232472456 205986394 331723550
5 1
242632453 38324293 220406921 388621668 258731214
5 8
220690708 284141640 771721486 385860743 385860743
5 3
297702994 628344392 382138560 246205832 314172196
5 6
684856620 7232866 342428310 322979494 315746628
5 6
390739545 283927150 106812395 220052018 374861271
5 8
532598812 16051276 266299406 282350682 266299406
5 2
77699314 289406898 223917131 211707584 227917043
5 9
367174792 232017694 275907661 382715087 43889967
5 1
279485513 279485513 230647566 181809619 461295132
5 6
346723585 236348223 300182075 110375362 346723585
5 2
133805839 410475624 339043651 205237812 265756153
5 7
283427644 311099355 311099355 566855288 243151513
5 1
293554354 236263918 359494119 368067751 472527836
5 8
225018761 351392384 450037522 225018761 225018761
5 7
357426786 586016626 714853572 293008313 357426786
5 6
343723042 212571947 27457554 221182526 240029501
5 9
316508631 325668663 316508631 296177841 592355682
5 8
309703350 243710672 294716367 393251281 98534914
5 8
702274068 17754713 333382321 351137034 333382321
5 6
294489901 67959276 226530625 226530625 294489901
5 2
250973219 784751774 266547077 392375887 343472016
5 1
122791941 219554209 439108418 219554209 342346150
5 7
390043208 780086416 258214416 364671802 106457386
5 4
263454237 256867817 477570750 238785375 229301497
5 9
334558347 202894498 669116694 348141743 348141743
5 7
230741501 461483002 268953898 268953898 38212397
5 5
334635737 325931845 209141688 209141688 334635737
5 8
228589477 390234531 780469062 390234531 284485786
5 7
389398651 274558754 350058499 274558754 778797302
5 2
64312326 250666308 523421620 326023136 261710810
5 7
319655387 388980275 281658909 670639184 335319592
5 4
548660234 274330117 312591780 312591780 625183560
5 6
337577867 675155734 339500295 398904044 335655439
5 3
202012817 263015232 575989136 287994568 205216238
5 6
404314724 331559228 251620578 202157362 202157362
5 8
201056426 351486471 702972942 379460759 501916516
5 5
53564779 365871186 293278339 239713560 365871186
5 1
296450146 117024731 227384355 389762998 344409086
5 1
210045542 317659358 420091084 216676303 210045542
5 3
177579139 318377553 232412390 495956692 247978346
5 7
200794224 378488146 378488146 756976292 200794224
5 2
720775676 376821004 360387838 234593971 343954672
5 3
345003189 46299525 298703664 386507147 386507147
5 1
250988525 365176023 365176023 501977050 730352046
5 3
328174023 328174023 273333036 656348046 328174023
5 5
397874613 795749226 396644846 314567212 83307401
5 8
334659558 260041538 334659558 260041538 74618020
5 3
208738289 397140794 161475452 344940843 370213741
5 7
206399497 412798994 136439711 276359283 276359283
5 4
775492748 387746374 241877818 226821949 226821949
5 8
359401563 324883066 337027094 649766132 363976614
5 1
386884136 225100080 225100080 241138713 386884136
5 9
302602797 314654550 12051753 314654550 629309100
5 3
312129090 372894496 370272534 372894496 210630216
5 4
356429446 256289394 512578788 326849276 326849276
5 3
3533540 248031433 244497893 244497893 398319733
5 7
378224611 380901727 378224611 2677116 234357132
5 9
551133352 260749436 346718931 521498872 275566676
5 7
293189609 367395785 313681761 660585394 330292697
5 4
229972886 314762034 314762034 279327336 342473017
5 3
388725061 350459967 321232940 38265094 388725061
5 2
348526575 779622674 389811337 389811337 697053150
5 1
375548686 256838168 118710518 375548686 513676336
5 7
342943370 685886740 245562974 208329970 208329970
5 5
158868904 367615688 208746784 374110685 417493568
5 5
341536868 285847331 336711086 336711086 285847331
5 3
234406278 234810066 331253500 15816483 250626549
5 2
391270404 350078202 322134155 284853592 284853592
5 7
212016327 339748647 72940121 266808526 533617052
5 1
353432968 259504591 221253216 26789873 248043089
5 5
351554301 37085674 628937254 314468627 226557643
5 5
383237230 766474460 383237230 208075076 175162154
5 5
201654065 241209609 221431837 201654065 442863674
5 9
262659141 254480219 277099577 212158260 22619358
5 5
330406886 305940302 330406886 305940302 296534640
5 1
310424878 269419506 310424878 28853621 298273127
5 2
297658444 365139591 297658444 595316888 341812259
5 7
302779541 302779541 278813004 278813004 329566400
5 6
321402226 269139715 71547485 374789868 392949711
5 5
270310381 392867862 785735724 270310381 540620762
5 9
354561480 709122960 332918551 398548167 332918551
5 5
308318540 381847166 371946509 770844176 385422088
5 3
263892775 24900249 238879216 274922051 263779465
5 8
360767075 366243543 21487421 366243543 382254496
5 9
348601429 269823971 427378887 697202858 220177778
5 9
269360432 267056151 2304281 275446262 359803549
5 8
253077218 201993155 247472928 303020443 55547515
5 5
246296218 246296218 312126131 240341188 312126131
5 5
267423944 235755973 267423944 238466011 2710038
5 3
273823334 547646668 383222879 523998016 261999008
5 6
362331624 702311154 339979530 351155577 339979530
5 6
361412735 269447507 361412735 226020744 135391991
5 9
251364755 225970482 579280328 25394273 289640164
5 9
83018679 296074228 364612450 308236169 391254848
5 6
358389651 104008492 254381159 254381159 255017952
5 6
218973647 262375743 203780054 262375743 218973647
5 2
292261575 247190779 226710971 228980235 65550604
5 5
314427324 724139646 69246268 292823555 362069823
5 7
356893172 376624168 52909376 235246109 323714792
5 1
361155755 385881521 32127278 353754243 229824804
5 2
296200731 592401462 296200731 349873691 296200731
5 7
268050051 114238878 256522733 370761611 513045466
5 4
245773865 209433621 291909783 36340244 274524918
5 4
527335012 304184219 263667506 444413292 222206646
5 8
362530779 343613492 358479916 362530779 358479916
5 2
283722621 247858040 247858040 223115150 495716080
5 5
271082292 542164584 264918380 266999539 275165045
5 6
264852105 38514365 529704210 303366470 242765830
