23226277
23226277
23226277
23226277
23226277
444595123
444595123
444595123
444595123
444595123
444595123
444595123
444595123
444595123
444595123
444595123
444595123
444595123
444595123
444595123
444595123
444595123
444595123
444595123
444595123
444595123
444595123
444595123
444595123
444595123
444595123
444595123
444595123
444595123
444595123
444595123
444595123
444595123
444595123
444595123
444595123
444595123
444595123
444595123
444595123
444595123
444595123
444595123
444595123
444595123
444595123
444595123
444595123
444595123
444595123
444595123
444595123
444595123
444595123
444595123
444595123
444595123
444595123
444595123
444595123
444595123
444595123
444595123
444595123
444595123
444595123
444595123
444595123
444595123
444595123
444595123
444595123
444595123
444595123
444595123
444595123
444595123
444595123
444595123
444595123
444595123
444595123
444595123
444595123
444595123
444595123
444595123
444595123
444595123
444595123
444595123
444595123
444595123
444595123
444595123
444595123
444595123
444595123
444595123
444595123
444595123
444595123
444595123
444595123
444595123
444595123
444595123
444595123
444595123
444595123
444595123
444595123
444595123
444595123
444595123
444595123
444595123
444595123
444595123
444595123
444595123
444595123
444595123
444595123
444595123
