656313972
354138622
117754521
926347904
697528124
234563580
304651312
813391502
678348240
983138449
1012138
1035441
1044373
1009564
600020
566671
1001027
588490
612661
585289
1002183
835375
565907
727829
538564
1021590
840311
962187
1028922
727771
915096
857048
964880
562981
1042048
813955
769391
1019793
644043
1005439
988744
1048576
1014044
775192
744482
1048558
1005054
577152
1048576
1048576
964706
1048576
552924
1035773
1048421
917397
908024
778887
1048576
552416
1048517
630173
572207
978688
866605
994811
1048558
1048575
984961
745634
883526
849420
692588
535426
532533
1048576
1039020
1002161
962840
1041184
1017533
979428
1002348
725230
989639
592843
1010047
1017456
810717
1008599
990597
710722
700433
998744
863747
802334
748697
1034572
618711
682320
1047760
551723
787314
838513
663952
1048096
1048576
904788
972038
951495
