517825414
396553771
569504435
123963039
89170748
669994714
353739760
908342139
813139268
3255720
694143
1048575
1048576
528695
810717
528941
531053
786494
568317
954413
536026
1043677
1031921
1048403
929773
1048558
618617
526076
1048576
919218
541375
1048387
609359
526435
541399
1047419
529990
1031920
976017
1047434
1043545
1048576
526892
1048576
1044373
528932
552924
578451
618616
535370
1048557
1043547
529934
541350
580653
1047420
529934
530060
1035109
553740
526406
786494
1004793
1044374
541401
1048403
618616
1048557
610581
1048403
536950
863940
1035789
786487
1031920
1048387
1048557
1048575
1048576
1035789
527438
1047570
1048386
893112
558756
527641
919217
570443
556356
552924
1047420
532175
618651
1048575
696005
981645
526077
530060
878844
1048576
1047420
878844
1048557
618616
1032609
528470
1048576
1048575
1048558
529278
