498301500
111044688
708352188
730536696
107656859
91993960
444587873
482653806
203509558
58858147
746582956
431465785
66807441
964417805
70722855
116737623
344150097
782221709
444430082
281476579
303169914
750882746
497995727
407844971
346780841
10560316
444595122
672932322
196687369
858783763
547183267
711184781
981505352
436192991
564131322
842965847
802535586
916978341
443569630
586092770
776704796
695629146
59994271
423109557
813427263
8990467
799154982
774127346
719048614
778092180
213437375
450859147
431074477
708476884
299533602
444093181
967977562
770035006
369791254
636884042
949817745
443566486
843106881
444595123
792356573
444567293
120143097
862168714
382738998
91553498
298331283
467912699
185817027
593950108
754352817
203050710
601356855
469470647
442135581
638787679
378911843
917457567
304031982
756823605
413923763
67570045
920774107
444594420
244105415
698465705
953693895
541268105
449910391
444093144
892412690
506022018
838639999
886356994
152052584
407206385
947580495
91400687
12795832
444595123
41365945
479182500
485579135
121768596
424158069
105333936
534067187
994331496
367942660
570456723
440641029
694892333
610661843
6857509
506372323
38141470
902802097
544959602
146956066
444595123
107142872
