660140849
152227350
863886314
808350699
327124349
39843679
837807024
431684257
822082388
427293610
341825968
438663065
234879922
624819104
444595111
830454690
442461939
368032557
439349418
142539687
159316891
838826928
324735923
142539671
442907043
386923293
444530766
444595107
433452949
390592923
439579549
176158643
369064740
8371091
293600176
411039389
399239080
427555755
313523103
4191075
33520564
442872219
364902292
372693683
377355037
358087595
886045614
442452898
535821236
50330558
444562322
209566624
304872352
826258341
452983715
599776172
255818543
301726627
343669642
433511343
443381475
163576745
442937934
377224066
444558011
25164706
444544315
66534320
342881181
996080558
300153771
418118565
363850611
603978728
411040560
721418664
427183006
444561298
435354021
359660444
637467560
142599863
289929899
411039665
25164643
752253364
444068397
293333925
382659489
444529571
838859168
367000489
39843731
369026971
393973673
142080934
301398948
192936833
142605171
444594029
92271532
444545941
142570411
402647980
369097071
444562082
444594861
408943531
58719159
83884840
444582467
754971564
217578419
357809068
75496309
239008683
838335408
905698218
140475058
997063604
570424238
438303625
444584866
443905661
404748198
281017245
872405932
258472863
441449393
612367287
