901
579
923
995
956
889
698
901
898
1024
920
1024
624
993
845
832
885
1024
841
986
602
926
928
1024
1024
574
733
1020
1018
1022
781
1024
1008
951
1024
1023
681
734
796
917
960
1023
715
993
1015
720
713
1024
831
567
1024
847
1008
769
929
1024
832
1024
1023
1024
749
1015
977
994
937
894
1024
605
958
1015
715
942
1024
861
1008
1016
1015
706
1024
607
1023
1009
790
879
970
986
928
831
930
592
1016
797
725
851
993
790
1024
780
986
859
1024
1024
883
984
650
683
605
1024
1024
953
1024
1024
819
867
815
1024
1010
1010
716
899
1023
764
1015
734
1023
1024
1015
897
1023
827
743
899
892
981
734
923
1015
1024
573
922
577
1023
656
1024
923
1015
929
1024
1020
1023
845
982
986
881
578
1024
773
986
750
1024
1022
1014
1015
1024
1024
956
1024
730
1024
683
676
831
953
1016
797
1024
1002
916
1004
1016
1014
651
569
742
994
655
1019
1015
949
1024
1023
952
1024
1001
1015
734
1014
987
748
939
826
1008
1024
1023
576
1024
717
965
986
928
908
1024
1024
1016
573
808
831
923
1024
1024
993
930
845
1024
1024
1024
952
720
1024
627
1010
607
1024
580
1024
726
562
1023
1024
621
889
1024
932
1024
585
649
1024
1000
701
670
1015
1023
1023
848
1024
1024
952
644
760
907
899
845
1024
641
906
571
1024
1024
717
1012
840
655
1024
957
923
1024
1015
596
849
838
785
1015
862
637
808
1007
939
577
889
945
1014
1024
1024
901
1024
963
734
613
1015
1022
831
627
848
655
688
1024
812
900
1023
651
766
1024
846
918
1024
876
691
609
1002
986
882
1024
809
1024
852
1023
738
982
923
1024
1015
564
613
866
1023
923
1015
797
1024
959
975
852
577
1024
1024
923
1024
977
1016
953
1024
1024
1024
1015
1024
603
1019
646
592
959
1016
1024
960
687
971
584
1014
1024
942
611
968
993
832
1023
664
734
1015
1024
823
965
833
1024
1013
1023
767
1024
909
1014
1023
1015
816
659
1009
1024
585
710
930
629
543
1024
1024
832
1024
1024
899
731
670
1024
744
613
1024
1024
655
1024
1008
1024
620
987
655
803
1024
1024
609
1024
683
923
816
842
1023
979
574
743
971
965
956
1011
629
955
1022
1024
803
1024
1015
1022
1015
600
1015
985
1024
873
1024
720
1024
571
1024
986
988
965
1024
953
963
1015
1015
984
1023
933
720
655
831
1014
1024
726
954
763
837
814
1010
966
804
1015
1024
1024
740
1024
928
1024
994
1016
824
1024
577
1024
819
907
653
848
1022
1022
970
867
