5
360 359
1 1 3 3 5 6 5 8 7 9 9 11 13 14 13 15 15 18 19 19 20 20 21 22 24 26 26 28 29 30 31 31 32 32 34 34 37 37 38 39 41 41 42 43 44 44 46 46 49 50 49 50 52 54 54 55 57 58 58 60 59 61 63 63 60 64 66 67 68 70 70 72 72 73 74 76 76 77 79 79 81 80 83 84 84 86 85 87 87 88 89 92 92 93 93 94 97 98 97 100 99 102 103 102 104 106 105 108 109 110 111 111 112 113 114 114 117 117 94 120 121 122 122 123 123 125 127 128 128 130 130 132 131 133 134 135 135 137 138 140 140 142 142 143 143 146 145 148 149 149 125 150 153 153 154 155 156 156 157 158 159 161 162 163 165 166 166 164 168 168 169 172 171 173 174 175 176 176 178 180 180 181 181 183 184 185 185 187 187 190 191 192 191 194 193 195 197 196 198 200 200 198 201 203 203 205 206 207 207 208 209 211 212 214 215 216 217 218 217 220 220 222 222 216 225 226 226 227 227 228 230 231 233 232 233 234 236 236 239 238 239 240 242 244 244 245 245 248 248 247 250 251 253 254 254 256 255 257 258 260 260 262 263 263 264 266 266 105 269 268 269 272 272 273 275 275 276 278 278 280 280 282 282 281 284 286 285 288 288 290 291 292 292 293 294 295 295 298 298 299 300 300 303 303 304 305 307 308 309 309 307 311 313 313 314 315 316 316 319 320 319 322 323 322 325 325 326 327 327 330 329 330 331 334 335 335 336 338 338 336 340 341 343 343 344 344 346 348 347 350 350 351 353 352 355 355 357 357 354
360 359
1 2 2 4 3 3 3 3 9 9 7 8 10 11 13 12 12 11 11 10 16 21 21 19 21 18 15 21 17 21 16 14 26 26 29 22 24 29 26 32 28 29 31 25 27 31 25 23 28 48 39 37 48 40 43 46 36 50 34 48 50 54 52 52 53 53 54 62 61 57 55 53 52 59 59 52 61 58 62 55 59 61 60 58 52 62 60 62 57 56 62 57 53 56 57 75 66 86 87 91 83 69 76 88 66 84 93 77 73 80 85 84 83 63 70 72 84 117 111 102 104 98 111 100 98 114 115 101 104 115 113 104 117 117 107 98 116 97 106 113 133 127 137 130 128 135 140 124 129 119 126 131 121 124 122 128 124 137 138 126 119 154 155 147 160 147 160 157 156 161 162 147 142 157 146 144 153 158 161 146 150 143 145 158 146 148 154 154 148 165 169 185 177 180 177 165 182 185 164 164 174 163 179 173 178 185 188 164 189 187 180 175 168 190 171 164 202 204 203 202 213 217 195 216 214 199 205 201 195 211 216 208 203 210 204 217 193 216 201 210 214 191 217 202 197 246 221 222 245 237 229 223 246 237 240 230 225 236 238 220 239 219 223 232 245 227 224 244 232 230 229 239 237 225 226 220 245 220 228 223 242 218 229 277 265 256 257 280 280 284 276 261 258 255 282 277 258 255 274 247 280 260 263 268 250 270 250 250 280 257 249 263 248 272 270 272 303 286 287 298 301 305 289 316 306 300 313 315 301 296 292 285 286 286 293 315 297 305 317 310 305 307 307 301 295 315 298 288 293 315 300 313 315 291 288 310 310 310 285
360 359
1 1 2 2 3 3 4 4 9 9 10 11 13 14 14 10 16 18 19 19 20 20 21 24 24 25 27 26 27 29 29 32 32 33 34 34 36 36 37 38 40 42 41 42 45 46 47 47 44 48 51 52 51 52 54 55 55 56 57 59 60 61 61 63 63 65 67 66 67 69 71 72 73 73 69 74 76 76 78 79 79 82 81 83 85 85 53 88 89 88 90 90 91 94 95 5 97 97 98 99 100 101 102 103 104 104 106 106 107 109 110 111 112 112 115 116 117 118 117 120 120 121 121 124 123 124 125 127 128 130 129 131 132 134 133 136 137 138 138 140 141 141 143 142 144 144 145 147 148 150 151 150 153 152 154 154 156 158 158 159 140 162 163 163 165 165 166 168 167 170 169 170 173 172 175 174 175 176 177 180 181 181 176 6 185 186 187 188 187 190 191 190 192 193 195 196 195 197 198 198 201 200 203 202 204 204 206 207 207 209 209 212 213 214 213 216 217 217 219 218 220 222 223 222 225 224 227 226 229 229 231 232 233 234 235 234 236 236 239 240 240 241 241 244 244 246 245 243 230 249 243 252 188 254 246 255 257 258 257 260 260 261 262 263 264 264 266 267 268 269 271 7 273 274 274 273 277 276 279 279 273 281 283 284 285 286 287 288 289 288 290 290 291 292 295 295 296 296 297 298 301 302 301 303 305 304 306 308 307 309 310 311 313 313 315 314 315 317 319 320 319 320 322 324 323 325 327 326 327 329 329 324 316 334 335 335 316 336 338 338 341 341 343 343 344 344 345 347 347 342 345 352 351 352 354 354 321 299 359
360 359
1 2 3 4 5 6 7 8 9 10 3 12 13 14 15 16 17 18 19 20 21 22 19 24 25 26 27 28 29 30 31 32 33 34 31 36 37 38 39 40 41 42 43 44 45 46 33 48 49 50 51 52 53 54 55 56 57 58 20 60 61 62 63 64 65 66 67 68 69 70 11 72 73 74 75 76 77 78 79 80 81 82 8 84 85 86 87 88 89 90 91 92 93 94 72 96 97 98 99 100 101 102 103 104 105 106 4 108 109 110 111 112 113 114 115 116 117 118 100 120 121 122 123 124 125 126 127 128 129 130 73 132 133 134 135 136 137 138 139 140 141 142 82 144 145 146 147 148 149 150 151 152 153 154 148 156 157 158 159 160 161 162 163 164 165 166 150 168 169 170 171 172 173 174 175 176 177 178 115 180 181 182 183 184 185 186 187 188 189 190 167 192 193 194 195 196 197 198 199 200 201 202 136 204 205 206 207 208 209 210 211 212 213 214 177 216 217 218 219 220 221 222 223 224 225 226 88 228 229 230 231 232 233 234 235 236 237 238 159 240 241 242 243 244 245 246 247 248 249 250 25 252 253 254 255 256 257 258 259 260 261 262 30 264 265 266 267 268 269 270 271 272 273 274 178 276 277 278 279 280 281 282 283 284 285 286 162 288 289 290 291 292 293 294 295 296 297 298 152 300 301 302 303 304 305 306 307 308 309 310 81 312 313 314 315 316 317 318 319 320 321 322 109 324 325 326 327 328 329 330 331 332 333 334 324 336 337 338 339 340 341 342 343 344 345 346 144 348 349 350 351 352 353 354 355 356 357 358 117
360 359
1 1 3 2 4 5 6 6 7 10 9 11 11 12 13 15 17 17 19 20 21 22 19 23 25 25 27 28 29 28 30 30 33 34 35 34 37 37 39 39 41 40 42 43 45 46 21 48 48 49 51 50 52 53 53 56 55 57 57 60 60 61 63 62 65 64 65 66 67 70 33 70 71 74 73 74 77 76 78 79 80 82 81 84 83 84 85 87 87 88 90 92 92 94 24 95 95 98 97 100 100 101 101 102 105 105 107 106 108 108 111 112 111 112 113 115 117 117 85 118 121 120 123 124 123 124 126 126 129 128 130 131 133 133 134 134 137 136 138 140 141 140 121 144 145 145 146 148 149 148 151 150 152 152 153 155 157 157 159 158 160 162 163 162 165 164 14 166 167 170 169 172 173 173 175 176 176 178 178 177 180 182 181 182 185 184 185 188 189 188 104 192 192 193 193 195 196 197 198 199 201 200 201 202 204 204 206 207 208 210 211 211 213 212 114 216 217 217 218 219 220 222 222 223 225 225 227 227 229 230 230 232 233 234 235 236 236 238 158 239 241 241 243 244 245 244 245 246 249 248 251 252 252 253 253 255 255 257 258 259 259 262 9 262 263 264 265 266 267 270 270 272 271 272 273 276 277 278 278 280 279 281 283 282 283 285 50 288 289 288 291 290 292 292 294 295 295 297 299 298 300 301 303 304 303 306 306 308 307 308 220 311 311 313 314 315 316 317 319 318 319 322 323 323 325 326 325 328 328 329 331 330 331 333 168 335 336 337 339 338 340 341 341 344 343 345 345 346 348 350 351 350 353 353 355 355 354 357 8
