5
360 359
1 2 1 4 4 6 6 5 8 10 11 12 11 13 14 16 15 16 19 18 20 20 22 23 25 26 27 27 28 30 29 32 32 33 35 34 35 36 38 38 40 41 41 42 44 44 45 48 48 50 50 51 51 52 53 55 57 58 57 59 60 61 63 64 63 66 67 67 69 70 70 71 71 73 74 74 75 78 79 79 80 81 82 82 83 85 86 86 88 88 91 90 91 93 93 96 96 98 98 99 100 102 101 103 105 105 107 108 109 110 109 111 113 112 115 114 117 117 114 120 121 121 123 124 125 125 127 126 127 128 130 131 131 133 135 136 136 137 138 138 140 141 142 143 143 146 147 148 148 150 151 150 151 154 154 156 157 158 159 159 160 160 161 162 163 164 167 168 168 169 171 171 172 172 175 175 176 177 179 178 179 180 181 182 184 186 186 183 187 190 190 185 193 193 188 196 196 198 199 200 201 201 198 204 204 206 207 207 209 210 209 211 211 213 215 214 217 217 219 220 219 220 222 224 223 225 225 228 227 229 230 232 233 233 234 234 237 236 239 238 241 242 241 243 245 244 246 248 247 248 249 250 251 253 254 254 256 256 259 260 261 260 263 262 265 266 265 266 267 270 269 270 271 272 275 275 276 277 278 279 279 281 282 284 283 284 286 286 287 290 291 290 293 293 295 294 297 297 295 299 301 300 303 304 304 300 305 308 309 310 309 312 311 312 313 314 315 317 317 318 319 320 323 323 324 324 327 326 327 328 330 331 333 333 334 334 335 338 339 339 340 340 342 343 344 346 346 342 347 348 349 350 351 353 354 355 356 356 359
360 359
1 2 2 2 5 4 5 5 3 8 6 9 6 8 14 14 12 12 13 12 14 13 11 17 24 19 17 24 24 16 21 23 16 17 21 31 32 29 32 31 32 34 26 30 28 34 28 36 27 50 38 42 48 39 40 39 39 42 41 50 47 45 45 61 51 54 59 61 52 58 55 53 53 51 61 57 59 56 66 72 65 68 77 75 65 65 65 71 77 74 77 72 68 67 79 76 76 77 72 76 93 100 94 81 95 94 91 90 98 95 85 87 90 98 97 91 88 93 84 96 87 90 80 86 98 99 111 127 126 123 102 104 106 102 104 116 116 109 106 109 123 124 125 118 125 104 118 147 148 143 146 128 148 144 129 137 136 129 128 148 130 143 146 136 141 141 148 133 128 140 143 133 139 159 149 167 155 149 164 157 152 174 172 169 150 151 157 171 159 151 150 154 169 168 173 153 154 156 166 149 155 152 173 157 153 151 185 194 182 180 191 204 190 191 199 175 180 205 202 206 183 175 194 187 202 180 178 198 187 207 181 185 177 195 199 193 192 196 178 176 205 188 206 189 206 201 180 189 225 215 212 240 245 214 248 243 249 238 227 240 212 235 210 249 240 246 230 239 219 237 227 243 209 227 218 230 236 211 242 248 245 234 245 244 212 224 271 264 272 279 262 262 278 256 282 263 276 276 265 277 268 275 264 276 274 275 256 273 259 257 284 250 268 260 255 264 274 250 266 254 268 260 287 314 290 320 312 305 314 302 321 318 288 290 298 294 304 322 312 319 324 323 321 300 323 316 294 304 293 308 296 292 316 318 294 322 308 324 298
360 359
1 1 2 2 3 3 4 4 9 9 10 11 12 14 15 15 16 16 17 19 20 21 21 22 24 24 25 28 27 29 31 31 33 32 34 36 36 35 37 38 41 41 43 44 45 44 46 47 48 50 49 50 51 53 55 54 55 58 58 59 59 62 63 64 65 64 66 67 69 68 70 70 13 66 74 76 75 77 60 79 80 81 83 83 85 86 85 86 89 89 90 92 91 93 94 5 97 97 99 98 100 102 101 102 103 105 105 107 107 109 109 110 111 113 113 114 116 116 118 120 120 117 123 123 125 124 125 127 127 128 130 130 131 134 133 136 136 137 138 138 139 141 142 142 144 144 145 147 147 148 151 152 151 154 155 154 155 156 159 159 160 162 163 163 164 166 167 167 168 164 171 171 172 174 173 174 172 115 178 178 179 182 182 6 185 186 186 188 189 188 189 192 193 193 194 196 197 197 195 198 199 202 202 203 204 206 207 206 208 208 209 210 213 212 215 215 217 218 217 220 219 222 222 224 225 226 227 226 228 228 230 231 232 233 233 236 236 238 238 239 239 240 242 243 243 245 247 244 247 249 246 245 253 253 232 256 257 256 259 259 261 261 262 263 264 265 267 260 267 269 271 7 273 274 275 275 276 276 277 280 280 282 281 283 284 285 285 287 289 289 288 291 293 294 295 294 295 297 299 300 300 302 302 296 305 305 306 307 309 308 311 310 313 313 315 314 316 316 318 319 320 322 322 324 325 324 327 326 327 328 330 331 331 332 335 335 337 338 338 339 339 337 336 343 343 346 346 344 344 350 350 345 336 286 354 354 355 358 358
360 359
1 2 3 4 5 6 7 8 9 10 10 12 13 14 15 16 17 18 19 20 21 22 15 24 25 26 27 28 29 30 31 32 33 34 7 36 37 38 39 40 41 42 43 44 45 46 10 48 49 50 51 52 53 54 55 56 57 58 15 60 61 62 63 64 65 66 67 68 69 70 12 72 73 74 75 76 77 78 79 80 81 82 66 84 85 86 87 88 89 90 91 92 93 94 89 96 97 98 99 100 101 102 103 104 105 106 98 108 109 110 111 112 113 114 115 116 117 118 116 120 121 122 123 124 125 126 127 128 129 130 91 132 133 134 135 136 137 138 139 140 141 142 59 144 145 146 147 148 149 150 151 152 153 154 154 156 157 158 159 160 161 162 163 164 165 166 43 168 169 170 171 172 173 174 175 176 177 178 29 180 181 182 183 184 185 186 187 188 189 190 167 192 193 194 195 196 197 198 199 200 201 202 39 204 205 206 207 208 209 210 211 212 213 214 35 216 217 218 219 220 221 222 223 224 225 226 77 228 229 230 231 232 233 234 235 236 237 238 13 240 241 242 243 244 245 246 247 248 249 250 131 252 253 254 255 256 257 258 259 260 261 262 207 264 265 266 267 268 269 270 271 272 273 274 199 276 277 278 279 280 281 282 283 284 285 286 86 288 289 290 291 292 293 294 295 296 297 298 47 300 301 302 303 304 305 306 307 308 309 310 215 312 313 314 315 316 317 318 319 320 321 322 265 324 325 326 327 328 329 330 331 332 333 334 183 336 337 338 339 340 341 342 343 344 345 346 257 348 349 350 351 352 353 354 355 356 357 358 194
360 359
1 1 2 2 4 4 6 8 9 9 10 12 13 14 13 15 16 17 17 20 20 22 21 24 24 25 27 28 28 29 29 31 33 33 35 34 36 38 38 39 40 40 43 43 45 46 19 46 48 48 49 52 53 54 53 54 56 56 57 59 61 62 61 63 64 65 66 68 68 69 14 72 73 73 75 75 77 76 77 78 80 80 83 84 84 86 87 88 87 89 89 91 91 94 47 95 97 96 97 98 99 100 102 103 105 105 107 108 108 109 111 110 111 114 115 115 116 118 88 120 119 120 123 124 124 126 125 127 127 130 130 132 133 134 135 136 136 138 137 140 139 140 78 144 143 146 146 147 149 148 150 151 152 153 155 154 155 156 158 158 160 160 163 163 164 165 102 166 168 169 169 172 172 173 173 174 176 177 177 178 180 181 182 183 184 184 187 186 187 189 31 190 193 192 193 196 197 197 198 199 200 200 201 204 203 205 206 206 208 210 209 210 212 212 55 216 215 216 218 219 221 221 222 223 223 225 225 228 228 229 229 232 231 232 233 234 235 237 85 240 240 242 242 243 245 246 245 248 247 250 249 252 253 254 255 254 255 256 257 258 261 262 32 263 264 265 265 268 268 267 269 270 273 274 273 275 277 276 278 279 279 281 281 284 283 284 162 288 288 289 290 292 293 294 294 295 297 297 299 298 299 300 303 303 305 305 306 307 307 309 189 310 311 314 313 315 315 317 319 320 320 322 323 322 324 325 327 327 329 328 329 332 332 333 49 335 337 336 338 340 340 341 342 342 339 346 347 347 349 348 350 351 353 354 354 355 355 357 12
