5
120 119
1 1 3 3 4 5 6 8 8 9 10 11 11 13 15 15 16 18 18 14 21 22 21 23 23 25 26 26 28 29 31 31 27 32 33 36 36 37 39 40 39 42 41 44 45 45 28 48 48 43 49 52 53 53 47 54 57 58 59 58 61 62 61 64 65 66 67 67 66 68 69 70 71 72 73 74 77 77 79 79 81 82 81 82 83 84 86 86 89 89 83 92 92 69 93 94 96 96 97 98 99 101 102 102 104 104 107 106 108 108 109 111 113 112 114 114 116 117 117
120 119
1 2 2 2 5 5 5 3 5 8 10 10 8 10 9 10 16 15 14 16 19 20 21 20 19 19 19 20 21 20 18 21 19 21 20 20 30 35 37 29 29 22 24 31 29 29 28 32 25 31 48 43 47 43 42 49 40 38 47 42 46 47 48 47 43 41 47 44 51 58 57 61 57 54 64 68 68 60 62 57 63 61 53 61 53 62 66 67 70 82 88 90 88 72 83 82 86 82 88 81 79 85 78 84 77 77 82 71 75 88 73 86 73 76 82 73 81 83 87
120 119
1 1 2 2 3 3 4 4 9 9 10 10 11 12 14 14 15 18 18 19 19 20 23 24 25 24 27 27 22 23 31 31 33 33 13 5 37 38 38 37 39 41 43 44 44 42 47 48 49 50 49 51 48 52 55 55 41 39 59 59 60 60 62 6 65 65 67 66 67 68 70 70 72 73 73 74 76 77 78 80 81 82 81 82 80 68 87 86 88 90 91 7 93 94 94 96 96 98 98 95 99 102 102 104 103 105 105 107 108 108 99 112 112 113 113 114 117 118 118
120 119
1 2 1 4 5 6 3 8 9 10 3 12 13 14 5 16 17 18 1 20 21 22 3 24 25 26 5 28 29 30 23 32 33 34 30 36 37 38 22 40 41 42 25 44 45 46 7 48 49 50 35 52 53 54 5 56 57 58 45 60 61 62 18 64 65 66 60 68 69 70 55 72 73 74 11 76 77 78 38 80 81 82 43 84 85 86 19 88 89 90 76 92 93 94 91 96 97 98 20 100 101 102 71 104 105 106 65 108 109 110 52 112 113 114 76 116 117 118 92
120 119
1 1 2 4 3 6 4 6 8 10 9 11 11 13 10 16 16 18 19 19 20 21 9 24 24 26 26 28 29 28 15 30 31 32 33 34 35 36 22 38 39 41 43 42 43 45 47 47 49 49 48 52 52 54 44 56 55 56 57 58 60 61 42 63 63 66 66 68 67 68 50 72 73 74 75 75 77 77 44 80 79 80 82 82 83 86 51 88 87 90 89 91 92 92 62 96 96 97 97 100 101 102 34 102 103 105 105 104 109 109 36 110 111 112 115 114 115 117 30
