5
40 39
1 1 3 2 3 4 6 7 7 8 10 11 13 13 12 16 16 18 17 18 19 20 21 24 25 25 26 26 28 28 30 30 33 33 17 36 37 36 39
40 39
1 2 3 3 3 3 3 3 3 5 7 8 6 10 9 11 11 12 13 15 16 13 12 15 21 20 20 19 23 18 18 22 20 21 21 20 22 25 22
40 39
1 1 2 2 3 3 4 4 9 10 9 11 12 12 10 5 17 18 19 18 17 22 23 6 25 26 25 27 28 30 30 7 33 34 34 36 36 36 34
40 39
1 2 1 3 1 2 7 3 8 2 1 7 13 5 1 14 1 3 9 14 4 22 20 5 3 16 5 23 17 12 4 21 29 20 27 2 36 24 39
40 39
1 1 2 3 3 4 5 6 9 9 11 11 13 13 14 16 2 18 12 18 5 21 19 24 12 24 22 26 3 28 12 30 20 33 10 36 12 38 38
