5
120 119
1 1 2 3 5 6 5 6 9 8 9 10 13 12 15 16 16 13 18 19 19 22 23 22 25 24 27 28 27 30 29 31 31 32 34 36 37 37 39 39 30 41 41 43 45 44 46 46 49 50 50 52 51 52 54 56 55 58 58 59 60 62 63 63 64 64 65 68 67 69 71 70 72 73 73 76 75 77 77 80 81 81 83 83 84 84 86 87 88 90 90 91 91 92 94 94 95 96 98 98 100 100 101 102 105 104 107 108 108 109 110 111 112 113 113 116 115 118 117
120 119
1 2 2 4 4 3 3 3 3 3 8 9 9 10 6 5 6 8 9 8 9 7 21 13 13 20 17 15 16 13 16 17 14 19 29 33 25 28 34 24 33 37 37 42 40 40 36 40 39 40 42 40 37 36 39 38 40 53 43 46 48 45 52 52 46 46 56 50 53 56 52 51 46 47 75 60 75 66 64 74 59 62 75 63 59 65 62 63 73 64 60 62 76 83 91 76 80 85 80 77 80 84 89 78 88 87 80 86 89 91 88 77 89 82 86 79 88 92 93
120 119
1 1 2 2 3 3 4 4 9 10 9 12 13 14 14 15 15 18 19 20 20 22 22 6 25 25 27 26 29 29 31 31 32 34 35 5 37 38 37 38 39 41 41 42 43 46 45 48 47 48 50 52 52 45 54 54 55 58 59 59 60 55 49 6 65 65 65 67 68 68 69 72 73 74 75 76 75 78 77 79 78 71 82 82 76 77 86 86 69 90 90 7 93 94 94 95 96 97 99 100 100 101 103 102 104 105 107 104 105 99 110 101 111 114 115 115 116 102 117
120 119
1 2 1 4 5 6 3 8 9 10 9 12 13 14 15 16 17 18 7 20 21 22 22 24 25 26 13 28 29 30 27 32 33 34 31 36 37 38 37 40 41 42 36 44 45 46 31 48 49 50 16 52 53 54 16 56 57 58 28 60 61 62 1 64 65 66 61 68 69 70 11 72 73 74 37 76 77 78 16 80 81 82 71 84 85 86 49 88 89 90 57 92 93 94 21 96 97 98 63 100 101 102 80 104 105 106 27 108 109 110 59 112 113 114 37 116 117 118 119
120 119
1 1 2 4 4 6 2 8 7 8 10 11 11 14 9 15 16 17 18 19 20 22 14 22 25 26 27 27 29 29 6 31 33 33 35 35 37 38 13 39 39 42 42 43 45 44 20 47 47 49 49 50 51 52 10 55 55 56 56 60 60 62 23 63 64 66 66 67 68 68 18 71 73 72 73 75 76 76 75 80 80 81 81 84 85 84 12 88 89 89 91 92 91 93 16 96 96 98 97 100 99 100 97 102 104 104 105 106 107 108 64 110 112 114 115 114 115 118 17
