5
100 16
25865 61474 37388 34070 45875 49991 53097 16717 61954 52762 4646 55667 20820 43641 31546 34929 54028 35585 45945 36723 36124 26961 3197 16496 23076 35637 49687 34617 18231 51574 33862 4930 4720 50552 4690 50792 53776 42010 27945 22547 19781 3383 17719 44883 57955 47906 19529 35648 1565 26747 26114 33401 55613 20549 17693 3369 3708 31088 47369 50284 62210 43833 33321 28937 53259 23165 63611 49534 51488 18466 14368 2381 18793 35105 61472 22862 2116 50457 52502 31547 58411 1384 2096 35863 30985 45851 32831 53859 22528 18759 102 49687 16730 365 39762 19523 25944 20813 4201 19279 
100 16
33142 53172 14446 41818 47691 32899 38061 11186 27796 50458 11688 58485 47188 5614 923 43516 58732 42836 5787 35618 49006 15690 16937 28563 36559 12912 11289 7263 28413 25523 60786 44939 47525 60982 8253 24837 35703 1198 38639 25611 38483 59265 147 35684 61270 59963 38006 52032 53235 58528 37320 41141 58574 8663 16557 2829 47587 46851 42047 61427 2308 12955 25824 45890 40133 19979 283 59509 7983 10217 51340 5481 858 1812 2850 47763 17368 33661 59037 10963 8563 39860 50967 17943 3616 45930 3860 48485 15602 13654 48024 34318 4775 3684 9952 41388 58224 34928 17145 51734 
100 16
21040 8839 17518 29719 1615 699 29781 21586 1132 5177 22098 13368 30305 175 18073 26294 569 575 8722 25706 9 24599 29275 1182 22071 1698 1678 12818 17615 8287 4627 4735 28675 1621 723 9320 21093 4102 13349 20537 18137 572 17642 18095 17029 77 21630 17072 26146 1650 25227 25756 11 29755 17147 9465 17972 21047 13361 662 1173 21114 8836 28694 16485 13377 12888 8273 9346 4147 9270 25823 4694 1211 8399 21598 204 9296 5134 4159 5151 20490 1755 4609 4208 13357 4626 20594 1026 20565 1758 12915 59 29190 25224 18054 20588 9810 537 225 
100 16
1572 52440 2687 2492 1008 28269 3691 18638 3714 1097 3300 17799 972 486 42565 44315 35571 33588 3199 43280 50837 17570 20137 32785 16483 811 53202 35335 50181 60485 486 16883 50847 42367 33354 3640 51742 36678 27728 41764 24597 2777 35050 20091 20405 33893 60747 17817 50641 19785 19838 35413 20388 18901 44124 51533 28216 36122 34193 35232 17698 35490 2430 761 33049 10611 60013 58130 9835 49994 8732 26160 44349 53167 17214 1881 35197 32945 42362 36751 43288 2926 10601 33071 11318 20264 2723 34604 9308 58176 19285 32909 1960 43275 49687 19379 17389 12063 42509 19524 
100 16
32850 32952 33688 1016 33600 1072 266 41880 41408 9080 994 5138 264 5122 45600 666 4800 1792 41514 8290 45648 37512 33690 8736 232 72 4824 41408 8626 178 8584 41784 9034 41010 33184 106 41050 12810 4170 8960 33432 1296 33298 8552 12808 4176 33040 1296 1826 8712 12866 41336 34416 45632 9114 5232 106 866 33776 32944 37018 33120 33010 33082 41194 4656 8680 41458 8930 8994 1872 12992 33530 32978 37000 45106 816 40978 34306 36890 37402 12882 288 456 4256 33656 8360 33528 8416 33298 8330 154 45570 41626 8250 624 960 41194 41218 12818 
