657656326
470194419
783372126
370989025
219784522
873341517
487482835
422603634
935382123
196029663
83742983
60032608
875360423
748004943
341831287
494727779
553934077
972799513
396879632
452963065
265530233
776750006
530270115
770960917
877389050
523285099
475102840
619193806
639763270
700127539
85372567
386540141
282041604
352084046
709994826
561019140
788728804
158624520
491628104
123007369
963140364
330927058
138363750
56379868
16315225
872187032
437283660
185783188
739488717
811815543
614047255
625785465
664930525
983595171
888029131
729374058
664477454
860081028
587704863
92748367
469324741
968954931
872423068
875647473
79417647
212750828
325522962
109644227
951239258
569022583
414557342
478293265
481867356
359571115
49786063
94933712
544449241
264622052
815419665
585723232
261281374
481575480
263483870
844338927
996097136
203780802
77452332
773124564
885798067
856278186
702827125
101667491
989347323
750148162
365978629
613919573
422912502
377170794
132378197
492152563
