100000 10
x>99997?x>99998?99757:x<99998?x<99998?44121:74275:x<99998?19293:x<99998?78841:x<99998?x>99997?98175:82915:33658:x<99997?x>1?x>4?x>99994?x>99994?x>99995?x>99995?29202:x<99996?56848:12122:36426:x>99994?9114:4658:x<99994?x<10?x>4?99457:x>4?92117:50925:x>11?x<12?x>11?x>11?x>11?59616:x<12?8135:42284:x<12?1857:98644:x<12?1908:8470:x>99992?52502:x<99992?x>12?x<99991?x<18?59569:x<99989?x<18?15871:x>18?x>18?x>18?x<99986?x<99983?x<26?96999:x>26?x>99979?65694:x<27?36968:x>28?x<31?42803:x<32?26772:x>36?x<37?50549:x<38?12100:x>37?x>42?x<99978?x>99976?35142:x>43?x>43?x>99975?75881:x<99974?x<44?9884:x>99971?3445:x>44?x<50?67500:x>49?x<99970?x<99968?x<99967?x>61860?34042:x<42900?x<37062?x>11236?9657:91054:55043:27802:59132:4073:15302:1340:73712:44961:99551:87954:18093:16841:3374:41041:97702:66310:11413:15334:5392:79431:11135:36980:20146:26300:9098:87097:x<99994?x>99993?19972:x>99993?93045:50909:x>99993?91358:64562:84872:x>1?x<2?x>1?x<2?x>1?26609:x<2?67772:95373:x>1?14829:34298:30074:x<2?25512:58293:x<2?7362:68458:x<99997?x>99996?x>99996?27144:97208:x<99997?x<99997?43419:44912:x>99996?x>99996?21319:81551:x<99997?24724:89440:x>99996?x>99996?x<99997?68379:93454:49382:x>99996?x>99996?23808:x<99997?x>99996?90273:99767:x>99996?28121:67320:11971
1000000000
13609
83404
8522
1486
69359
73564
90623
35190
23048
