3000 3000
2194 2095 520
194 2058 2578
2547 503 1997
2066 2015 1268
2998 2462 1407
1933 1544 1929
1905 306 1010
2430 1643 2657
2397 1596 1217
1056 887 7
2608 105 1504
588 308 1893
1987 2975 568
949 2397 1285
2560 1768 2275
2335 633 643
2368 2655 223
215 2176 196
2157 470 1010
1698 865 2713
29 2504 2310
197 2681 2198
2428 880 2307
1891 1817 2603
1869 385 2543
693 2901 1165
1407 1888 213
1226 466 1151
2988 1562 117
604 2125 3000
714 472 863
2948 764 1962
2677 2773 2227
1135 2858 2039
683 1343 1545
1144 1882 1515
2815 1430 1941
1803 2043 2568
209 713 2938
2409 2112 1153
1017 1379 2860
1189 1807 369
810 2216 195
517 1077 2844
657 2148 1076
1355 588 2052
429 823 1631
2781 3 1081
501 205 1610
334 2 138
1060 179 1494
163 1700 1602
2869 1294 699
445 542 1810
703 1002 2932
1999 1358 1663
437 2531 2921
2065 535 558
2197 173 951
2985 2677 991
2361 1415 1744
2898 2939 2537
1199 1644 523
372 1967 2125
229 2806 225
2322 258 550
2385 509 128
787 2452 2917
2317 1108 2170
860 1311 1618
464 222 2269
1200 700 2306
2911 606 2001
2051 2357 2699
2413 1426 36
339 2653 2518
1902 1634 1871
217 2168 2398
1606 480 1601
388 445 1756
1402 1476 2766
2095 1955 2874
2462 1199 1911
1012 608 2418
130 1000 1314
1101 2015 2402
1585 2456 2159
2037 885 2827
528 2411 2370
1908 678 2289
1639 2992 2598
1889 1892 1627
1300 1105 2884
2338 1098 2809
1192 812 1684
2617 1197 2073
2397 565 1976
253 2838 497
1452 2518 1075
1733 2020 78
609 1982 1508
372 1857 2006
1941 2138 1967
1887 1037 2592
1522 783 2320
2707 2539 1428
2699 361 374
1982 1975 2796
1776 2544 1668
1035 2952 2820
49 2295 2902
1815 1574 1775
219 440 2899
695 2904 901
1555 1960 2983
2193 1415 574
237 2285 2549
2385 1019 1749
424 826 2545
785 1283 391
2822 1668 2667
333 1570 1747
1011 2167 1759
2120 243 2857
2558 2613 589
2451 58 2180
2502 216 1234
586 963 2209
1082 1333 2393
675 1837 1864
2626 2710 1545
1938 2392 2445
393 217 13
414 2609 596
1105 791 1223
337 824 2131
134 1403 434
795 2263 1948
522 1244 1944
2437 2538 1623
2116 1814 969
502 1234 670
970 2119 1419
1700 1960 934
368 2933 2984
1618 1902 2359
1603 47 948
1818 149 2283
1128 2870 714
1912 1746 1786
2461 1994 1652
399 440 2286
2238 232 1492
1235 496 969
2477 2153 317
2976 300 1872
106 970 2679
973 557 2901
1070 438 1408
2826 1853 590
648 162 184
2191 1674 691
1184 77 112
2416 2580 998
2428 542 2863
2354 15 2632
2531 2475 2933
1650 596 1837
821 2152 580
2710 700 407
491 1098 1664
102 2147 2879
983 953 973
296 2147 1602
2563 1203 1158
736 1436 745
750 2462 1617
2653 2429 1634
1920 1158 2258
807 85 1141
1047 1563 1171
2444 2786 1811
7 2780 2358
657 1398 2796
1783 2153 2246
1936 1489 943
1831 57 2265
828 1651 1834
368 1225 1288
750 858 1650
438 991 1132
1842 1759 2248
2332 2716 2711
538 2658 561
2792 2099 1197
2321 2362 2397
1903 1061 885
283 2584 274
1870 1184 1064
1766 1135 1285
2881 1323 1888
1591 2149 820
1577 2007 796
535 2737 2969
1037 2275 1128
612 967 546
1474 1129 143
2274 519 640
2924 266 1767
187 830 592
2527 2662 1646
829 1199 2813
2371 366 2705
1115 184 652
1312 2339 1136
2259 2200 2979
986 2859 186
1828 107 349
574 183 2403
2302 2884 1498
2919 2660 2018
711 167 2886
2242 2769 607
367 758 2052
1619 2236 2392
394 236 183
1029 748 2066
1672 1938 2999
1716 1675 1246
354 1024 93
1388 144 2709
2630 1074 145
76 1937 2764
2030 1557 2239
1317 1434 833
1610 2677 1469
1567 2537 2113
3 2992 2599
2066 2763 1396
1091 1988 1981
2233 2082 617
740 2899 1815
726 1236 1621
842 2508 2213
1508 1460 155
1429 1931 2317
1752 2573 1327
527 745 2535
532 756 1214
2455 238 81
273 2689 1552
1492 2607 1381
765 1432 1299
1693 2998 685
555 1323 1094
602 2110 2601
418 2194 2870
2538 470 980
727 47 688
1323 1861 1615
878 273 1295
1107 836 966
1645 297 1177
1744 1681 1039
413 2923 2762
2071 1405 363
1343 1023 437
2281 407 1881
1080 1204 1945
2927 211 1499
1470 2466 1013
2209 23 410
2308 1209 1430
2827 2584 1184
2340 604 2577
482 270 1833
92 2983 1661
272 820 28
545 2862 1420
175 1621 519
1421 1105 1658
885 327 1198
1752 275 529
2212 1787 319
47 1616 275
2626 2852 1236
890 1234 1794
715 2838 2971
1862 158 2550
741 138 1365
1541 2512 1272
2035 1851 771
811 2259 1732
1035 686 327
2277 2335 2172
1281 1088 2913
2031 1119 1260
156 866 559
268 2058 2489
2738 381 2728
1979 2682 1178
490 752 178
1081 1115 2444
1361 1948 493
194 484 823
545 2664 2911
242 2313 1315
2225 1861 1999
2039 1570 813
1830 1487 904
293 88 594
1589 1413 831
2645 2542 1903
2313 95 1922
304 1327 449
826 1292 2632
1797 1604 1968
2808 1948 540
1627 2753 1467
1291 1467 1453
1259 1356 2178
2018 48 1375
1398 295 793
2580 1531 2986
529 1607 690
702 2570 2321
1269 382 2808
1359 1093 1058
1883 1102 2491
2252 1224 2574
1876 2969 1266
2347 2796 1342
2949 693 1515
695 2978 2344
1138 2146 989
1302 476 2073
1082 1176 2045
2281 14 138
1512 2837 2081
2312 2701 1239
249 732 399
1854 2419 2268
2119 838 165
1729 2218 2832
2765 831 1228
2518 1505 2991
196 2642 636
534 1692 1219
334 772 1191
1106 774 1867
1140 2387 1142
2045 1382 1250
2677 110 736
2841 1912 1422
1583 419 2899
1777 515 760
1848 2591 448
1459 2010 13
564 2744 1478
2611 1944 268
804 1613 1127
2987 2584 2730
2936 2633 2555
1504 2057 396
1163 2415 2653
1775 674 479
219 307 1553
2480 2359 168
1192 395 2851
1252 2224 2514
37 1815 1545
910 2765 1019
1438 2019 949
1437 2561 2137
2895 1148 1596
527 768 2024
942 1317 2357
2876 2850 462
746 1508 2782
1484 1738 216
2825 67 879
2321 2021 2974
1865 1994 36
1466 94 855
2141 2333 1694
2212 906 1737
685 2652 2206
962 310 493
2873 885 293
1406 13 1321
2928 2732 2533
1557 1749 2761
552 2370 821
2644 754 1789
2351 360 1973
2103 435 1649
26 2429 1110
1683 2812 2244
2682 797 2557
1235 819 501
2221 1676 1720
100 2464 1369
1013 1560 1185
1729 2941 663
430 2369 1023
2958 1081 4
605 2941 2691
2238 1108 2732
386 2129 2983
515 236 2714
975 1362 2101
1065 2102 671
1608 300 1245
371 2081 95
2550 123 1644
1407 589 712
309 396 214
1502 1890 372
2397 586 1866
1029 469 654
2292 1497 417
317 1005 131
2329 2582 310
789 1409 1515
1378 897 622
1575 2155 596
169 2333 2759
1647 1194 1787
1225 1098 39
1549 1670 1245
1 193 1961
1175 438 547
1127 2078 1864
4 1116 1458
781 781 363
1545 2055 1249
1880 275 708
1947 826 2394
1824 255 2674
863 2920 88
16 157 2407
2424 974 951
2016 398 2832
657 2049 694
1976 436 107
2761 2060 2444
2858 2701 1364
2094 1157 1744
503 80 2955
655 2301 2144
2130 2009 2021
1599 2675 1541
812 205 2045
990 2803 2248
2699 1782 1217
1622 26 1294
1172 1169 1367
1715 1880 1863
444 380 1201
1109 1326 595
889 676 2471
2099 687 1524
2572 961 2507
1856 361 1812
661 432 2198
2105 700 1718
2677 2675 2836
2276 764 634
1052 789 2744
2154 825 19
2174 2410 1051
2889 1958 2344
1493 1769 2538
439 2700 1154
2676 1303 258
1190 1768 1381
963 2802 1821
1374 300 1471
1720 2950 1338
1144 2737 2416
145 2883 2992
992 1075 861
1235 2419 1753
2090 316 2074
1539 1023 2505
164 581 802
1421 738 83
1039 2815 1784
49 577 279
183 1830 1508
27 597 141
2041 2972 1452
497 1604 1000
2282 2763 1289
2652 1868 1334
1948 1859 1893
293 689 1771
1578 2453 1502
2005 2157 1859
2775 1788 461
2305 2678 2654
2416 1383 1006
1513 90 536
2334 2105 1165
1723 1098 225
1481 1394 755
794 36 1710
702 740 1175
1186 1419 2788
2165 2716 796
2456 1997 1747
1990 2338 1502
1960 1017 908
937 199 1442
1884 188 2361
1634 1585 865
2247 2891 1536
607 2587 725
2540 1142 401
1951 182 2870
2802 443 2
1883 720 1730
2304 2846 1054
616 943 2675
1164 1847 527
2851 911 18
927 2885 1685
770 568 1721
817 528 1077
551 2856 2128
1459 2640 1789
442 2243 1127
1992 492 226
46 189 1762
1068 2661 750
1603 207 405
1613 1290 1461
1128 2048 1611
2796 1142 2430
2464 2333 2361
993 1635 1930
2089 1436 645
2874 2084 2327
2310 2435 628
747 2637 2698
865 2989 19
1714 2279 513
1133 1245 1124
1380 128 1105
1000 84 1831
2404 1282 2910
134 2187 288
768 2490 2741
173 1517 210
63 976 2776
1893 1576 137
1773 278 1341
1528 946 2850
520 1606 796
1515 2368 585
641 2502 2317
115 1073 223
748 41 1234
295 356 516
2491 221 2595
1369 1271 2738
291 2606 1592
614 1226 391
2050 1149 375
2651 1106 2052
2011 1960 1950
466 579 2352
592 2078 2434
2699 1281 150
1810 628 475
593 261 826
179 762 2552
36 2001 1576
913 2848 647
2513 1059 2894
1733 2703 1993
405 2415 1160
1575 186 2114
1513 657 202
396 1472 2984
1030 1094 1015
1829 2816 387
2821 497 161
2604 544 1437
1673 2379 610
2476 1248 2373
583 297 2197
2165 1055 1194
505 2199 606
2669 2154 2579
1452 2910 144
2975 2762 2542
1882 2555 1028
2308 2161 454
177 2517 1714
1462 2659 1750
628 1836 220
1372 1740 58
2734 259 326
1607 978 1837
875 2611 2835
748 2787 2112
1796 2370 2074
1096 106 756
601 986 356
677 312 1148
2263 1553 114
1645 1630 2202
45 477 181
2759 754 1687
100 1039 27
243 828 2674
364 1916 755
2095 938 611
89 2660 2499
1648 1669 2657
2673 704 2370
2595 643 814
867 1815 247
1696 182 1234
559 1148 2560
1071 1342 2679
1305 1236 799
2713 25 562
42 1589 2163
387 1291 1405
1529 2144 696
416 2566 2750
230 1358 2672
845 1843 1837
2806 1813 551
2058 665 730
752 975 572
269 1980 2273
2907 101 278
2952 1482 677
2919 2001 792
2915 1440 158
1673 2946 1003
1692 888 2222
1290 2697 1900
1136 777 1796
1696 2532 773
1709 2991 2251
1619 2681 1943
1184 2162 629
1424 246 2582
2558 551 1139
2345 867 244
1852 2380 2453
2499 1287 2529
1052 1330 2456
2618 955 492
1426 833 1805
1563 203 1440
2396 446 763
2116 2608 1262
1594 2521 2872
1404 2241 1687
789 1067 702
1835 2220 658
1980 253 1835
588 1950 2451
2297 1254 693
2848 161 905
984 220 357
728 1538 1092
2174 1457 2001
2268 2261 2859
514 136 1261
2498 243 1107
2119 1252 1597
1266 650 50
169 461 2696
981 361 1516
195 274 56
1998 2128 643
84 1480 482
735 545 2418
2892 2577 1262
789 2477 2241
975 1754 535
2950 1029 595
1399 2514 175
2065 2152 1326
184 996 2523
2976 2862 2788
2350 126 2328
1440 1128 533
2016 998 500
2112 315 2119
563 1921 122
1306 677 745
275 2657 1461
929 2184 1505
1431 2842 1182
1947 1696 1464
600 1630 2415
2975 2869 737
1290 1511 1107
125 43 975
2690 1011 1651
2336 162 788
1366 729 416
315 685 2138
773 1835 1548
64 218 2600
813 787 1333
689 249 1809
1628 2273 333
2635 2999 2359
1166 2988 2157
393 2276 601
1630 1076 1280
1690 2527 110
1748 2887 1963
816 2604 1336
2134 2567 1689
2607 840 2130
2528 2526 2607
1141 1376 2074
295 133 1979
83 2458 1669
159 2162 2900
441 315 1535
145 2833 1392
1011 241 1371
1367 1538 1545
2282 2624 287
870 2399 2240
2509 2573 790
358 552 2023
1585 1708 1873
1017 2037 581
1001 1639 1290
886 1682 1533
957 1215 2609
2352 903 1111
2072 2887 118
2751 28 2524
2862 2780 1070
1486 1177 2208
1318 30 626
676 2326 2622
1805 2292 872
2546 1671 2051
2470 2444 2295
2751 2084 709
2400 2110 1012
2311 107 800
1295 1762 536
848 2550 927
1217 1003 1316
817 2363 615
210 232 1892
186 1354 2726
2102 374 1222
1254 2988 1179
1556 273 1410
1859 1439 2535
481 1474 781
680 1613 2015
1685 815 2040
635 1322 1448
2539 269 852
2272 24 2397
1177 99 576
2356 632 727
1274 141 2360
481 460 2183
183 1725 2615
1467 1026 1479
1343 2998 2969
2384 2303 1523
824 1348 300
141 845 2964
623 1534 713
1600 1112 1183
1643 37 2923
1037 2631 2038
2077 1729 2601
1511 2304 588
803 1071 2840
275 2212 1652
2685 2350 2029
2036 1979 1677
1514 85 394
699 2394 61
968 315 2723
1852 680 2709
415 210 850
634 492 2019
2636 2285 1763
1277 529 934
1955 514 719
857 1634 1324
806 1517 642
1050 1304 2076
1490 2310 1440
2335 1318 2925
1931 1437 1562
338 1644 1068
2123 933 1421
2828 1805 291
2892 727 980
1509 1872 597
949 664 2670
897 780 439
2887 2377 1707
689 1563 2132
1334 1477 2848
1308 196 696
2212 2734 1954
2078 1862 2347
1923 768 789
553 1902 433
2425 229 2184
70 2466 2461
1214 147 2259
1447 245 1884
2427 1611 27
1266 2703 1671
2340 1660 2209
25 1986 507
2722 921 2149
2526 87 2971
1462 2325 2002
1725 2051 1312
2593 67 654
24 231 1899
1289 2686 1663
2287 2529 264
127 1372 235
2902 657 149
623 1789 1853
17 1061 2774
2897 1743 471
680 2048 2589
2174 1922 2792
783 2472 449
538 945 1029
804 113 1015
255 1480 192
1799 2380 2275
296 1860 2718
212 144 128
1292 1083 1529
1794 1090 256
850 2486 1205
2886 861 1127
2643 738 1832
533 2876 632
245 1800 2871
1755 473 372
324 984 440
2031 1486 2613
1585 1607 2327
2248 2968 436
309 1465 2008
793 505 2182
491 2686 104
821 318 480
2395 145 1152
2860 20 2173
2143 1392 347
187 1217 2480
1892 1772 1483
273 814 103
2983 948 1893
1271 2754 1491
59 93 876
228 2204 620
2748 459 1997
507 105 29
793 529 1304
1815 1602 557
1302 24 986
721 1201 2879
742 1712 1341
1741 994 2805
2526 2333 1008
815 2496 2333
2495 171 74
2713 2051 229
1269 2003 482
1542 2227 2709
2136 1785 1020
2546 758 149
1825 1817 49
489 2658 2826
441 510 1732
2835 1050 2156
419 135 2034
144 124 2663
2928 1794 239
2648 1917 280
1569 2756 1460
38 1547 154
187 131 17
1450 2885 972
2187 1347 930
1400 2452 2070
198 96 1403
1127 2850 2423
1116 2224 2557
1319 2946 2098
257 2057 2568
1743 2863 154
2073 744 870
298 1774 1251
1442 2084 1252
2696 2331 1652
1994 2760 1267
1079 1599 523
792 2282 148
2883 2791 2701
1031 2231 622
1071 2172 1369
1632 494 1815
2267 1046 2124
2042 1909 802
1419 661 1992
1125 1831 2260
1234 2021 2922
1146 2717 1301
109 1277 1403
1471 2429 2280
2910 1191 1983
161 697 1818
1385 419 177
910 1876 1698
1522 1400 227
820 174 247
2538 2652 691
1034 2993 2718
776 1958 1422
1935 2615 1810
2101 17 2874
2190 742 1916
2543 2173 973
2148 295 1140
2267 1397 1463
2578 2164 2329
1109 460 877
2708 1738 1685
1258 144 1211
1200 2117 1764
144 2233 2429
79 2568 1419
2664 2640 407
351 592 1819
1678 1131 1231
72 2785 542
302 2961 1307
1942 1171 668
2509 1405 479
152 2351 2560
2025 2774 1145
2238 1844 785
1556 765 172
150 556 1472
1242 2881 1870
644 1075 416
2143 1569 2635
2964 1280 1841
888 581 907
2194 136 2919
2621 184 1857
2507 1934 540
426 764 2579
735 1055 1727
1544 186 1277
2380 1407 1551
188 104 2205
967 2243 1036
239 2307 818
1871 1517 1803
158 1781 2748
1863 2595 732
1830 2656 1483
2317 2995 2526
2710 1032 1025
2407 1861 217
1276 2322 975
2354 1144 2985
727 2126 1993
321 1513 1510
2851 498 1184
1018 909 1916
2590 1069 2324
2143 186 1393
632 2372 356
2690 1736 2899
939 1463 1687
2061 2930 354
2361 2856 861
2917 2585 1221
71 1764 2336
495 1589 1383
115 1542 522
1518 746 523
2751 710 2847
754 1664 657
234 1652 2573
912 473 1330
201 138 2907
1755 2054 2439
2962 1941 2231
1284 1851 2355
854 2531 2994
2770 2571 2194
1618 1117 1726
1650 1990 1031
858 743 481
172 1511 1917
1929 1006 974
2383 1211 522
2806 884 2878
2289 243 1292
1637 2550 2820
2201 2061 1027
723 475 1555
1765 1126 2104
2657 671 2356
2371 2635 2578
2485 889 1471
2224 2388 324
2579 834 1563
838 1913 659
1549 2722 650
465 2850 2931
674 1975 2898
2644 1259 263
1502 670 1380
2654 2738 62
2687 11 573
1347 478 591
1112 699 831
1460 1802 1441
1605 1445 2505
1715 1765 1563
1223 1234 1512
2334 2903 1553
2440 2918 2437
1794 299 2797
854 2258 2265
1204 1493 1914
1446 2481 1022
2653 1262 1632
1773 257 1485
1935 2531 1364
1912 350 163
493 1061 749
1193 2535 1209
1003 2807 1034
1277 1070 2904
2075 1724 306
2698 151 1377
1839 304 490
1352 770 2099
1227 1488 1734
1637 1263 1570
1789 1762 157
922 494 1592
1918 211 346
1675 1718 2530
1115 1932 677
1349 2684 66
1905 1174 2353
2448 1984 1145
224 2601 1988
964 152 1974
2892 2278 608
1781 2843 66
2361 481 1723
8 802 2444
1268 1821 2953
2372 2514 1201
205 1410 905
2820 1983 345
34 2197 723
381 178 1272
544 807 857
118 542 2821
2349 1494 998
1551 496 2237
674 2289 1708
2176 819 2819
1431 1174 871
112 2543 2735
217 1133 129
1659 2098 1630
1746 164 2996
1925 1693 1552
205 1480 2112
1890 944 2298
1079 930 2127
1907 1937 970
1251 1749 1550
1879 2677 77
212 2186 1126
737 1164 2458
651 2864 675
1072 816 1528
444 2007 790
2205 1567 2026
1977 1259 1904
2478 2854 1102
1979 923 1318
2860 2373 353
1015 1001 1723
1897 2424 2094
940 2069 2803
2773 1416 816
506 2716 642
1699 551 2933
828 1345 1687
697 471 213
993 273 1701
1189 19 2210
1582 2882 1029
1997 1736 1618
107 2831 2656
2062 428 1821
97 2734 484
2593 534 629
2989 167 2975
2450 1376 2810
1921 769 1289
1511 2684 299
982 753 2198
1483 1758 2392
2841 87 1529
188 72 900
1218 2086 2626
39 2257 746
1064 70 2380
2695 862 1062
1077 518 1401
1293 1258 832
1087 774 1048
333 778 2951
1637 74 1187
2955 2952 709
709 2638 1081
913 1406 2855
1863 13 2669
402 145 1481
1091 788 601
2293 2498 188
2929 2478 1181
2212 1442 730
887 2978 2344
1468 1125 1591
2717 940 2946
2049 1520 2116
1831 1387 359
375 432 2418
1073 2759 123
2978 1044 361
1146 946 2843
519 2969 1277
475 312 529
1795 1462 510
365 2541 1744
2651 1723 313
2411 1573 585
1892 884 885
2121 663 322
2610 119 973
1911 75 2427
2065 892 944
1921 1629 20
2812 834 2034
56 554 1315
324 2566 2309
682 1861 2041
129 1304 1926
2413 2440 1445
2164 306 1005
1566 1076 2113
2443 2572 2284
2698 461 2154
644 1217 339
575 456 1643
1703 276 83
2251 2483 2057
1268 34 1295
2794 2306 785
2254 2447 2266
2026 2725 2220
2547 2168 2551
2806 1442 658
58 2021 1314
2749 49 2702
732 1125 2770
2653 2966 2521
965 2008 1156
1298 604 1524
1448 211 1157
2471 1071 471
2477 2762 2962
2101 2789 1406
154 1179 1054
1817 673 2456
1219 765 2045
1976 2809 232
2068 2555 1154
9 1604 1854
2174 601 2023
77 2632 2043
1031 201 2390
1990 139 598
2646 2105 757
1850 1838 302
1895 1551 1940
348 393 1437
2755 2030 2357
1129 172 1178
1265 903 753
160 1915 1580
1178 1662 1331
36 697 1939
479 1231 1143
2909 1081 2877
525 613 737
1853 1844 1866
846 773 2073
608 615 2295
805 2069 895
1877 1104 2634
1389 2090 222
2790 819 2729
1478 213 193
2126 995 2441
2476 256 240
131 1014 1483
2904 1868 1294
2425 595 1889
276 2938 2015
1918 1129 2322
2061 1402 2065
681 1344 2424
1225 316 1705
2943 1158 2295
2446 2801 1227
2280 693 1258
1289 2411 1984
2781 2767 2323
1346 65 2067
481 2603 1841
1224 963 1793
268 2981 2504
1238 196 2098
575 1993 1810
1322 2248 2022
2665 1228 544
620 1959 1348
2381 2717 1154
382 1307 804
622 2912 479
2648 1582 136
514 1072 2087
2504 2694 1059
63 77 636
959 428 2565
2637 1862 158
1579 1190 1084
2820 2172 1709
122 924 2237
72 29 319
156 2408 964
663 1228 815
1080 762 99
2210 418 1505
2676 60 965
679 2025 1283
213 710 2649
475 406 2382
2588 1106 2816
1802 1482 1416
976 1415 2465
650 147 2090
829 2232 1884
754 1738 1441
448 647 2163
890 1308 1212
2551 708 1472
2602 2936 1907
295 1761 1903
92 1882 686
1658 693 1503
998 692 2074
1506 1589 674
1648 766 937
1200 510 2288
1368 1492 2002
2572 602 2904
2791 1236 286
510 393 1963
571 233 372
678 2172 639
2331 2100 1005
1028 2166 2100
2621 263 549
285 1194 1834
496 2468 1067
1270 410 1582
44 1745 680
2539 2065 2914
1298 2129 207
1471 2962 668
700 1012 2809
2175 2525 1758
1232 1237 888
2975 1214 298
1474 37 767
2544 883 132
2805 370 2526
2582 398 2280
194 1864 772
902 1080 2382
1302 964 1735
1266 618 2037
1121 694 2000
1877 1877 55
2468 278 221
2201 1757 562
1277 710 2959
348 1438 1902
2061 2881 472
2295 2522 791
1872 761 1016
43 384 1618
2749 938 1844
874 2320 1965
1251 1369 2838
2933 2592 866
2911 2476 1059
1068 13 42
754 1761 1845
1820 894 1714
2029 2167 2630
990 1914 2053
1429 248 944
1328 1470 88
2741 2378 2281
710 729 511
2011 222 2133
1140 601 1868
687 693 2144
1728 2960 1076
1648 214 1063
1850 569 2837
702 2388 1827
1111 1349 365
1389 2093 1274
2845 566 1286
2139 1358 1797
421 310 2536
391 313 2922
2995 2351 1158
1732 478 2886
195 2324 2015
226 536 2391
112 2688 1933
2500 919 755
1175 793 1517
1128 2638 1992
140 2547 844
2671 2909 2905
989 1839 1390
2732 280 1281
415 67 2256
2088 807 1825
583 2741 1107
1959 1480 2248
2954 2413 980
2474 1750 1772
164 2992 2975
1849 2684 545
1108 38 2806
2258 2810 37
613 2509 553
2274 1675 1142
903 621 2417
455 1342 1520
2307 1939 2053
1241 711 1958
576 1788 2466
1429 1535 1683
265 1167 2520
2588 1828 2889
1642 345 2562
2540 2214 689
994 918 299
1401 904 1036
780 717 674
22 121 1552
807 759 2537
2162 1189 527
564 736 1671
1665 1310 2972
1169 1324 1751
622 777 1192
2456 2704 2014
1307 242 296
914 1998 2320
1497 1785 1013
850 1857 935
2168 251 1937
969 998 2903
1009 1564 717
196 2470 1970
936 1654 1266
2132 1936 2499
612 1838 2156
553 738 2763
1574 2255 2658
449 60 2375
1746 1966 333
2851 1604 1127
691 1475 1533
402 2407 2917
2497 388 136
1732 2864 602
1592 2114 1333
2633 589 522
2339 2317 1071
2259 324 27
1978 2931 971
1276 1050 1417
1032 480 1785
2550 873 1657
71 245 247
2822 457 744
1538 1454 527
1044 1260 1630
1485 1586 504
2430 86 1701
2127 1747 2740
2851 882 1188
2800 2737 1435
2003 2693 2817
888 2346 1745
15 2343 604
2235 20 1735
2599 1960 2001
2894 173 2278
1813 1893 10
185 1627 1449
2220 1821 7
2486 482 330
2849 1568 1328
536 2895 1988
534 1450 2463
940 2204 62
737 1374 2185
2345 2932 428
1554 1203 317
588 691 1710
2842 1753 1300
1189 635 97
2584 632 441
1414 975 2408
950 1592 42
2040 433 2880
731 170 68
2132 754 2769
549 1968 2586
769 1077 2749
207 1905 23
1630 126 2429
285 356 2357
893 2931 307
2946 14 2073
1342 1564 503
2030 610 328
2288 1191 705
2026 2059 684
942 2742 825
1958 2709 1896
1609 2873 2269
1855 1370 2642
568 405 1892
2201 2301 2501
2782 2610 2667
757 1791 1438
2872 1739 746
537 2990 91
2068 1340 694
994 650 1911
485 1207 1051
128 1926 1385
2254 681 1030
2398 897 1937
1898 1191 88
1881 2367 605
76 1174 999
1076 753 1885
1267 2780 1482
594 225 2340
1232 708 2002
2543 2505 834
857 2076 1854
976 606 2356
1586 360 485
2051 147 2324
959 1924 62
1505 181 339
844 300 2284
2298 187 832
2599 2529 113
920 2759 1162
2933 375 125
1515 1897 1328
857 295 2035
1248 580 921
2156 2538 1284
2406 1430 1385
2191 1842 1467
552 893 7
1002 1098 1091
877 905 1187
454 2812 246
1589 885 2246
2145 2554 2944
691 36 2545
1159 2390 857
2756 2463 1026
397 1607 1835
2133 406 355
427 424 699
2356 463 115
1791 19 1111
1557 2409 1940
2198 1090 878
2987 1369 1928
2882 2079 331
1686 1662 2611
877 292 1777
1495 1477 2174
2391 292 44
1611 1137 1683
2303 288 2543
46 420 2089
801 1578 1129
2746 557 1822
307 1270 1078
87 1494 164
1013 1306 510
1674 2199 802
1308 381 2029
2619 752 1309
501 1519 2941
2068 2240 2130
2135 2225 644
70 1719 1411
1604 2164 2872
1422 514 898
1569 1357 533
2762 861 184
2360 1224 2413
872 823 1827
137 1991 1021
233 2051 2026
2980 2634 341
1931 2412 1897
2674 2761 2177
1130 854 1734
2407 939 2052
1502 1848 2150
1636 336 1086
166 1264 1599
2961 2316 290
1528 1223 74
335 62 521
2517 2221 2952
237 1407 209
2865 2549 2942
1079 357 1586
1925 1741 1396
923 2200 811
1049 602 2418
2633 508 1293
2539 416 1175
1981 1082 1297
1846 873 2490
722 2556 1021
2865 1562 2445
48 2808 1778
1264 1456 2092
2037 2341 56
932 794 314
2643 2616 501
552 9 2116
943 1737 853
707 767 679
2905 1831 2435
69 339 1905
1737 1253 396
60 1122 650
904 520 2386
2719 792 2464
2063 1924 2552
538 1737 1087
1693 2016 536
1129 1964 2391
2689 178 1908
849 2516 1691
1971 1331 199
142 2967 2538
589 2117 2404
2060 1410 1631
2686 1708 9
242 969 328
1311 2229 888
2388 1286 1573
2851 2460 839
1580 1994 760
615 244 188
1109 2518 317
2817 2851 311
904 471 376
1670 260 83
1741 2214 1950
2411 2035 2527
1413 637 1336
583 1036 976
2392 2575 965
1596 1306 1707
1594 2743 1292
672 59 570
1324 1691 406
897 150 1608
1217 2001 1357
36 2385 1808
1751 1665 995
973 1349 403
1288 1756 2153
933 815 442
1776 2991 2823
1119 1505 1619
1331 2340 1973
1237 788 2109
484 245 436
1626 1452 100
2878 1244 645
1990 1754 1050
127 888 2136
2113 430 651
1394 1451 1790
1569 652 2574
812 2171 320
162 1044 2013
665 2001 359
9 2572 2671
1773 757 1922
854 1213 2756
2344 1769 864
1451 1871 77
2196 458 2637
14 659 1343
1693 240 416
460 360 2272
2405 959 1845
1361 1025 2802
2326 1914 2234
1713 2306 2100
398 879 267
834 770 1592
114 39 1126
1701 2856 871
1061 1277 383
515 2458 2727
2281 9 1902
1847 2246 1190
1444 1220 1808
525 55 560
2718 2832 959
1523 2115 2580
2643 2792 1346
24 438 534
1599 2338 1826
2567 753 1762
2638 504 2716
2858 502 902
1621 191 411
2153 2520 2031
2278 1276 749
2207 738 18
701 2631 1286
2471 474 1281
438 2601 327
319 633 2771
2145 2499 2367
2298 879 2009
1956 1743 2714
28 1491 1720
2538 199 2904
2272 963 2371
830 1066 555
2442 2433 381
857 778 2796
107 2456 441
32 2089 2848
2931 525 926
2716 1264 2190
1943 2142 1344
1462 423 1475
2723 1740 926
1175 1342 191
1043 2609 714
234 971 2459
2250 2426 270
2346 1419 2318
596 2042 2600
1523 495 356
1885 2779 2553
1504 1021 1313
764 304 2045
1707 2322 453
770 1498 1967
678 2254 2293
2500 746 1655
942 1239 728
2240 1958 1856
2548 2713 873
2942 2053 555
674 2597 2610
2178 2182 2844
2440 253 653
2743 2479 2627
1119 725 2616
1520 1405 398
1248 1720 2103
1161 52 227
2452 10 1632
1199 2201 1166
251 558 2823
1806 2847 245
2204 2346 514
1648 810 2009
506 1420 2937
1319 872 1921
2008 1948 2241
2810 1194 579
2499 1378 1337
155 613 861
2648 2514 1156
2168 51 1469
2710 984 397
1318 415 2173
1604 2544 1546
1109 41 724
2822 2466 1875
2519 1627 1868
574 1164 882
510 2330 1888
1361 1580 1486
82 2372 570
442 2610 2667
908 2450 2331
2793 297 1092
270 2318 1869
2241 1107 2818
1724 24 2972
329 951 1827
2959 2456 1354
76 2466 622
2012 1696 286
2052 678 628
1444 1494 147
1920 1555 2961
2638 1244 2220
2341 2520 2341
2108 1758 2945
2873 2427 2387
2748 2913 2055
2408 604 467
1027 1788 1181
1435 2148 724
2991 1528 2201
310 1159 2304
457 2143 1599
1556 1975 2536
482 1393 2929
2330 2061 1990
968 2804 2457
1055 2418 1473
170 1891 2447
803 349 711
2505 2786 11
1062 1668 2469
20 957 2080
2803 2743 1041
2781 1258 2422
597 1788 2701
2565 831 723
1140 410 231
1016 548 2074
488 446 2289
2935 280 2150
1530 420 2472
2604 2611 2984
605 866 937
2804 1921 1157
1545 1591 1442
2143 579 2948
2934 1947 708
1601 1187 834
195 1560 1132
2655 685 883
2533 373 2701
390 1376 1403
1962 1762 1161
1760 1080 1893
2778 1660 2228
904 782 1645
2878 2903 2424
2763 2000 2654
2686 129 2484
1187 2462 542
722 875 1942
332 2493 952
118 1469 1918
2174 2050 881
1919 820 786
1070 2949 1011
2383 194 236
2747 2239 2361
2998 1900 1464
2359 1185 2639
2952 2856 1305
2001 2754 2069
2373 2789 1440
963 1952 2050
2751 85 1910
1147 832 2128
1207 468 805
84 1101 878
411 715 425
2167 2638 2208
1492 939 1973
1028 1806 314
1305 2664 733
55 1326 370
2571 184 2795
1364 2767 2241
2081 793 708
2376 2912 391
2857 673 2218
1525 1502 2675
115 955 2285
624 1993 2489
404 342 2698
1003 329 763
2697 1947 1254
2647 1782 2420
487 2016 1308
1033 601 2492
1957 226 1439
653 2625 289
1264 1293 272
107 55 1113
1230 1633 1980
1634 2266 453
1253 388 901
1921 37 2722
1106 919 1158
2499 2044 2256
755 2180 2836
1666 2069 772
1803 1869 1501
1358 2941 129
1095 1439 1075
506 1125 1764
215 2365 290
1474 494 1612
2478 2983 1003
2868 148 1345
1318 1672 2031
2316 337 2089
974 487 871
151 845 1968
235 1079 2971
1120 2826 264
1552 2912 167
1906 1776 1283
1826 2602 326
263 2792 751
295 2641 225
765 2793 904
900 1275 1262
2695 2268 1880
1082 750 1072
414 2502 1051
802 2452 2770
1871 525 1080
1451 1816 470
1137 761 1370
1628 2283 1325
614 709 2660
1446 2429 1065
161 593 239
1859 1746 1931
2950 542 2167
2230 1604 1630
1566 2857 1259
2873 2256 690
2022 2626 2964
1982 2794 2976
1249 2924 274
1140 1693 2323
1065 1633 2498
1887 137 2115
1985 599 2046
2158 1952 2277
2422 648 2778
2128 985 2770
1819 1439 45
1294 2470 1997
30 2377 2871
1963 956 96
2951 1029 1517
2071 1409 2639
819 2159 2269
806 2141 400
2757 1981 967
2989 960 262
1630 386 330
180 2932 2165
1045 270 610
1055 1643 655
329 933 641
2760 1170 452
1899 89 2386
645 1913 1510
1447 106 2127
2748 149 2675
1907 1883 134
1015 2242 1875
2572 34 2150
135 1319 2958
1553 2400 2095
1464 1600 1598
1394 2250 1874
1345 1666 2276
782 2895 274
1760 76 2106
1021 1711 2475
2350 1231 2698
783 1536 1990
2162 2444 2291
2482 238 831
2414 1345 723
1995 2179 296
2887 605 873
804 2252 296
928 2766 411
1580 2597 1794
1989 1405 357
1561 2482 1212
2727 2501 23
2276 2436 1847
2401 2961 2175
1492 1111 2347
735 994 1212
2292 1943 431
1414 968 2973
963 2620 2727
1702 230 1835
2452 1283 1926
1897 275 1888
2683 1756 979
2758 2275 304
2796 1710 561
1276 2381 228
1039 1175 384
1243 1617 2416
2614 2143 1193
1668 2083 1708
619 866 2391
411 148 2228
2116 668 2683
224 2640 62
910 2577 2114
1256 2125 586
1296 1006 1106
2177 1852 1471
965 491 2860
1783 555 2629
555 538 1012
600 2045 2884
2306 2337 932
2637 1602 1029
1614 18 611
1564 2488 1439
1177 1906 38
1308 1470 253
1368 2018 1619
593 2167 730
2188 361 623
2099 2240 44
2471 944 813
154 2080 2228
2608 2137 2751
1890 2269 2657
1381 2976 774
1842 1034 490
110 266 2855
2632 2665 691
2985 695 2541
2915 1924 1352
2768 2434 727
308 846 2170
856 869 148
2691 367 286
1498 1682 268
96 1250 55
967 1938 1454
286 1721 2009
2036 1262 1713
2082 2957 65
2400 419 1115
1860 193 219
2941 1117 458
1309 246 1986
2235 1238 739
715 497 1674
832 2632 741
351 631 334
1432 2357 206
2386 2982 1096
2571 2411 1234
2894 2413 1386
2169 1522 2586
510 2957 1839
1915 428 842
102 70 401
602 369 2518
2669 840 75
1243 1915 355
1409 1518 1777
754 2458 2576
2812 2021 576
2918 2544 1065
2654 381 221
2248 571 878
2614 960 2632
2150 1689 2870
91 1900 2116
1854 267 341
851 1205 175
2860 2447 2023
1715 2084 844
321 2190 1746
642 1981 2428
1981 2857 1121
910 2554 1432
2232 1851 2952
1154 85 1757
2633 1618 365
2448 545 1955
2837 2395 491
111 1084 1543
2808 2003 928
694 2348 616
334 777 2150
2008 2917 1553
1762 411 821
2754 1857 1660
1564 2784 192
55 421 235
2788 2152 1297
1367 1341 1766
1444 1574 110
473 215 1908
1483 1487 2331
2782 2400 1638
2574 772 679
1283 2017 1051
2345 2058 1135
1604 2976 2949
487 2714 2063
1120 2468 787
2949 529 590
698 2088 2763
2228 2344 590
2184 1314 406
2736 1831 2740
1571 662 1280
211 808 2231
59 48 454
2278 1682 1189
2660 1485 2131
2027 878 549
312 855 393
2443 1785 1852
2299 690 2746
2684 353 2511
750 2296 2007
2528 437 363
2325 2272 2144
183 1700 2418
2316 2580 1120
320 2146 295
1503 1082 2378
1008 2402 2058
2215 982 2186
2447 1845 1911
2025 1093 2623
460 741 844
908 1371 1960
1379 224 2371
2767 1220 544
2092 2597 1625
826 1167 1600
2336 1965 257
2167 1286 873
265 206 923
2182 1735 2502
2102 475 2417
466 801 1308
1795 1581 1718
2442 2509 1389
1436 1904 815
1977 1949 534
62 1405 97
397 2096 695
2491 1498 2596
2356 2334 1578
1858 177 1535
2580 2656 847
2902 902 1020
1630 523 2071
1580 2041 2842
155 1154 2289
1160 4 1306
2671 1901 2251
229 2777 2814
1367 2905 765
377 2681 2536
1107 27 2771
2413 2456 2024
29 2412 2570
727 1204 31
268 1990 1381
663 1127 810
1563 1002 2579
1850 932 503
2648 1236 1058
1442 2063 399
867 467 2167
840 2561 1644
1714 1011 2479
310 2030 2237
1185 1132 2746
96 861 2980
824 2486 2529
309 1829 1157
111 2334 882
501 1297 358
2709 1592 1301
1450 1108 272
2422 2219 1322
1138 740 1231
1777 418 2774
339 1339 969
2797 164 1639
1107 1027 142
2823 1141 2992
1824 1935 2878
1049 88 133
204 87 2689
894 1687 2211
2128 946 2026
2575 507 1256
1007 2433 1308
2839 2161 1539
1989 1740 1971
1689 2389 623
2191 2269 949
2241 2627 810
395 1463 2911
1463 1468 996
2405 1465 2119
793 2734 1474
2033 1746 2697
2503 1257 1
468 806 668
436 2307 1531
191 1182 395
1434 1617 1297
1594 2371 736
692 2021 573
1104 1042 2030
2273 217 2535
1496 2592 1215
389 1926 2274
619 1498 2633
422 39 175
1608 1306 1200
577 2275 2110
2637 2180 2791
1074 1636 1524
2698 132 2332
955 2287 569
597 1071 1237
2937 946 2168
2785 2645 2909
459 2251 1945
2771 2228 1995
286 2463 1222
1594 1913 2953
1485 1334 1933
1988 177 225
2685 905 2036
933 1430 2850
1777 2448 445
649 975 1366
2119 2275 2019
2802 950 1423
1246 458 688
711 2882 1568
1137 1401 26
884 1856 127
1057 1736 2118
1256 750 2955
894 2767 192
2663 1320 1991
2182 1182 133
2692 1584 2654
2146 811 905
2038 2406 2761
1537 1854 2424
2773 2745 365
207 2883 2899
1135 2154 439
372 2473 221
184 2275 2244
1506 2522 2470
884 1916 2354
333 623 1997
1042 2308 2035
1495 2001 2430
1271 2322 2561
2978 328 531
717 1090 1037
1689 1899 1288
226 622 2805
2426 1335 865
1872 2081 1979
1000 2379 1978
425 1659 789
1163 1010 529
142 183 2730
2403 845 2299
757 2045 1085
1100 1414 604
2405 2007 2289
1199 1899 1576
1740 2346 1012
2510 1983 2008
2621 1514 220
156 2660 2187
2710 1106 1697
2553 1495 62
579 1910 2298
706 133 2042
2816 2315 728
762 2510 2204
2290 565 8
1706 549 1314
1699 1492 406
1497 1491 1793
1203 574 13
2859 437 2023
321 1495 2490
2815 1600 2189
2416 2773 2239
1181 2726 1122
1250 102 2792
2280 651 1169
2854 2480 1433
2436 2959 2570
1375 323 1810
1634 2977 424
2071 1873 158
331 2880 1441
1718 1883 1370
1124 334 2664
820 1789 442
1034 1115 801
1991 2145 2029
2672 348 2749
2212 2872 2721
1543 1696 878
1739 490 1549
2639 646 2517
2060 2454 1649
576 167 2304
59 127 1974
1046 2808 2367
474 2192 1299
210 27 1361
544 2321 2555
925 2291 1843
310 1509 1398
2438 2855 155
726 1797 1155
1115 134 933
1215 2428 738
2587 2792 855
2204 1751 879
2406 501 1391
2227 352 2215
261 2749 945
301 2127 1798
707 673 2634
617 776 2529
1856 2601 2363
398 899 1421
1595 1279 634
57 1558 1324
2803 517 2098
590 187 412
2162 1336 1760
568 1529 761
753 73 972
2849 1303 2640
2940 497 1433
2204 798 253
708 726 1079
143 926 2243
810 2119 1617
2939 1370 1268
1371 1548 1589
2233 2492 780
1467 2363 2397
975 668 807
2360 1547 2141
1657 2649 2603
1119 2438 2313
2870 2478 2483
1572 1189 656
897 382 1801
1897 889 1016
1029 773 2795
2806 1450 115
1527 1660 1294
1645 78 2152
358 2218 2237
2700 1598 202
2674 1973 1230
2401 1127 2161
1148 1616 868
790 783 1335
2422 495 37
1364 2433 1950
2325 612 947
552 1218 2707
2777 2656 2375
2047 1961 1578
2053 743 123
170 339 248
515 2486 753
3 402 1837
1720 437 2196
2523 1821 152
274 1090 229
316 830 90
434 1934 661
17 1204 2721
1018 2749 2950
466 2941 1824
835 813 540
2450 357 499
1470 2347 608
2358 2380 206
599 2908 546
773 1784 1290
1081 1671 2777
1443 2218 30
549 1510 978
649 2606 1669
429 978 2394
2980 1516 522
1976 1602 782
506 1469 1347
2847 2640 2576
843 109 598
1724 2105 1306
2643 1455 1275
1627 791 1184
1712 2052 1110
567 953 1083
2097 175 2566
2502 2559 931
1612 695 1113
603 1095 2199
1329 2006 259
2379 157 2832
1342 1515 1627
2098 1422 2273
904 2259 1711
1944 1517 425
617 1009 1476
480 87 971
227 1298 1224
234 1279 2194
402 900 1558
444 1737 2801
639 2690 1688
1214 2903 319
2657 2028 233
1735 1272 1148
2778 1746 2877
136 1018 2733
741 1865 1840
1055 2465 2411
891 2283 267
2311 2528 1463
2431 690 918
2729 1052 541
2657 1173 803
80 529 1079
82 1745 1690
2159 675 1154
2103 1669 1465
1786 1433 1115
419 2166 2080
1555 1407 888
565 1239 1042
814 1815 1428
2992 902 867
2960 1771 917
2713 1920 2223
485 933 257
1939 213 100
100 977 787
285 532 325
1491 2075 155
2488 2540 639
1380 2251 1753
2134 1707 2786
161 2808 445
1971 1600 2439
1926 2050 861
899 192 1573
2657 93 843
309 731 434
41 299 65
1234 2231 2099
97 1496 2826
874 2418 66
2763 2398 655
2092 1639 2077
2467 2387 1560
2347 984 2145
1435 2941 1996
2198 1312 232
875 356 1005
914 2056 2411
501 1221 2851
2568 2824 1292
2283 1706 2421
244 92 2335
2598 819 165
419 2694 1817
1667 2902 734
2306 2116 666
2720 691 1424
825 2509 316
417 1839 845
454 944 1978
2203 907 1254
2774 944 1116
802 1485 1491
1705 1818 1067
636 2305 2957
1640 2081 201
1903 1485 1910
1409 1469 1039
1811 1141 957
530 398 2579
2664 2082 1664
638 1106 715
2018 1186 2813
2898 1417 347
2209 2900 2403
1537 451 992
1364 207 2771
765 434 1038
1513 55 1270
2845 1447 2239
2912 434 1044
2285 2450 2126
1594 1616 2097
511 1891 2298
1570 2080 2871
2915 2277 2563
383 2044 1220
2007 1068 643
2659 445 1707
623 1943 1956
60 1922 1781
1601 919 791
1096 2392 1297
1145 1913 267
1562 2174 1235
1353 1018 1979
621 1375 185
2526 2668 1830
2502 2177 14
117 1603 1780
1080 2434 791
1099 727 1783
1551 1779 1876
2545 2963 1420
278 726 113
2104 53 1813
2292 2615 2464
341 884 465
1097 90 1242
1424 1218 1194
8 2804 1101
2692 255 2617
1388 2454 137
1419 1298 1587
643 161 1564
1266 1922 2148
944 1635 1520
1192 2789 2150
2050 2411 827
2269 2940 1075
2782 1112 562
385 1498 2588
1410 1716 1491
444 720 2720
452 1311 1515
2271 951 2445
1226 2624 590
543 133 22
1373 2126 517
137 1106 2270
208 2881 734
512 1265 799
1486 1825 1369
924 1573 1552
2041 1044 1567
299 1877 854
1882 1630 2743
2864 2183 2731
466 1892 513
600 2146 2191
1188 1689 997
515 965 30
2185 1528 40
472 2846 2863
1049 2880 746
1917 2891 1842
1409 2492 573
173 1215 297
1253 337 2215
2082 2728 1498
738 2589 353
1194 1641 364
1498 2891 1498
3 1953 1317
2117 1669 2061
1827 1582 1276
2239 999 2658
81 897 150
1991 2747 2844
1249 2601 2808
1511 9 1745
723 542 2311
2615 1398 2978
2644 759 490
2687 1725 2975
2161 629 1976
1835 603 64
1642 956 1172
1024 228 1448
2023 1548 625
1425 2286 2738
2995 1280 355
585 2911 1074
1467 1229 2638
2161 2523 663
71 966 383
599 1206 2680
2847 2201 2294
2600 1283 448
2066 424 1181
2123 1000 2679
2336 2479 1813
1660 944 455
1068 1823 2221
1172 2919 1130
1765 2634 697
2354 2365 1407
805 2142 768
1026 1056 22
186 2559 410
750 1528 1807
2905 2527 2188
191 2085 302
1049 2148 1322
496 2083 1350
1992 343 268
2806 2799 2628
235 449 638
977 1652 982
1271 2171 2961
70 2432 1644
1339 2078 325
529 901 703
526 425 1230
1169 2217 1677
1660 140 1460
2511 2485 1687
170 2053 1823
407 1409 2712
2325 262 2469
2933 2831 1467
26 2721 1988
2602 112 586
1869 428 336
901 2895 2018
2679 1665 509
102 1620 695
251 2556 376
2306 538 1978
1355 2807 1837
1763 52 2893
766 1390 2405
297 131 15
2355 1866 2979
1172 403 43
2918 1830 2052
2899 1958 316
2284 2020 1137
1522 2996 2610
1819 901 281
221 2146 2820
2592 1310 2981
1864 2927 1916
1753 872 1455
2571 2253 313
1195 1347 1967
2961 1526 1951
1712 1740 2831
2393 1630 482
2979 96 151
2270 1417 1287
2810 970 2837
2417 1489 849
1161 819 153
2826 2942 918
443 2903 1133
2149 1298 2328
155 2295 2459
320 1126 88
2575 1855 811
1451 158 1502
585 784 1486
2400 2116 2972
1090 1220 1301
1161 751 274
2774 876 1384
2591 2859 2108
973 1728 1892
2203 1633 14
1369 2638 2161
2036 799 2945
806 2181 1460
2535 221 1416
2463 2861 493
2777 2587 583
2895 1192 1668
2933 526 1248
1835 769 852
559 2760 2587
2693 1903 2233
1056 2151 1073
260 2975 2365
1439 2389 1536
969 2998 798
1067 1341 2557
797 1500 1332
1306 1327 788
1976 331 504
1264 488 1849
632 1532 1175
982 2676 2685
2417 2013 2927
561 790 957
291 2434 2712
2379 1637 1667
1286 212 863
1968 976 1968
1348 1792 142
1270 1273 2689
2904 2443 921
2726 233 2995
451 1276 1161
2765 2362 1224
456 277 2436
2783 2929 1868
2673 307 821
66 1234 1074
2633 1408 2707
2938 2904 1969
2745 1708 2356
597 1265 1111
1306 2673 1222
1570 1422 1566
2949 1466 405
646 2627 38
1168 410 1187
2042 2531 1876
2818 882 1569
1181 2142 2877
442 387 144
2734 585 831
1958 2025 862
2256 539 458
2989 1465 1409
937 2555 2934
2825 2692 1294
892 698 967
1643 2289 810
973 1200 2391
257 179 506
239 1958 127
757 235 946
2591 962 2617
921 2273 1832
103 1478 2781
1217 1500 674
462 736 2261
1608 1632 2701
1874 1465 1138
56 748 1458
1243 2168 1809
2463 347 8
2731 1101 1925
1471 203 646
1086 547 1807
849 2368 1863
2130 621 88
860 827 352
2305 1625 215
2200 2625 417
216 2014 2497
433 2912 1615
2648 73 2148
860 1410 475
410 183 369
1674 1505 1341
111 2965 306
2964 496 646
2184 904 2593
1394 2763 2185
1935 313 441
1630 1606 1483
1761 2612 1220
2020 666 2437
1058 1140 2383
1561 1542 2376
235 1136 93
1840 2748 1491
2129 2140 1518
169 1595 1936
108 1928 2233
894 741 20
2515 920 1976
1901 2739 1507
1276 1595 110
1367 2239 1219
485 2423 254
2794 2056 802
1393 1245 2709
1565 2882 1079
2897 1844 1731
1498 2546 2567
850 2763 547
325 964 2950
1904 1410 282
2711 1591 2738
48 53 2519
739 1159 707
897 2925 1141
348 1421 1712
1148 1717 2609
2289 1052 1631
1915 908 794
1483 44 1014
2013 1671 1560
776 887 200
377 2347 2508
359 2245 1266
2419 703 1017
49 362 2931
283 2664 588
537 2792 1306
418 162 2016
1665 1688 305
262 1828 1951
1595 2739 1185
1100 913 1011
2798 1959 1281
1644 2147 2282
2 1991 2691
2103 2909 1608
1079 1336 286
720 2571 49
2469 1414 1936
1826 121 2573
1473 15 473
388 2030 512
1261 294 55
1516 2322 2775
2497 986 435
902 2506 2534
1158 2516 858
2593 73 790
1700 2437 207
2101 1216 2728
958 717 1390
328 439 108
1522 2595 2849
1404 1188 1883
1400 2898 2168
645 2546 1249
2053 544 1158
454 2684 40
2643 544 2467
848 666 2757
1356 2083 2106
1269 1427 2607
462 1578 971
589 2787 1742
343 2197 81
1723 1315 880
2458 1912 1046
1094 710 1828
2441 904 1791
273 1847 654
496 472 350
945 1712 462
882 297 2308
2228 2257 2762
736 34 82
2395 608 1186
703 418 1188
2775 2079 642
62 2862 2655
1580 1340 2401
1849 1499 990
1843 946 2095
2086 2738 1024
264 2415 770
2485 1515 1550
2535 1666 2377
1910 197 2312
183 220 1614
2911 395 1548
2017 1211 375
354 230 1697
52 2558 2582
921 1443 2768
2673 709 1409
1344 1541 1786
426 2153 2315
2837 1579 1244
1095 686 1090
349 278 101
2072 2270 1074
1239 1138 433
2800 2794 181
1309 771 1322
2492 1251 2765
2607 2532 858
313 2233 2343
57 2717 1487
1503 1398 1750
1678 1219 351
2654 2565 1819
1698 1405 1836
659 1812 361
2843 753 2526
1546 2063 35
530 1115 2211
1766 225 557
2602 621 1652
1810 562 829
2105 475 1928
2405 2628 1960
2335 2854 2234
323 1593 1694
688 1245 1440
2237 118 1286
2353 2648 2393
2500 1975 2145
1856 203 2689
833 1913 2799
120 719 1018
2705 2947 1833
2682 2114 1538
841 2165 965
1465 1804 2881
402 430 470
2351 2709 878
2564 1996 2088
1457 1903 1673
1641 996 1628
2192 1681 2965
1382 2061 40
1658 2047 2110
1945 200 2031
172 351 2950
1589 2172 1690
998 498 163
2875 292 711
2388 2961 2359
1627 1393 2614
2112 2186 1684
1201 2629 724
740 1317 1301
2302 2895 2378
1855 1912 2849
411 2070 148
2767 755 2483
883 263 79
1785 889 1858
761 1936 1589
560 2975 1527
215 2679 2003
2395 648 1037
779 2609 668
430 2918 1418
1436 2206 375
1858 1913 1082
1952 2170 971
2356 1571 558
2559 664 107
873 369 229
2073 1721 122
798 2318 1450
1849 2705 1399
1546 1582 1779
159 205 1616
1197 2556 2061
2854 2827 2417
712 470 689
2591 2823 691
1029 2314 899
1965 2969 1014
2157 142 2190
1197 557 463
2960 2548 2297
1065 6 2361
139 1706 2011
1308 628 2988
1205 1145 2569
727 96 2918
76 2531 1532
1070 458 668
2578 2721 97
696 2151 1068
2484 2453 1593
2183 173 804
2149 482 1012
2199 1618 2216
2301 2384 1450
1917 2534 963
2276 2554 2253
1451 2799 2348
125 2795 1992
392 2565 1381
260 227 1541
2167 1582 52
2556 2982 2116
2258 2682 1697
696 1799 1332
1132 462 2474
453 2901 849
2399 490 2789
413 2396 1472
1299 1573 2448
2891 518 650
1929 287 2577
1
2
3
4
5
6
7
8
9
10
11
12
13
14
15
16
17
18
19
20
21
22
23
24
25
26
27
28
29
30
31
32
33
34
35
36
37
38
39
40
41
42
43
44
45
46
47
48
49
50
51
52
53
54
55
56
57
58
59
60
61
62
63
64
65
66
67
68
69
70
71
72
73
74
75
76
77
78
79
80
81
82
83
84
85
86
87
88
89
90
91
92
93
94
95
96
97
98
99
100
101
102
103
104
105
106
107
108
109
110
111
112
113
114
115
116
117
118
119
120
121
122
123
124
125
126
127
128
129
130
131
132
133
134
135
136
137
138
139
140
141
142
143
144
145
146
147
148
149
150
151
152
153
154
155
156
157
158
159
160
161
162
163
164
165
166
167
168
169
170
171
172
173
174
175
176
177
178
179
180
181
182
183
184
185
186
187
188
189
190
191
192
193
194
195
196
197
198
199
200
201
202
203
204
205
206
207
208
209
210
211
212
213
214
215
216
217
218
219
220
221
222
223
224
225
226
227
228
229
230
231
232
233
234
235
236
237
238
239
240
241
242
243
244
245
246
247
248
249
250
251
252
253
254
255
256
257
258
259
260
261
262
263
264
265
266
267
268
269
270
271
272
273
274
275
276
277
278
279
280
281
282
283
284
285
286
287
288
289
290
291
292
293
294
295
296
297
298
299
300
301
302
303
304
305
306
307
308
309
310
311
312
313
314
315
316
317
318
319
320
321
322
323
324
325
326
327
328
329
330
331
332
333
334
335
336
337
338
339
340
341
342
343
344
345
346
347
348
349
350
351
352
353
354
355
356
357
358
359
360
361
362
363
364
365
366
367
368
369
370
371
372
373
374
375
376
377
378
379
380
381
382
383
384
385
386
387
388
389
390
391
392
393
394
395
396
397
398
399
400
401
402
403
404
405
406
407
408
409
410
411
412
413
414
415
416
417
418
419
420
421
422
423
424
425
426
427
428
429
430
431
432
433
434
435
436
437
438
439
440
441
442
443
444
445
446
447
448
449
450
451
452
453
454
455
456
457
458
459
460
461
462
463
464
465
466
467
468
469
470
471
472
473
474
475
476
477
478
479
480
481
482
483
484
485
486
487
488
489
490
491
492
493
494
495
496
497
498
499
500
501
502
503
504
505
506
507
508
509
510
511
512
513
514
515
516
517
518
519
520
521
522
523
524
525
526
527
528
529
530
531
532
533
534
535
536
537
538
539
540
541
542
543
544
545
546
547
548
549
550
551
552
553
554
555
556
557
558
559
560
561
562
563
564
565
566
567
568
569
570
571
572
573
574
575
576
577
578
579
580
581
582
583
584
585
586
587
588
589
590
591
592
593
594
595
596
597
598
599
600
601
602
603
604
605
606
607
608
609
610
611
612
613
614
615
616
617
618
619
620
621
622
623
624
625
626
627
628
629
630
631
632
633
634
635
636
637
638
639
640
641
642
643
644
645
646
647
648
649
650
651
652
653
654
655
656
657
658
659
660
661
662
663
664
665
666
667
668
669
670
671
672
673
674
675
676
677
678
679
680
681
682
683
684
685
686
687
688
689
690
691
692
693
694
695
696
697
698
699
700
701
702
703
704
705
706
707
708
709
710
711
712
713
714
715
716
717
718
719
720
721
722
723
724
725
726
727
728
729
730
731
732
733
734
735
736
737
738
739
740
741
742
743
744
745
746
747
748
749
750
751
752
753
754
755
756
757
758
759
760
761
762
763
764
765
766
767
768
769
770
771
772
773
774
775
776
777
778
779
780
781
782
783
784
785
786
787
788
789
790
791
792
793
794
795
796
797
798
799
800
801
802
803
804
805
806
807
808
809
810
811
812
813
814
815
816
817
818
819
820
821
822
823
824
825
826
827
828
829
830
831
832
833
834
835
836
837
838
839
840
841
842
843
844
845
846
847
848
849
850
851
852
853
854
855
856
857
858
859
860
861
862
863
864
865
866
867
868
869
870
871
872
873
874
875
876
877
878
879
880
881
882
883
884
885
886
887
888
889
890
891
892
893
894
895
896
897
898
899
900
901
902
903
904
905
906
907
908
909
910
911
912
913
914
915
916
917
918
919
920
921
922
923
924
925
926
927
928
929
930
931
932
933
934
935
936
937
938
939
940
941
942
943
944
945
946
947
948
949
950
951
952
953
954
955
956
957
958
959
960
961
962
963
964
965
966
967
968
969
970
971
972
973
974
975
976
977
978
979
980
981
982
983
984
985
986
987
988
989
990
991
992
993
994
995
996
997
998
999
1000
1001
1002
1003
1004
1005
1006
1007
1008
1009
1010
1011
1012
1013
1014
1015
1016
1017
1018
1019
1020
1021
1022
1023
1024
1025
1026
1027
1028
1029
1030
1031
1032
1033
1034
1035
1036
1037
1038
1039
1040
1041
1042
1043
1044
1045
1046
1047
1048
1049
1050
1051
1052
1053
1054
1055
1056
1057
1058
1059
1060
1061
1062
1063
1064
1065
1066
1067
1068
1069
1070
1071
1072
1073
1074
1075
1076
1077
1078
1079
1080
1081
1082
1083
1084
1085
1086
1087
1088
1089
1090
1091
1092
1093
1094
1095
1096
1097
1098
1099
1100
1101
1102
1103
1104
1105
1106
1107
1108
1109
1110
1111
1112
1113
1114
1115
1116
1117
1118
1119
1120
1121
1122
1123
1124
1125
1126
1127
1128
1129
1130
1131
1132
1133
1134
1135
1136
1137
1138
1139
1140
1141
1142
1143
1144
1145
1146
1147
1148
1149
1150
1151
1152
1153
1154
1155
1156
1157
1158
1159
1160
1161
1162
1163
1164
1165
1166
1167
1168
1169
1170
1171
1172
1173
1174
1175
1176
1177
1178
1179
1180
1181
1182
1183
1184
1185
1186
1187
1188
1189
1190
1191
1192
1193
1194
1195
1196
1197
1198
1199
1200
1201
1202
1203
1204
1205
1206
1207
1208
1209
1210
1211
1212
1213
1214
1215
1216
1217
1218
1219
1220
1221
1222
1223
1224
1225
1226
1227
1228
1229
1230
1231
1232
1233
1234
1235
1236
1237
1238
1239
1240
1241
1242
1243
1244
1245
1246
1247
1248
1249
1250
1251
1252
1253
1254
1255
1256
1257
1258
1259
1260
1261
1262
1263
1264
1265
1266
1267
1268
1269
1270
1271
1272
1273
1274
1275
1276
1277
1278
1279
1280
1281
1282
1283
1284
1285
1286
1287
1288
1289
1290
1291
1292
1293
1294
1295
1296
1297
1298
1299
1300
1301
1302
1303
1304
1305
1306
1307
1308
1309
1310
1311
1312
1313
1314
1315
1316
1317
1318
1319
1320
1321
1322
1323
1324
1325
1326
1327
1328
1329
1330
1331
1332
1333
1334
1335
1336
1337
1338
1339
1340
1341
1342
1343
1344
1345
1346
1347
1348
1349
1350
1351
1352
1353
1354
1355
1356
1357
1358
1359
1360
1361
1362
1363
1364
1365
1366
1367
1368
1369
1370
1371
1372
1373
1374
1375
1376
1377
1378
1379
1380
1381
1382
1383
1384
1385
1386
1387
1388
1389
1390
1391
1392
1393
1394
1395
1396
1397
1398
1399
1400
1401
1402
1403
1404
1405
1406
1407
1408
1409
1410
1411
1412
1413
1414
1415
1416
1417
1418
1419
1420
1421
1422
1423
1424
1425
1426
1427
1428
1429
1430
1431
1432
1433
1434
1435
1436
1437
1438
1439
1440
1441
1442
1443
1444
1445
1446
1447
1448
1449
1450
1451
1452
1453
1454
1455
1456
1457
1458
1459
1460
1461
1462
1463
1464
1465
1466
1467
1468
1469
1470
1471
1472
1473
1474
1475
1476
1477
1478
1479
1480
1481
1482
1483
1484
1485
1486
1487
1488
1489
1490
1491
1492
1493
1494
1495
1496
1497
1498
1499
1500
1501
1502
1503
1504
1505
1506
1507
1508
1509
1510
1511
1512
1513
1514
1515
1516
1517
1518
1519
1520
1521
1522
1523
1524
1525
1526
1527
1528
1529
1530
1531
1532
1533
1534
1535
1536
1537
1538
1539
1540
1541
1542
1543
1544
1545
1546
1547
1548
1549
1550
1551
1552
1553
1554
1555
1556
1557
1558
1559
1560
1561
1562
1563
1564
1565
1566
1567
1568
1569
1570
1571
1572
1573
1574
1575
1576
1577
1578
1579
1580
1581
1582
1583
1584
1585
1586
1587
1588
1589
1590
1591
1592
1593
1594
1595
1596
1597
1598
1599
1600
1601
1602
1603
1604
1605
1606
1607
1608
1609
1610
1611
1612
1613
1614
1615
1616
1617
1618
1619
1620
1621
1622
1623
1624
1625
1626
1627
1628
1629
1630
1631
1632
1633
1634
1635
1636
1637
1638
1639
1640
1641
1642
1643
1644
1645
1646
1647
1648
1649
1650
1651
1652
1653
1654
1655
1656
1657
1658
1659
1660
1661
1662
1663
1664
1665
1666
1667
1668
1669
1670
1671
1672
1673
1674
1675
1676
1677
1678
1679
1680
1681
1682
1683
1684
1685
1686
1687
1688
1689
1690
1691
1692
1693
1694
1695
1696
1697
1698
1699
1700
1701
1702
1703
1704
1705
1706
1707
1708
1709
1710
1711
1712
1713
1714
1715
1716
1717
1718
1719
1720
1721
1722
1723
1724
1725
1726
1727
1728
1729
1730
1731
1732
1733
1734
1735
1736
1737
1738
1739
1740
1741
1742
1743
1744
1745
1746
1747
1748
1749
1750
1751
1752
1753
1754
1755
1756
1757
1758
1759
1760
1761
1762
1763
1764
1765
1766
1767
1768
1769
1770
1771
1772
1773
1774
1775
1776
1777
1778
1779
1780
1781
1782
1783
1784
1785
1786
1787
1788
1789
1790
1791
1792
1793
1794
1795
1796
1797
1798
1799
1800
1801
1802
1803
1804
1805
1806
1807
1808
1809
1810
1811
1812
1813
1814
1815
1816
1817
1818
1819
1820
1821
1822
1823
1824
1825
1826
1827
1828
1829
1830
1831
1832
1833
1834
1835
1836
1837
1838
1839
1840
1841
1842
1843
1844
1845
1846
1847
1848
1849
1850
1851
1852
1853
1854
1855
1856
1857
1858
1859
1860
1861
1862
1863
1864
1865
1866
1867
1868
1869
1870
1871
1872
1873
1874
1875
1876
1877
1878
1879
1880
1881
1882
1883
1884
1885
1886
1887
1888
1889
1890
1891
1892
1893
1894
1895
1896
1897
1898
1899
1900
1901
1902
1903
1904
1905
1906
1907
1908
1909
1910
1911
1912
1913
1914
1915
1916
1917
1918
1919
1920
1921
1922
1923
1924
1925
1926
1927
1928
1929
1930
1931
1932
1933
1934
1935
1936
1937
1938
1939
1940
1941
1942
1943
1944
1945
1946
1947
1948
1949
1950
1951
1952
1953
1954
1955
1956
1957
1958
1959
1960
1961
1962
1963
1964
1965
1966
1967
1968
1969
1970
1971
1972
1973
1974
1975
1976
1977
1978
1979
1980
1981
1982
1983
1984
1985
1986
1987
1988
1989
1990
1991
1992
1993
1994
1995
1996
1997
1998
1999
2000
2001
2002
2003
2004
2005
2006
2007
2008
2009
2010
2011
2012
2013
2014
2015
2016
2017
2018
2019
2020
2021
2022
2023
2024
2025
2026
2027
2028
2029
2030
2031
2032
2033
2034
2035
2036
2037
2038
2039
2040
2041
2042
2043
2044
2045
2046
2047
2048
2049
2050
2051
2052
2053
2054
2055
2056
2057
2058
2059
2060
2061
2062
2063
2064
2065
2066
2067
2068
2069
2070
2071
2072
2073
2074
2075
2076
2077
2078
2079
2080
2081
2082
2083
2084
2085
2086
2087
2088
2089
2090
2091
2092
2093
2094
2095
2096
2097
2098
2099
2100
2101
2102
2103
2104
2105
2106
2107
2108
2109
2110
2111
2112
2113
2114
2115
2116
2117
2118
2119
2120
2121
2122
2123
2124
2125
2126
2127
2128
2129
2130
2131
2132
2133
2134
2135
2136
2137
2138
2139
2140
2141
2142
2143
2144
2145
2146
2147
2148
2149
2150
2151
2152
2153
2154
2155
2156
2157
2158
2159
2160
2161
2162
2163
2164
2165
2166
2167
2168
2169
2170
2171
2172
2173
2174
2175
2176
2177
2178
2179
2180
2181
2182
2183
2184
2185
2186
2187
2188
2189
2190
2191
2192
2193
2194
2195
2196
2197
2198
2199
2200
2201
2202
2203
2204
2205
2206
2207
2208
2209
2210
2211
2212
2213
2214
2215
2216
2217
2218
2219
2220
2221
2222
2223
2224
2225
2226
2227
2228
2229
2230
2231
2232
2233
2234
2235
2236
2237
2238
2239
2240
2241
2242
2243
2244
2245
2246
2247
2248
2249
2250
2251
2252
2253
2254
2255
2256
2257
2258
2259
2260
2261
2262
2263
2264
2265
2266
2267
2268
2269
2270
2271
2272
2273
2274
2275
2276
2277
2278
2279
2280
2281
2282
2283
2284
2285
2286
2287
2288
2289
2290
2291
2292
2293
2294
2295
2296
2297
2298
2299
2300
2301
2302
2303
2304
2305
2306
2307
2308
2309
2310
2311
2312
2313
2314
2315
2316
2317
2318
2319
2320
2321
2322
2323
2324
2325
2326
2327
2328
2329
2330
2331
2332
2333
2334
2335
2336
2337
2338
2339
2340
2341
2342
2343
2344
2345
2346
2347
2348
2349
2350
2351
2352
2353
2354
2355
2356
2357
2358
2359
2360
2361
2362
2363
2364
2365
2366
2367
2368
2369
2370
2371
2372
2373
2374
2375
2376
2377
2378
2379
2380
2381
2382
2383
2384
2385
2386
2387
2388
2389
2390
2391
2392
2393
2394
2395
2396
2397
2398
2399
2400
2401
2402
2403
2404
2405
2406
2407
2408
2409
2410
2411
2412
2413
2414
2415
2416
2417
2418
2419
2420
2421
2422
2423
2424
2425
2426
2427
2428
2429
2430
2431
2432
2433
2434
2435
2436
2437
2438
2439
2440
2441
2442
2443
2444
2445
2446
2447
2448
2449
2450
2451
2452
2453
2454
2455
2456
2457
2458
2459
2460
2461
2462
2463
2464
2465
2466
2467
2468
2469
2470
2471
2472
2473
2474
2475
2476
2477
2478
2479
2480
2481
2482
2483
2484
2485
2486
2487
2488
2489
2490
2491
2492
2493
2494
2495
2496
2497
2498
2499
2500
2501
2502
2503
2504
2505
2506
2507
2508
2509
2510
2511
2512
2513
2514
2515
2516
2517
2518
2519
2520
2521
2522
2523
2524
2525
2526
2527
2528
2529
2530
2531
2532
2533
2534
2535
2536
2537
2538
2539
2540
2541
2542
2543
2544
2545
2546
2547
2548
2549
2550
2551
2552
2553
2554
2555
2556
2557
2558
2559
2560
2561
2562
2563
2564
2565
2566
2567
2568
2569
2570
2571
2572
2573
2574
2575
2576
2577
2578
2579
2580
2581
2582
2583
2584
2585
2586
2587
2588
2589
2590
2591
2592
2593
2594
2595
2596
2597
2598
2599
2600
2601
2602
2603
2604
2605
2606
2607
2608
2609
2610
2611
2612
2613
2614
2615
2616
2617
2618
2619
2620
2621
2622
2623
2624
2625
2626
2627
2628
2629
2630
2631
2632
2633
2634
2635
2636
2637
2638
2639
2640
2641
2642
2643
2644
2645
2646
2647
2648
2649
2650
2651
2652
2653
2654
2655
2656
2657
2658
2659
2660
2661
2662
2663
2664
2665
2666
2667
2668
2669
2670
2671
2672
2673
2674
2675
2676
2677
2678
2679
2680
2681
2682
2683
2684
2685
2686
2687
2688
2689
2690
2691
2692
2693
2694
2695
2696
2697
2698
2699
2700
2701
2702
2703
2704
2705
2706
2707
2708
2709
2710
2711
2712
2713
2714
2715
2716
2717
2718
2719
2720
2721
2722
2723
2724
2725
2726
2727
2728
2729
2730
2731
2732
2733
2734
2735
2736
2737
2738
2739
2740
2741
2742
2743
2744
2745
2746
2747
2748
2749
2750
2751
2752
2753
2754
2755
2756
2757
2758
2759
2760
2761
2762
2763
2764
2765
2766
2767
2768
2769
2770
2771
2772
2773
2774
2775
2776
2777
2778
2779
2780
2781
2782
2783
2784
2785
2786
2787
2788
2789
2790
2791
2792
2793
2794
2795
2796
2797
2798
2799
2800
2801
2802
2803
2804
2805
2806
2807
2808
2809
2810
2811
2812
2813
2814
2815
2816
2817
2818
2819
2820
2821
2822
2823
2824
2825
2826
2827
2828
2829
2830
2831
2832
2833
2834
2835
2836
2837
2838
2839
2840
2841
2842
2843
2844
2845
2846
2847
2848
2849
2850
2851
2852
2853
2854
2855
2856
2857
2858
2859
2860
2861
2862
2863
2864
2865
2866
2867
2868
2869
2870
2871
2872
2873
2874
2875
2876
2877
2878
2879
2880
2881
2882
2883
2884
2885
2886
2887
2888
2889
2890
2891
2892
2893
2894
2895
2896
2897
2898
2899
2900
2901
2902
2903
2904
2905
2906
2907
2908
2909
2910
2911
2912
2913
2914
2915
2916
2917
2918
2919
2920
2921
2922
2923
2924
2925
2926
2927
2928
2929
2930
2931
2932
2933
2934
2935
2936
2937
2938
2939
2940
2941
2942
2943
2944
2945
2946
2947
2948
2949
2950
2951
2952
2953
2954
2955
2956
2957
2958
2959
2960
2961
2962
2963
2964
2965
2966
2967
2968
2969
2970
2971
2972
2973
2974
2975
2976
2977
2978
2979
2980
2981
2982
2983
2984
2985
2986
2987
2988
2989
2990
2991
2992
2993
2994
2995
2996
2997
2998
2999
3000
