6 5

1500 1063 983316202
14 478 87301394
352 893 15813835
953 1012 54654859
1119 1044 93692420
292 481 18585900
527 21 94886965
1435 153 125072927
986 641 50517530
752 733 136505800
1188 46 39883624
12 595 12215433
465 952 141247511
902 304 108622136
187 1079 152993492
1221 1200 143948601
978 1219 154239948
1173 80 135870364
5 1262 7535687
1126 1194 38735228
323 1155 138562470
787 863 1533591
288 982 129151905
370 658 131271867
719 628 146796589
345 1086 139952705
1353 1174 67670901
938 153 69280711
1329 1302 12253049
1446 66 13092988
666 830 139333677
1412 339 113264473
120 243 149078262
350 982 51720003
718 155 30899368
1391 139 5057316
1104 699 79635609
1457 150 82825187
99 1240 25302395
1232 114 102212478
481 1271 50461623
1018 962 119662417
307 415 88636032
794 1150 906189
1378 661 14603703
806 1322 53702283
550 697 138158957
781 1057 108528873
615 1117 96303351
1272 132 32338839
261 28 64094155
899 803 20149468
1413 37 153471221
387 176 139823408
325 555 105978647
751 306 54918616
940 561 5391198
63 1041 101223709
181 711 140471277
1261 1385 77321384
847 940 87969631
921 550 76225511
120 1403 44866131
1169 1014 68450687
1129 1081 159014817
66 152 55542664
1080 379 19721662
1049 1144 7403693
297 515 36627758
865 255 105618949
542 466 36110573
1181 319 23266179
12 729 61619741
1281 35 65417605
511 891 102137804
278 749 147098498
1179 1476 137453439
187 1008 15455551
48 387 63907806
873 497 73167028
969 671 49019802
597 118 55809781
196 502 36654986
1288 1451 137712787
341 35 8724804
524 1252 137562448
15 865 16990717
1474 495 161505786
789 207 148675903
1447 1418 64645083
1020 1207 144716488
17 1238 62880024
592 545 96177157
1313 249 139744396
1089 429 107014907
827 534 57658623
73 1030 53005841
1311 51 161499715
43 429 159812893
918 961 159620161
200 1406 126928734
179 690 110548826
574 1025 118080005
168 958 55728818
230 581 62340761
295 1177 118334972
227 263 99716582
712 1394 128729494
1031 584 102300956
1115 1187 151052446
690 416 143680080
1321 1437 44309954
133 1 17500748
1385 776 25140977
275 1034 93551340
115 1213 25910708
303 120 133779408
1373 1022 33296570
224 587 98406882
882 1292 144896085
681 652 31279862
1038 181 162149043
865 501 97573824
245 327 13359839
124 1071 163187913
66 978 107979076
231 417 55552004
336 422 50136861
832 1275 161859812
612 1146 97342406
1185 755 14494651
181 350 113752326
1088 695 134239740
697 19 2345998
854 360 13334690
879 1348 39303176
5 72 30177871
401 506 8223810
195 187 17026530
1452 1409 56102160
1049 900 107163612
150 148 38414916
1427 51 106823130
41 248 111811122
1494 441 13825063
495 837 141330384
393 534 156316296
62 574 140206215
986 673 123795319
419 948 11960892
1050 45 4076899
472 1211 63454890
199 603 124798817
1423 1243 57222713
383 1210 41390863
790 1252 124882347
149 259 57722007
167 64 26304235
1150 1205 73361814
755 808 142441465
1268 1481 92568006
811 666 159736688
10 1219 62741202
1249 393 43458549
1454 160 121079386
1342 105 57820136
1312 66 135101305
11 1304 43182844
822 430 126370898
124 1038 144756568
774 895 65794316
1064 913 16158162
1202 483 134305060
649 1231 50936616
1209 1095 25188880
1457 907 159925499
201 674 150945548
1257 1084 98358073
228 299 27056150
775 1025 139230556
352 1471 125332383
460 1321 68525970
544 161 76674501
306 367 6909245
139 713 151790783
1293 1417 112431136
239 427 115392303
836 552 53743719
698 551 143266523
76 1456 142953090
92 832 96439833
660 444 150461085
1338 919 25737237
871 5 3560495
61 38 120148471
622 576 136909606
637 81 144798145
511 768 151123922
1173 657 1588539
1165 1333 150888050
90 1125 65269693
238 12 131731350
404 836 109401739
328 986 98429854
7 1117 121200580
1487 524 92716335
540 179 128424670
509 635 112774743
180 764 17081502
716 573 88398526
669 488 146099479
126 1096 50329559
768 1441 60872958
1123 263 24011930
136 726 41837364
890 455 122568950
296 990 31017154
1052 191 88315974
697 167 158143923
282 142 90936478
1421 923 47003740
460 436 149190776
986 609 158024963
436 35 61822407
1286 1295 53357807
1400 1381 87863926
57 934 71724062
651 313 149994803
172 1314 99845833
1490 1074 104678770
744 163 114461868
1185 1325 58049126
990 1373 35686235
153 350 137136388
1169 1048 13134105
29 706 57577672
768 350 45647914
207 193 57747338
141 1336 11998458
213 684 22840820
804 603 34956144
1301 1397 137692753
113 4 16109986
1350 66 154737199
768 774 121285854
74 347 117150076
1089 153 110970567
1072 1336 77418970
135 415 159654821
1010 1376 78305207
265 673 47250138
179 768 52922993
73 1138 16899983
376 118 51975953
797 1281 88723987
777 202 116624674
1315 818 113165423
49 921 63141239
185 522 79573690
685 101 154355327
378 423 7367866
854 1361 39631388
602 422 145922748
436 877 150751079
769 1083 82917026
1103 638 46767047
1180 1244 1852490
938 38 19593651
546 1364 81469632
546 1201 112346452
1372 391 40956408
415 1085 33592522
344 288 91418743
754 430 72934312
196 549 70451436
496 101 7421766
640 1396 21461156
726 383 114312231
780 667 101431041
902 485 84815836
1045 590 35463924
1118 1069 21151643
1306 574 2253643
701 365 7475711
659 507 58924919
778 1182 51310762
593 1051 96947411
251 1498 26141380
241 1380 18558195
219 668 74733802
691 937 71623534
1428 854 23471915
39 1140 14665720
429 1287 153733444
476 287 162106443
1418 1219 149336238
795 929 35049266
420 1211 147199971
1101 804 104573845
1336 420 70774000
1054 62 99495650
182 461 118033964
1443 1208 132362650
1273 229 21966741
936 133 141933275
810 1021 87149048
1323 464 100158040
967 1290 40238504
1156 1374 160294168
18 837 56878139
1118 616 122993238
1168 718 128673483
301 1283 7146919
502 737 50643136
702 462 119505
1269 996 121714615
1349 998 107345620
1218 224 105700640
453 298 58351558
589 876 70719240
705 60 55826607
1089 1342 43015089
350 221 130591952
782 1005 92521783
34 1495 6450252
441 1313 47697460
584 828 66450295
1426 967 41367298
914 545 147160931
1387 307 97461888
1271 497 24576996
781 1229 159536244
1149 203 108830477
181 467 75747611
1143 1375 8532356
1105 36 126035861
701 890 124122871
1036 443 737377
812 418 162400104
833 344 4647874
217 619 96637695
1294 401 112389524
293 196 89219146
1484 84 125494704
1441 1303 126530219
264 462 47617013
886 155 154147702
207 334 35084823
1124 1483 90778659
651 446 62781609
844 1472 25627144
553 1260 134771637
644 1056 2753730
657 1296 152454298
489 310 6116451
1211 758 97506889
511 667 105250007
558 470 51973977
765 1171 90174571
271 718 65453966
1188 88 49144588
952 494 61550752
605 1395 109810403
428 768 107933269
908 1098 131384793
341 497 24587594
1335 660 115731171
116 1385 141680738
1332 5 87536900
1273 173 13592462
1053 503 51848592
1282 658 156105939
1216 32 82742644
1070 637 40435884
502 151 82193526
815 515 87410225
1229 26 114133895
1405 644 14263347
468 453 61777878
320 220 58451122
643 928 149620978
548 618 38243948
925 303 81724892
1492 1458 16915101
850 1471 46555141
599 1078 45907159
820 1339 80334101
435 1063 153342573
1395 417 71542574
1438 634 57724272
128 90 130131044
81 1354 76431557
1122 1182 52906875
777 1479 87535808
692 648 110817891
950 487 104536090
400 486 148107602
411 414 85371355
293 770 62685020
1221 427 45011852
762 320 144328496
1426 1299 88580980
118 429 144491318
261 1237 12474193
12 39 136092820
1352 862 49785665
848 63 61106958
1147 677 97155732
1100 1441 159058727
936 472 38092546
107 457 40746905
921 434 96401604
632 583 77101732
986 1174 68387564
1086 221 103247576
1313 155 12742402
864 586 15028671
1045 130 85334975
1036 160 101740356
10 680 124014155
513 734 82029961
1369 9 82036317
139 972 32186233
601 1397 139645629
526 280 94409509
1035 1248 63808935
164 557 138729544
739 63 81383146
474 571 96491514
512 1372 155033329
759 295 10940327
1392 467 114008786
975 1033 8227957
449 86 135084835
315 24 75739099
433 22 108088871
834 581 101442683
1485 411 141741049
1322 475 30772336
1446 1363 57367879
1219 683 145556462
450 6 149843026
478 144 57696580
17 1266 134632270
1424 1484 156515712
610 1068 32624243
601 471 57846567
77 1367 106907440
222 1214 130470699
660 876 40011369
153 562 161925174
1196 298 90180289
947 1321 102620147
118 752 29948739
1312 165 112777588
1148 1111 15120399
1010 748 110836025
643 1001 72523510
747 211 93055322
954 1236 57992267
12 900 87264484
502 543 84695158
911 589 150135094
514 1461 36211721
909 362 15172877
87 378 58849542
571 449 22362094
115 1411 14108667
178 414 137740874
1308 326 54722015
1488 58 160437010
829 527 59160158
161 1331 101147230
175 1117 56973043
9 1399 113149542
992 733 3908330
1039 142 132435529
744 558 37510693
302 591 18582186
1428 1419 31906421
1398 253 598951
863 118 50581903
657 1332 50011146
853 1365 94424377
897 1031 148077896
1219 169 16651336
920 396 56722224
755 690 151187301
733 102 160985239
440 170 11352552
1074 954 49185902
901 177 102641881
998 377 39870268
750 799 61533010
665 1297 133173176
1143 1278 27941856
1477 980 19006152
648 929 45113148
1256 1246 104626493
680 883 132962354
706 1130 29759169
330 153 23948354
114 220 107757718
910 64 73699365
646 1416 139520695
727 59 127671962
1136 641 123198584
1006 64 63815851
1130 980 41286225
869 395 31635632
1402 1404 134715213
181 436 115639898
128 1489 4243727
1003 594 73984198
1112 770 141837951
902 220 61203602
939 1113 79454218
1071 1433 13603001
904 965 159077698
76 670 49841221
902 162 111356429
420 443 118680575
295 1258 40824874
324 801 13301486
118 1259 67372779
401 442 141513479
872 420 141722665
410 168 63815045
362 209 126604725
1065 976 79050070
1368 353 84738351
763 115 153370120
521 1322 26832488
433 109 42859662
1477 493 18907896
986 692 66935659
626 1455 156436189
658 463 15242717
440 545 107479271
1478 82 99116685
51 1108 138191447
17 988 105369917
68 1053 19929922
1445 926 147266992
457 565 98764044
1149 1081 7765103
427 393 11565281
599 286 60064733
668 1154 92543248
999 648 113741961
1047 682 3683304
1015 414 32899789
1331 112 121182233
222 151 143171957
972 267 122801057
529 462 95707183
244 357 54941495
480 1350 139641938
1193 1496 107424407
1192 1255 83046176
693 1033 55532099
186 1176 143423985
89 317 84168803
557 1324 115143716
888 1445 21853782
1167 786 76215011
678 312 102090552
921 1328 104580014
1302 632 69554194
981 1196 6505158
1264 961 44174384
1031 899 41549718
67 1308 124746192
1413 1230 108238465
1330 699 82659188
1330 892 143569443
1235 1409 58713434
1002 179 77164677
953 1009 88414554
374 17 10154855
946 412 89874769
155 978 107052678
1267 649 90625209
1242 409 4092752
245 303 31548197
930 64 123344195
1283 1273 135547306
513 587 114544632
1116 305 48194823
364 40 16857728
523 814 50602688
449 1438 15392406
606 469 109996991
59 914 99823407
1032 1379 23010220
572 106 49170892
250 1392 69954964
1156 271 40416550
476 1206 91135270
112 1394 120600602
71 1328 23165070
158 476 69879908
1254 1234 62421792
1312 1361 77182066
145 633 21239098
639 925 101867943
35 933 149360673
1255 323 150770413
394 1195 90407257
526 621 49762506
174 1491 133167747
1273 1347 143588667
1223 1152 96952640
879 834 68872837
728 766 44448854
714 1175 146156157
201 337 128897816
95 1271 65961565
752 280 139580523
400 696 72554661
1376 667 46540248
1063 827 18316633
917 100 11449183
39 550 114293926
459 842 77201323
1077 1485 24849253
480 1397 36455180
1115 433 37288053
1019 107 112029309
1118 941 93495360
1071 1176 146020913
585 1072 91537848
1109 877 39012610
1450 105 1522747
32 1192 114992690
671 566 122737758
498 500 29332411
973 375 64243168
1193 1392 105405923
1088 626 134912925
190 553 161645712
1091 841 140318673
146 1142 119537692
707 1309 115191157
891 1414 137349527
538 149 18942099
1410 444 97729969
454 1283 32276343
632 845 60289120
1393 159 16489422
1429 1355 30186078
1411 45 53529827
1367 110 29285697
1139 1144 14265948
211 277 83315874
1241 869 156368026
640 976 27212660
399 1370 134093130
1360 307 10675972
1420 78 21184032
1279 1222 117586782
479 1110 116613640
1322 991 111159820
1217 1332 64160800
790 511 159452522
76 1157 61448574
648 86 88286070
1224 641 16002067
847 240 17655665
390 884 59080577
191 695 124503978
298 180 10790714
1449 919 136848893
1265 702 157748313
857 691 163344679
903 570 161383688
104 846 30934787
525 856 62856686
82 54 107538775
285 482 129905301
225 749 65383953
790 885 146629616
1137 314 132107993
617 65 145146010
443 128 145242066
970 361 18860862
449 1373 93652483
268 314 121325576
528 205 24239386
785 1280 102992925
481 1279 115494037
1188 570 86419161
329 900 139372569
31 800 776107
191 688 56369229
790 542 108659403
1028 702 150295705
1298 1124 127209481
794 1256 137099882
877 1275 105556591
78 418 79256155
537 1419 16843373
1300 987 157852683
220 736 29368445
1404 1381 72577054
1090 1238 67308998
1416 1221 46779140
1099 1417 55101733
181 162 89229631
1376 1247 66463881
1084 317 20695031
1333 409 123664331
397 255 95944540
267 305 156576492
1004 420 134759340
144 427 13009657
836 1121 33756680
166 947 18198350
123 1152 38841303
1318 1333 42022430
1076 203 107820008
711 606 148863488
8 737 43925288
713 1027 140824194
384 524 108726303
465 898 51720209
1109 1204 83149410
799 1432 130909250
1151 601 106762526
1408 1381 101813339
492 273 125435079
579 188 122404561
852 1184 92981480
737 125 158910967
837 453 5704028
1102 1400 33115328
205 992 153371248
219 490 87020659
277 393 88727209
1123 207 103158873
511 988 78187497
432 1274 95882363
982 924 156779463
1314 756 3368561
252 1082 79304205
210 1313 33223616
121 1404 119227252
236 1 63789626
1174 658 5349366
1385 928 55279438
568 492 53249095
978 1457 6401845
907 1034 92549543
1462 411 134861752
1498 1411 18516048
279 740 73101495
1158 179 137165203
1320 1321 33472534
1012 863 94615298
929 331 88168846
346 373 6187415
896 1031 106438956
1096 1236 81512323
1059 739 78772704
444 270 75194342
661 871 36952203
1043 1059 44671005
544 772 64617320
999 918 131167195
855 1283 75385680
439 857 150034717
644 1372 92098898
394 913 49144244
1328 1226 24510979
800 1219 19303967
648 560 147480758
1324 462 8059920
640 318 152354508
711 568 101850182
701 75 32082223
404 798 69256150
424 1003 22896663
288 194 102288949
760 497 25750665
867 164 145613210
3 861 16485381
919 99 70974107
737 1177 51723162
260 700 78325915
5 149 27150306
1036 192 15833513
756 1253 70040143
1356 901 87778742
1017 475 121892214
392 626 23954319
146 725 116821484
878 991 136089210
1379 432 162059804
232 424 41066530
970 196 8813781
1274 1211 141328637
117 783 144099349
1185 1062 79957101
1477 103 10241141
522 1407 101376806
724 690 97070892
351 434 55511616
738 424 18950184
167 1472 104371906
41 188 86837259
353 1233 150361084
229 834 29512808
587 352 24351202
1482 85 158602871
1466 51 6972697
108 1191 47749540
113 33 99090717
707 308 162153207
1121 254 22794108
363 78 95007615
103 449 49327154
185 1392 81344920
1060 685 1877655
777 1482 73582193
1383 277 159838992
709 627 72665777
707 1189 23622753
1134 1211 162684463
1187 749 130722793
964 583 153332106
785 921 140607006
1445 1381 70475270
310 24 97063703
477 132 26958898
34 1373 141483488
121 403 149710095
866 234 38460131
1199 220 129761742
1302 250 116337699
358 484 161639359
1444 284 53437384
1089 96 56047262
1046 95 150255311
856 197 85800971
978 142 114360677
771 1327 71134133
968 480 27653217
1068 264 161905914
1311 214 112058942
1181 972 37999090
684 1338 28441284
754 1077 127467287
1029 504 58158584
959 2 58919155
1075 134 148629017
1110 464 69717254
640 400 43726953
588 69 43293153
612 946 105003719
168 825 43757596
906 350 16054443
242 1381 125077793
447 609 91318356
662 979 102072795
505 1121 139656704
971 824 141204827
1166 1038 135154463
19 168 84112645
1138 1191 34253513
686 1386 8847313
1029 153 22022265
786 160 148483765
732 432 119849450
973 970 144268750
1295 25 75235552
216 1334 93833170
1309 1073 3058353
1477 1132 33775521
1033 918 145211838
1122 890 72607532
389 936 81075394
332 1247 126264983
134 986 75821736
391 30 135361068
705 654 13663147
39 626 31734716
1093 1299 6245567
378 218 47762350
817 1296 153150403
1436 1185 44096981
1465 1446 145959844
529 710 84465214
1096 1362 142159798
834 408 76572163
253 1346 77695548
460 593 95661537
950 989 129110659
1463 1373 128336904
978 39 152529603
400 68 141247720
445 1198 20061619
1243 1467 8980933
1481 404 45097988
556 886 35821714
917 154 154846928
589 458 60123540
1442 57 2248366
300 1185 134613865
157 885 142006364
482 1485 38929123
1285 187 55858154
367 153 43394638
163 554 51392993
1115 771 28468892
274 55 146499847
1094 35 26779714
731 690 96050335
1233 155 85567765
1187 1300 58568223
1443 495 95585719
368 1145 29591110
1008 70 112838645
438 480 13609131
1118 1453 69506909
448 127 93081179
166 1284 137269720
372 1384 24234719
99 491 97957904
955 764 97121157
164 1058 122624201
884 649 103954911
201 694 2373206
76 295 47559622
600 1484 90173666
963 569 69195109
138 47 73847911
1459 1220 98309470
1338 1077 120984855
490 839 120439355
654 382 8353531
88 530 33743282
86 898 118609645
294 536 9141362
218 1324 12037503
210 1384 151510598
82 1291 107501168
664 329 159241460
997 123 108406585
276 1279 117447834
1498 768 151089663
20 691 3408275
1029 289 132420758
462 728 90113469
1251 1455 43352542
603 779 78504651
1153 924 147210667
1083 881 22661993
56 705 103305716
309 678 29243170
1326 668 15177535
722 1170 66606980
680 698 140725485
1173 171 11957978
1233 1162 74027892
298 816 96972652
901 935 78525800
546 480 58542525
1031 1429 84022776
912 1456 115650511
420 476 109415501
715 77 4087144
648 574 99169019
1177 1089 20547604
177 1106 122070345
165 357 140678980
1280 354 53617070
459 439 144653443
153 7 3457026
840 24 27302557
631 885 150951290
864 1433 94916568
519 900 57723855
1020 692 151897631
35 704 126080698
532 735 92783075
626 1087 59538902
426 429 133766234
690 897 110471265
246 613 145182993
771 206 32556314
218 607 130313899
640 467 137596671
1177 479 140141794
94 271 149453086
1254 811 110213032
717 153 8673613
256 1336 10999105
310 983 17092828
598 1338 108898218
1004 1345 118613039
931 101 71530892
358 1160 7449266
963 837 60074745
299 1488 87495265
719 1428 70153443
366 1330 7651415
259 419 138292222
1496 1013 8028822
140 1135 77434980
2 1038 92029523
217 1045 21177458
426 777 9424034
479 553 79012894
394 367 10520168
388 714 37274458
967 824 122630890
754 1124 25215682
1002 377 81129744
39 1089 135635273
1357 1371 114289424
508 1271 13869487
1452 517 145038045
1089 1118 341553
291 1460 85352981
246 400 82783280
271 413 156632523
1024 386 86578153
12 26 86828820
63 1159 131721987
1413 395 19410838
436 596 56804165
422 159 18639337
1493 97 57606844
82 460 161364565
168 1476 160694949
683 1000 77060888
1271 705 94777110
869 55 118902479
1343 673 22590350
759 984 50029793
1117 13 18663013
184 768 114704638
1067 186 108520055
67 1006 80341121
962 623 112289720
119 24 45180163
1312 399 14193078
263 1317 97033828
859 1136 141472109
767 813 108813444
371 515 100750804
1026 1078 62434210
137 157 1568510
380 87 122880187
680 989 36097747
898 1215 47725124
703 1041 142103933
114 1220 63038906
1470 1372 132577498
516 866 156266736
891 915 147594097
533 774 63221927
679 1425 124481977
860 986 123635223
876 1077 5750664
1253 616 154303346
1299 535 141586056
1037 39 56157452
1298 887 64103061
311 866 104049091
599 629 23783373
774 807 12249494
1422 57 140469056
836 651 73796296
625 682 127884083
250 1310 135918307
1209 976 158317561
233 628 57336162
153 420 131350114
744 835 80432300
176 356 159538373
846 1200 84237991
221 1365 142364630
520 1001 12017232
66 1311 94206870
555 896 147894823
395 386 77906251
669 352 35276270
212 134 120651662
483 1117 58176200
1406 767 118910457
83 496 81703560
1381 1250 110172791
432 1330 162076808
453 153 96544801
1044 415 58955016
1216 1431 61895984
683 856 154634908
513 920 124194680
1088 1115 68953195
732 614 156292711
53 792 142576070
841 288 105973363
407 411 97815744
1078 118 52030515
973 36 4078382
880 129 76390346
260 377 2660268
1388 1096 109695790
582 683 76878604
1122 153 113890842
329 993 77428477
1404 643 40082745
1392 923 7273266
531 715 130336863
1322 425 96179680
208 98 122355908
65 770 155179580
117 991 93639816
1317 944 39814645
676 756 65586595
452 785 9805711
1461 475 28267422
111 614 1538512
483 927 47085401
1417 1418 143988592
518 1117 3988660
1304 1280 18459377
1477 905 2095466
1107 1227 58620840
1263 1438 84880119
484 1164 90597963
105 685 132276234
1305 705 103679461
1062 1473 136155030
722 18 139324828
1394 1401 59192447
1317 1122 138993386
1415 1478 114177619
465 501 3986702
642 1148 132551092
579 348 153262547
777 112 31935379
84 637 71199652
1127 1154 149626653
1385 176 117931894
730 683 128663578
889 937 131413794
1276 1302 60501556
1297 731 155626851
24 420 12353588
1081 650 42405682
1248 1428 160518486
804 1282 86807556
1113 55 130028848
314 359 21060844
406 320 49384285
1233 880 142919198
398 73 121988693
1351 416 90887678
812 663 84165126
1377 335 107198761
1211 1295 73494516
1319 7 28799945
281 873 14034220
843 944 137548545
668 1198 125737776
179 814 132539739
546 687 156312264
158 805 59644560
257 50 85732918
378 826 108662776
467 986 152785111
1131 1176 157439488
1152 695 132730399
892 402 9783064
395 428 132279250
564 486 123803984
624 908 16266030
877 247 39205320
100 124 107720461
811 24 51357447
1088 1066 74894581
985 1425 52254668
1082 790 99689320
991 294 5413005
519 630 130553318
838 570 103332873
451 50 131373867
662 1143 115646638
173 810 47475479
1366 1162 28735245
866 183 35574216
637 91 77201759
658 962 71445991
28 666 30772290
799 432 160191944
1107 607 37577823
215 1458 43852079
695 73 105568534
473 862 31928518
183 1171 26717307
13 93 131314101
1002 874 110364167
258 404 25434203
79 910 128938814
281 647 94580711
143 868 98038952
1023 404 44050395
1326 498 98586144
172 1114 75345930
27 949 86994217
1396 960 3074506
760 1133 26870371
1150 578 83626026
819 1245 102516604
28 956 10617616
529 131 21093930
615 851 93831433
901 942 65584300
1444 1397 151892187
1500 1080 39573397
84 1440 46060506
156 1373 78178193
1422 1464 26264574
164 182 8982821
1181 635 2061665
338 548 24690109
174 1307 56935457
1111 148 72420420
153 744 68369837
1457 914 152347791
179 201 101297910
931 791 62097251
1337 43 115768203
711 1277 25260660
427 267 117872209
431 783 3927258
1094 53 75746602
27 873 114371130
720 588 71085025
940 1037 33354651
511 224 80074954
291 739 20317514
796 860 58012322
219 821 99796790
567 876 83549368
1193 198 154922665
462 754 82479637
28 672 70515520
44 1197 7133967
401 449 126954280
269 1140 10185385
1171 386 4404886
309 754 129032121
1316 1289 8937858
177 1469 11542491
1141 1270 71745258
859 1083 51809104
511 41 105377331
589 977 96404994
841 945 20886668
1055 144 54762970
904 66 44768112
862 293 116209560
742 91 43759914
283 1012 92663139
85 1359 132070864
608 256 45029834
721 100 61417024
753 1477 130877098
1388 1172 89147307
572 1312 38258566
1115 437 62599422
829 480 151840563
456 515 74675924
342 294 10602543
793 1140 36438195
947 219 51965548
922 1044 86731126
1273 697 80066504
1128 127 7795863
121 1292 80740323
539 732 147818237
140 1468 141102018
757 455 82197781
128 723 73089467
972 709 4411883
181 643 86919924
1376 448 82984226
173 1197 100157741
626 1016 13722269
1458 1045 89998121
495 1371 16566349
65 1163 103165475
42 774 42586239
139 204 125417442
578 40 13701610
914 262 113823140
87 784 102149576
951 1449 13334063
1344 49 72324451
121 143 16448508
697 1149 1004704
1169 237 65510664
802 1458 83151548
105 147 139461966
163 655 36756617
1007 396 52315040
1225 863 49107233
128 317 105643238
677 295 2780733
1448 1199 160616950
788 547 113662641
1014 903 35575290
697 836 129141266
986 967 155779735
626 462 118737261
998 381 83008480
462 1145 123020844
620 850 48462045
1271 1003 19934173
507 354 144168114
229 216 143481589
636 781 10131910
1469 652 110172118
57 643 12230734
1287 901 99966652
146 525 75724303
651 1382 93543544
1248 773 162257323
707 1239 79505594
511 1315 90417268
515 68 10217781
443 405 158597575
686 989 83982646
174 251 15267186
580 568 143154236
36 16 153002617
633 603 29768459
1326 1389 5076443
272 873 66391703
299 1244 74740755
1120 584 105473594
1457 346 16593368
374 369 36047720
77 7 163278537
656 1157 95857606
755 333 84626549
604 171 14301100
409 572 43697262
587 894 360102
121 1042 150558531
1430 1302 131554316
517 909 154031437
735 1042 51392484
148 943 156786380
1377 588 96121739
823 250 91146283
902 1189 108182707
575 613 161834191
852 271 162828071
32 809 81994238
478 33 18638799
999 6 157084478
115 1005 13336030
307 1089 139061716
40 995 118383977
858 937 24260721
1229 457 38789279
801 899 136789071
808 1278 161946268
1037 74 125397479
1011 644 137655223
1301 1500 135985966
1186 774 90380196
853 316 34852121
356 1190 59625470
1161 692 160998509
1194 1140 24357368
570 1216 150908065
350 231 54061226
1212 373 46839045
761 312 26357368
673 1244 57812861
1497 320 154499978
1450 996 9598595
377 120 26733580
957 849 61437710
114 916 5189670
1053 611 40612070
1339 1477 74768479
1468 1158 52171725
78 266 84017391
1277 223 100798520
1038 122 104245585
726 736 112711342
541 196 63493293
1336 1451 84358223
1396 52 132126563
803 349 146676312
181 612 151354019
1236 304 141345233
550 294 68412280
1061 527 102840932
906 671 50963387
906 1341 29376173
1291 745 63212101
577 1080 30333204
185 510 70232528
472 1285 116800838
447 358 74807787
138 460 77372478
1205 1097 91483389
189 1193 114236464
1085 253 48767330
1343 1358 157134529
422 1144 6983272
985 23 22195033
1169 559 79624363
954 861 75667868
928 1203 71458964
1362 682 48914958
1216 716 46665398
1257 1369 14999296
453 637 99488258
563 1133 88977177
15 740 131782630
97 237 19303145
849 222 40481237
1289 658 157823933
208 259 72039846
741 1055 155972346
520 591 84834276
362 350 83256322
314 367 22832831
663 825 132401374
1228 987 139822689
440 1380 27368584
626 570 40561696
679 677 108083790
339 921 49146161
1434 981 119530568
1352 645 10574870
1270 1122 66814763
1299 1040 81404966
713 870 41274978
1226 1486 7483126
1098 1411 83328161
793 226 129624277
692 653 137557838
45 1178 118782782
1439 777 79019928
1372 1392 106392190
1390 438 11607156
767 570 56911425
543 857 99289253
1103 696 83448005
1122 50 131259137
477 295 89109483
179 385 15816644
1059 649 1258311
291 420 22134345
986 794 28974907
343 1109 139210218
809 499 60405596
1480 143 10663924
217 478 21147484
322 1034 141587737
966 601 147063668
1329 675 40178133
1177 144 112287283
1257 1092 123648966
480 714 112986016
67 689 111425770
901 994 128164337
1475 1476 106805195
1156 1377 119945340
1147 235 13648353
743 853 79736194
590 355 70823641
340 901 128074701
859 746 71985030
788 312 7321223
1467 1332 44927604
1014 1340 163377282
290 997 139887718
3 321 35927903
974 315 105698174
695 1499 137765568
167 1332 87889496
209 831 82794925
421 229 17229613
1321 548 148427164
875 307 119104890
133 576 160370789
897 1245 40554544
1183 658 136194000
708 1433 113209860
616 932 61349548

1500 336 90538225
154 247 13296688
1118 566 19463227
133 1484 24739046
1455 505 14344188
848 1407 12785417
814 540 20116261
1362 991 15511461
823 1233 17385777
233 1459 25017713
1319 824 27362172
291 1008 25140765
43 1382 9239654
8 1341 22686096
996 280 17458105
156 530 6448260
1298 953 16971318
1207 1095 11416416
965 631 18864347
765 438 11424510
1074 230 21748513
98 1136 5574351
5 258 7795337
1208 60 28168726
1388 786 26993227
1206 252 11229172
242 347 8301203
1443 1054 11763593
1199 1424 23359516
481 589 27550863
1417 781 14876992
524 1174 14779918
1332 1071 10658058
753 263 22985449
159 339 19198506
500 226 5383433
1070 1216 27605789
435 426 25578275
886 367 17393119
1142 997 5395724
47 911 11492920
1108 740 19903350
169 807 8180563
61 247 9623814
1399 84 2702479
376 1308 18292344
1437 1103 21305544
156 733 27797811
1283 250 24057607
836 1185 10898935
1116 1397 19500966
472 393 5776530
972 30 10348587
1332 1253 19813681
895 110 25901337
850 306 6432038
1034 1489 23742451
951 887 17308701
799 1446 8502162
298 992 17071387
291 1494 4407097
40 145 28340097
406 694 11335670
410 1387 14212086
549 569 23650619
727 185 13702897
1117 17 22768070
828 172 16589056
1222 927 5651306
693 1064 15194674
1130 577 8589383
600 289 21253608
536 169 6549856
833 1366 30033283
1091 643 25967345
962 721 29079228
394 248 21116641
1025 1466 27643643
86 1493 16447000
315 599 6506061
940 1274 8696294
1063 611 1629524
1176 711 8573902
343 909 9711464
944 662 20281292
20 382 23343998
1404 689 17591981
438 76 24428082
615 318 29628083
1276 1475 27412933
1188 1132 289200
868 1421 3308294
1353 355 29160973
586 163 28372162
1076 185 20465571
511 881 3072308
753 776 29975356
1418 541 24794341
1378 1340 7400449
1364 345 20409140
894 863 15772457
312 1005 27808410
616 1192 2789855
1096 1364 13884125
317 11 6836320
702 138 14518040
200 1195 17256018
978 157 16010221
1474 954 8792738
1158 423 14122591
672 156 10107394
1071 596 17690511
635 664 24721628
441 1409 10755138
170 1333 5903022
645 824 24314209
1338 31 17343433
1240 1330 12932320
1308 1273 3380891
1309 67 25658110
693 803 15591957
1453 1445 24983161
676 197 21346067
266 422 3352691
817 1297 3441379
451 699 12751916
1263 1129 1892099
1402 1271 2567543
1443 716 12194025
515 287 19219133
186 876 27383317
512 30 27064818
288 156 16808511
892 590 4043107
1152 1325 432664
1171 733 10223433
5 536 5307924
1210 427 11266896
1077 952 3539223
1347 1011 28089144
1353 4 25445618
215 191 16000294
1384 1032 447686
501 1146 19245939
694 152 13676898
1128 103 13431529
627 187 20539361
46 816 1775985
1479 189 19710865
514 146 25783743
433 1040 9236873
752 1090 24983585
549 1283 21967441
158 181 4218849
1044 874 1376004
947 1130 29509928
715 425 29086615
401 196 6232268
426 405 7380036
226 649 16313394
849 204 3460548
742 1204 17137058
1229 1373 22004288
696 956 1389690
1006 1169 2161075
1185 1482 23026381
101 275 21132276
282 859 6404416
970 1212 18642363
133 344 14909003
218 305 27729724
66 971 8728953
986 467 98578
561 1084 27533336
609 1221 16478174
38 775 20385698
1376 507 10238668
1411 912 6325662
1122 317 19588207
1214 162 13672316
921 200 9801105
576 1385 9287568
106 953 22680621
4 398 6889715
523 1161 17058628
777 1055 23579276
977 1421 6953233
1306 403 9962193
780 731 9179174
50 471 12544131
973 721 1428329
668 198 20850088
468 1180 16670519
88 331 29644397
777 1062 17333516
25 1285 22654989
1244 1007 7818444
115 998 7341087
1156 1288 6824418
718 611 19796622
126 719 29273871
679 1414 8293237
98 1262 8551468
239 621 22972046
353 43 29945773
371 1498 8034694
1413 200 29161602
221 1320 46761
123 289 28251225
1014 1297 25370712
396 1401 4161168
421 1176 23077580
1476 1298 24821170
885 1285 7284588
1494 1193 24064210
530 937 21400550
1365 474 25416507
623 1168 28293205
1084 1340 7295917
1109 542 25044049
1278 1126 6236770
794 146 4851646
560 1060 4787491
98 439 1646241
1484 22 28026385
642 731 4618612
1391 1012 749797
1017 862 17272713
1120 1015 10977250
1030 301 15284573
1283 256 16545762
1367 1087 15455047
893 753 5541662
1444 1267 14412650
340 171 3448234
607 1152 17129451
444 82 17333183
406 403 4286308
1157 1408 13059831
1230 353 119554
533 231 4410958
408 240 1829145
22 1015 8970720
1406 1217 3997276
1433 51 11797015
600 800 24538204
1409 1053 7752677
774 106 4922772
575 1111 22322983
1112 1434 2180131
375 337 18015523
1365 59 24671693
1409 573 5643889
1290 1297 1827754
754 279 7352574
1029 984 1830196
502 806 8579195
422 265 19173423
692 198 20508261
1464 954 1223026
400 1261 7440748
638 648 24552168
497 625 2070227
504 676 15820408
1337 496 23527899
1478 1383 15580858
348 856 5488953
479 219 11401109
752 847 25961339
625 177 15398544
71 464 29390798
1064 213 7386091
753 152 12004703
96 170 29788590
1217 674 4968702
886 808 10427885
1166 532 14266946
1057 1093 17846444
496 1457 3583127
940 1296 26856341
607 744 7862606
1093 1005 7410456
244 988 17308401
73 97 20454074
1052 1279 76495
886 1087 1623810
546 573 25894658
1384 1051 9714445
500 156 10598926
1420 665 7236428
1412 478 15373827
127 802 24696695
884 299 26491602
853 74 4128728
50 458 14887473
1184 1498 5887011
168 730 10064796
1336 1095 27285574
793 953 9770373
266 1294 14146492
1323 25 27352427
484 509 14181492
1495 1016 9770148
685 871 29932926
212 1227 6313087
542 1128 3409641
1184 946 28880482
495 948 27924445
492 943 20706525
1075 214 415278
566 181 22217662
632 115 9678930
872 1358 1083095
594 249 16289101
351 1483 16633846
1417 1295 23587580
162 543 13050681
811 1309 4639365
438 1131 13719239
282 127 25977061
252 661 15434930
1313 12 28205511
548 1278 20846568
296 223 25509156
76 434 4470371
1053 626 19246539
96 1350 10201399
823 814 8348173
552 1080 20039216
956 1174 7235153
1317 23 28754368
40 337 1520794
1335 387 28272573
359 601 4129674
1471 1112 20864866
1219 184 22381824
559 130 8627884
580 941 25456039
1314 208 8023941
964 960 3668866
643 1403 21626873
400 883 1401412
951 1227 8552999
1384 995 5723476
785 807 4859706
691 1164 15368905
586 115 28811790
1365 672 5448686
202 624 4346255
227 504 20609089
1438 1483 2467977
950 1447 23678230
1416 629 4437068
865 1165 4954308
1011 619 18524827
308 716 7303639
873 1441 27106114
1357 489 9112877
495 682 11632402
845 182 29577174
1468 1213 15835663
78 397 22508191
1351 1475 5379794
1301 766 5455736
572 1241 14871386
938 1376 3800031
1339 1177 2032672
386 1396 25448582
887 480 28815120
1112 336 21628617
103 1021 18898624
953 418 5722735
429 1043 24938053
244 430 6127089
311 531 21463660
1291 1361 6349410
400 103 27309320
1148 232 20303006
1169 660 16319998
412 1363 11223190
522 260 22463632
1023 87 27362444
1208 760 1174921
502 161 21065609
271 816 13418003
922 231 13397603
846 1177 6771113
1135 1059 25581559
561 1115 17892054
325 166 23747465
684 558 25903159
1120 1394 23632834
1499 548 3882341
692 797 15088912
292 765 17612504
1211 1050 27813871
1480 70 19594383
188 242 28778886
1265 291 7827579
399 1258 3078723
241 1328 16130371
1449 1363 7009979
900 1189 7906664
424 1369 16176444
1298 956 6999524
193 1020 3828752
372 108 23536307
968 436 10706486
662 348 14410926
1240 919 2613752
113 688 5315752
246 591 13181919
454 616 5666833
905 225 23559123
1281 1170 22148733
1298 252 8836448
937 85 22911296
201 273 16969618
1462 412 10943671
1340 489 20734649
147 1406 17278497
379 934 27687051
1173 570 9696096
865 1432 6559983
556 1465 23976597
54 471 26891697
779 641 17092619
591 606 5062901
253 528 18297150
1041 1254 2512762
901 611 17393642
878 37 22543622
702 507 3472370
1280 653 7399849
964 330 25925235
661 634 25710280
1472 1500 15273792
656 1145 4930505
1139 399 21923343
892 1092 9484960
4 707 6738580
203 115 28401777
1174 1459 18503152
1019 590 22725379
1310 217 9338438
508 509 24705830
379 13 26951896
1359 390 26189915
1196 568 4940729
1009 1374 5984757
447 91 5231964
1388 591 21727144
889 906 26009114
1495 890 1362719
746 1368 16642208
297 801 17077963
1256 516 19652110
1260 962 11186101
1148 1367 6062780
10 1135 22766264
869 589 25609337
623 1246 13126381
882 980 27992522
229 1067 17898450
387 830 12485429
880 656 29417255
945 699 18650196
1232 1304 28300737
159 523 7180369
334 373 8430084
882 581 21810264
1251 983 20478000
956 1118 9580714
1002 761 20208720
397 144 25598710
1360 823 23844934
1029 1018 7532890
1475 697 12675778
1156 137 13545919
510 1216 17235585
725 797 23404341
80 75 12859754
1287 667 24154050
1463 861 29171858
211 648 15625426
26 120 6117768
73 305 11596382
174 853 16849788
1496 1325 24845637
487 796 12284556
838 1174 26810887
457 605 9304402
25 392 28468737
872 1426 27312672
216 1120 10929501
1263 259 13309090
544 295 20321454
1396 723 29515219
1272 671 5606786
372 67 24296574
861 288 19273120
566 1250 7527568
495 1163 26624542
563 974 6102034
493 180 27496663
479 17 23722804
498 928 4176391
460 342 25219946
182 872 3414735
64 1237 24356624
905 473 24857066
34 28 5631140
1212 863 14252228
865 726 8885078
790 1111 3442880
1197 66 26959097
1101 720 1857397
246 798 12487066
500 590 12278917
180 751 9381008
704 893 28500202
1461 89 21815293
1447 1385 20776486
779 127 15342127
377 899 17451803
565 803 20482836
873 1001 12730030
427 174 2721782
1220 386 16094486
934 860 28087148
1311 999 10129266
1209 1166 3885185
672 744 21806272
1114 524 5943417
973 1066 20796210
1102 536 2998684
438 598 9673171
578 865 25417308
386 1069 10516783
562 445 6587197
1015 1392 2095976
738 131 16350014
1264 1088 24544811
527 831 28194232
1008 1302 26404843
799 274 26923812
757 1056 12569458
1085 109 11147970
810 517 22589087
899 506 1161900
404 890 23057734
1346 391 15679141
1130 890 20810426
782 1014 25271649
974 750 1126364
522 1320 28177831
613 986 15828967
242 1400 24821369
1104 823 14398613
538 476 19752647
94 186 20788035
988 1372 16915604
1102 1284 20518987
605 1204 7585335
346 310 29355
1237 1127 12264858
1247 1324 23261767
209 1178 27113421
1019 981 27015245
1481 1047 17113625
904 74 23527566
866 329 26630183
619 119 14640368
1159 472 25572793
1493 79 24644930
1241 1342 6934100
956 30 9408083
189 223 7191077
126 342 29507805
120 327 6227959
895 449 15378673
933 919 16295082
422 848 15712875
465 927 9652703
633 398 7532756
316 28 17328983
1286 201 17049616
714 1327 9124087
179 1308 21775189
1100 1204 28298095
148 1444 29403997
52 423 27787864
300 1491 23282877
1206 1147 18918483
1062 528 275047
929 282 6357473
910 176 7193318
1473 1136 2520464
496 360 21052899
1312 753 27967201
1024 375 13595105
1034 1455 12981436
1286 1160 12305363
503 152 10147643
686 1089 17352485
1259 1292 11018022
629 622 16373162
1168 281 28529552
840 370 11053175
1350 408 14145753
1036 463 17347441
219 459 29948901
35 405 904278
417 1093 19303243
1190 1447 8577351
756 1371 20382119
961 761 10192530
450 898 5877865
1201 907 11818063
121 1124 15924874
513 1270 9624584
1415 69 4205858
196 33 28222597
1500 1279 10742931
349 972 15804558
1326 788 4361644
652 1011 24868761
647 86 5899441
572 656 7427746
837 1111 16762308
486 35 24315226
1206 618 24359593
827 887 4869139
1389 1098 9098149
905 711 3120562
755 1029 24474469
708 1314 12181137
1381 1060 11872202
201 1035 25132327
843 1405 24861915
669 435 29796563
161 234 29198850
378 205 3478917
53 589 19682251
1483 1440 8521991
119 842 16263410
743 605 25897628
667 1449 25364051
357 65 14016494
424 722 13136742
1381 1083 13790919
1091 1036 28888863
324 1321 3655268
807 1154 25019530
547 916 29753302
420 906 20503861
1174 475 4484551
527 695 26810288
1056 523 28949131
195 653 15952195
717 985 17909666
957 1369 13081305
866 1479 28897018
1334 224 1470296
791 964 17001051
872 755 4510490
419 1293 20136791
1408 477 24041006
518 1429 27652389
896 912 18663440
916 1142 17748665
640 949 11869407
1127 1076 1892193
165 1178 17733624
1178 418 20090824
869 782 15266198
189 1484 22528227
338 588 11036060
833 1298 17275290
958 997 24327942
1411 1248 15465437
1410 945 5013886
32 930 17042495
471 675 21713879
1448 979 21862718
715 1302 7978645
990 307 345613
1202 352 23398194
832 1097 16031087
489 315 21156619
1280 472 6202910
1068 994 23679726
358 362 8724213
262 1089 16223357
160 919 1477581
102 298 17255349
411 38 8141090
1212 889 19166600
570 204 737273
761 573 17961160
19 418 11306505
853 991 4291037
134 190 26909938
1229 1062 25279470
1422 184 17622619
66 789 9935796
1058 406 26478462
408 1405 5614457
886 305 5887807
33 721 17230783
226 91 8331043
1064 1094 9141883
590 930 2104422
1384 1268 20424174
677 559 1513265
131 552 26776823
1467 599 1196291
1275 1006 28682919
1492 753 25847956
258 1352 24749301
1365 870 27816483
562 516 19276110
1086 249 845283
1023 1425 20461402
708 203 22252958
1409 491 3083139
149 661 2805003
14 1181 6957192
751 675 14931954
925 1203 1421330
936 593 10098689
1344 1360 10750879
141 129 11960865
1335 359 9585337
366 403 25197693
1274 1070 415394
416 81 17778924
862 787 4040583
622 1026 24730001
608 855 5336734
1147 220 2751739
11 1409 10337719
694 979 18961130
1136 120 2707065
745 1374 17080552
858 748 26511679
450 551 18315178
1245 475 18566372
679 7 1016496
70 1269 27748466
61 59 7430160
562 522 6670031
1069 399 121130
1013 679 22478653
1049 667 26144074
149 888 20539462
1492 224 13335372
778 708 27988066
204 539 6637900
753 1100 9546963
243 303 7622400
72 743 8704290
1408 706 4111217
483 354 19207222
918 448 15255287
1121 810 9985593
407 1155 27769632
228 908 20985075
954 880 7660267
309 1105 4839059
654 62 28169866
1233 975 19611543
364 828 782935
1314 1379 24952667
426 263 24154608
330 519 5900390
744 4 25032894
78 1365 9275477
150 263 28036058
843 44 26727012
731 242 18354022
1248 1182 22939619
258 554 26181452
607 1308 19163581
23 76 10068762
535 1486 3950758
99 1128 18141510
412 805 28041619
164 510 9658934
1106 1017 30011099
1451 825 25768271
208 254 10327686
495 364 28038330
1260 331 1815630
820 1343 15902733
1010 335 3454451
643 65 769817
884 439 10783269
368 331 28389339
1298 590 19697128
666 298 9367449
1424 484 7745113
1117 989 25622328
1254 841 7280244
418 708 13170818
232 756 8146567
49 858 5646610
197 1226 4919787
1137 568 27951238
851 606 63861
911 1031 6879292
621 1485 17697368
907 287 20748777
832 1038 17541661
352 670 22185678
1262 1302 8322710
291 1445 7404954
378 742 28232168
1225 913 16861647
558 636 25921757
557 1370 29390362
314 210 27970739
1082 250 26363075
822 327 17670242
202 604 1347233
881 650 1535856
1037 386 21952515
659 471 7913185
52 99 22032545
102 534 23803167
1326 1019 445681
320 892 28578768
1407 942 4259235
407 1382 24657910
809 52 18918652
18 634 9428216
935 1347 15220845
213 12 10209887
1161 350 12013817
1239 712 27689862
227 41 5888388
714 1358 13261405
946 1321 28115565
625 647 28359355
1012 771 2017723
39 730 9139872
192 100 18241167
1194 1216 24613107
473 828 6929263
1254 252 15135993
143 1469 6563839
1126 773 28041657
1167 238 28621910
943 663 223529
1168 419 20472963
752 895 22894735
1455 131 27282660
961 875 29695252
1265 768 3400999
587 166 6858728
10 1209 15008285
912 126 21450744
1390 479 19344644
935 321 18145636
644 1203 15448811
754 1203 320261
482 657 11404134
14 730 11928818
478 265 12426892
95 697 19638185
1357 132 7620223
308 106 4128226
418 1247 10554483
1042 473 2145091
1439 21 12203804
1289 1156 10268962
156 488 20835039
21 353 8154899
360 547 14456416
832 347 13103650
938 1200 12384079
274 563 26338328
875 57 27382269
573 879 29020254
104 411 19255989
1393 735 4548775
367 1450 12274628
792 373 5066034
813 768 7733031
1301 132 872550
859 700 19349418
933 393 16814988
815 484 912569
31 1482 4477417
142 1027 2345966
392 856 680392
128 1271 10143219
1219 902 6593942
939 1024 30012970
530 611 16791945
962 267 29744855
659 289 11376281
428 837 3607913
1346 724 17243926
1292 1016 10019520
116 698 10001337
1223 1338 12793909
1225 127 16334824
1105 993 17945285
238 897 11976708
341 451 3454697
1380 77 23810548
685 86 5363417
618 1243 12750013
326 476 27723342
28 712 17612041
850 1473 4924991
124 317 21453066
382 903 19188952
1228 248 29003731
290 87 24531969
570 374 2023858
1398 1065 29951840
1159 965 5364309
1343 1091 4774898
1004 839 7579311
646 263 15788396
92 983 22621681
1288 906 11564890
1282 1433 22708978
583 98 20323711
1404 16 22652880
192 981 26481174
388 921 2055916
1203 272 11292237
165 949 24559604
26 615 12314534
800 336 7615514
2 1485 29702099
996 1252 10549756
149 31 4944941
819 1174 20552901
782 248 21720402
666 48 19267268
812 720 27865200
553 579 29115145
741 1147 14390337
735 1072 18687489
848 552 21592308
699 1262 5756253
966 1425 7983066
738 1491 11393917
759 616 18568533
228 154 6523846
1295 664 25449006
1020 217 12867550
1224 226 21816879
1281 523 6525334
1211 114 15444477
1373 879 23778720
499 1076 4765172
1458 704 14404916
1021 835 23052862
150 1452 10722895
1487 770 2191047
581 1140 4408201
35 55 20420130
1094 572 19608299
878 43 15341370
524 1072 15722518
977 1349 20167391
183 768 22080697
662 709 12977535
244 894 29480531
1336 124 575094
248 210 5030401
758 83 12231175
905 1456 15692347
257 1121 17333728
687 1368 21963495
54 571 789394
1106 969 24163877
679 535 27002473
489 1083 25220743
506 1221 21717572
575 915 14382272
1347 1283 9705548
1188 727 12446232
798 541 15731098
951 1133 21609577
1405 480 14936848
903 1033 5772180
342 1053 17141085
1332 260 7769559
443 170 27874280
1481 1355 12919335
821 1146 23719114
739 942 7072280
1113 211 26360788
302 479 15445740
929 1374 2778614
896 1437 20996646
910 922 29341131
1331 639 19365211
1124 777 14598830
175 609 25384719
181 1162 15093009
122 1135 27727889
1197 848 27154911
683 1053 5367915
1081 582 24660226
1188 177 20924227
1169 772 25031364
1198 144 21766774
620 466 5162395
556 293 18336457
878 520 20388745
372 946 5234523
1300 52 26411917
456 235 19023968
873 422 7038406
230 1079 27587905
178 345 15243274
470 695 29989909
1378 111 10589190
742 495 9721282
105 829 23441050
189 289 9933441
34 348 19491694
831 1097 22415638
320 442 4677636
1200 1260 6565786
405 497 25600899
509 1377 486531
1475 1266 14788342
313 899 8689546
1215 605 11051562
1080 574 7334257
1221 1270 21346502
489 672 19729991
251 381 6413688
652 301 8849137
56 991 15648282
1159 1111 21698610
928 607 15317072
766 63 23574887
1073 1052 11195746
255 1170 28825532
230 345 13130670
976 425 11826344
1442 137 29534493
815 1470 27778935
310 1481 24112528
1141 978 26287131
515 103 15571199
778 756 974459
852 270 13788778
1223 1423 16572802
49 362 9881027
1241 1117 21901444
790 322 6015762
82 1351 27626597
17 818 23477661
1238 45 14057537
135 1048 5313568
1363 680 2266201
469 655 2728344
86 1003 27262904
455 873 23816356
1179 1221 21044498
828 1318 19764637
157 112 19342471
489 759 25403042
1291 622 20317008
1005 311 3128050
4 104 8187222
572 173 26239584
825 1246 20716179
717 852 1771180
71 854 1764838
622 294 12446095
1382 504 3625299
69 575 8529118
416 152 3499293
227 844 19864202
715 637 5031769
1334 1086 21779971
829 338 24016784
550 1481 19092715
504 784 2558446
706 1067 23545602
689 658 8857729
735 1446 4692108
1121 1335 24046294
333 894 27627735
1175 523 9718127
1413 297 18255825
356 141 13739087
1234 1164 29998650
728 793 27569088
1080 796 27364615
912 914 13683507
257 105 23186173
398 1151 7692504
36 728 25473467
1197 405 8997473
1113 1152 13988307
1182 525 14697076
1398 1326 874805
153 261 2123274
59 816 9462279
1014 701 27635094
143 1425 13779831
470 729 5766632
665 742 5141943
916 118 25031109
6 879 25467353
402 599 24582872
336 1477 18889093
1241 1383 24315418
298 1401 29869253
1045 959 15857011
54 1005 22284181
995 834 28279062
285 1271 4509121
666 1308 18653709
1106 1385 28970441
718 230 9805324
944 579 8903684
753 156 1877780
889 323 16690960
1198 140 23692168
661 461 30064587
1 201 19548299
1344 926 3514236
418 289 28541435
555 29 20086958
1451 24 18193229
995 476 5925838
481 289 10754166
1190 708 14918788
722 806 19517266
639 769 17802628
1462 1298 23222702
1477 610 23496497
1200 1078 28164792
937 446 2147536
1427 686 16245039
268 559 17393627
976 955 29947782
996 1146 12634438
514 77 17268922
402 328 23334472
1461 1344 485718
351 1110 11419618
1306 466 532994
745 1221 19888356
939 1340 3094795
936 614 2370355
585 1444 5564873
360 281 3659140
1390 920 10948568
236 691 1047292
160 395 29047980
526 44 12172319
430 1377 7308241
490 1436 5744396
1140 366 9929662
426 645 20923876
588 15 19881275
661 931 22800992
384 1124 17055443
608 852 18299008
47 415 10154372
255 922 15300444
101 704 10876107
62 852 13677883
1138 1256 23942065
1211 1411 3046358
990 1311 23567953
1257 764 22280478
760 1069 18812698
628 1080 26505817
883 488 22251785
1436 497 13143768
161 1251 2552921
94 992 4733566
1098 1473 28870749
52 413 29790910
267 1013 13367265
854 1329 28796089
1225 1222 11023384
190 497 25450870
286 669 14042078
697 80 28221347
1067 672 28597692
36 278 2368234
1003 261 27959805
1281 720 9572698
437 817 24527716
761 1249 8568047
754 839 8828875
319 991 1616144
678 343 18337747
284 1491 10133643
10 874 23206781
431 28 12238881
197 68 8930179
209 963 27259379
511 1119 14713
157 1028 29581656
903 434 605038
1235 1035 13908630
36 967 22088564
388 1234 11479730
564 342 10452889
1061 602 20694153
290 393 10765009
1083 1045 25777258
371 3 10083366
1171 1348 5293727
1106 1331 552142
252 360 9117491
556 181 9186882
950 1316 22269816
395 1006 18085625
705 1350 17440795
704 1299 12053678
1302 110 5419173
763 1387 12560848
924 619 9326231
760 546 23963136
1255 1221 485525
380 1478 20703344
1203 543 27258551
1066 1238 13678816
1205 286 17714531
841 1081 19417374
120 429 19713650
432 25 18531063
842 1242 22464299
383 525 341522
648 83 21950304
1269 841 27647496
804 8 16563588
754 191 26673513
275 987 1697001
607 856 25552570
962 450 13742953
922 795 26444588
2 168 19916025
46 1387 19744582
251 984 20136929
1067 257 132390
276 31 6271187
1022 1008 2878671
1395 469 3074104
415 832 4298627
805 8 10805302
424 604 15893599
1283 167 6211757
1494 453 17592832
561 448 6995963
126 201 23889365
1320 323 26296745
580 928 6305690
628 113 15593468
561 1082 12659248
1209 1421 7122927
749 195 14933686
194 942 9115122
666 1309 2112
779 590 25162961
634 151 18237004
506 1399 12736868
1270 867 14644507
674 799 27171164
174 1008 14362535
1497 613 10120875
550 1046 25627231
10 160 29492303
408 523 20980240
1356 405 24055715
597 865 6191319
1492 125 2982530
744 792 7420485
514 564 17890446
483 446 28913120
666 1070 30011378
892 1487 3016268
136 451 28642063
602 829 4700609
127 1260 26872760
682 1020 23484458
705 452 18561403
825 476 21706515
621 686 27338096
54 49 6212607
1471 1180 22768345
492 1346 13965694
726 665 7171264
740 27 15256355
303 1021 4224648
487 206 28014475
1386 130 26983994
716 1500 12044219
1218 716 11336223
1490 901 21789528
651 625 5262231
776 290 19795778
1093 1307 29456325
389 826 119588
1326 734 769330
686 1263 23764924
917 1488 24930400
953 356 653256
369 728 14637010
1416 1447 18165289
438 16 2532174
214 73 9541124
151 1010 26358147
885 627 12993408
209 1236 15020580
43 952 7960025
379 196 29555789
1315 945 7813552
363 712 8372072
1431 1292 6485515
474 593 7191258
1391 1165 25417078
1097 1281 20589127
1298 664 7946968
1218 1435 9196933
875 1125 7151833
1382 1430 4219621
832 237 22842925
1143 269 11778965
753 617 16493485
222 804 28195996
1254 1233 24226507
660 877 23173938
139 1251 9515758
1354 1409 29489616
1192 630 20802696
1187 159 5100806
65 811 25847538
104 521 23751734
706 107 8703628
523 1298 20676031
1467 440 11476906
988 637 27183317
756 390 8289415
1193 295 11169095
616 191 24226348
982 1277 13416226
671 828 2836525
1377 993 10987973
713 423 15661978
779 570 3326051
1144 879 9163265
1039 1278 17263722
1334 518 16015985
756 1284 25583553
747 1422 13974929
1347 93 14933845
1460 266 8223788
1254 95 8278906
1150 1499 9583513
554 603 2993591
264 1262 821497
923 377 24215980
1476 519 10536869
557 1464 22105907
1331 567 28114448
1149 209 15134261
1374 304 9315522
575 584 7698034
414 1048 18339479
1239 109 6424405
135 347 24086793
678 1475 14836925
646 1186 17495643
1323 1191 20993428
736 995 27375256
166 59 13375347
90 792 14660640
636 501 18153268
982 1236 16740958
747 96 29992811
684 580 21284094
1259 269 29797159
557 485 17512620
612 1079 1814910
207 754 10635525
534 117 9825070
1223 494 29377207
632 555 23842803
1157 864 19769531
932 179 2703412
545 585 18654979
372 283 8682074
409 676 20519346
365 1399 18230131
492 945 13890143
939 244 27171381
848 1257 6534801
1405 1402 4141130
1150 442 13383869
1038 857 23043572
133 595 19657385
156 1497 16099533
994 685 17987027
1418 641 69236
325 51 27511430
890 973 19895978
1205 1345 11015584
1056 434 7105459
881 945 22295377
1398 673 21212333
1161 1305 17964014
960 1311 27555240
1202 375 13588702
768 245 21575910
987 1428 19748018
1224 1134 14269582
572 690 26376032
338 1107 6045246
693 464 4643408
210 1189 8884057
1000 56 12455598
1322 722 19644520
793 537 1044092
1123 1063 11859892
1099 1167 28440049
1302 1183 25629535
561 502 9263853
433 1106 26334415
67 370 18508376
176 9 24270164
385 146 22331464
1328 61 6122160
968 389 28668819
1070 361 20327521
476 917 20340983
951 58 13420645
891 1342 16977472
155 506 3517442
462 77 28613254
685 568 14718412
1466 1131 1149253
783 845 2176139
1304 512 13211744
422 585 16576758
1172 25 7813920
1454 1492 1197330
1303 196 10110449
1095 332 22670471
244 1153 16321750
703 784 11303217
529 1468 28155103
353 141 15371440
996 1177 17995890
741 592 22280566
737 24 20452586
815 340 2162436
1480 921 8566675
123 39 16292103
701 1116 28645166
415 482 12029735
740 332 1980703
106 572 10708118
1280 116 768122
33 130 17525195
756 1483 15932704
1421 1264 7569787
746 1101 13164676
1174 201 22921038
1028 829 14095879
1231 266 1102585
762 673 22852529
199 1093 2512258
391 1244 9027762
732 257 11621597
1355 152 18597695
767 1007 13790053
1418 1018 12880396
681 869 6309319
1027 990 18442126
263 469 25383117
1468 1439 2478124
692 368 11468287
1375 1211 25722275
42 458 6284729
469 277 9509161
235 240 9057029
509 1419 20260533
1100 897 17991493
893 608 22738808
1019 968 17591444
1143 710 6872365

1500 28 426579197
7 51 35455708
925 537 35598021
1019 642 29035682
1054 1371 22647046
393 10 34548571
1234 1035 47771727
674 765 41634973
1205 278 46975814
1108 591 41553216
1274 1261 34501305
1146 352 22932300
502 619 31561325
86 1438 7806812
1034 69 52784457
607 194 38065048
73 1321 37474454
1075 1349 27404360
1327 836 37759445
1050 615 11486027
714 307 13585475
1306 930 15118615
637 1422 34574579
784 267 4505459
995 1383 14285057
546 985 27368406
166 958 15466655
1465 441 10121698
916 48 33991119
598 1002 41866589
184 1091 2595153
1317 866 9696287
291 414 48782990
1153 593 43164488
1391 107 47180417
958 708 23882493
591 8 15039381
720 730 43080510
223 448 15357932
232 1434 25483738
288 1167 20235706
303 225 37578051
955 732 20256676
1457 268 11103134
1452 1258 43103045
1216 386 49993321
972 512 23668189
553 233 34562459
197 84 25636623
715 605 40222241
178 233 22675507
268 191 10462917
200 569 48173302
650 1398 50231082
1295 396 24156719
514 809 30043881
160 427 17148630
1364 1104 26870193
1312 168 32273866
703 448 26961504
1481 341 13811155
26 97 5992363
1051 981 3034852
79 440 5973953
360 1259 19432276
828 726 14445871
925 528 3865065
100 1235 30100092
1397 1210 26016298
536 1266 40862680
285 271 50236058
1229 373 47903170
1310 709 49129184
428 967 13820681
594 1218 5875243
1141 317 27993427
1203 802 4381664
595 907 49447557
764 949 40336723
221 395 53122366
1388 246 23274895
1289 956 3322114
380 414 50659613
1014 982 35813524
625 1239 12440301
629 1121 44371072
584 450 17549743
575 1090 4716929
139 1113 20393784
1456 218 3369199
905 670 5374272
60 940 35361587
1203 728 36629232
1488 69 42986821
740 679 39233652
867 417 46904249
512 841 17125504
1052 662 52367903
953 878 44093063
585 503 38501779
1036 1408 1469230
796 1301 52452931
961 848 36372606
416 219 39734127
937 211 38531182
1073 1007 18264441
266 1194 18334680
145 885 33066629
570 997 13788803
1218 1325 5554158
137 319 17542164
1492 420 21974318
685 656 41117519
597 174 329124
673 467 35658864
111 644 16325354
330 22 48491866
620 834 16947508
403 187 36585167
1180 1473 41270276
81 1296 50843355
226 929 21630514
1149 256 17294228
584 1049 980127
399 1240 18339635
631 1168 20479735
989 1252 49623184
456 377 18287014
1089 805 29541121
903 996 10072548
55 1417 1382276
628 255 33194441
1100 814 23729244
1032 1394 45151589
248 1010 23271636
1298 142 31748880
1222 266 38035160
1428 1238 28919739
484 1492 12490769
1337 466 14917640
1085 844 690925
818 1212 13823466
461 1458 38716507
430 831 28561220
518 1322 30811726
1132 941 24954358
1009 594 3625947
1326 594 983899
893 597 29880347
961 1379 18426575
490 1445 10053969
1064 289 29007788
164 146 43953879
1153 206 7273809
1291 78 47796170
797 834 39314001
670 210 49887812
792 769 21526696
1231 396 16626010
468 1369 34670355
1399 1474 36175548
357 574 47937121
873 238 41009649
213 289 40443326
697 731 12046654
496 1281 32961817
1128 1172 51770011
670 1155 40177853
550 691 32584842
956 952 52552743
1217 1180 46649874
1302 537 43538746
1118 556 9940599
1336 683 49651850
170 435 2225326
193 1468 35793269
1466 1283 50776858
46 347 72122
317 891 8178416
122 1099 44864771
1449 1392 13656254
1041 1128 42024516
907 867 12671438
1362 1319 35530802
408 555 33992698
4 35 33772347
312 455 19303371
671 1148 18330841
1434 1218 32179198
796 949 48057823
788 1161 50585502
612 281 21798784
245 1126 15289694
1202 873 20258999
1373 1132 48696928
846 1448 12073265
750 427 42545667
269 93 41989124
752 620 38205689
392 68 41047019
485 986 28518415
1415 48 12676704
326 568 6967458
1264 686 22306337
251 770 10723808
1497 1222 8545657
1129 399 30491969
832 1007 2390584
1176 961 29487720
1230 181 11902835
1230 1403 50928139
1472 1193 11379546
521 204 52633650
603 327 28983854
556 1175 46438974
101 839 32495677
1149 804 4965616
860 909 11349427
976 430 427420
507 899 9572305
602 1447 14951640
1023 1228 28903423
655 371 13691286
229 976 10598535
1083 378 11929336
792 574 10174988
843 1383 10114968
461 475 48257823
137 1456 47517332
1309 1499 6024077
37 368 178160
187 341 12794678
1238 528 5866858
963 198 47929847
975 1488 10922545
687 1268 44275129
390 1042 14215900
619 195 34570887
803 410 35471884
1287 54 40602416
1443 377 40485791
66 11 45447001
286 97 39407020
785 729 45592870
433 743 34911297
1265 514 13060258
1348 457 17925423
1134 835 49830238
1002 1098 16178305
1197 1360 532175
1071 473 38135564
1350 529 26370551
1464 14 47949714
606 564 4382526
1489 363 38250345
911 645 4117152
530 1253 35193921
1005 1059 28667405
1481 1202 12414565
254 535 9328895
759 197 35948538
1057 585 6468500
669 431 12348910
789 703 24742083
212 376 53310534
342 434 35012881
92 474 32897438
841 213 2132124
1191 303 19537896
295 1099 21750416
1391 1292 50269872
302 843 29450453
84 1239 7408583
261 1313 45473545
1396 765 22841494
327 720 26858539
1065 1040 18166506
1417 864 4907502
301 1384 4447123
1315 356 33676736
853 1253 37103931
899 887 33218572
556 1283 12705034
1287 417 43106101
1243 1418 25734926
793 1282 20591492
614 381 22878006
1158 856 1402528
396 429 27245052
297 167 45350560
649 453 47013801
76 1010 10674016
398 31 28296004
248 1441 8231635
1354 765 46076062
640 49 2006272
1162 749 47313912
482 1453 34734325
9 100 6636137
1478 413 24257563
1249 520 24663332
55 628 46463557
434 1166 14343160
1308 1021 9850735
1455 869 47371024
12 545 50105875
388 1481 3878183
847 1368 9314353
38 398 35871257
250 260 15088386
275 979 49001244
1185 1227 52929286
1495 493 52621226
246 1395 39842842
1019 604 39055610
625 892 20373069
1000 1239 25542583
759 92 28856513
1327 1055 23883848
424 723 42765579
736 658 27860990
59 1403 4012681
1319 88 19589786
725 1038 29246721
67 712 27952009
692 237 5554329
128 696 10123160
452 1281 51363119
175 1123 32188257
1066 1325 12472891
1406 104 9832173
1359 75 45796358
671 690 39975
570 1180 17313960
789 487 29066645
528 1090 39538103
1026 194 51139258
882 344 19726567
1013 197 42866089
230 1220 40303235
1114 27 7171553
14 782 46027653
1008 592 12604698
843 601 51478164
1297 1165 16228310
1065 261 40457664
1326 888 36854265
415 1490 31085853
887 454 1329695
1193 624 52701381
477 1308 44183041
830 665 10151209
1115 320 36354027
1109 1114 28853033
1318 1067 25259759
1022 610 10900622
1282 920 10721236
103 262 33557688
446 1154 17207601
189 641 50102880
1447 504 11204525
350 444 7448812
1006 1176 5720751
915 163 35958874
261 1383 14135729
518 1035 21090065
351 1002 29669686
305 1070 21884116
638 71 29083488
1245 936 26214961
746 1363 20789799
139 927 19567018
847 502 35564721
3 64 53034368
733 470 51956780
1317 992 53256660
731 524 2397309
510 1491 50141257
278 1342 9187547
325 370 51609116
709 1397 49640015
182 1448 40807513
1239 1498 3999499
839 985 10555698
1320 229 12959159
959 1421 26747224
1200 1141 46254032
362 886 44065480
952 273 9933385
285 751 2177503
600 315 30655965
950 584 16512662
1233 393 9540609
842 62 7790804
1143 1025 26530429
1103 1223 52717001
1115 1409 30803801
999 90 9128438
1335 895 21294838
1197 18 41508297
761 779 47409956
1115 1194 33381176
127 1115 7433481
1192 868 37981867
309 1267 50219442
1188 1387 36339338
416 492 3879406
232 1419 18762710
689 1157 50056639
1117 541 41584510
1236 32 48167787
466 1075 29751034
1311 1114 47689997
157 545 21681124
106 817 15875278
52 565 720678
1092 479 38632481
50 1329 5553442
549 1033 52735169
31 527 47876071
1246 726 35608992
1285 834 35755536
137 1241 39307951
569 620 17400067
1318 580 20542579
1260 1032 17611854
389 856 30317747
45 1332 23512554
379 668 28665975
1117 444 17259357
145 1252 33791015
855 58 53011951
655 1025 24601093
1287 795 12043698
268 1271 32732535
1004 1133 12036612
595 875 27259490
744 821 35153320
1186 1004 5050759
732 719 5684566
1100 277 45471961
667 296 52387967
1396 532 4785191
811 279 28458175
264 756 13767685
581 617 37010714
1463 1267 2427145
438 1043 41488243
331 1350 29344175
70 627 28045812
321 135 3681937
668 354 36815040
1375 1325 13565821
193 928 10668991
972 1495 15267527
1036 1445 36480320
323 513 33785502
1442 1132 10705029
416 1139 7654092
226 686 52800155
1399 935 31142194
686 786 3758324
1474 65 32151882
790 1437 49226618
734 1400 50503100
1426 214 49906727
1420 1097 3120451
890 1114 21446409
83 549 25169106
1250 638 23105384
558 1476 24191273
534 1003 52269346
1489 410 13716181
1321 735 52520706
554 1015 9910752
427 165 19168355
966 431 35947665
624 554 13281566
1110 87 31008678
737 1136 2274458
922 1151 5578651
531 741 31896922
718 61 21689267
1209 1252 2197040
925 84 35398802
516 444 20210725
555 1352 49486313
187 95 15417491
1115 699 10166406
841 140 17420395
402 137 40206733
1053 371 41408134
1366 631 27008088
279 119 27400505
1224 864 3601095
949 934 9850026
458 1158 2051440
4 257 36299673
12 922 40569370
827 297 26561244
236 544 8963845
962 244 3902797
1239 402 29846670
797 402 42530509
856 1319 40132377
1002 1124 9527117
142 918 27123506
1329 981 47379082
16 87 41364942
745 129 2628418
885 712 13757514
1261 714 33991636
416 813 993937
888 660 26461346
594 362 8198659
162 400 19150602
1332 548 9872626
100 241 18285438
745 1082 50062126
561 975 6678436
42 592 34310164
491 1453 32974662
62 684 30821474
1047 1200 45329453
1152 402 12325445
1440 1157 33703609
924 577 39857967
863 242 1930955
312 965 6939939
970 340 35049444
392 742 19553951
798 375 17760617
871 834 48125201
1011 1301 9344301
811 911 38965979
869 1144 42793749
522 1383 4057886
415 1377 22379454
455 937 29787726
423 1376 20940614
604 912 44620336
1370 839 8659159
1291 604 52174134
1163 203 39862951
358 1120 48015851
369 1113 44986704
1063 1284 9597527
445 98 24558997
885 947 4385183
176 1069 48763498
608 1212 42040535
297 115 44852288
29 278 18924670
1013 1230 45948978
392 234 16257421
773 468 39058488
1169 615 48771414
588 1044 763367
826 243 35756783
1037 700 37550417
767 10 26966512
653 424 38840639
228 1289 5598743
1445 658 26888388
1431 1441 8602933
248 313 10269488
1070 979 31666490
1123 315 40067255
20 649 42682430
1221 1206 13757998
1345 398 34294719
1350 61 25155537
387 973 21598400
685 16 34840255
263 545 36294939
830 1247 5796000
1286 1293 39001202
959 1431 40608214
501 1058 21556936
819 515 47434896
341 1257 12606740
267 1121 26153958
938 325 45003557
1109 287 47265033
626 107 50549657
720 1357 4474669
269 460 41125912
864 166 27312457
579 657 18244714
534 26 3681200
757 358 45925540
609 636 9993579
462 11 24029384
63 725 46533100
108 417 24292113
1315 861 24766315
1132 385 45816433
176 375 15339554
1451 438 22974455
653 225 37118059
936 567 40548098
775 672 38295296
1445 976 6928038
736 1045 45890089
774 553 38126938
201 265 39569434
306 1116 9459104
1207 124 33927600
923 932 21710568
1439 731 24486734
1216 1454 48704841
771 136 29893580
89 145 52233874
405 145 30702524
753 261 41676506
239 886 17724830
1471 725 37642558
541 154 3272591
1437 932 31512676
1405 1391 24290186
115 766 50912258
305 1059 12465748
223 451 50138452
1068 571 10274063
649 877 36415107
1442 1076 29018943
1499 30 3313610
1127 94 39442902
23 1016 3623583
247 1423 26037508
308 1495 10208980
544 1391 16360835
87 580 38576055
1183 493 40105552
1010 898 48453301
1356 117 39284428
1334 537 47114238
1078 278 16076884
1325 641 18359316
1185 1392 12722369
1069 186 13843170
769 1268 46494817
891 259 31107315
317 895 25057926
1392 1359 46433737
758 902 33549553
1202 276 34433377
1446 65 12497727
891 118 20014609
1378 1195 18526069
115 383 33593812
483 1056 48793924
1327 1228 9448677
1414 1 377487
202 1129 20953369
166 944 31396869
297 1160 30023393
1303 10 28194897
45 298 9365652
605 1224 9044248
1074 18 10697287
1259 1302 48289032
1375 107 37957305
1458 576 29053517
844 170 29923327
493 582 42673184
403 581 11965754
120 1262 30614210
76 1182 52012578
1107 1212 5358987
1219 728 29349686
1453 830 22668789
940 1411 8956723
829 1390 5860337
225 1029 29949671
274 1184 38931497
34 1195 10436703
885 374 36294825
724 463 13961983
1388 783 37528951
1068 707 27012446
1331 417 24030511
972 737 13843880
887 64 229241
1065 791 567489
691 56 50979896
1461 964 31239505
367 184 35235215
113 44 13920649
614 481 45341248
585 1142 35592483
748 153 13952549
397 559 48811798
65 166 42974266
126 1041 41855787
1111 951 5760797
1435 219 36605167
1291 1320 13975160
328 1311 13906371
688 1235 32008622
290 1412 6083174
419 1481 50256380
1172 589 34812778
283 1211 9408315
372 269 48389994
1108 977 24904386
1200 699 19672961
208 587 6224146
1279 1023 18686972
693 491 26092764
1292 66 14185700
928 185 21773708
1353 1153 20437177
634 1320 41294849
1457 1371 11954461
471 36 36561775
1099 349 29619139
1174 282 14871297
500 1350 13851373
1004 519 9707564
1170 269 19823304
1461 948 10073568
951 968 26674444
243 7 11227150
1460 1153 1644490
409 436 35500689
89 852 26017539
509 945 38753369
1291 1060 17473984
350 219 7811707
38 988 25637005
1165 1208 944306
53 487 51059195
26 134 3166762
481 708 21017413
137 739 30339829
231 1222 2507809
564 12 17734234
1087 1199 32466872
113 1152 32659366
608 219 21222841
337 1315 29699662
409 343 38073718
870 1367 48437873
1076 918 33042519
242 1291 43753430
57 1213 43117425
1405 276 22316019
49 525 48968478
346 33 33728820
999 384 25937036
976 600 32865350
1319 1351 20116161
1437 1423 9326782
1482 447 16272879
1245 174 37433900
860 791 47463245
779 512 30002056
929 169 48467180
449 884 6786951
345 85 7033997
950 217 34242764
987 1090 28563952
1468 552 30638791
1156 1256 12576317
146 675 30241283
441 1023 24110894
989 599 34281455
1365 274 19472664
422 1415 35021885
440 607 19851234
630 52 12010897
1420 623 4124008
953 1459 16329897
1216 547 16051542
515 953 27939462
1324 394 25642732
820 106 45661846
25 1305 2953690
455 1031 12592199
53 1181 7257259
335 240 27551676
1095 1283 49590682
251 1393 50626713
1191 745 47585272
1378 199 14750897
1258 222 10093359
631 725 10970729
170 1089 5944209
772 859 46776919
811 1485 42184377
543 1083 45368954
5 160 47645773
516 1056 41283330
1093 1444 44376900
112 259 2080139
932 505 36982037
1140 691 17275143
885 700 35422384
1439 738 414326
178 1190 44671130
739 771 42187430
649 93 9082611
984 1198 48786475
1061 401 46633548
1365 1291 9331832
15 678 15602926
227 1362 21605856
1300 99 45210494
832 1122 39692021
816 235 37477966
236 1177 42577117
11 654 30146609
492 1187 41264526
1293 115 40502941
1025 1239 33218716
872 91 26103438
1439 491 25597180
950 971 47871263
1012 135 29989308
1242 814 7515390
1244 1341 52079590
1250 1416 33687893
602 919 42986684
507 483 16680624
41 343 574806
1477 872 19214577
1377 1304 11071295
645 1491 12074723
1448 996 2376914
1185 1127 2574173
1370 967 32533277
22 809 49902003
1325 578 35613834
877 1239 27857134
565 524 33303811
709 521 26515416
1361 461 4424899
404 1253 11909176
1120 635 19623559
742 691 17565624
541 1179 2183455
1293 658 8939962
558 1018 7695066
837 1137 39585211
1275 37 50519823
854 1076 52501189
864 225 33991397
1469 373 12094773
1057 114 7501226
1304 197 10080410
793 713 20093916
1440 118 22751262
303 1239 7988140
102 1375 22806359
476 776 39251728
313 361 33067436
551 1145 26977257
768 865 43861464
792 1325 26347500
1301 1159 23509184
177 346 20664082
43 1424 30069639
1459 1429 19451993
541 670 44470935
18 545 8421880
583 970 27851147
352 1046 9183302
407 1290 14915817
1430 1204 29756077
375 1257 21940069
1198 1224 41722703
1226 741 45292603
973 1312 43517832
789 1015 21721319
792 734 42321016
1337 1257 51821451
770 192 52309210
145 804 41235621
586 646 6512208
810 558 44579185
787 978 33577420
919 162 32571534
285 17 19035983
803 1092 16129699
680 113 10295668
943 972 40551298
811 511 46800316
354 1255 39705828
639 1036 16357246
1490 1301 19175813
933 1397 28460388
201 910 22268291
497 1240 45147234
106 948 4495014
554 49 47194787
1113 1281 16917655
152 1380 29691885
1104 597 44074687
792 1188 44244498
270 755 52281927
1232 858 43720352
213 1263 46306671
1313 1432 16165725
1144 704 20331475
917 1002 17795954
1012 762 17957037
703 350 37355670
691 939 30462042
312 307 19364543
834 993 19003636
264 98 51697818
190 632 44953299
1363 1495 45068555
1492 1071 933485
695 1358 10461735
406 397 26045034
943 643 51762401
74 1326 24300862
695 1406 47904385
249 265 19329892
1027 131 17907766
1253 1299 37722138
902 854 31039358
294 1364 8965508
366 512 44000522
825 446 28179405
1232 540 38228868
1097 769 39476936
333 770 27290763
921 459 50736488
1454 225 12651251
1136 570 50614913
705 194 21037894
1240 284 49662433
848 1500 21246574
108 1476 22176160
1052 666 4621485
509 1244 40858672
679 1022 23864573
506 443 15747942
369 868 42823135
278 703 35697290
138 97 11065462
1195 984 11153468
566 6 1353181
484 244 27316298
1308 1059 13291907
235 215 24697281
874 876 19333107
805 1338 42549010
167 896 9384476
524 338 30909154
226 528 16491465
307 1495 1297823
121 845 8642635
425 171 25505682
1336 879 34822755
859 929 26784518
707 240 45075665
1471 127 9715670
510 1102 3817122
52 224 48349282
667 1327 37720988
35 770 50523161
220 1372 39218702
510 310 27839405
439 1401 14238388
134 299 3079601
1024 1001 23542729
1119 77 5615157
643 208 33797444
1480 45 52322208
980 365 2517617
836 970 10376511
1104 858 27330238
897 1277 11769799
1047 1062 43630142
1024 1062 12791133
1409 309 37879166
1333 1436 51089456
348 1377 33929379
590 688 47410635
1359 1199 13514930
760 730 143822
382 105 634523
498 503 17109179
735 209 13748860
770 929 51374237
395 1428 26835063
1045 994 31510999
951 336 6275017
877 1225 13089711
467 984 34814724
334 646 20675462
659 109 24316059
774 195 33175157
55 964 36618778
169 401 4652607
1348 1098 815138
124 986 21042850
682 1441 22269759
668 1338 11404369
1328 578 37790550
1355 1144 12483585
442 1098 176142
292 1314 46712219
969 1022 26316715
794 524 45409832
41 324 31520979
1439 869 43617331
1382 984 8713633
352 494 26611654
1495 1037 35812562
1000 880 4085604
8 1374 3492955
658 877 148411
1174 710 40455060
1225 156 32410192
1227 490 20965093
820 471 19520985
1037 1250 48132562
148 1467 35988658
63 926 19863657
1086 631 37674009
1290 1218 42174737
1043 196 30094959
1178 129 2418682
815 43 1200941
609 727 44339557
144 1226 6260151
316 1327 15704443
848 568 15428552
318 18 46104080
1138 1212 29784013
215 1404 30759508
1137 82 51646861
269 268 35242090
1215 290 31357377
999 25 32801339
43 672 746394
913 656 8731353
726 1433 52965302
714 901 19950533
1170 927 20401491
84 18 50439724
83 374 23249470
272 399 49823737
272 878 724426
1477 426 13530495
771 212 23884584
96 1444 43325146
1088 1215 23654381
555 392 10152859
226 1336 24268926
1425 111 26637933
343 974 10849039
498 971 20311247
1147 1227 18005517
580 1479 37027552
1016 2 19839068
1247 1252 39810998
603 677 26878314
1445 556 17194522
353 1265 44217355
927 1103 28009145
87 40 9753800
83 822 44676255
1014 252 40852733
647 152 16452112
834 476 10410004
990 1354 52712434
843 633 45534525
840 605 1578725
241 469 21627093
1261 449 20440111
693 1418 23440915
184 955 18829457
532 141 1510733
1433 769 41639044
746 870 19635881
932 748 16241185
1245 1307 45079228
1248 874 38027004
1169 1446 33950092
805 894 7708461
353 1228 38901004
808 263 35263772
706 1233 12410587
1265 325 1543440
151 387 20571674
1173 597 29671136
1447 291 52602686
1273 347 5782828
611 188 28062597
946 1448 9872122
999 102 43914287
258 1348 1232939
993 522 3349034
599 41 33620754
1425 1487 11188406
1316 766 35074292
1287 489 1306686
963 145 15075230
1005 1389 45751418
1288 698 25614096
1153 154 3813047
728 219 4454533
1459 40 23391509
460 806 20506525
653 558 31213092
763 1152 19235406
1450 1182 5485590
1059 86 40902212
792 1499 32459924
747 434 43133951
334 155 25021754
1440 881 34071197
1214 1467 33664550
721 692 39819968
844 1200 25796193
418 621 47901958
1314 62 18149628
1277 1073 29935674
1415 1274 16192260
13 166 45776142
208 502 18265757
1191 562 34924299
1216 1425 53199093
796 1278 21929819
1039 1325 33233671
290 942 29692845
1169 782 3960310
149 1410 12502721
930 92 42509477
206 533 44770005
1343 1073 51067183
23 5 42974836
179 688 9000529
23 1105 10634752
542 1196 21378570
372 378 50165697
317 1269 8961993
834 1345 7047656
314 1060 405338
215 1117 8694203
539 988 35491040
932 824 32444157
1096 1001 23194105
810 103 18827214
1254 799 14656825
204 92 51571440
1244 1110 47582315
876 272 22348399
330 133 11610646
535 413 28096215
16 943 27185455
611 622 42680389
577 332 7851176
307 781 23673308
339 1195 45585649
430 51 25704111
433 315 3618177
502 954 21844002
676 120 50696981
681 857 17719988
1308 708 15435199
701 193 4828533
702 1367 85068
512 465 22110333
560 991 41989507
1354 1413 35310524
271 29 40746866
115 1236 28719152
557 270 28192384
501 1107 41077486
739 1094 38226098
197 908 47568399
1488 1191 1859270
1462 347 23038499
1025 598 8371620
1467 240 15687249
669 375 19331556
538 1154 14276187
213 1475 12114733
518 476 6235098
679 1334 2768379
1388 1439 5086409
768 652 38024378
270 799 27588837
681 293 45770949
356 735 50308323
1112 120 2605748
105 1308 34487499
935 1330 5599752
1407 36 21793105
1113 1208 27419624
21 1357 45313819
1329 225 22264499
303 1010 23952154
541 637 21806166
737 717 29981826
685 914 29108407
848 386 5496270
392 823 26247873
1026 1062 28735345
940 1163 51458556
192 147 46076225
844 1486 48335785
712 444 460704
957 451 9344127
49 33 23337984
724 191 31128845
121 303 37971188
260 1340 14997440
566 488 28892615
900 1416 14415985
417 443 23428114
573 1041 9378104
253 1461 23831723
1333 1439 16205537
216 1139 11051413
1426 169 43254616
468 295 1353114
1237 99 4762330
1158 1403 42226405
1081 1116 34166643
482 915 11657684
980 871 30437639
1299 490 22813658
1017 753 43906474
597 432 30388932
1204 213 20744948
994 744 46916506
929 844 39317025
359 294 11989107
812 881 852703
685 172 23236171
1140 47 16202934
184 722 11843686
370 1339 2774988
1337 437 13587959
67 411 30652981
560 344 1770496
983 1322 38950206
733 408 31136137
1083 130 30111821
1130 827 49448316
600 904 34064896
1364 768 4555193
85 1176 30598923
1111 311 8086505
931 337 48926449
664 10 31244553
15 273 43055561
156 1324 50108571
116 1210 9757650
1083 1470 13853787
425 573 11586118
694 1428 9945161
759 1080 41322995
160 1304 45324667
252 1280 51923814
840 659 52494430
300 1099 13111574
261 57 11282330
1317 803 5891788
1317 37 47998789
1246 252 17668861
486 1252 40221265
1142 1116 39507255
657 12 54463
1329 861 4132116
1290 81 6722564
8 68 52778542
681 716 33642026
711 930 51873378
855 814 31192555
173 1043 23199921
756 1498 4128133
352 245 4236543
481 6 41543256
850 1486 3777393
502 517 41418260
1072 787 9137290
1119 104 37817375
616 753 31666806
594 592 20866872
585 37 45333512
499 1390 16507079
30 1106 39984959
1148 183 43561674
1037 528 30838171
210 412 18270965
129 1020 38563218
1237 265 8386735
1258 386 14829593
722 814 21323655
260 495 20951122
989 1077 7019443
681 853 28748958
180 662 44980551
1101 439 8894952
1084 990 39944902
304 519 34079662
1437 1336 41061244
426 102 50113252
960 1281 2935828
1270 395 45600041
707 96 9492086
685 651 36522336
846 829 11261158
973 1171 33876130
884 1256 16906298
1012 203 42767856
480 800 38669103
1147 173 21409644
526 623 4242139
267 792 5101706
1427 1347 27362582
558 1111 19414032
1346 1425 9310146
464 834 32418661
1005 1044 21481986
663 329 14896228
1042 156 42445
536 648 15464521
1048 986 43771558
1148 1003 18657553
920 780 11963517
1370 1174 16655475
701 927 17387294
117 1329 20342235
513 83 4690629
1161 564 51037214
935 439 37153264
366 391 49456593
1356 920 12932910
110 762 14904343
488 373 38320573
1440 1483 35221740
979 862 5049698
1214 1266 17935850
43 741 16854456
672 423 47594308
1206 1385 40416037
107 797 52280404
260 515 25988717
428 667 52395542
851 843 44833630
354 1125 19308373
1079 1294 45094571
477 184 48255697
563 821 27602389
765 1241 26063560
1394 329 27482137
516 355 46457997
1137 887 44237521
1150 523 20800200
1028 1035 37300270
120 1015 46133150
39 707 45063057
280 1115 22563690
131 1441 46702097
1420 618 27480223
55 298 48757031
933 434 22296609
335 727 30902387
1214 102 37223817
972 325 3347712
627 1368 4266865
911 754 49539855
639 1361 404887
281 552 1649727
220 191 39185065
1249 1499 6731858
611 19 29695206
1323 1317 2618094
263 1276 18634504
396 1021 2028692
158 503 27299898
613 359 35738282
658 1173 13027851
729 404 22331589
1291 1484 39459695
33 237 44169198
1091 807 29657745
662 1228 24731630
1393 1496 21364395
1304 911 26384266
517 155 22252618
1466 149 18102720
1476 675 17506907
547 1063 41325164
759 535 24492164
523 870 30475034
1255 207 48039650
238 1235 29755571
159 487 42632752
1492 770 12443868
1164 220 11691972
1359 459 51967174
750 991 52066676
1381 1258 523038
292 841 25934633
1136 1494 51598120
956 472 48562539
661 1403 53157028
551 72 47918210
575 494 31580110
1182 1272 12450365
1007 1178 8157158
61 1074 40697031
829 976 47595735
72 413 30058639
176 1344 31190433
478 1034 43442371
1382 998 17994783
1443 1130 37685432
374 1493 31608054
696 1072 18563589
325 406 2038751
1221 1204 24222190
555 700 11429936
1163 423 21763831
1304 503 22693539
1225 1424 8072416
508 1 565662
288 991 9897830
1120 1028 27910265
1097 1347 33244125
1216 125 22270214
92 24 8191506
381 650 25975306
447 953 15327341
973 504 48374322
778 752 16261050
108 421 20918883
150 90 18688950
382 1162 37887403
329 127 32671396
16 924 7150593
508 1166 13640189
1060 205 518579
270 187 14420188
817 190 7950190
416 1380 51266821
801 364 9536382
15 958 41832205
833 1201 52446784
1252 800 14504311
161 1168 44619116
1357 143 22098775
1251 503 48195885
1211 1390 19901326
299 80 13772961
188 1261 33325825
493 1201 32283722
123 723 48156814
375 572 47008237
1424 301 3501009
978 174 15740326
801 565 4077218
1079 1106 31964892
785 849 18993322
46 51 6103336
653 1312 51463202
1385 1386 22836349
1030 936 7475806
662 1131 47354931
348 825 33361523
981 132 26547329
700 468 49789922
1114 1163 48842519
1135 1092 23438931
534 596 812877
265 580 15515707
1189 452 41673966
28 32 24047971
811 1119 50395366
621 728 31655651
322 1331 10648807
1003 1117 16331278
1066 941 8822157
439 889 33450119
542 13 17736117
143 130 17576207
1186 981 8281461
838 1016 5383643
883 144 41130327
906 319 17650426
847 1220 26978205
1291 1233 356733
589 759 35741532
240 1215 18826463
986 121 12959781
1402 825 45780892
1255 1288 38608134
777 730 48908170
1303 1134 1149324

250 96 57928628
37 146 3796384
228 211 1843076
27 235 7565986
229 97 1883892
13 210 6376218
52 144 7230788
80 236 1656428
42 248 6186450
226 227 9392825
8 149 5116198
84 139 1825823
102 16 3611648
229 23 7015402
77 216 7697146
157 176 3031474
90 181 7600630
235 34 6478549
197 15 277197
248 67 3833006
58 57 4165009
185 45 6026382
14 44 9469534
113 194 4232810
102 119 2643850
168 70 5135181
108 202 5791217
6 126 1407715
163 116 4261287
19 85 1670449
210 132 8025380
246 109 1287339
80 64 6061285
188 189 8082260
222 34 2143713
115 198 964135
221 158 3300357
51 134 369755
184 133 4926924
41 161 8026990
105 62 9158505
48 162 9275504
40 248 2203454
22 245 3069449
232 33 3096361
105 193 3694101
240 155 6680796
99 178 649482
198 165 7599507
50 237 1812060
134 213 8533256
74 229 8110305
215 31 7311418
18 24 8577755
124 128 6171377
118 224 2803907
214 58 3373209
144 21 9055373
167 215 420577
21 57 4537865
53 174 7089187
128 166 4644806
11 190 199670
15 4 1745314
17 220 57738
190 188 92950
215 40 8493008
42 1 503827
86 68 6963862
173 191 6272244
161 208 6702022
10 181 3772084
166 228 8993719
212 194 3211330
102 204 8625349
218 47 1945440
237 226 1902141
117 89 4094880
85 244 3407012
148 140 2551625
36 18 1722546
56 99 9305484
194 63 2819420
233 193 2897970
200 123 8789407
243 150 2928856
183 89 215495
181 93 9643823
55 135 8163215
179 245 3909716
173 43 5723258
83 160 364266
72 90 1956118
100 203 2615240
7 85 1379765
122 199 6915330
215 154 3934346
129 239 7985834
88 234 8992560
87 235 4392493
72 84 1458203
175 241 2742235
75 230 2268682
179 250 7345351
210 224 8294061
180 84 6662192
75 202 8833161
103 184 51650
4 165 6474552
89 177 8319475
31 3 4039439
37 247 6181867
116 171 482285
211 89 6117104
153 61 4026741
14 31 7156747
221 94 4629426
124 195 2649596
98 166 7050197
219 239 6241876
70 165 6166409
238 124 4969517
156 240 3949974
170 181 2036661
216 220 1383058
133 47 2132726
243 200 3206960
62 38 4407767
155 122 1502467
20 57 8746911
231 150 1473479
29 26 2734976
109 104 7441876
157 19 1038356
141 192 7452119
59 123 8659998
181 137 3289097
235 107 4052044
64 201 1490703
39 170 2613728
12 33 3485563
9 199 1942836
50 185 5083463
71 148 5330337
198 116 657566
180 28 2877074
221 156 2487236
11 225 2244425
95 18 1041018
6 22 2183789
160 112 3015603
10 134 2130613
223 168 3384702
154 15 6621989
192 105 6851379
24 54 3624723
206 166 5918394
6 209 6580470
130 215 7514748
175 85 7581089
59 76 5328718
214 60 8363082
103 217 3314588
220 136 6760684
77 6 2176191
143 206 5664071
9 175 4769705
2 62 7229058
68 24 9426646
159 105 4330251
43 60 7441776
237 34 6454608
140 162 2086761
239 169 3817492
33 124 4519831
233 32 654829
39 65 3968452
31 99 6586202
26 121 4613513
69 222 5952599
184 108 1673080
109 112 704976
28 96 3603710
187 138 6522777
128 145 6070052
249 139 8476752
70 48 2096915
68 245 8056875
196 166 7543919
111 41 7766588
195 79 6681165
1 98 8385410
205 26 3760549
93 53 8156743
176 49 3908834
75 102 4303761
63 87 5416221
221 41 2841908
242 245 2186000
64 15 2780010
9 105 4262085
136 73 7408355
150 148 3220958
127 230 5395021
172 175 3797222
200 26 6060713
149 96 5598328
144 164 2617243
219 118 1991237
191 241 4977558
66 110 7762839
46 114 8477090
81 9 9613974
135 34 2977927
134 100 2036881
68 153 6467673
141 35 2779125
192 235 917216
188 92 8220588
234 140 7857451
131 93 4622640
106 65 1869123
154 114 242801
226 247 4525091
120 230 2503970
101 160 4953582
186 14 5417513
208 91 5275948
25 88 6423766
181 5 8481859
80 110 312936
30 81 4633646
209 208 3619643
181 92 3240024
223 147 1666878
170 151 5847469
162 187 7194301
200 62 8438740
20 125 486576
23 128 2722369
152 231 6783284
84 110 3517450
182 143 8004902
37 78 4515789
118 116 5687515
139 82 7129557
28 133 3719758
240 207 9008145
176 101 6761496
237 142 326628

250 198 9619309
33 40 860338
170 157 818951
94 153 908044
244 118 1892673
218 187 132721
197 194 967812
178 126 569412
175 9 1479794
165 104 1866002
184 122 1490360
2 100 768353
29 224 659797
197 25 423509
244 210 1865612
31 104 679468
113 59 1032649
64 173 407113
124 62 787241
147 140 1678454
93 53 1273063
66 177 1841962
109 96 1732910
104 49 984897
89 217 1359970
5 189 577785
55 151 1500623
22 16 1106548
29 181 1820346
143 210 5709
224 28 1418510
125 238 235350
231 60 237820
14 179 222342
134 23 527668
44 45 457468
153 123 576976
100 61 1459776
45 105 1894280
170 29 1853079
107 92 1780862
227 100 313825
56 88 1377157
160 151 800394
59 98 1798102
126 103 1669431
85 103 528618
40 156 1230391
160 165 1460565
57 248 375024
143 42 1359525
121 19 1532524
110 41 1064165
84 169 1902172
40 23 155605
137 118 144531
214 219 927126
193 206 841974
43 200 278415
169 76 1054193
175 40 521097
241 8 312354
224 208 1728671
162 34 1625973
45 103 1411255
75 29 71890
126 6 1004341
100 29 1334624
142 180 1667264
231 217 1268968
166 39 598625
115 239 1749023
52 205 1405614
133 153 1445017
191 113 958205
67 58 309084
18 207 1128546
237 54 125495
123 168 1457610
103 247 1718288
172 88 1733116
41 31 1123362
152 131 12574
202 103 779992
27 85 1237750
85 213 716988
51 144 1454926
136 96 587188
220 235 170347
192 174 1099287
142 78 1402401
13 181 840484
57 10 452205
11 100 1096923
121 209 37513
174 31 1228916
174 215 168549
223 117 461802
46 242 931889
120 59 890693
224 89 1012962
29 209 1305725
247 159 466309
154 144 1191579
159 232 1157630
68 236 722097
212 177 745463
68 170 818212
221 17 264281
204 59 717498
92 128 33170
34 202 392916
204 43 961394
177 196 1775994
227 163 1086864
32 163 107619
102 5 559925
21 3 1588793
150 4 1826489
142 149 242333
79 209 1638650
148 38 82805
104 10 1774844
87 169 1829041
164 106 415440
223 190 147599
111 81 1122492
34 129 219031
197 30 1134420
122 80 1842593
29 202 874691
192 250 992986
46 75 164785
234 127 1540623
222 48 803780
219 175 1296199
101 69 1803177
217 116 1426861
108 196 370026
20 171 507580
132 28 1352108
218 57 1486601
210 44 525314
18 92 1002541
81 71 493549
75 226 213109
99 119 779352
86 107 873770
81 244 1864786
15 153 796346
230 36 467508
228 158 1051657
189 21 778680
86 141 1322187
81 37 768480
14 185 941338
62 129 1421149
199 146 1217041
236 1 833236
201 40 1276839
101 93 693104
72 123 942256
248 70 1773565
35 13 1026342
74 228 286463
40 195 296587
45 86 1540519
146 231 1779226
89 166 585584
97 125 947496
177 211 1304742
83 18 901955
246 23 1256974
97 29 1868786
2 228 1847738
210 5 637473
222 34 523881
17 210 1759335
107 130 120493
145 72 926914
110 114 552500
161 172 475271
173 24 1480875
237 126 679190
249 197 508713
129 177 1060008
45 36 1516496
152 176 1816194
226 20 820896
65 40 126203
112 130 1543090
12 100 1477064
160 91 888671
78 40 900563
58 54 1393851
123 193 1290804
40 170 1108751
178 147 1219285
20 38 450005
95 184 1327071
110 245 631039
173 54 690996
28 47 1472532
93 194 321697
243 103 1271809
29 117 798465
39 183 99974
18 225 213735
219 80 138289
78 52 1462955
236 164 1473025
4 178 511263
57 206 1572139
50 99 81706
214 182 1115358
208 41 194186
212 139 343780
80 240 1529297
202 239 7408
7 64 1186943
234 63 1582982
109 89 1179755
50 67 831618
135 168 1544170
65 138 1921043
101 132 1378125
248 233 1869033
217 120 1662462
82 79 313226
90 183 1348707
22 75 190900
188 4 1504477
203 138 1627369
106 155 963448
172 26 6632
241 181 1629317
88 109 1295946
167 30 607532
229 192 836797
73 183 627112
235 46 1671900
48 77 701290
13 14 597028
5 176 1522798
229 234 1446265
106 186 1700773
198 99 560741
51 71 1294360
216 38 1125574
87 89 158953
