2 10

8 3 895307116
8 1 562601320
1 6 995045068
6 7 762245166
7 4 900560333
4 2 904657319
2 3 693933408
3 5 740726094

8 6 972755033
8 5 76876568
5 1 326110430
1 6 533819049
6 2 512217855
2 4 268926040
4 3 536052600
3 7 585723821

8 7 9862
3 7 8
3 5 8
7 1 35
5 8 14
1 2 44
8 4 35
2 6 45

8 7 205098784
7 4 294721443
4 6 943585848
7 2 95388153
2 1 869680499
2 8 70227722
6 3 633701355
6 5 714748785

8 5 16363536
3 4 6474463
4 1 5172654
1 6 1439718
4 2 1566905
6 5 7911933
5 8 780912
6 7 7813232

8 5 16175
7 6 1410
6 5 9303
6 3 2875
3 2 179
2 8 9682
6 4 9163
4 1 4123

8 6 858323986
3 7 377405
3 8 4199380
7 2 3820507
3 5 2620623
2 6 5611340
3 4 3366089
3 1 1498734

8 3 6076
5 4 9970
4 2 872
4 8 5750
8 7 1136
7 1 2636
8 3 9720
3 6 3115

8 4 66
2 3 3
5 3 40
3 6 40
1 6 50
6 8 32
4 8 11
2 7 13

8 6 73794
6 4 3454
6 5 39228
6 8 90331
6 7 31904
6 2 64718
6 3 69991
6 1 58925