1000 0
8
16 21
88 93
41 49
27 47
70 93
5 55
26 77
29 81
10
85 87
25 44
34 79
54 100
16 69
17 81
6 74
14 85
3 86
5 91
7
52 53
45 60
39 69
35 80
23 87
16 94
5 84
9
43 47
59 68
3 18
47 65
30 51
40 86
23 84
3 66
17 83
5
39 42
62 77
52 71
37 91
16 79
8
35 40
35 45
39 53
41 69
71 100
19 71
11 76
22 94
9
31 47
8 31
47 78
13 56
43 92
39 88
6 67
2 71
1 79
8
14 21
14 38
25 53
17 50
23 56
14 55
5 56
14 92
8
55 59
90 94
33 45
73 93
63 92
51 94
4 89
8 98
5
55 58
37 45
30 57
32 65
2 36
7
60 70
2 20
27 72
36 83
24 81
21 85
21 92
5
45 48
33 37
77 97
13 66
5 72
9
19 29
25 36
57 71
18 35
48 76
60 93
18 54
20 74
29 95
5
2 10
16 39
70 93
35 81
19 71
8
80 98
69 89
64 87
48 76
4 44
12 75
20 86
19 92
6
7 8
72 95
48 78
20 76
17 74
11 91
9
55 57
56 59
81 90
73 84
36 56
39 77
42 90
9 75
14 100
9
7 13
19 27
15 31
2 24
26 53
57 92
30 77
13 100
8 98
6
8 18
60 76
43 63
69 98
19 96
13 98
6
46 48
72 100
24 53
55 84
1 45
44 96
5
70 72
56 58
54 73
7 37
1 61
7
76 77
86 89
18 29
53 73
46 73
15 52
50 100
7
67 92
16 52
54 91
19 75
9 85
15 95
6 100
10
44 50
8 20
18 31
7 24
72 96
6 37
33 68
7 44
25 67
4 50
10
5 14
80 100
38 58
26 48
18 41
74 98
19 55
53 96
35 86
3 92
9
60 70
20 32
3 15
66 79
30 45
68 88
72 97
15 49
11 96
8
33 44
21 48
37 67
13 50
30 70
21 65
6 50
8 90
6
48 62
53 85
33 67
59 97
6 90
7 94
10
60 77
60 80
12 34
60 83
24 50
57 88
36 71
49 85
37 89
7 79
6
80 83
56 61
60 75
48 76
38 81
8 89
6
80 89
51 81
34 69
44 80
16 93
4 89
9
32 50
12 33
63 100
5 63
32 97
22 90
8 76
3 74
10 96
10
41 51
76 92
35 52
43 60
56 73
41 74
4 57
29 96
16 89
12 86
6
36 37
20 26
75 81
43 67
8 33
56 86
6
84 98
33 54
47 74
24 53
15 87
10 96
8
72 74
90 96
38 47
57 94
27 66
48 96
28 86
8 93
8
54 64
85 95
31 49
35 55
22 48
5 35
12 78
24 93
10
70 74
88 99
65 87
23 49
18 46
65 96
32 64
39 76
23 69
10 78
9
16 18
10 14
23 33
10 20
49 60
17 32
34 51
18 53
24 73
10
91 99
9 34
17 45
44 73
61 94
33 70
37 79
14 69
9 76
9 95
9
4 5
65 69
32 37
10 25
52 67
30 60
11 65
9 63
44 100
9
47 52
48 59
43 59
37 55
26 45
18 45
29 81
24 90
24 92
6
86 88
30 50
13 53
54 96
36 78
3 90
7
24 61
8 47
34 82
30 81
16 73
11 70
7 68
5
71 74
51 60
10 35
50 80
12 95
8
35 37
48 57
68 95
23 54
35 81
39 92
31 93
2 85
9
12 19
7 20
54 73
13 57
4 50
24 74
36 96
12 73
34 96
6
81 98
41 69
53 83
23 53
21 98
15 92
6
29 41
46 63
59 78
34 77
20 73
7 64
9
36 37
62 84
44 71
22 57
57 93
23 77
20 76
30 89
3 73
5
68 84
61 79
29 64
8 75
15 87
8
71 73
52 73
38 64
49 79
13 59
28 74
48 99
40 95
5
70 72
27 29
40 74
16 60
35 96
6
38 41
77 86
87 97
78 89
7 41
32 99
10
67 68
38 45
44 51
55 73
20 41
39 64
57 88
24 81
28 88
12 91
5
65 67
68 76
44 66
9 49
41 85
9
53 59
55 72
47 68
49 86
48 96
28 77
24 92
16 87
24 96
6
51 67
3 21
20 55
52 93
14 68
22 88
10
65 68
73 78
66 79
55 72
45 64
1 21
53 76
69 93
3 29
31 91
5
85 88
26 37
9 23
35 94
19 85
8
8 28
68 96
57 88
26 60
11 48
1 49
10 60
6 85
8
88 92
19 39
60 82
57 89
32 65
49 100
30 86
5 72
10
95 99
71 76
84 90
29 41
41 58
50 77
11 39
1 30
41 70
50 85
6
1 2
59 60
58 59
14 69
26 93
7 77
7
5 7
78 85
77 88
28 39
44 92
37 92
8 90
10
65 66
32 43
35 47
27 45
13 33
42 64
30 54
5 47
24 72
15 92
6
28 37
52 76
64 91
14 43
25 66
25 80
8
77 93
54 72
24 42
21 70
26 76
7 57
26 100
3 89
5
74 99
30 55
38 83
16 75
1 72
7
41 42
19 23
9 15
8 29
45 68
37 76
8 59
8
41 50
79 92
47 60
77 96
20 64
23 73
26 78
4 64
9
59 67
57 89
17 50
32 76
17 68
30 95
28 94
20 86
4 90
6
51 68
3 37
3 43
8 63
42 100
14 82
5
79 89
32 47
15 54
21 60
60 100
9
83 95
60 74
11 28
69 90
64 91
59 90
20 54
18 55
23 87
10
79 80
34 49
43 62
27 52
47 72
35 70
28 75
18 70
20 97
3 94
9
60 68
58 68
39 58
21 42
70 97
11 39
65 94
1 46
9 93
10
60 62
50 52
10 15
53 68
8 24
65 81
11 28
54 81
16 78
32 94
7
78 83
73 83
17 32
13 34
1 31
17 58
10 98
9
33 46
51 65
67 85
41 67
58 88
6 44
27 70
12 88
8 93
9
50 54
7 15
35 47
69 92
74 98
24 49
50 81
11 64
26 92
5
22 31
17 34
31 50
42 84
3 65
8
43 46
41 51
51 63
30 44
8 25
67 87
46 76
10 82
5
45 49
73 90
29 47
9 40
17 96
8
17 24
34 48
45 74
67 99
16 50
13 68
1 76
9 90
9
61 66
10 27
12 36
41 70
64 95
13 56
20 69
9 82
3 95
9
41 48
15 22
58 65
20 35
39 55
47 64
6 25
14 63
13 66
6
22 26
18 24
45 60
36 53
76 99
20 92
10
45 48
73 82
19 40
29 58
49 99
1 52
6 65
41 100
17 87
3 91
7
7 24
48 85
11 52
13 60
27 75
19 75
2 98
6
60 74
42 75
5 44
10 51
25 67
15 88
8
7 19
27 45
6 29
4 37
56 92
25 65
22 91
1 96
9
55 63
73 90
81 100
18 42
45 90
41 87
2 67
4 78
3 91
9
74 90
47 76
17 51
2 43
3 46
22 69
41 91
16 76
14 96
9
39 43
88 93
31 36
77 83
72 82
23 37
36 75
6 45
2 46
5
39 63
70 94
15 61
16 79
22 89
5
60 61
12 17
94 99
62 75
21 76
7
43 56
18 32
24 49
3 37
48 86
25 64
32 81
8
19 23
5 9
30 68
51 89
15 65
25 87
28 96
1 82
5
46 60
36 63
64 97
39 81
27 74
10
47 48
17 22
77 86
3 20
15 34
34 67
22 57
24 64
2 66
1 88
10
97 98
83 86
41 53
71 91
12 35
71 97
38 74
22 63
31 81
33 92
10
83 93
79 98
48 69
28 53
48 76
7 44
44 81
45 83
42 94
25 93
7
76 81
21 29
68 81
39 75
1 52
1 85
4 97
9
81 86
14 26
41 54
19 35
43 61
21 40
21 51
28 70
27 82
10
7 8
23 24
84 90
57 74
10 30
25 51
42 70
22 52
35 76
9 73
8
10 11
5 13
44 57
37 61
43 78
17 84
21 91
10 99
10
85 87
48 59
45 59
63 80
44 72
37 70
4 40
49 87
7 59
8 81
8
89 92
8 11
53 60
14 21
9 18
16 28
4 23
72 96
9
43 44
15 21
65 84
27 51
32 65
3 39
43 90
28 91
20 87
9
11 13
76 78
72 75
33 43
16 35
54 73
19 39
44 82
13 95
6
5 11
70 90
61 84
39 79
42 85
34 88
5
54 73
45 80
55 90
35 71
3 53
10
5 8
68 75
42 51
12 26
1 19
56 76
54 76
58 91
26 86
34 96
7
36 39
74 95
42 69
56 85
66 100
40 80
29 76
5
67 77
48 62
4 36
1 39
1 68
6
13 36
77 100
32 62
7 55
47 99
4 94
8
72 88
15 42
46 77
12 48
9 51
41 87
27 90
24 92
5
71 72
40 44
84 92
34 66
65 100
8
33 35
82 90
79 88
32 42
44 75
28 76
10 63
8 90
6
76 82
32 39
38 52
76 99
26 61
3 76
8
45 61
37 56
46 68
35 75
50 91
7 59
22 78
7 75
10
34 36
47 57
27 49
3 28
16 42
37 71
39 79
39 89
31 94
14 97
10
91 92
31 38
91 100
1 11
50 67
66 96
5 51
48 99
15 66
17 85
6
53 55
59 63
47 52
40 54
67 95
5 38
7
30 47
19 52
28 62
49 84
39 84
25 87
3 65
8
39 44
34 42
53 82
37 72
40 85
23 74
15 71
7 77
7
94 96
25 38
47 63
15 47
37 99
20 83
6 73
9
77 78
42 58
29 49
54 83
6 42
52 95
37 92
4 73
15 100
10
69 70
39 47
56 69
57 71
79 95
43 75
37 75
58 97
26 90
2 75
5
63 66
62 98
14 57
42 97
3 74
5
32 41
79 98
46 98
3 64
12 100
5
18 22
16 25
43 75
49 89
9 56
5
55 79
36 98
1 75
9 90
10 93
8
86 99
20 38
49 71
54 78
33 79
37 86
22 76
5 72
10
96 97
54 60
68 75
14 23
83 94
11 24
32 50
78 98
68 91
24 87
6
70 95
67 99
20 69
39 91
10 75
4 91
8
53 58
77 89
63 83
66 100
24 63
13 70
28 100
3 80
10
74 77
35 40
85 92
33 41
17 48
17 67
24 85
35 99
5 85
7 98
8
78 86
34 43
51 60
14 38
56 88
14 67
31 84
12 98
10
88 89
38 47
23 32
28 43
5 40
37 76
2 46
48 99
8 95
2 98
10
13 27
71 95
35 66
23 55
49 82
9 43
29 77
20 72
23 92
1 98
7
25 37
8 34
65 100
15 56
12 59
2 53
17 95
10
60 63
5 12
78 86
55 70
27 57
48 82
18 60
35 81
4 67
1 90
9
64 68
49 57
42 51
51 67
24 41
22 49
12 63
5 58
10 84
9
67 74
40 58
41 59
34 54
52 94
10 53
2 46
5 72
19 92
7
65 66
38 47
40 55
51 77
43 75
12 63
31 88
10
54 56
31 35
91 96
7 25
38 60
23 46
24 52
17 49
47 99
6 80
6
76 77
85 88
27 52
25 92
8 78
10 88
5
90 100
70 97
1 32
25 93
3 81
9
25 31
40 70
60 98
7 50
37 99
7 73
1 72
18 94
20 96
8
10 11
29 35
61 72
8 24
23 59
48 90
21 64
19 77
7
38 39
39 43
16 41
45 72
15 50
50 89
39 99
7
79 92
36 56
33 60
4 39
48 85
34 97
3 98
5
87 94
21 29
66 86
16 51
7 75
6
36 39
36 45
33 55
58 89
10 50
33 78
6
23 25
25 43
53 78
41 78
38 80
45 95
7
35 52
11 40
32 66
54 88
53 89
34 75
34 95
7
1 9
31 42
40 55
64 80
31 76
19 88
6 93
8
73 79
63 70
3 15
73 87
48 70
60 86
16 59
32 77
9
48 50
26 29
47 51
35 41
81 100
12 48
30 93
28 100
8 87
9
36 43
49 58
34 54
22 42
8 31
31 65
19 66
34 89
5 79
5
13 34
6 28
7 43
36 85
34 98
8
65 67
6 16
27 37
9 31
64 91
60 93
47 86
1 45
5
13 16
70 77
8 44
24 70
41 91
5
4 8
15 25
65 98
27 81
23 86
5
74 81
40 57
28 52
64 94
32 67
10
33 37
8 20
74 88
12 43
53 85
45 80
42 83
50 92
38 88
31 90
10
34 35
9 14
81 95
70 89
32 54
31 61
53 94
38 84
44 92
10 62
6
67 81
25 47
38 74
14 58
19 88
4 81
7
11 25
75 98
55 88
30 84
8 70
9 89
10 97
9
41 45
37 42
78 90
75 90
18 39
25 55
59 99
24 64
7 87
9
26 27
43 46
26 30
1 9
18 29
58 88
20 76
25 82
16 80
6
17 20
82 88
56 78
70 94
9 37
25 79
7
56 58
48 65
30 54
17 61
42 87
6 70
5 86
8
14 18
21 35
9 28
54 86
67 99
10 61
8 63
35 98
9
58 65
48 57
62 73
10 22
17 30
86 99
46 91
47 92
20 84
7
17 29
74 87
43 59
41 58
24 45
37 80
17 68
9
27 31
52 69
50 73
55 78
24 51
59 90
47 94
5 94
4 94
5
92 97
84 97
10 53
32 79
38 90
5
31 48
67 95
52 88
22 77
19 85
5
41 51
81 92
69 94
8 50
38 90
7
25 26
2 11
63 73
8 23
31 49
24 51
24 54
8
56 57
36 57
4 40
36 77
29 74
12 60
2 63
14 87
9
18 21
59 64
62 87
23 56
56 90
7 42
8 52
47 95
36 94
10
40 55
59 75
21 42
67 98
43 78
3 50
5 54
2 56
13 98
2 99
5
22 28
52 59
31 38
18 67
24 86
10
76 80
32 40
4 14
66 77
14 35
20 52
24 59
37 94
18 85
11 89
5
17 18
26 33
18 31
24 44
47 72
6
20 26
1 14
28 45
67 94
45 84
3 98
6
9 21
13 25
65 94
29 61
12 73
1 100
10
63 70
70 78
78 88
29 40
8 27
35 60
22 58
15 71
18 88
9 87
8
64 68
49 55
3 32
6 55
33 94
24 85
21 93
9 88
10
28 30
54 60
53 63
35 55
28 51
66 95
23 54
17 52
32 69
10 78
5
22 27
79 85
62 73
67 87
33 55
5
77 84
6 21
17 34
50 81
8 63
5
32 44
49 67
64 98
57 98
24 75
6
15 30
12 27
81 98
31 52
60 90
45 86
5
27 34
70 85
67 91
2 71
10 83
7
71 76
19 27
54 64
24 40
57 85
45 85
8 51
8
74 83
36 49
13 35
39 66
13 44
35 75
2 47
22 85
7
7 9
64 72
72 99
57 90
6 42
4 91
1 98
9
9 17
70 78
22 36
70 96
3 31
63 93
51 93
50 96
8 68
8
32 33
30 35
72 93
38 77
24 65
13 74
21 87
1 88
6
56 65
62 79
31 48
41 66
29 54
38 92
5
8 9
55 65
21 59
36 89
7 96
5
24 32
30 38
81 98
47 92
25 100
8
87 94
53 65
34 51
13 34
72 95
25 56
41 77
3 53
5
27 35
39 61
16 63
6 56
3 64
6
38 40
47 53
80 99
37 73
47 86
6 70
7
10 22
69 82
71 88
40 66
15 43
40 81
24 100
10
43 47
50 68
45 70
73 100
50 84
24 73
5 66
2 63
2 68
9 96
8
11 29
2 26
45 70
44 70
26 52
13 40
37 86
17 71
5
66 98
33 76
8 52
33 89
14 98
8
37 41
86 95
48 59
61 100
18 79
27 92
1 66
4 81
9
38 40
77 87
11 28
21 55
46 90
15 68
32 85
19 75
24 80
5
45 55
45 77
15 62
27 75
17 75
9
54 60
17 26
56 87
23 56
46 88
27 74
46 93
9 65
15 85
6
88 90
84 100
14 31
35 65
54 94
46 89
8
66 71
9 16
59 72
66 81
63 81
43 73
12 57
33 82
7
55 79
32 62
17 53
18 65
12 63
19 73
30 93
7
37 50
73 91
4 31
19 53
48 89
18 71
13 81
7
8 9
17 27
12 26
20 34
55 77
42 67
8 82
6
72 76
30 38
89 98
84 93
38 98
4 96
7
51 62
46 60
2 18
46 67
41 77
8 61
34 98
9
52 59
22 31
11 22
57 69
41 57
20 40
22 62
29 81
2 85
5
43 45
59 76
34 62
10 59
28 91
10
97 98
56 59
40 49
56 69
4 28
35 80
24 76
42 99
32 96
21 91
10
41 55
44 62
17 39
74 97
52 81
19 78
19 79
7 68
35 97
19 90
8
78 96
27 72
9 55
41 91
20 89
2 72
4 79
1 89
9
25 40
80 100
56 76
16 46
55 90
32 76
2 55
4 69
17 99
10
71 73
14 22
43 54
8 32
67 97
56 89
52 88
21 79
21 87
2 77
5
64 75
35 46
14 29
44 66
22 95
9
40 42
84 93
54 71
37 76
42 88
23 97
10 87
9 89
6 87
7
29 32
41 68
48 93
33 82
11 74
27 90
1 78
6
63 72
79 97
37 57
36 69
66 99
22 98
6
76 80
60 71
24 37
31 45
28 64
7 91
7
26 30
57 68
46 58
50 67
17 59
51 99
46 96
6
55 56
17 31
19 34
59 77
45 81
30 88
5
18 35
6 30
29 82
4 85
7 92
6
75 79
38 50
47 66
55 93
24 65
21 95
8
87 88
39 55
46 63
40 68
65 93
61 99
48 93
8 62
6
72 87
62 78
35 57
20 42
15 66
12 95
5
44 47
62 93
55 92
27 73
6 53
7
40 58
13 35
47 72
8 56
21 86
10 89
17 98
6
11 20
55 64
28 50
46 74
15 44
56 97
7
29 38
5 16
58 84
6 35
53 99
33 87
5 95
6
37 47
80 93
3 19
18 37
77 100
64 91
5
14 19
67 75
57 80
9 62
9 100
9
47 52
80 87
64 86
57 85
1 41
56 96
22 69
16 66
8 70
10
56 61
16 28
2 16
21 35
58 72
22 40
65 99
47 87
34 76
2 64
9
33 46
60 79
51 72
35 57
72 98
8 48
19 78
32 92
22 90
10
40 41
81 82
46 49
44 48
46 54
84 96
39 60
10 31
22 66
3 66
5
55 70
23 54
5 42
19 59
37 86
9
28 46
27 60
63 97
59 96
27 66
26 69
31 78
35 88
35 94
7
24 26
25 28
25 39
53 86
34 97
3 86
3 90
7
68 70
44 58
84 99
8 24
10 61
3 54
1 62
6
82 93
36 63
10 42
31 68
32 72
48 97
7
76 78
25 38
49 64
13 40
20 55
23 59
15 59
5
46 59
25 39
47 91
4 83
10 91
6
54 55
58 63
68 76
1 17
32 53
9 42
9
70 80
22 32
29 46
80 98
36 55
51 74
46 78
37 75
26 75
7
47 53
27 34
6 23
24 41
41 63
57 88
14 48
10
11 13
75 87
51 67
21 43
22 46
57 81
16 53
60 98
12 54
43 91
10
65 68
76 90
19 45
35 65
62 92
16 62
27 82
9 80
6 79
3 78
10
5 9
87 91
79 84
12 17
30 36
34 66
33 79
30 77
38 96
4 77
5
26 45
20 50
21 59
24 87
9 90
9
84 93
75 85
77 97
27 53
18 45
49 81
9 56
16 65
31 82
6
60 68
71 80
47 60
28 51
55 78
29 73
9
70 73
2 21
4 24
36 66
11 41
9 43
13 51
12 53
24 78
5
25 26
93 95
3 23
13 59
2 70
7
32 33
56 71
42 65
44 81
34 72
18 64
20 90
10
82 84
14 41
27 55
60 96
26 64
33 79
7 55
36 92
36 100
6 81
7
18 39
57 90
8 59
5 57
20 81
15 77
7 84
8
36 49
68 91
59 86
57 85
8 56
43 92
17 98
15 98
5
87 88
13 21
28 46
42 85
17 75
7
79 80
47 50
75 85
48 59
61 93
33 66
45 87
9
20 23
55 65
86 97
13 32
26 56
24 63
10 62
22 95
7 83
8
54 57
27 31
73 93
15 50
57 94
50 96
47 99
36 92
8
43 46
12 18
42 52
36 62
13 52
7 72
6 89
9 95
8
54 61
67 79
20 43
1 35
59 94
14 55
38 97
6 87
5
21 33
25 48
65 89
17 79
28 95
10
40 66
4 33
26 57
58 95
5 43
21 70
23 74
36 97
23 90
4 80
6
32 45
59 72
64 98
18 89
16 90
10 97
10
32 41
61 71
38 54
65 83
47 69
51 80
33 65
7 47
10 50
2 81
5
40 47
35 57
37 67
35 68
11 86
7
78 83
8 17
54 67
18 34
39 77
2 76
4 92
7
91 100
12 29
79 96
46 78
61 100
18 62
41 95
10
12 25
3 17
47 67
54 77
41 93
1 53
14 77
26 94
27 96
1 74
8
25 26
60 63
67 72
18 53
39 83
27 75
33 97
21 95
7
54 65
48 65
6 33
55 91
34 95
5 75
9 80
8
9 23
51 72
22 51
33 66
50 99
20 75
21 84
4 88
6
87 91
58 63
21 30
85 97
12 37
32 75
7
35 38
8 25
82 100
22 44
26 64
3 58
1 60
10
51 73
55 80
52 80
60 88
67 96
57 100
2 56
31 86
11 77
1 79
8
74 76
84 93
76 86
33 61
53 97
45 99
15 78
14 88
6
38 49
31 49
16 36
11 46
9 47
4 100
6
11 18
33 41
14 44
16 59
53 97
17 75
7
41 46
5 11
56 78
19 52
37 72
33 84
7 84
7
86 94
62 72
36 50
31 57
41 69
44 89
9 64
8
77 86
46 58
48 76
40 82
43 90
31 80
18 75
20 84
9
93 94
60 62
67 72
81 88
4 13
17 28
55 70
25 50
2 46
9
29 36
25 52
47 76
45 77
66 100
8 55
38 86
25 79
22 84
5
27 52
8 50
9 57
36 99
19 99
5
79 98
73 98
1 37
18 56
20 68
7
72 75
4 9
50 56
79 86
30 39
3 39
27 73
8
60 68
46 67
6 40
1 46
39 92
34 97
6 70
34 98
7
83 91
80 89
7 18
84 97
6 24
10 35
67 95
9
60 63
48 61
9 23
32 49
48 78
26 81
28 87
7 75
10 100
6
90 94
47 51
46 75
39 73
36 76
11 80
8
65 73
42 66
45 69
56 80
65 92
30 90
22 86
22 88
8
84 91
45 54
81 90
9 35
40 68
4 34
18 53
18 76
7
84 89
25 41
42 70
8 47
38 78
24 80
22 79
7
46 56
58 70
30 54
25 57
28 77
6 69
33 99
5
71 86
5 29
39 71
13 81
12 91
7
31 45
32 48
12 44
24 61
8 66
14 76
5 99
8
33 34
75 90
31 54
10 38
58 88
37 71
31 66
8 55
10
77 80
30 33
41 50
61 79
51 71
1 38
14 64
2 58
41 100
3 88
5
19 21
51 83
2 50
32 82
13 70
7
9 23
15 31
54 77
43 93
2 69
2 82
4 90
5
56 64
26 47
6 28
35 68
37 95
5
52 56
2 18
15 45
30 81
14 96
6
78 83
72 81
80 91
39 71
44 82
23 75
6
57 72
14 33
18 47
11 51
54 97
21 71
6
83 85
75 86
40 55
21 41
35 55
47 96
5
53 54
43 49
48 69
47 91
30 81
10
90 91
84 85
60 68
52 69
80 99
36 63
11 40
24 61
22 76
18 79
6
53 57
59 72
70 85
69 96
3 82
8 97
5
52 66
77 93
45 85
48 96
13 88
8
49 50
9 15
70 95
45 71
1 27
48 83
16 53
35 74
7
35 40
23 42
33 55
19 45
13 77
29 98
13 83
9
40 47
42 51
43 52
20 35
43 62
6 31
51 90
2 55
40 99
10
35 36
16 19
47 54
16 29
61 78
65 88
26 64
55 97
4 78
6 99
8
9 11
44 54
31 49
65 97
47 80
5 39
48 86
10 78
8
38 46
32 46
59 83
20 46
49 76
16 43
22 83
3 73
8
10 19
38 48
79 92
72 90
30 71
47 88
35 79
14 82
7
7 10
79 83
28 39
84 98
28 63
32 71
10 59
5
47 48
3 9
48 65
6 55
5 88
7
93 97
20 27
46 55
34 65
12 50
25 66
5 90
10
2 4
90 94
37 52
53 70
48 71
20 43
29 64
20 64
51 95
3 70
9
1 9
45 67
31 55
5 38
9 45
22 62
13 57
43 90
7 64
9
65 68
6 9
1 9
39 49
51 62
69 97
30 66
18 73
12 88
5
67 71
11 27
14 36
9 39
17 91
6
87 88
72 77
71 87
12 31
39 62
2 91
5
19 47
30 64
1 39
40 90
25 91
6
56 88
2 46
21 71
40 93
1 56
10 96
9
26 30
80 86
89 100
76 92
75 98
10 49
19 75
30 91
21 88
5
51 53
20 30
13 30
7 48
35 83
5
51 53
74 78
10 16
42 76
14 94
7
14 20
7 14
35 54
21 61
13 56
11 70
16 88
7
33 40
39 58
22 44
3 53
26 82
17 85
14 83
7
59 62
57 83
24 63
1 43
13 59
27 90
9 81
10
39 46
39 50
5 19
70 89
36 69
35 74
16 56
54 95
36 77
5 95
5
45 46
90 95
71 90
30 63
11 91
5
79 82
47 58
12 58
12 64
24 89
10
17 21
7 12
44 62
15 42
12 44
59 91
35 73
15 94
12 93
4 94
9
71 73
19 21
54 77
30 57
22 49
43 81
23 76
10 76
19 100
7
48 59
57 69
20 41
18 46
16 54
17 66
31 86
7
12 13
90 93
14 22
76 93
76 96
58 97
20 74
5
59 70
22 39
49 74
26 60
26 84
10
4 11
52 77
68 98
58 92
24 67
8 56
47 96
29 82
25 88
4 97
7
85 87
1 40
5 55
19 69
4 69
8 75
1 78
6
68 75
47 55
59 83
38 65
46 74
8 45
6
79 83
44 53
82 91
55 67
17 66
28 87
6
91 100
67 96
32 68
26 94
22 100
4 85
7
18 40
3 34
62 95
12 55
34 81
6 56
20 91
10
46 63
25 43
73 91
57 81
57 82
14 51
32 100
1 74
10 84
10 91
9
85 88
77 84
1 20
4 34
40 74
26 70
1 51
15 71
16 93
10
67 68
11 14
73 81
3 12
18 28
61 72
10 22
6 43
45 100
31 97
5
33 47
22 38
6 24
37 71
7 67
7
84 92
52 62
61 76
9 36
13 49
42 85
2 86
10
70 79
29 49
31 55
21 56
39 75
43 80
49 91
15 57
36 90
36 91
6
53 61
38 58
15 36
38 84
8 72
4 77
10
48 69
72 93
59 84
55 85
27 63
13 57
3 54
36 92
6 65
21 100
8
81 87
86 93
50 57
45 54
31 40
34 74
39 88
15 83
8
47 53
48 63
23 38
16 44
39 73
4 57
2 58
1 77
6
55 67
17 41
20 44
62 89
2 44
36 98
9
39 40
17 22
26 40
62 77
36 56
64 85
69 97
12 52
29 73
8
60 62
44 55
24 36
57 84
15 44
5 40
50 96
38 84
6
58 68
51 68
24 42
38 66
22 59
51 99
9
38 40
51 64
49 66
62 92
50 87
55 98
38 95
13 75
8 96
9
28 31
58 70
61 92
52 86
40 74
11 62
33 85
8 69
19 89
8
70 71
12 16
66 71
15 42
18 55
26 66
42 95
29 91
7
48 61
28 49
12 38
37 68
64 95
15 71
10 86
6
48 56
47 64
67 92
56 97
28 91
1 67
8
23 30
12 24
32 46
17 34
37 61
18 44
12 52
14 84
5
76 77
2 9
70 78
38 86
5 92
7
85 88
95 98
70 80
70 98
3 41
8 77
1 70
9
27 34
25 37
80 98
7 33
42 70
36 74
18 58
19 59
38 83
8
81 85
81 90
9 39
2 38
47 95
23 74
29 89
2 79
9
75 78
23 52
56 86
22 56
6 49
23 83
34 97
12 88
3 91
5
68 89
35 62
38 78
3 52
39 93
10
88 95
61 71
74 90
26 47
38 82
49 96
3 50
19 85
5 77
5 89
10
45 59
2 18
7 25
13 33
63 92
12 43
32 72
15 89
13 87
13 97
8
46 50
21 39
19 60
27 71
25 82
10 72
15 77
19 85
5
38 67
6 36
54 92
19 64
16 74
10
85 95
4 24
50 74
26 53
32 67
43 91
15 63
28 83
17 85
16 89
6
92 100
42 53
3 14
45 66
73 99
25 67
10
42 47
58 65
57 74
69 87
57 75
50 72
63 94
4 46
42 88
43 93
6
76 81
58 69
12 38
30 61
4 36
44 92
7
37 38
87 90
11 19
56 77
22 49
9 63
16 79
7
20 23
22 35
35 55
5 28
75 99
43 73
20 56
10
45 46
59 64
18 23
65 79
14 53
27 68
1 43
44 100
22 88
25 96
7
12 24
65 100
4 40
52 91
16 62
36 87
15 94
9
39 50
61 75
38 52
33 49
35 60
59 85
45 85
13 70
15 99
8
1 8
14 26
85 99
50 87
34 82
30 87
34 100
31 100
6
47 75
36 71
1 41
15 79
7 73
5 96
9
84 86
77 92
77 94
5 30
3 31
22 75
6 68
11 84
3 82
6
77 84
65 76
17 28
17 39
43 77
20 76
8
8 21
20 39
18 43
68 98
15 50
16 56
11 83
8 86
9
90 91
92 96
81 92
66 89
12 42
10 41
58 91
61 94
13 89
7
19 35
24 48
14 47
53 89
57 96
2 70
8 86
5
45 70
57 85
60 99
4 47
1 93
6
33 36
7 33
11 56
42 100
28 100
18 97
5
70 76
17 27
20 36
3 55
3 71
6
32 38
89 96
20 46
7 43
54 90
38 100
8
40 52
3 16
22 43
51 78
32 81
11 83
9 84
11 90
8
83 96
5 19
3 23
8 34
23 54
64 96
48 98
16 100
10
10 12
71 84
37 51
45 77
53 94
1 47
30 85
12 75
9 97
5 97
10
62 65
69 77
52 69
41 58
76 98
15 39
17 47
34 76
49 97
5 84
8
97 98
75 80
80 86
43 53
25 45
17 55
27 80
7 97
9
74 77
51 55
89 94
62 69
64 74
16 45
44 91
11 76
3 97
9
38 40
7 10
80 84
40 48
39 49
88 100
22 49
22 59
6 50
10
36 40
77 89
48 81
6 44
51 89
20 74
6 71
7 72
25 100
5 92
10
28 32
30 36
69 89
46 67
16 50
43 80
38 81
31 83
8 67
25 95
9
7 22
26 43
26 50
66 91
19 46
71 98
47 88
15 87
5 79
7
44 55
12 39
24 53
23 58
19 59
20 64
9 70
9
28 31
86 91
64 92
40 69
33 63
22 62
8 72
17 93
23 100
8
52 68
2 25
69 93
55 83
30 59
30 60
57 97
2 95
10
89 90
95 98
19 27
28 36
48 66
44 69
22 58
1 47
11 93
5 99
5
15 30
14 33
41 65
21 89
4 93
7
94 100
38 46
53 62
36 53
65 83
77 98
7 70
6
13 20
54 74
39 60
11 37
43 72
46 78
6
3 6
10 37
31 61
15 45
19 59
25 75
9
18 30
64 77
81 94
61 89
13 43
41 72
51 86
23 68
31 92
8
1 4
54 68
78 94
24 54
8 55
13 62
8 61
14 87
10
99 100
41 43
70 75
49 62
31 47
13 30
53 77
50 89
2 88
3 100
9
33 42
61 71
3 15
75 95
27 60
24 64
6 62
4 77
18 100
7
41 48
48 63
21 37
19 36
2 29
14 63
6 59
5
9 17
13 25
37 91
21 77
15 74
7
4 11
43 63
1 23
65 89
19 53
58 100
9 66
5
53 65
31 45
48 91
13 63
3 95
5
82 92
39 79
22 65
5 48
2 69
9
10 11
76 85
9 18
49 59
35 48
56 69
59 94
48 98
19 96
8
55 58
72 79
6 30
19 45
54 81
20 52
4 44
24 93
10
50 53
65 89
35 67
6 38
38 82
32 78
9 60
27 82
10 76
4 99
9
12 21
30 39
24 35
19 33
26 50
32 78
7 53
3 53
41 97
5
9 26
27 80
36 91
28 87
10 92
9
1 11
1 21
31 55
63 91
25 79
2 63
10 73
9 98
5 100
9
66 71
48 61
28 59
44 79
18 54
36 74
13 57
26 74
6 90
10
62 65
38 43
66 74
27 44
58 81
71 99
51 87
35 72
11 85
2 98
8
20 21
25 32
63 72
63 75
80 98
68 87
49 78
22 67
8
47 55
19 28
78 90
26 51
5 37
2 51
21 74
35 92
7
63 69
66 78
35 88
3 57
18 85
15 86
1 95
10
15 43
53 82
61 92
55 98
1 45
25 74
4 58
27 86
24 90
3 94
9
85 91
45 55
66 84
80 99
34 54
9 34
41 66
25 74
4 85
8
56 63
2 13
12 24
6 24
63 83
19 58
9 69
34 98
9
29 39
18 28
56 74
46 65
34 91
7 69
27 92
13 79
5 98
7
85 91
10 23
12 37
7 42
44 83
26 72
24 76
5
71 84
81 98
22 43
44 90
33 80
10
75 88
8 27
31 55
18 43
50 77
63 94
38 70
16 52
37 76
27 76
8
38 39
79 80
38 46
51 61
21 49
37 66
2 33
17 65
5
34 43
15 32
10 40
46 89
35 79
5
86 96
20 33
48 85
30 82
7 64
10
23 27
24 29
93 99
62 72
30 43
46 68
75 98
56 95
53 96
8 73
8
77 79
22 29
50 58
18 32
68 84
59 82
4 37
25 79
10
35 43
77 93
53 80
19 49
34 67
53 87
13 57
42 90
18 69
36 92
6
76 83
60 74
81 97
2 30
31 87
22 99
7
83 84
16 20
27 34
64 74
28 53
65 94
12 94
5
53 63
10 27
12 38
37 65
19 52
7
27 41
7 21
16 46
47 80
15 51
15 73
24 86
5
12 14
85 90
24 53
20 55
16 66
5
94 95
91 100
28 37
20 44
11 37
8
49 50
48 55
27 57
30 72
23 70
2 64
19 96
7 97
6
30 33
81 92
71 96
15 68
20 73
7 68
9
31 38
79 88
71 81
23 46
12 40
17 54
17 60
4 78
8 90
6
26 32
16 40
22 58
18 55
1 52
10 90
5
94 98
45 83
33 76
15 63
8 88
5
69 93
24 60
3 54
34 88
27 91
5
60 92
32 68
5 62
7 67
13 79
5
22 45
56 91
9 47
30 73
28 75
6
49 55
31 38
23 50
28 61
9 45
45 88
7
16 19
89 97
17 25
40 55
44 59
38 57
7 69
5
63 70
73 82
7 35
33 68
58 95
6
70 74
26 33
62 75
29 71
45 93
16 93
5
17 18
9 12
62 89
3 32
1 44
9
86 90
82 90
56 65
78 99
40 69
58 96
40 93
19 81
26 91
7
5 6
67 70
68 76
39 51
18 45
29 70
15 96
8
24 30
15 31
32 53
53 78
56 83
9 69
31 93
20 87
7
15 18
56 60
68 75
22 36
68 96
35 98
31 96
8
28 29
53 60
19 27
21 38
34 54
40 80
11 61
19 93
8
4 7
21 24
20 24
67 78
70 84
16 47
47 90
8 77
9
1 6
18 25
23 31
14 27
6 23
38 64
29 72
8 63
23 96
7
22 30
56 65
30 49
70 90
21 61
4 50
22 99
6
67 70
16 27
85 100
27 66
13 66
3 93
6
21 30
49 59
63 75
24 55
33 82
34 96
9
69 71
10 15
62 72
78 93
67 93
43 79
42 83
45 92
9 78
10
86 89
47 57
35 45
68 87
52 80
41 69
26 57
53 87
30 83
5 65
5
88 96
6 23
21 44
42 70
6 42
6
57 58
76 80
47 56
59 98
17 62
27 89
8
3 4
12 17
55 63
45 56
49 67
19 40
38 87
37 90
9
69 70
36 40
47 53
63 71
5 26
55 82
51 81
38 74
39 99
5
72 86
33 62
30 71
11 92
9 96
5
4 5
32 54
30 80
3 61
28 88
6
65 66
73 80
65 74
63 74
16 27
67 87
7
34 37
45 52
85 94
40 69
32 64
5 76
12 99
7
10 13
51 69
25 60
47 85
14 67
20 75
7 78
9
44 49
50 60
72 99
11 44
20 54
33 69
24 67
17 71
42 96
10
50 51
74 75
8 11
22 28
77 87
44 57
71 92
56 85
3 40
16 62
8
66 71
7 20
56 71
74 91
18 41
23 47
34 83
6 69
6
32 33
19 29
83 96
72 85
69 90
11 100
7
31 34
97 100
25 31
27 41
14 35
45 70
55 89
8
9 15
36 51
54 78
59 91
5 53
3 66
20 87
2 88
8
37 40
77 83
43 51
6 17
10 31
29 80
40 97
16 74
7
60 62
11 21
38 49
58 77
6 30
3 34
45 89
7
44 56
60 72
25 38
80 94
77 96
34 74
1 53
7
15 19
35 39
78 96
52 94
5 56
6 64
23 98
9
31 33
31 37
60 68
48 58
10 27
47 70
2 28
30 70
2 94
10
40 44
43 47
19 23
16 28
25 42
25 46
5 31
25 55
46 85
9 100
5
30 37
74 86
50 75
10 46
41 91
8
56 58
21 24
39 47
80 93
23 38
12 36
42 86
7 58
10
22 26
17 22
77 97
58 83
41 73
44 77
45 85
50 96
13 64
11 80
5
73 76
56 60
39 44
3 37
61 96
10
49 52
18 23
49 56
44 57
50 69
28 64
15 65
39 94
21 90
2 90
7
60 61
18 25
71 90
40 69
45 94
27 87
18 91
8
53 61
75 93
51 76
60 90
65 96
11 54
24 68
14 75
5
59 75
13 36
69 100
2 44
12 92
9
80 84
55 60
23 36
4 28
22 61
48 87
1 44
18 69
26 85
8
4 15
21 41
59 91
4 48
48 96
42 97
14 71
20 79
5
26 33
29 39
64 96
63 97
12 54
6
70 71
40 48
52 61
69 88
51 92
2 84
7
92 94
66 68
64 71
19 45
37 74
8 63
16 87
10
66 70
47 53
72 88
50 69
14 58
3 49
52 100
6 59
10 78
11 84
6
21 32
19 52
23 77
39 95
23 79
39 98
6
52 76
38 63
54 87
16 73
16 86
7 79
5
62 70
87 96
54 78
10 35
68 100
10
10 11
79 81
36 43
71 83
5 21
69 87
48 66
51 73
18 45
9 72
6
81 87
59 67
18 33
15 35
63 86
13 71
8
24 34
7 23
21 57
30 69
16 57
51 100
40 99
9 73
8
40 50
51 63
22 46
35 80
32 79
27 75
31 97
1 88
5
47 50
35 50
66 100
21 63
21 100
10
36 39
41 47
20 31
48 82
43 87
21 71
47 97
30 94
7 82
10 95
6
38 39
67 76
58 79
48 79
61 94
6 94
5
45 58
36 54
47 73
27 67
29 77
9
56 69
55 70
79 96
59 76
21 45
45 77
22 75
34 95
31 100
5
73 75
40 58
68 89
35 100
4 85
10
46 54
9 19
22 35
78 95
20 38
13 53
43 88
7 55
8 62
8 87
7
27 43
18 44
46 83
15 67
16 70
8 86
16 96
9
27 30
52 57
57 66
22 43
4 28
46 89
2 50
24 77
3 76
6
25 26
1 3
74 86
55 71
47 93
28 77
10
94 96
78 81
32 48
24 48
33 57
69 96
24 51
14 80
12 78
22 96
7
78 79
69 74
58 71
8 33
42 70
14 43
18 97
6
68 87
57 84
52 85
30 70
33 95
34 100
10
51 53
18 26
2 23
10 37
29 63
3 54
45 99
31 88
4 97
3 99
10
72 82
54 69
23 38
52 74
28 50
21 46
43 75
22 55
1 49
1 97
9
67 81
70 97
8 38
60 92
49 84
2 38
10 49
42 82
4 58
10
46 50
60 67
47 67
8 35
58 86
10 41
45 89
5 56
31 83
2 91
9
9 11
71 73
74 79
39 50
80 95
11 48
5 43
36 76
37 92
7
62 66
20 28
49 92
32 84
26 79
4 74
4 77
6
19 28
20 33
21 44
22 49
63 91
66 97
9
16 25
49 59
15 25
43 63
1 28
19 65
12 82
3 87
2 95
7
48 49
25 35
65 82
66 88
15 45
46 77
42 100
7
38 39
94 95
64 67
66 78
27 56
15 45
43 89
10
38 39
40 42
37 42
10 17
43 72
68 99
1 40
23 64
19 93
6 95
7
46 57
4 29
30 60
3 41
25 65
11 54
15 79
9
17 19
30 36
3 14
64 82
43 66
50 74
51 80
27 71
2 54
8
7 12
57 63
76 85
38 57
29 64
57 92
39 77
38 93
7
69 74
37 47
16 29
23 73
23 90
20 91
4 92
9
83 87
65 77
58 73
36 53
49 71
22 60
38 83
15 63
16 87
6
92 96
3 8
66 74
24 62
34 84
2 88
6
51 58
31 41
18 31
42 94
16 97
7 95
7
5 16
23 37
23 51
18 48
46 78
35 67
9 69
10
41 48
14 23
29 46
23 41
70 97
42 77
36 79
6 85
6 96
5 100
10
54 75
33 57
15 50
58 96
7 55
2 54
44 99
4 62
18 83
2 90
10
11 13
66 72
26 34
55 69
2 22
12 36
42 94
22 87
30 98
21 96
6
50 57
11 21
89 100
31 60
22 54
9 53
5
67 76
36 58
68 98
32 88
23 93
10
43 44
77 88
57 74
42 62
69 100
64 96
22 61
16 58
28 85
22 83
9
82 83
24 25
72 74
84 86
91 95
37 42
78 98
21 89
21 96
8
39 40
8 20
18 42
48 80
39 93
7 68
27 92
26 100
5
23 46
45 75
25 65
18 94
4 81
9
11 13
60 72
25 51
18 52
7 43
32 71
43 91
41 97
2 66
8
86 87
20 34
57 77
72 95
74 100
60 93
31 74
24 71
5
50 54
57 66
60 71
49 72
18 51
5
93 95
20 48
49 80
49 88
42 87
7
21 30
68 80
11 31
8 33
29 80
29 82
10 100
7
23 27
44 62
21 46
58 91
22 68
6 72
16 89
6
30 43
17 40
55 96
24 76
22 82
31 96
5
42 54
48 67
54 84
12 43
13 62
7
69 78
46 64
44 70
7 40
37 87
31 85
27 85
5
12 20
9 25
55 77
43 71
44 76
7
27 34
64 96
21 54
39 82
48 96
23 87
14 92
8
23 32
16 28
37 50
24 45
41 93
26 87
1 75
7 97
8
47 65
71 90
21 41
27 58
33 65
59 93
45 93
5 77
10
92 100
38 56
18 37
3 30
3 38
34 83
20 75
31 88
15 78
12 92
10
56 61
1 20
24 49
66 91
64 91
12 60
35 86
26 77
4 64
33 94
6
36 48
10 27
9 41
22 60
8 57
23 91
5
65 72
38 48
42 60
15 53
16 79
7
69 73
67 73
34 41
65 78
20 78
14 73
34 94
8
82 83
15 46
59 95
5 56
21 80
17 89
5 81
2 85
9
3 5
78 83
60 71
19 31
66 84
22 56
20 61
41 92
4 86
9
65 78
2 24
12 40
3 33
2 36
51 93
48 98
49 100
25 84
9
2 7
12 22
1 15
81 97
56 83
6 45
20 71
9 61
16 98
10
92 94
40 42
37 39
51 56
62 69
79 94
6 29
40 78
37 88
32 98
8
93 94
56 65
68 94
54 96
6 56
10 63
27 93
24 97
7
5 6
54 67
21 36
67 92
5 40
29 81
6 74
10
45 47
13 19
29 39
28 54
31 67
14 70
6 66
6 75
19 92
2 80
8
73 78
40 59
18 38
34 57
36 60
11 39
23 79
24 84
5
34 53
45 72
67 96
64 98
41 86
10
55 72
41 64
29 57
3 31
12 40
41 72
42 75
20 62
44 95
9 91
7
69 84
72 88
84 100
29 46
29 59
21 82
1 78
9
34 35
53 54
80 84
4 14
54 84
29 76
13 62
28 87
27 100
7
18 21
65 74
8 25
50 70
14 40
15 74
18 85
7
64 72
84 96
32 48
49 89
24 75
18 92
11 100
10
17 20
54 57
71 76
50 66
23 39
38 57
22 67
3 48
48 95
35 93
5
27 38
70 88
15 56
29 79
19 94
7
78 84
20 28
70 84
20 34
68 90
7 33
41 73
8
87 92
33 45
46 60
13 30
6 43
26 68
2 44
16 63
5
30 53
31 61
42 86
36 100
2 72
9
45 49
26 30
26 48
29 51
53 86
47 92
14 59
14 67
3 59
6
74 77
85 94
23 69
27 76
30 94
24 96
5
83 87
90 99
32 55
22 54
6 96
8
28 33
2 12
68 85
17 37
38 58
32 81
8 64
16 80
8
16 23
54 67
21 35
59 77
53 83
46 92
30 89
32 97
6
66 80
64 81
26 50
12 39
44 92
23 86
7
54 58
14 19
77 99
36 72
5 46
40 90
2 58
6
63 66
57 66
33 46
63 77
25 41
8 94
10
41 45
67 74
28 42
67 90
13 42
18 49
16 61
31 79
7 81
9 92
7
60 61
55 60
87 97
17 42
11 67
24 82
21 82
10
29 35
21 30
63 75
25 38
25 44
66 88
36 59
53 77
41 84
5 72
9
11 16
50 60
15 35
56 79
31 55
20 65
40 94
6 65
3 64
7
29 31
6 25
39 65
12 42
31 75
13 70
30 87
5
13 25
10 58
42 98
18 80
1 79
7
25 28
13 27
67 98
29 60
33 74
28 73
44 89
9
19 44
5 30
17 44
22 53
1 33
46 91
11 78
31 100
3 83
6
16 23
21 65
27 86
19 85
20 100
4 99
5
46 64
51 84
17 72
6 63
9 93
10
73 75
53 57
69 74
16 29
72 88
68 100
61 100
35 74
60 100
11 56
8
60 79
29 60
61 99
45 87
43 86
38 95
26 91
1 73
9
1 4
44 48
9 14
68 84
77 96
70 98
69 100
5 70
8 96
7
10 18
66 79
60 73
64 80
18 74
22 89
10 79
9
41 45
96 100
94 99
26 34
44 65
26 47
10 41
62 95
22 55
8
29 40
64 78
49 67
48 73
21 63
8 53
36 87
30 83
5
66 87
22 53
48 96
5 84
8 100
10
40 41
27 31
34 39
74 84
32 44
55 90
20 58
2 47
4 85
2 93
9
79 83
75 80
86 95
28 40
80 96
8 30
19 43
54 92
17 90
6
16 19
63 75
20 39
15 41
10 42
28 64
10
82 83
15 18
3 11
77 91
12 49
44 83
12 53
18 80
20 100
2 90
5
8 13
8 15
11 19
45 64
26 60
6
30 32
54 61
44 59
24 64
8 75
3 100
9
59 62
66 73
58 78
11 32
53 93
46 90
16 62
28 91
9 78
10
48 56
17 25
83 98
15 37
30 53
44 67
37 65
62 99
7 53
5 76
10
59 70
46 58
74 95
60 88
11 40
14 54
38 78
14 62
4 55
8 88
10
90 94
39 45
68 78
86 97
44 68
28 66
29 71
28 80
37 89
4 60
9
43 48
11 22
45 64
11 36
6 39
46 92
14 71
8 75
8 94
8
82 89
31 39
1 28
2 35
45 78
29 95
4 72
13 92
5
23 24
75 93
23 69
31 79
2 75
6
68 75
62 81
54 79
7 35
29 81
32 95
10
39 49
72 84
66 94
69 98
47 82
21 57
4 62
31 91
34 98
5 76
9
29 54
28 72
20 74
10 66
3 63
15 81
22 91
26 97
9 85
10
72 79
65 76
8 22
25 44
70 91
49 74
11 38
7 47
35 78
31 92
8
89 93
82 88
43 50
75 86
65 76
77 100
23 71
38 94
9
6 10
43 55
29 43
65 91
5 35
44 95
48 99
2 61
13 95
8
4 7
42 48
18 38
58 89
4 47
11 77
33 100
7 89
10
80 81
41 47
14 29
14 38
42 76
21 68
22 73
13 67
6 67
7 77
8
56 61
7 16
5 17
52 75
2 33
39 89
3 69
9 87
8
9 14
11 18
65 76
6 24
45 76
13 48
17 53
30 74
9
59 70
75 86
48 70
51 94
15 67
13 76
4 80
2 83
9 93
7
11 17
13 21
53 76
68 99
30 62
42 81
2 88
6
25 39
31 47
30 51
17 42
23 49
25 89
9
26 37
82 93
40 52
42 59
23 54
51 87
34 80
17 64
6 64
10
99 100
71 79
64 77
10 42
20 52
7 44
35 80
27 75
8 74
5 78
10
20 25
1 7
34 42
47 68
76 98
61 83
10 34
19 57
26 93
1 69
9
45 47
8 11
27 33
1 15
38 76
42 89
25 80
30 86
9 81
6
28 50
28 69
45 92
48 97
36 100
30 98
10
28 29
33 40
55 67
1 14
34 48
76 96
35 56
9 37
28 88
1 66
10
29 34
33 52
52 74
15 47
40 76
47 91
31 77
17 66
5 59
27 96
6
30 47
22 46
49 83
47 85
15 77
26 97
9
16 22
1 9
35 45
8 18
10 23
42 79
32 99
11 80
11 95
6
69 71
66 77
43 68
31 79
46 95
29 84
8
72 81
44 53
65 79
52 77
25 60
54 92
46 85
18 90
5
82 86
12 24
45 85
15 55
23 77
10
31 32
63 67
48 73
57 90
10 47
41 96
14 74
2 73
2 77
6 86
5
20 28
77 95
48 88
17 89
2 96
6
12 20
86 100
9 37
27 56
39 87
22 93
5
58 84
58 91
19 63
28 80
1 68
7
65 76
71 88
71 92
8 58
8 85
17 98
1 87
5
15 29
6 36
42 76
5 45
38 97
5
71 83
28 52
45 70
25 74
21 71
5
92 94
10 14
40 44
10 66
3 79
6
8 9
16 18
34 42
55 84
36 68
39 82
5
12 17
21 62
9 74
28 99
22 97
5
25 35
2 33
45 99
2 86
5 95
6
88 91
30 49
59 97
10 61
22 94
14 87
10
83 96
37 54
13 32
30 49
59 83
18 46
33 83
15 71
26 82
29 88
7
77 78
5 19
59 90
25 65
13 58
8 83
9 88
7
31 56
68 93
46 79
25 69
31 83
4 81
8 93
9
37 49
70 91
56 78
47 72
59 85
9 39
56 98
42 95
4 76
6
21 27
28 38
36 54
38 82
24 83
14 88
5
93 98
42 72
48 82
10 69
36 99
7
56 66
74 94
6 39
49 86
6 58
1 54
22 99
10
16 20
58 63
75 86
26 40
2 19
8 27
29 49
60 80
37 84
2 80
10
8 12
76 86
58 69
73 92
28 55
3 32
27 58
41 74
48 91
7 88
5
35 40
50 65
26 57
16 48
51 92
10
18 28
4 14
54 68
71 91
56 78
19 48
55 84
62 92
62 97
8 63
10
43 45
51 54
7 27
73 95
31 62
59 100
54 96
24 84
18 85
11 82
7
24 28
33 53
5 33
45 82
31 69
46 90
16 89
6
69 84
35 50
51 71
15 54
40 100
11 75
6
20 36
67 87
4 28
59 92
45 96
10 76
9
34 45
40 60
27 51
28 57
51 84
44 87
12 58
44 97
15 92
7
66 91
59 96
43 92
10 61
11 68
15 83
8 95
8
76 77
15 22
68 77
53 91
29 78
24 75
37 91
11 84
6
65 84
32 52
25 62
27 72
11 68
18 75
8
24 27
94 97
78 88
75 88
23 48
15 54
9 49
28 86
8
10 15
68 84
19 38
50 72
51 100
33 88
21 94
12 90
5
65 77
21 57
48 91
18 67
33 83
7
33 43
15 26
37 64
8 53
2 55
33 95
18 99
9
17 18
47 55
25 40
32 66
18 53
51 94
2 56
29 88
17 90
7
44 50
20 28
36 54
36 76
52 94
50 93
47 93
10
73 85
2 18
39 55
56 76
73 94
45 100
21 96
8 88
3 86
15 99
10
74 76
71 79
81 97
7 24
49 73
64 98
20 64
18 64
21 73
46 100
9
67 70
25 29
35 52
61 81
18 39
6 31
42 74
3 35
9 81
5
57 59
1 11
36 50
7 52
5 81
8
39 49
55 66
21 48
54 88
25 82
25 88
12 78
8 81
5
52 78
60 86
29 63
50 88
20 84
5
38 44
78 86
14 25
12 30
37 90
10
67 71
72 83
10 26
41 68
22 53
21 64
30 74
14 89
11 98
4 94
10
58 62
49 56
9 23
6 32
48 78
31 76
18 64
43 97
11 74
11 80
6
80 83
68 86
60 88
4 58
29 93
14 95
10
64 76
66 79
16 34
53 77
64 90
46 74
3 50
25 81
11 71
23 97
7
47 68
55 88
14 49
41 88
4 65
17 86
12 83
7
24 29
39 65
10 43
20 61
35 85
28 86
23 90
7
56 59
20 23
65 88
11 39
35 93
9 81
10 86
7
57 59
17 32
40 64
63 90
6 46
37 81
32 100
8
70 71
16 19
69 76
51 63
28 60
28 68
37 94
13 71
9
39 52
47 68
2 25
18 43
48 75
14 56
47 93
4 66
2 94
6
84 86
32 38
68 84
56 76
39 100
17 96
5
23 33
38 50
15 44
24 54
16 89
9
74 76
50 59
9 19
31 46
23 46
49 83
10 66
1 82
9 98
10
63 69
48 55
27 35
2 11
70 87
32 53
64 97
31 86
5 74
23 96
5
18 23
86 95
74 100
33 78
24 95
5
12 18
89 97
1 32
53 87
3 52
8
37 44
70 92
47 76
26 63
13 60
46 96
22 74
27 100
6
22 34
50 80
48 86
41 86
31 92
15 88
5
52 90
46 97
30 86
4 82
8 96
10
96 97
92 99
78 89
78 94
47 70
37 72
8 51
7 61
37 97
5 66
9
18 37
39 74
20 57
33 74
30 74
22 71
8 71
9 80
12 88
9
83 88
22 31
38 55
58 86
38 81
20 72
9 70
6 81
3 93
6
56 80
30 56
55 97
26 70
14 64
5 90
5
80 85
72 77
77 89
11 28
12 65
6
73 85
40 54
62 77
12 39
60 96
36 82
7
83 92
42 56
24 55
31 74
17 70
41 97
11 89
7
59 80
50 81
33 69
26 62
25 61
5 88
6 92
7
23 26
81 100
30 61
43 81
46 94
10 92
7 97
9
74 75
5 6
45 46
23 28
55 61
23 38
33 48
35 52
15 54
9
1 4
74 79
17 25
32 44
40 64
27 58
12 65
20 75
17 73
7
83 95
21 37
43 68
22 47
4 32
46 83
44 99
8
33 36
52 63
58 71
67 84
45 63
37 57
27 48
32 85
10
25 26
24 31
63 75
18 30
56 76
34 54
48 85
15 69
6 62
20 98
5
18 27
46 76
61 94
60 95
40 83
9
83 84
73 81
57 67
77 91
16 40
11 43
26 58
51 94
17 65
9
6 8
17 23
3 10
70 87
24 45
19 43
20 67
19 86
9 86
9
9 10
79 83
13 17
83 99
27 57
27 82
16 91
10 96
11 99
7
71 75
81 85
22 40
48 69
32 66
62 97
10 64
5
76 89
32 52
69 95
10 88
1 89
9
30 31
9 11
24 28
63 69
57 77
49 86
36 77
2 47
42 95
6
46 55
48 64
9 27
11 68
9 70
8 92
5
54 55
38 39
27 88
21 95
6 92
7
7 11
8 21
52 69
51 75
39 71
28 99
1 80
10
27 30
12 25
60 81
67 91
28 52
17 59
21 69
11 65
38 98
21 95
7
35 42
40 50
3 38
55 91
2 58
3 64
7 98
9
62 65
48 51
9 13
38 55
6 25
12 34
16 46
5 71
5 72
9
65 73
67 85
15 34
51 75
48 82
15 53
36 76
12 93
5 89
8
51 54
2 33
42 79
46 88
34 83
23 75
11 75
17 89
8
76 90
25 41
62 79
43 77
27 75
32 87
30 91
12 77
5
75 88
30 54
41 85
19 83
6 83
6
18 24
63 82
7 47
30 70
3 73
6 84
10
79 85
53 64
21 37
59 80
77 100
51 78
8 56
37 89
2 83
5 92
6
67 78
9 27
12 31
16 48
25 60
19 96
9
26 30
55 61
12 24
35 58
21 51
45 76
4 50
29 76
1 83
5
4 10
32 39
10 20
57 74
54 93
10
8 20
42 68
17 45
58 96
34 72
17 61
40 86
8 77
6 95
1 98
10
93 100
40 49
56 66
76 88
46 73
46 81
44 81
49 96
29 82
3 69
10
1 6
47 60
41 55
31 55
44 80
10 68
2 63
28 99
3 80
9 86
6
62 65
40 56
62 79
45 67
66 97
17 85
6
10 12
45 74
71 100
44 97
6 70
18 94
9
75 76
79 86
66 75
38 49
7 23
73 99
45 93
15 76
25 92
5
26 43
33 55
55 90
49 87
19 98
8
45 56
52 67
75 91
25 44
24 50
25 73
11 67
20 96
8
59 61
46 51
87 96
69 97
38 69
35 75
9 58
16 84
6
41 55
1 15
43 59
33 57
42 80
28 95
5
52 71
40 78
34 77
2 73
4 81
10
49 53
79 93
9 25
37 54
81 98
28 50
39 75
44 80
3 42
23 83
10
10 13
68 71
77 81
29 36
3 27
11 57
36 88
20 81
1 74
9 85
6
88 99
65 77
60 80
61 96
27 69
6 76
9
91 92
29 45
5 22
63 89
27 59
34 67
57 90
56 97
30 93
9
83 91
44 52
68 80
27 40
47 92
29 78
31 82
41 98
2 86
9
57 59
43 46
57 67
64 92
13 44
23 67
33 81
31 92
5 93
7
42 49
28 53
13 43
59 89
31 73
28 80
16 86
10
45 51
10 23
16 31
10 29
5 30
53 89
1 40
12 62
2 57
20 95
8
90 94
61 83
33 55
19 48
38 73
47 97
23 76
7 65
9
42 47
52 68
4 25
21 45
6 34
23 51
10 44
14 51
4 61
5
76 83
39 57
38 57
78 98
1 31
10
18 21
36 49
25 51
51 82
68 100
6 41
46 87
26 71
39 89
10 62
5
52 54
61 63
18 27
66 97
31 77
5
5 15
11 32
17 62
9 75
20 92
7
28 33
67 76
5 34
8 47
4 61
18 90
12 100
8
26 28
62 69
30 38
71 80
33 44
4 38
15 76
17 82
6
49 59
11 24
43 71
35 80
17 77
24 98
8
73 81
17 37
56 86
5 39
21 61
1 50
16 69
6 75
10
78 84
79 91
48 67
5 26
4 28
76 100
48 78
34 65
33 81
12 100
9
94 100
68 76
83 95
53 75
58 87
14 46
1 62
30 98
9 97
6
8 9
50 62
24 50
20 60
3 46
10 63
8
42 44
6 13
65 94
8 38
20 64
11 60
7 60
12 95
9
52 57
28 36
61 70
6 17
53 74
62 87
10 68
13 72
18 94
6
23 33
69 94
44 72
52 81
15 66
18 98
5
59 65
25 32
62 83
35 77
35 99
9
32 40
55 64
81 95
50 65
4 22
31 57
32 58
12 54
21 66
6
56 63
23 37
39 67
30 65
44 81
10 77
7
14 15
71 73
84 89
30 35
11 23
47 77
17 65
9
33 48
7 23
54 82
11 43
56 94
2 45
26 69
14 70
9 80
5
78 98
35 66
31 82
43 97
27 86
8
39 52
64 83
73 95
31 61
30 66
47 87
41 100
23 87
8
16 17
77 81
60 66
56 65
64 82
27 57
10 44
23 99
7
29 37
3 12
65 79
51 78
18 54
6 52
37 96
5
14 21
52 60
8 30
17 68
31 97
9
97 100
11 16
57 62
6 14
20 28
86 98
69 99
9 57
3 72
8
44 60
55 71
13 39
43 70
22 61
50 93
32 98
6 93
5
53 57
92 100
1 16
61 95
15 63
6
51 56
50 61
36 51
31 54
2 28
20 51
10
27 31
16 24
13 29
70 87
56 75
9 29
3 28
43 73
37 70
30 79
5
33 40
22 51
5 45
41 87
34 80
9
77 79
89 95
48 59
78 95
7 28
5 33
56 90
3 39
26 82
9
73 75
43 47
14 23
80 91
33 58
54 83
2 50
27 80
36 97
8
51 57
58 73
36 59
36 71
42 86
31 95
9 86
3 91
8
35 38
52 62
17 37
38 60
15 68
24 78
40 100
4 72
5
82 85
5 9
21 52
34 70
29 90
7
64 73
82 92
68 90
41 75
44 80
56 100
8 76
5
51 62
54 75
2 27
47 84
4 92
9
23 33
52 66
62 77
41 66
67 93
20 57
33 71
24 72
22 73
10
50 53
91 99
25 35
64 84
48 72
62 93
41 73
44 90
23 81
8 90
9
84 88
61 73
78 93
2 35
60 96
13 72
30 91
34 100
16 86
7
3 11
24 34
84 95
26 46
20 58
7 72
16 97
8
38 40
39 54
24 40
81 97
4 23
33 78
36 93
7 90
5
33 34
61 91
22 82
6 81
1 77
6
62 63
20 23
63 68
12 19
2 14
11 51
9
38 41
67 75
3 20
25 56
3 34
49 83
52 87
34 95
37 98
7
5 13
35 43
81 91
13 34
3 26
14 47
47 96
5
29 35
45 70
70 100
51 100
24 76
6
93 98
26 59
47 82
58 97
26 73
26 97
8
24 25
95 99
6 26
45 70
64 93
14 48
2 46
27 95
9
22 26
15 22
77 85
31 46
11 31
25 57
39 81
22 67
9 80
10
73 74
60 73
3 18
4 26
69 99
15 48
38 77
36 87
29 88
3 66
6
21 23
35 41
56 80
69 96
49 87
51 99
10
87 94
63 71
12 24
75 90
61 80
64 91
66 96
23 58
13 48
12 97
9
42 47
78 85
80 94
24 57
38 84
6 58
11 65
8 64
32 90
9
10 14
8 12
15 22
49 74
14 43
47 97
6 65
25 94
3 95
10
87 90
60 71
49 75
35 65
15 51
53 99
19 76
4 77
13 96
8 100
5
66 68
64 86
41 85
38 87
32 81
8
16 21
12 20
69 84
36 57
18 58
37 100
1 67
1 68
5
42 69
48 83
29 65
8 48
35 76
7
35 41
20 32
61 76
62 95
45 95
19 90
9 90
6
39 45
12 28
74 91
43 63
5 30
32 65
9
39 48
7 18
11 26
28 48
21 47
46 81
13 49
11 49
24 66
5
16 17
61 75
9 23
12 40
26 93
6
37 39
37 44
46 68
6 36
6 41
6 97
6
61 67
59 66
49 56
36 57
37 62
14 50
5
72 75
56 64
28 41
7 26
46 82
5
18 33
64 81
41 60
21 80
12 95
5
49 62
40 55
14 50
19 90
15 99
9
84 89
37 52
26 51
3 38
47 98
6 72
33 100
22 96
1 78
7
50 53
15 63
29 87
16 82
22 97
6 86
7 93
6
3 5
72 76
1 17
12 43
11 59
10 91
7
70 82
12 37
30 59
8 41
46 80
34 96
8 72
8
38 46
50 62
12 24
29 59
9 50
30 86
38 96
11 87
10
39 45
59 76
69 89
18 44
19 52
54 88
15 64
38 89
26 98
4 93
5
70 86
32 65
38 71
46 94
34 96
10
17 21
47 53
56 84
14 54
50 94
29 74
46 95
10 65
13 74
8 91
10
40 44
20 25
45 54
37 54
81 99
22 48
28 66
25 79
42 100
18 93
9
61 65
27 36
10 28
34 61
32 73
5 47
19 65
41 93
14 90
8
36 37
84 90
27 40
32 67
45 90
48 96
44 95
6 89
10
75 77
31 33
55 59
26 36
47 65
25 46
9 35
35 75
7 67
23 91
8
10 13
44 52
60 78
35 56
17 53
35 82
25 82
15 88
8
48 58
6 27
3 37
17 52
34 76
18 74
13 74
5 84
10
27 29
13 22
30 58
60 99
31 78
30 94
12 78
5 80
18 93
3 94
10
83 87
29 37
20 36
63 97
29 77
12 72
14 82
7 87
6 89
8 91
9
87 90
2 10
25 33
76 95
16 43
10 73
19 90
2 73
5 81
6
33 35
92 98
46 53
86 100
4 53
10 74
5
44 49
46 55
31 48
32 66
1 93
8
92 93
59 67
45 62
39 62
64 91
40 92
1 78
17 99
10
62 68
20 38
37 61
47 73
29 56
60 96
51 92
49 98
2 54
6 62
9
39 49
30 47
39 56
41 65
36 66
3 44
48 92
8 68
23 91
5
27 35
27 46
44 95
37 91
5 62
8
9 14
64 76
54 75
47 79
19 62
30 87
36 95
38 98
8
64 66
11 16
75 85
28 48
32 54
29 67
27 70
3 55
5
7 16
56 69
40 66
3 66
3 92
8
31 42
18 37
40 60
48 83
18 62
47 92
21 66
35 86
7
70 73
77 96
41 66
28 70
51 94
18 75
8 97
5
51 58
36 56
1 28
12 60
5 67
5
72 74
93 98
50 87
41 85
34 87
5
53 61
30 39
41 72
20 73
27 88
9
16 30
2 21
9 28
27 50
59 95
42 89
17 71
2 86
5 97
9
77 86
67 77
66 78
25 50
68 94
16 53
12 58
33 91
12 85
7
19 56
20 57
35 82
36 87
11 65
26 81
9 86
10
33 38
28 44
51 67
37 57
33 68
44 90
30 84
41 98
35 93
5 86
7
8 10
67 88
6 31
55 89
5 49
12 56
18 71
8
89 95
15 24
12 32
8 31
61 88
11 46
35 78
12 58
9
8 11
60 72
48 80
44 91
41 92
34 85
33 84
6 57
11 93
9
89 94
14 34
11 41
12 43
5 65
5 66
24 88
10 85
11 99
5
5 9
36 40
12 21
2 52
19 80
9
50 51
16 20
24 31
81 99
38 68
49 82
23 64
36 84
20 84
7
28 32
85 90
10 51
34 75
7 58
8 70
24 94
6
54 75
31 55
62 88
57 93
31 99
4 84
8
47 50
12 35
12 36
15 51
53 98
9 57
10 69
11 84
7
22 38
50 70
29 56
2 45
37 81
39 90
22 92
9
58 60
21 29
65 79
63 85
48 80
43 96
39 97
25 97
2 86
9
85 88
88 95
88 100
67 84
47 74
27 66
49 100
24 76
14 87
9
8 13
78 90
41 58
47 66
40 61
48 85
31 84
23 82
14 90
7
75 90
33 52
18 50
53 90
26 74
21 89
12 82
10
91 92
8 14
36 43
77 85
45 69
29 56
27 65
48 90
43 92
1 52
10
11 14
87 91
52 60
51 60
9 22
24 37
49 68
19 40
55 98
1 59
7
47 53
81 92
14 26
13 43
26 67
30 83
23 81
7
31 34
46 64
9 35
10 55
5 54
20 100
4 84
10
1 6
69 76
31 40
77 93
45 62
23 55
31 66
33 72
22 93
18 99
9
84 93
15 24
16 25
42 51
70 81
52 65
35 56
15 74
5 98
8
48 50
58 63
9 17
37 55
24 55
24 56
13 56
2 51
9
71 75
91 95
37 42
89 94
50 56
58 69
3 17
52 81
10 45
5
80 83
15 44
27 95
16 86
16 91
8
38 41
75 91
58 92
11 47
27 64
23 60
38 80
35 83
7
88 96
3 50
31 86
39 95
29 91
25 97
1 82
5
61 71
22 48
12 44
50 86
6 76
8
61 67
37 52
65 87
7 32
1 47
14 79
4 74
17 96
5
39 56
64 96
44 90
10 75
12 87
5
88 95
18 31
11 30
9 43
44 89
9
23 28
26 42
42 64
1 28
2 35
57 96
53 100
35 93
21 97
7
60 64
60 65
75 93
17 40
27 59
4 37
47 97
8
37 38
59 83
32 60
20 55
52 99
23 77
27 96
10 88
6
29 35
4 18
43 61
19 39
7 44
35 90
8
83 85
65 70
47 65
60 80
55 84
35 80
28 78
10 76
6
77 99
75 97
56 87
59 97
27 71
22 91
9
36 38
70 72
92 94
60 66
49 68
24 53
67 99
37 92
15 95
8
62 80
36 55
40 64
7 32
34 68
22 67
31 83
25 77
8
4 10
46 55
21 34
41 58
11 33
10 38
8 37
36 71
5
79 81
33 65
6 39
8 75
13 96
10
57 60
33 39
20 27
69 79
51 62
62 73
73 89
34 59
49 80
32 68
9
39 40
40 47
13 31
10 30
48 73
66 96
34 87
8 77
28 98
5
9 19
25 43
9 55
37 92
9 98
9
18 21
38 52
23 43
51 81
58 92
22 94
8 92
4 91
9 99
8
17 31
63 86
26 54
45 80
12 66
9 67
28 91
7 93
9
8 9
38 54
49 69
27 58
48 95
13 64
16 80
5 94
1 96
6
60 61
75 83
24 44
4 45
35 100
1 78
8
86 87
56 69
75 94
11 35
49 73
17 52
18 72
32 100
10
30 35
46 55
17 27
61 74
54 72
7 34
26 56
49 85
1 71
7 79
9
41 42
70 74
43 69
20 51
5 52
19 69
32 84
28 100
13 97
5
34 51
48 72
1 50
3 64
8 72
9
30 36
44 50
68 91
11 37
19 46
54 97
41 88
12 63
13 98
6
38 42
39 50
29 49
36 58
51 75
2 66
6
29 32
6 15
6 23
31 68
9 47
30 70
5
1 13
60 90
16 51
35 71
9 94
6
80 84
36 42
19 36
17 74
16 76
21 82
6
1 4
48 62
32 58
10 64
38 95
15 78
10
10 19
70 80
22 33
81 94
65 81
66 83
22 43
2 36
15 83
10 98
8
78 87
37 62
32 61
55 89
4 44
33 90
9 85
14 98
5
14 15
53 59
37 44
57 88
25 76
5
50 54
24 31
46 77
1 44
2 73
5
66 72
45 78
17 51
9 54
12 81
8
77 97
16 37
23 45
39 62
14 40
42 73
37 87
2 73
5
79 89
60 72
53 74
24 78
17 78
6
80 81
20 23
81 89
18 30
38 83
32 98
9
21 35
68 90
50 78
67 96
50 93
2 46
7 59
5 57
10 97
5
49 57
33 73
17 64
17 85
19 91
10
80 84
8 16
74 84
45 55
20 34
3 20
69 93
67 99
58 92
47 87
6
15 17
50 54
12 18
76 89
40 89
13 87
10
34 38
31 50
72 93
22 44
35 57
47 79
50 82
12 49
46 93
16 96
9
64 67
9 26
60 79
53 74
68 94
4 34
18 70
29 85
1 93
6
82 86
59 63
26 32
79 86
70 99
42 73
8
17 37
33 54
24 49
38 79
5 46
52 95
18 88
6 77
9
87 89
58 81
6 38
22 54
54 94
5 61
26 87
31 96
8 76
5
19 23
37 64
35 63
16 76
8 93
5
41 47
11 22
11 61
42 96
1 95
5
43 50
34 51
33 57
37 62
4 84
6
59 61
10 20
32 49
47 85
36 97
18 89
10
54 59
55 61
14 26
37 50
33 47
25 44
9 31
20 43
52 82
31 87
10
66 78
84 97
52 68
10 26
38 56
6 35
51 83
29 70
37 78
20 79
5
30 38
82 94
15 51
34 81
8 75
10
50 53
24 28
35 46
11 22
5 19
77 98
13 47
29 83
6 67
10 87
5
7 10
3 23
40 66
61 99
41 97
9
34 36
69 75
7 14
17 25
79 92
16 44
36 72
44 98
10 85
8
77 78
11 18
48 63
6 29
11 42
58 93
49 87
19 67
8
63 69
52 61
43 56
65 81
14 31
71 98
40 75
7 60
9
36 37
39 46
72 99
66 97
49 84
15 50
34 74
16 59
23 79
5
52 61
17 26
20 35
2 18
63 79
5
51 55
11 22
63 97
51 86
27 85
5
7 25
71 89
4 35
1 56
18 87
7
94 99
50 60
77 87
24 39
1 41
34 83
11 91
7
43 49
1 12
75 89
78 98
5 30
22 62
28 93
10
59 60
35 40
17 24
29 39
50 86
32 70
43 82
43 84
32 74
11 87
8
13 16
20 28
40 49
11 42
34 70
9 46
20 63
45 90
6
56 58
45 47
19 45
6 33
55 91
35 81
5
46 66
73 96
6 31
44 72
7 68
