1000 0
7
39 42
37 44
80 89
63 73
17 47
15 53
9 94
10
77 78
86 88
13 15
12 18
75 84
58 70
25 38
44 71
4 41
2 99
5
76 80
25 31
55 65
2 71
1 99
5
66 69
44 50
63 70
31 61
24 73
8
29 30
49 50
68 69
31 33
42 47
39 71
35 78
22 99
10
37 39
71 73
58 65
28 43
21 46
17 47
10 57
9 85
4 88
3 89
10
75 77
67 69
40 44
12 17
80 94
5 22
32 56
25 66
4 72
2 99
7
86 87
49 51
21 30
12 33
10 40
55 92
3 100
7
20 22
67 69
83 95
14 28
37 66
31 76
10 100
5
61 62
60 72
37 58
15 92
9 99
9
6 8
5 10
12 17
75 87
42 55
41 57
22 58
11 66
1 96
8
95 96
29 34
10 20
72 82
38 61
5 63
3 92
2 100
6
58 60
47 50
85 89
38 46
20 77
2 96
8
84 87
64 70
72 78
28 38
22 39
17 81
8 95
7 96
10
73 74
39 41
9 12
92 95
44 62
42 78
37 82
24 98
21 99
7 100
5
81 85
39 44
38 49
28 51
7 92
6
14 22
32 40
28 51
52 77
24 93
9 100
8
33 42
73 83
69 85
28 46
65 94
64 97
12 53
6 99
6
16 17
29 32
45 50
27 38
10 39
5 91
6
28 31
16 20
44 57
61 75
8 39
6 90
8
69 73
38 46
10 21
7 23
30 62
26 75
24 88
4 97
10
90 94
78 82
53 59
68 74
18 28
12 33
52 76
7 35
50 88
5 98
9
20 21
62 64
92 95
49 54
27 38
16 60
15 70
14 77
13 96
9
71 72
86 88
50 55
24 38
23 59
20 62
14 75
7 98
5 100
8
54 55
28 30
64 68
34 39
72 81
7 18
24 57
2 82
8
13 14
58 65
78 90
77 91
5 20
36 67
35 73
3 98
8
25 26
7 10
67 71
37 46
4 20
28 57
24 64
1 73
7
34 35
9 11
64 67
48 57
43 59
17 38
2 90
10
32 34
73 76
91 96
78 84
7 13
17 27
43 67
6 36
41 77
3 100
5
80 83
35 41
49 65
8 42
2 89
9
30 31
62 64
16 22
23 32
78 88
55 72
6 36
43 75
2 92
6
51 52
65 67
58 63
49 55
17 41
15 93
7
26 28
77 81
11 17
10 20
22 52
9 61
1 100
7
55 56
21 29
6 15
79 93
20 48
17 76
2 100
10
5 7
44 46
10 13
64 67
19 22
17 26
79 90
16 31
36 69
2 96
9
92 93
19 22
64 71
81 90
18 29
48 59
14 42
12 80
2 100
8
48 50
65 67
51 56
75 85
23 33
19 34
74 90
13 100
7
8 11
50 54
37 45
77 86
7 22
23 62
5 92
8
27 28
98 99
9 13
40 49
57 69
74 88
33 73
4 100
6
17 18
38 45
16 34
51 70
36 88
6 99
8
79 81
4 6
3 9
25 31
61 71
17 40
2 78
1 87
9
88 89
22 25
58 61
44 50
73 87
37 54
72 92
11 57
6 94
10
36 37
76 77
81 84
40 44
15 22
14 25
48 59
28 45
47 74
11 97
10
15 17
88 90
28 31
51 56
26 32
58 64
78 95
18 41
46 70
12 98
7
67 68
16 17
42 50
14 24
40 72
38 79
7 89
5
59 65
16 49
14 56
11 57
8 91
5
75 77
45 53
41 58
39 71
25 84
7
71 75
47 56
28 41
42 58
66 87
64 88
13 93
6
85 89
49 54
24 31
9 41
42 93
7 100
7
38 43
74 79
51 58
36 45
67 82
63 83
2 100
6
61 65
46 56
57 70
14 31
42 86
4 90
9
83 84
73 76
56 60
54 62
6 29
5 34
50 79
43 95
3 99
8
85 86
61 62
60 69
78 89
23 43
20 44
47 72
3 97
5
72 79
36 54
29 65
13 91
8 93
7
44 49
22 27
81 90
7 18
20 33
67 91
3 99
7
75 76
74 79
36 47
24 48
50 87
49 92
8 97
7
7 9
25 27
69 71
66 74
42 50
13 65
6 88
9
82 83
40 44
61 66
22 27
71 77
19 35
13 56
10 58
2 95
6
19 20
95 96
75 85
54 72
18 86
10 97
6
60 63
66 75
23 43
52 76
9 46
4 80
6
29 31
32 46
64 85
19 47
17 87
12 98
8
54 55
52 59
35 43
72 84
12 29
49 68
9 46
7 94
9
80 82
15 18
36 42
12 19
62 70
58 71
25 45
57 79
7 97
8
81 82
11 15
18 24
31 38
41 57
10 29
39 79
6 98
8
75 77
58 60
82 88
32 41
51 71
14 45
8 79
3 92
10
71 72
62 64
47 49
39 42
83 87
51 56
18 57
15 66
13 67
6 100
5
56 58
41 50
17 27
52 66
5 93
10
8 9
37 41
68 72
44 50
86 93
26 35
61 80
5 36
59 97
3 100
9
71 72
59 61
51 54
79 86
13 24
29 49
67 90
9 58
6 93
9
88 89
54 55
51 53
14 19
81 86
24 36
61 75
21 78
4 97
5
23 28
31 37
46 63
18 95
15 97
9
27 28
41 47
71 79
59 68
21 34
53 70
11 38
10 48
8 85
10
77 79
43 45
65 68
72 81
33 46
29 50
20 52
14 57
8 59
3 89
9
63 65
43 48
88 94
15 22
11 29
34 55
33 61
31 69
2 100
10
21 23
86 88
75 80
31 36
89 97
18 29
45 65
15 38
42 70
13 100
10
15 19
52 57
79 88
33 48
74 92
31 51
69 99
30 62
23 66
7 100
5
71 74
80 84
9 23
8 86
3 98
9
70 72
21 24
88 93
50 55
38 63
33 78
30 79
2 84
1 94
7
77 78
85 90
43 61
28 66
16 76
11 80
5 96
8
50 52
9 13
78 82
14 20
73 86
69 87
64 97
2 98
7
37 39
66 84
34 56
25 65
24 85
14 91
13 100
7
24 26
83 88
74 80
18 30
32 44
69 93
13 97
10
38 40
65 69
79 87
14 23
42 54
75 96
33 56
25 58
24 60
13 97
10
26 27
53 55
78 83
60 66
42 49
87 95
37 50
13 35
7 57
2 98
10
56 57
86 88
43 45
79 81
42 46
50 54
67 73
77 84
11 75
10 94
9
82 85
2 6
22 27
12 19
67 74
9 28
57 80
41 81
1 95
8
58 62
21 32
78 90
17 37
15 41
63 92
50 98
11 100
6
29 30
32 34
47 56
28 39
43 73
27 76
10
8 9
20 21
55 59
24 30
72 78
23 31
14 40
54 91
42 93
6 99
8
19 20
40 42
31 34
66 73
47 60
6 39
5 86
4 98
5
47 48
65 69
72 78
40 53
6 100
5
64 66
8 12
5 42
46 95
3 98
8
27 28
66 71
86 92
25 32
58 78
18 55
14 82
10 97
10
41 42
14 16
30 32
39 43
56 60
20 28
74 83
17 38
47 71
9 86
8
87 89
43 48
75 80
7 15
74 97
3 27
41 66
1 98
8
65 69
26 30
19 32
16 34
51 74
42 80
39 89
4 99
9
87 89
59 61
47 50
62 66
9 21
27 51
5 79
4 82
1 99
10
52 53
35 37
87 89
23 26
71 77
83 92
17 30
48 68
44 82
7 94
6
40 43
88 91
59 72
35 55
34 78
33 99
10
53 57
12 17
11 18
67 74
10 20
49 62
8 27
66 85
6 92
2 98
10
13 16
54 57
58 63
51 64
82 95
12 31
75 96
11 36
10 49
5 98
10
50 51
79 81
29 32
69 73
77 83
19 28
52 75
9 49
3 89
1 96
10
88 89
81 82
64 66
17 20
39 46
15 62
13 76
10 86
9 90
4 93
5
78 86
32 43
19 63
11 88
3 89
7
35 36
48 50
60 63
32 40
47 68
30 95
1 99
8
46 49
10 14
62 70
50 60
3 17
30 72
26 75
1 77
6
69 77
81 90
65 78
14 33
2 63
1 91
8
87 90
44 48
36 43
27 35
78 97
71 99
24 70
3 100
5
36 41
68 75
80 89
26 44
19 92
5
83 85
82 90
36 45
26 54
8 96
9
3 7
75 79
83 92
72 81
42 55
40 58
61 82
28 59
1 93
6
71 74
18 22
69 91
31 55
13 67
12 93
9
23 24
77 78
87 89
90 95
39 44
63 80
15 35
11 84
7 97
9
87 88
18 26
47 55
46 57
39 58
72 94
37 64
36 67
3 95
7
74 76
57 62
91 96
33 67
28 82
23 90
7 99
10
95 97
63 65
40 42
84 90
67 73
57 76
12 45
9 51
4 78
3 99
10
78 79
80 82
33 35
50 53
88 93
65 73
29 46
25 55
12 64
3 96
5
44 46
20 24
41 52
15 82
1 99
9
67 70
22 29
75 87
17 30
59 73
34 54
58 94
14 55
13 95
6
66 68
41 45
30 60
28 62
20 86
19 91
8
29 30
74 79
86 93
33 41
64 84
26 47
9 48
3 100
7
37 41
59 66
20 30
84 94
70 81
3 83
1 96
6
20 23
54 58
19 30
4 32
37 75
2 100
5
70 79
47 57
25 61
19 87
9 91
6
6 10
26 49
57 91
16 52
3 92
1 99
7
11 15
87 91
22 28
17 31
56 83
49 98
10 99
10
36 38
67 71
54 66
14 30
13 34
9 43
50 87
47 89
44 96
5 100
7
60 62
40 45
33 49
31 64
22 72
21 80
2 96
6
23 30
84 93
49 59
14 35
47 79
11 94
6
70 72
50 54
13 18
30 40
22 45
10 83
8
90 93
32 37
38 43
58 68
56 73
16 52
14 82
9 94
7
43 48
64 70
13 25
37 52
12 28
10 56
7 77
8
22 24
90 93
57 63
65 72
51 64
31 74
15 80
7 96
8
49 50
10 14
9 16
55 62
23 35
40 64
17 66
1 82
8
89 92
11 16
23 40
59 76
55 81
7 43
44 87
1 97
10
24 25
27 30
87 94
23 31
77 86
22 37
43 67
40 68
10 76
1 99
5
59 63
26 40
57 77
16 48
13 100
10
26 27
89 90
81 83
59 62
73 76
71 79
34 42
22 49
17 65
8 100
10
39 42
10 15
60 65
68 75
44 52
77 88
38 55
35 57
25 67
4 97
7
67 72
91 96
27 36
62 80
18 39
12 53
1 98
10
46 48
55 58
45 50
80 87
79 88
61 70
27 39
53 72
23 51
11 96
9
11 12
69 71
68 72
50 55
32 43
31 59
6 66
3 85
2 89
10
8 10
17 20
46 51
74 80
15 24
26 38
52 67
6 40
42 85
4 96
9
31 33
57 59
43 46
82 87
79 89
62 75
56 76
17 50
1 91
9
29 30
53 58
21 27
40 49
66 79
62 80
17 36
7 90
4 93
9
33 35
50 53
16 21
79 85
49 55
36 45
61 77
9 59
4 100
8
24 30
64 70
45 52
79 86
38 78
19 89
10 90
3 91
6
42 43
12 23
39 58
2 35
37 72
1 76
7
61 65
93 99
25 35
15 40
56 86
10 53
8 100
6
68 69
42 47
82 91
52 74
25 78
12 96
8
13 16
79 82
30 36
51 58
65 73
49 84
11 85
5 99
5
68 69
73 81
40 72
19 82
11 95
10
32 34
50 52
60 64
88 93
23 29
71 78
15 57
12 66
4 98
3 99
10
13 14
26 27
11 16
82 88
55 67
53 71
73 95
10 39
6 43
3 100
8
64 67
88 94
38 46
59 71
54 72
19 50
5 87
1 98
6
12 16
53 59
19 26
11 31
9 73
8 94
8
50 52
76 80
21 25
84 90
69 83
41 61
7 30
1 96
5
82 92
11 27
29 45
51 75
5 99
6
23 24
35 42
18 26
9 34
7 60
6 90
8
50 51
37 41
88 96
66 80
30 52
28 58
16 59
9 98
9
38 40
55 58
85 88
73 77
70 78
15 27
9 46
3 50
2 90
5
75 85
37 51
19 59
13 63
3 91
7
79 80
32 34
50 64
25 44
69 90
21 49
14 98
8
8 9
23 24
36 41
77 82
15 27
58 75
6 35
4 99
8
22 25
35 40
41 49
71 80
34 50
55 92
54 96
6 98
9
22 23
5 6
33 35
79 85
67 76
3 18
26 51
21 58
2 86
6
91 92
58 61
85 94
47 68
12 35
8 95
6
12 16
29 43
75 91
10 44
6 69
3 99
9
95 96
51 57
77 84
62 73
29 41
50 74
18 75
13 91
10 99
5
6 10
75 79
43 64
36 66
4 88
6
44 49
42 54
66 86
32 55
28 64
3 97
6
49 52
57 60
70 81
10 25
39 83
9 95
10
32 33
54 55
25 27
72 74
8 11
49 52
59 69
5 21
4 57
3 93
7
26 30
72 76
37 47
10 21
55 70
5 34
1 84
9
13 15
39 41
91 94
32 38
73 84
31 45
47 63
10 72
6 97
9
35 36
61 62
47 53
88 94
38 45
12 20
10 24
30 55
2 97
10
4 5
28 29
18 20
66 69
51 55
77 85
49 59
15 26
6 39
2 89
8
42 45
23 29
86 93
57 71
80 99
19 41
14 77
11 100
8
61 64
77 81
23 28
38 45
57 68
37 52
18 87
15 94
8
42 43
37 41
26 30
48 57
23 34
22 47
59 86
15 93
5
91 93
41 44
21 27
59 81
11 96
5
69 70
40 44
50 64
48 65
29 89
5
51 73
50 79
44 89
34 96
32 97
7
82 85
14 21
52 60
26 37
42 68
69 96
5 98
7
18 22
77 81
32 38
54 63
28 44
47 70
1 92
8
9 10
73 80
6 14
29 41
19 57
16 58
5 94
3 98
6
4 5
11 13
29 49
19 72
9 80
2 85
9
17 19
81 85
50 55
73 79
24 31
48 69
10 39
6 40
1 88
10
46 47
32 33
22 27
77 85
66 75
10 40
62 95
8 41
4 56
3 97
10
30 33
60 66
85 92
26 35
37 49
22 55
20 56
16 82
7 99
5 100
6
67 71
40 47
57 65
32 53
30 54
24 92
6
63 67
79 83
28 34
62 69
59 88
25 98
7
39 41
17 25
84 95
16 33
56 80
9 53
2 98
7
72 73
37 42
15 21
14 25
34 47
26 55
3 76
6
10 11
14 20
46 57
7 34
44 75
1 99
5
45 65
37 72
35 78
26 86
1 89
9
83 85
31 34
10 14
56 62
69 81
25 39
24 45
17 82
9 94
10
81 82
16 18
87 89
20 26
33 40
65 74
47 62
28 78
11 84
4 97
7
51 52
78 81
20 23
42 45
17 25
6 59
5 84
10
35 36
78 80
90 92
55 57
89 93
31 38
84 99
21 73
18 83
10 100
9
65 66
72 75
42 50
84 94
5 16
29 40
27 54
56 83
1 99
7
81 84
18 22
72 77
16 34
69 91
13 56
2 98
9
25 27
67 69
41 47
31 38
77 84
20 29
30 58
62 91
6 97
5
73 79
21 37
40 57
16 62
15 83
6
31 33
14 20
39 57
6 30
35 69
1 95
8
43 45
93 96
28 39
42 54
23 40
58 76
17 56
10 98
10
83 84
87 88
47 50
18 28
60 73
16 30
14 44
8 51
7 80
2 100
9
91 92
22 25
87 90
34 40
30 42
56 69
75 94
21 70
9 95
10
83 86
72 75
11 15
58 66
10 19
81 95
54 68
48 79
9 44
8 97
9
59 60
23 25
32 35
41 46
40 50
19 31
68 88
2 91
1 92
6
80 82
31 36
84 91
29 58
62 93
24 98
10
22 23
94 96
34 37
80 84
57 64
41 48
70 89
14 39
13 55
1 100
8
93 94
89 97
7 18
54 65
52 68
32 72
2 76
1 98
8
24 25
53 55
20 26
51 66
9 27
7 32
68 93
2 94
5
63 70
33 43
72 86
26 60
4 93
7
84 88
19 26
64 75
12 29
46 80
39 81
8 92
10
44 45
36 42
62 68
17 25
61 69
77 89
14 43
13 72
10 75
3 98
10
21 23
35 38
67 71
92 99
79 88
47 60
40 62
15 39
11 75
6 100
7
53 54
86 91
75 96
27 50
23 58
9 66
1 97
7
40 42
31 37
66 74
13 23
75 86
6 39
1 98
7
29 31
77 79
76 87
39 51
74 92
18 73
8 94
10
58 59
41 42
40 43
70 73
45 50
85 94
34 53
22 75
3 79
2 99
10
34 35
55 57
91 95
59 65
27 36
49 74
47 75
40 82
23 84
11 96
5
42 45
76 80
52 57
32 75
2 99
6
33 35
40 46
76 91
8 25
26 50
6 92
6
43 52
21 34
66 83
16 38
15 53
3 100
6
58 60
23 26
42 47
21 29
49 73
14 87
8
29 30
89 90
22 23
10 24
6 28
45 76
36 78
3 99
5
80 94
53 68
19 35
17 76
16 100
6
61 80
30 51
28 55
20 90
2 93
1 95
10
34 35
54 56
14 18
83 87
68 74
36 43
53 61
7 28
46 80
5 100
10
16 17
68 69
85 87
15 18
23 28
49 63
13 36
46 71
44 73
9 90
7
75 80
34 39
60 68
15 25
59 73
32 50
3 99
9
82 84
87 92
18 31
15 32
38 60
37 63
7 35
4 69
3 94
7
86 90
80 85
34 43
31 45
22 47
16 78
6 94
7
82 83
47 50
12 18
56 66
5 53
3 79
2 97
8
15 17
18 20
39 41
10 25
45 65
37 66
30 68
2 70
7
67 71
83 94
53 65
32 50
27 81
14 97
13 99
10
43 48
22 27
86 93
73 81
19 34
12 38
69 95
65 96
6 58
4 100
6
23 28
44 49
84 95
36 52
32 75
4 97
5
79 81
34 44
25 48
50 84
2 85
6
20 40
17 45
12 55
5 66
2 81
1 82
9
24 26
29 38
44 56
64 83
58 85
28 86
22 96
20 97
1 98
8
27 31
72 80
26 35
57 68
20 47
11 69
4 86
1 95
5
76 84
10 28
5 34
45 87
4 91
10
73 74
85 87
42 44
71 75
47 51
35 56
34 57
6 60
4 66
2 93
10
87 90
67 71
50 54
86 98
18 57
12 60
11 61
8 72
6 83
4 100
8
32 34
27 30
73 79
49 62
41 64
9 39
4 82
2 90
5
54 55
88 94
28 36
18 61
11 98
8
29 33
27 36
22 37
75 97
19 47
17 61
8 67
5 99
10
52 54
23 26
78 81
22 27
67 72
43 48
51 56
41 62
21 65
17 90
7
90 91
11 13
30 45
48 73
25 87
20 92
4 100
6
37 39
50 55
35 48
16 67
9 83
5 93
10
92 93
38 41
76 81
53 58
87 97
67 85
18 45
14 49
11 63
6 99
9
17 22
27 38
82 94
55 73
15 39
11 40
10 54
7 75
4 97
6
73 74
27 30
26 31
22 45
56 89
9 96
10
13 14
60 61
66 68
22 24
59 64
72 86
51 69
8 37
46 91
1 99
6
7 9
19 28
31 41
80 90
29 58
2 94
8
58 59
9 11
28 32
22 38
15 40
61 86
44 91
3 94
8
40 41
63 65
57 61
33 46
72 93
31 54
28 94
24 100
6
33 37
20 38
48 72
45 89
44 96
17 98
8
47 48
10 14
17 28
59 71
81 94
6 31
33 73
5 95
7
87 95
36 45
32 46
59 81
53 83
27 99
10 100
10
78 80
57 61
20 28
64 73
45 55
15 31
75 93
11 41
9 56
2 94
8
87 89
33 36
43 48
82 91
55 72
9 40
6 52
5 96
7
89 90
70 76
18 25
40 50
35 51
63 82
5 98
8
39 40
52 54
76 79
71 84
13 31
12 47
11 61
9 98
8
36 40
66 71
80 87
33 49
30 53
73 96
29 63
1 99
9
77 80
14 19
88 94
45 56
59 70
87 98
13 31
36 83
11 100
6
78 79
23 25
38 50
5 33
36 67
4 80
6
23 24
46 47
66 74
63 81
18 49
10 83
9
18 20
91 94
79 86
77 87
9 27
41 67
8 35
36 69
5 96
6
78 83
37 43
64 77
46 91
34 92
27 96
5
64 69
80 86
30 44
6 47
2 89
9
69 71
80 85
86 95
57 66
15 25
56 68
14 47
12 50
6 97
9
94 95
65 69
47 55
63 71
73 82
36 62
7 35
3 83
2 96
9
79 80
62 63
6 9
54 59
4 14
47 64
75 95
17 46
1 96
8
24 25
47 51
7 12
6 13
30 52
56 86
23 55
4 93
10
25 26
56 57
69 71
39 47
77 86
61 72
14 55
12 87
7 92
6 97
5
23 25
21 36
62 83
18 60
10 93
10
55 59
89 93
31 36
24 30
63 70
22 38
50 74
21 46
47 75
20 94
8
40 43
93 96
20 25
81 89
10 30
44 68
33 74
8 98
9
21 23
70 73
57 61
85 91
26 33
24 35
16 37
49 80
9 99
5
44 46
55 60
14 32
41 65
12 94
8
92 93
66 70
41 48
28 37
64 75
12 50
11 79
5 97
7
37 44
12 21
51 61
5 24
67 87
46 92
3 98
6
43 47
71 83
20 33
38 55
15 91
3 96
7
93 94
61 64
9 16
25 33
60 92
5 50
3 97
7
44 46
25 32
65 73
39 52
61 88
18 60
2 98
6
55 56
34 47
12 25
31 48
6 28
2 77
10
79 81
91 94
27 31
13 19
41 50
26 40
21 51
7 74
6 95
1 100
8
44 46
21 24
28 31
80 84
47 54
78 92
35 64
14 99
8
48 51
69 72
27 31
47 52
66 76
23 35
17 62
12 81
10
16 17
24 25
39 41
32 35
56 64
7 19
45 66
67 88
4 31
2 96
9
90 91
63 67
14 19
31 40
50 68
47 71
27 79
13 80
11 99
5
39 44
84 90
48 56
61 71
8 93
5
52 56
43 59
20 41
10 67
8 79
10
5 6
44 46
93 96
58 62
17 26
12 33
72 97
39 67
4 36
1 99
9
48 50
89 91
27 29
71 76
52 62
17 33
14 34
12 47
4 93
5
23 26
71 97
21 50
15 55
7 98
6
4 6
12 17
69 80
66 93
7 53
3 99
8
24 26
18 23
77 83
39 51
12 27
36 63
11 65
2 99
7
62 64
66 69
34 37
41 49
55 71
20 38
2 79
6
87 88
53 59
42 48
32 50
21 66
7 96
9
16 18
33 37
60 66
46 54
12 24
59 71
73 88
25 72
9 95
7
16 19
48 53
46 57
4 23
59 78
31 58
2 85
5
63 66
15 41
55 83
43 97
12 100
7
43 44
59 64
70 80
41 52
29 65
11 68
1 94
10
72 73
80 83
39 46
22 29
58 77
10 35
6 38
5 49
4 98
3 99
10
49 52
36 40
70 74
80 84
6 17
41 56
33 60
66 96
23 63
2 97
10
12 13
46 51
81 90
44 56
76 99
24 64
10 65
9 69
8 70
6 100
8
76 78
50 53
36 41
71 85
24 42
44 65
12 43
10 87
6
67 68
74 79
27 36
6 24
4 39
3 90
9
9 10
82 89
58 67
29 40
3 15
24 46
21 52
20 57
2 91
7
41 43
9 20
40 55
62 82
5 32
33 60
2 93
6
86 89
28 34
69 85
40 58
35 60
21 95
8
20 21
75 78
30 35
81 89
54 68
15 40
10 70
1 94
7
18 21
62 68
69 75
39 51
27 53
26 57
3 79
9
78 80
91 93
47 49
66 69
43 51
57 71
11 34
38 76
2 94
9
86 87
71 72
67 69
5 9
70 76
11 22
25 48
4 55
2 92
8
73 75
64 69
78 87
15 35
13 41
10 46
50 92
3 96
5
68 81
27 42
44 64
26 85
6 96
9
39 40
73 75
62 65
38 44
57 66
36 48
55 72
29 49
20 98
8
21 22
73 78
61 68
32 39
31 49
10 29
5 80
2 100
6
35 36
52 67
75 90
26 46
16 50
3 93
6
17 18
47 54
45 56
44 57
9 61
6 97
7
24 26
44 49
58 64
41 56
9 29
36 66
2 72
9
68 69
46 50
22 27
37 42
57 62
75 82
35 45
16 83
11 99
6
21 28
53 67
51 76
7 44
6 87
1 94
8
16 17
8 11
63 67
45 53
13 24
75 88
57 74
7 93
8
45 46
29 36
50 58
66 80
23 41
22 48
10 97
2 99
8
49 52
75 79
36 43
74 87
34 48
62 88
21 56
12 100
8
73 74
22 27
44 51
72 85
11 35
39 71
36 86
8 95
9
93 94
9 11
90 95
69 76
65 78
29 52
14 56
3 84
1 96
9
13 14
28 31
58 62
57 64
84 91
24 34
52 68
3 35
2 97
7
81 82
39 48
70 79
29 49
67 95
61 96
10 97
6
60 65
24 30
55 66
52 73
14 48
11 98
7
64 71
74 81
15 28
10 38
54 82
7 49
1 94
9
68 70
10 15
56 62
26 34
40 50
66 78
6 19
20 39
4 88
6
41 47
39 51
64 77
19 33
36 63
4 100
10
8 9
17 18
44 46
68 70
77 81
55 61
20 40
15 41
11 63
5 96
9
69 70
50 52
87 91
33 45
82 94
26 47
15 63
13 77
11 98
9
10 12
32 38
58 65
84 91
7 19
53 69
72 94
6 51
3 100
8
60 61
74 77
92 97
69 79
24 36
12 55
11 85
1 98
10
79 80
12 14
44 46
50 52
73 76
85 92
47 55
43 57
19 83
6 98
10
13 14
87 88
56 58
60 62
85 92
23 31
54 64
9 21
74 94
3 97
10
18 20
45 47
53 55
28 30
61 64
77 82
71 88
13 38
40 67
6 95
8
91 92
38 40
83 85
75 88
51 67
9 26
5 36
2 99
7
69 74
38 43
81 94
12 28
11 47
3 62
1 97
7
29 32
54 63
38 50
33 77
28 82
22 83
12 96
7
92 93
78 81
69 77
38 60
35 67
26 87
16 100
7
71 83
45 57
19 32
14 35
38 64
12 69
1 89
5
27 30
36 41
19 34
54 71
8 74
7
23 26
79 82
40 45
39 46
33 86
28 88
15 96
8
36 38
21 24
89 93
61 68
47 59
15 45
13 76
10 98
6
57 60
72 77
23 44
12 50
4 69
3 98
7
64 65
24 28
34 41
62 76
22 52
19 61
12 88
7
16 23
44 52
28 37
43 56
62 79
6 25
3 96
7
80 82
41 46
52 65
30 48
22 71
13 72
8 86
5
51 54
38 49
59 73
9 50
1 97
5
77 85
56 70
19 36
13 41
1 100
6
29 31
93 95
78 98
32 56
10 57
2 99
6
58 59
47 49
80 86
65 92
18 53
3 95
10
30 31
33 34
82 84
51 58
10 20
48 63
24 43
21 69
9 74
1 96
7
61 63
67 74
29 38
40 51
39 53
24 55
17 92
10
22 23
38 39
30 36
89 97
65 76
51 63
14 46
50 84
13 85
9 98
10
92 93
6 10
74 78
82 89
32 48
30 57
28 58
15 72
3 79
2 94
9
95 97
38 42
8 12
82 89
6 16
80 94
37 57
18 74
4 99
9
45 47
55 59
86 92
31 41
60 70
24 50
23 52
21 82
14 94
9
42 43
84 90
18 25
59 73
9 27
55 77
7 50
5 91
1 99
5
77 85
36 59
68 92
35 67
29 98
6
48 51
58 63
11 36
54 80
45 90
9 95
7
5 6
12 14
39 43
17 24
55 79
15 48
3 96
8
88 93
85 94
62 71
30 44
51 73
22 45
49 74
20 98
6
70 75
79 86
31 41
30 45
49 77
13 92
8
66 67
53 57
64 68
69 73
48 58
81 95
31 78
28 98
5
64 66
25 32
34 79
24 80
22 90
10
21 22
48 50
87 90
47 54
86 96
30 43
44 59
80 97
18 61
5 98
5
33 35
16 43
11 70
9 76
1 97
6
87 88
64 65
14 32
51 73
8 78
6 91
6
55 59
62 68
42 48
29 53
12 54
1 90
5
25 31
56 63
21 35
46 73
6 78
6
76 79
10 16
4 25
36 57
28 61
3 100
8
19 21
60 62
53 56
79 85
57 65
35 66
25 69
1 95
10
75 76
20 23
73 77
50 56
34 44
33 45
14 30
65 84
57 91
4 95
6
24 26
9 16
50 71
3 36
39 77
1 83
8
18 20
22 24
37 45
36 51
64 81
12 32
61 86
10 90
10
60 61
93 94
33 39
25 32
77 88
23 43
22 46
9 47
6 74
5 97
10
75 76
78 79
59 60
80 83
64 69
52 63
77 89
48 72
18 45
8 96
7
43 45
25 27
20 23
52 57
83 89
16 29
12 96
6
61 65
28 39
77 91
52 76
24 50
1 99
7
86 90
63 68
69 74
50 58
21 44
48 81
5 97
10
56 57
43 47
28 32
38 48
59 71
12 26
36 51
4 34
54 87
1 90
10
90 93
50 54
74 78
10 16
9 17
42 56
63 82
8 33
5 40
2 98
5
50 53
81 96
38 56
58 80
9 100
7
84 91
65 72
64 74
37 52
19 36
6 63
5 96
8
90 91
27 34
6 16
85 96
5 24
44 72
36 84
1 99
9
47 48
68 69
78 81
67 71
31 43
57 92
19 55
56 93
3 99
10
54 55
15 16
88 91
71 74
24 27
58 75
57 97
9 50
4 51
3 98
5
26 27
5 10
49 58
35 71
1 80
7
75 80
67 86
19 42
17 46
14 57
13 64
10 90
6
33 36
59 66
43 55
71 83
19 38
8 92
8
82 83
12 16
59 65
43 49
28 55
27 79
11 85
5 95
6
80 82
69 92
32 55
29 62
15 95
14 98
9
31 33
89 94
13 20
87 95
24 36
45 63
41 74
21 77
9 97
7
76 78
17 24
14 26
44 67
43 68
11 82
5 95
7
60 61
64 75
14 36
59 83
12 85
8 93
6 95
6
55 57
78 83
15 21
11 39
42 76
10 91
7
40 41
31 35
7 18
30 42
52 82
46 84
4 91
5
86 87
85 90
38 48
28 81
10 95
6
66 73
75 82
55 64
47 85
4 43
1 93
10
59 62
13 18
79 85
34 41
54 64
9 20
33 44
31 47
7 24
3 94
7
72 73
25 33
20 35
53 70
18 89
15 90
7 92
7
5 9
37 41
73 78
26 32
66 85
23 53
1 91
8
72 75
28 32
85 92
84 94
54 67
22 36
16 83
2 96
7
47 49
71 75
18 24
43 56
68 87
35 59
12 92
7
19 21
38 41
10 16
44 52
54 81
18 53
9 86
9
29 30
48 50
92 94
62 70
88 99
43 59
40 60
7 36
1 100
6
29 36
89 99
57 69
26 49
23 77
13 100
9
69 70
15 20
55 62
66 75
12 24
40 52
39 63
64 90
4 99
5
66 74
16 38
59 86
14 53
3 97
7
55 57
13 18
66 75
9 24
50 76
37 98
1 100
6
74 83
30 46
72 91
65 92
29 64
24 96
5
65 66
47 63
26 74
25 96
14 97
10
52 53
62 66
79 85
40 50
15 28
74 89
10 30
38 60
7 61
6 100
7
78 83
6 13
73 85
65 89
60 90
3 40
1 97
5
28 31
43 50
5 15
18 37
4 52
9
17 18
75 78
21 25
41 46
66 83
11 32
57 84
56 95
7 97
8
36 38
4 7
40 50
78 88
3 16
32 54
63 95
2 100
8
85 86
30 32
13 17
73 78
88 93
71 83
7 68
5 98
7
48 51
21 28
90 98
77 86
10 32
44 67
4 100
8
37 41
23 29
81 89
21 34
60 75
56 91
9 94
5 100
9
89 90
47 51
53 60
14 22
85 95
12 28
7 39
44 79
3 97
6
48 53
66 78
13 38
12 44
9 65
5 86
10
21 22
73 74
62 68
26 33
49 56
61 70
48 57
71 83
23 58
19 91
5
37 42
84 99
33 62
32 69
27 100
10
26 27
17 19
22 24
59 62
71 75
12 20
68 79
35 48
10 30
6 99
9
38 39
15 17
62 68
10 18
79 92
6 22
37 70
28 72
5 99
9
64 65
73 75
14 17
76 92
22 38
49 67
47 70
8 39
6 99
7
14 15
39 45
76 82
34 56
28 86
12 92
8 100
9
94 96
59 62
73 78
11 20
53 65
66 83
5 28
37 89
3 97
7
69 70
25 27
86 90
18 29
57 76
15 81
3 93
5
27 29
64 75
37 54
19 59
14 83
10
44 45
15 17
18 20
92 95
85 88
33 36
76 89
24 74
12 75
6 98
7
36 37
63 64
26 28
30 32
60 71
15 83
1 96
8
17 19
29 36
48 56
70 80
64 81
61 82
16 44
12 84
6
11 17
50 61
24 38
21 40
2 44
1 77
7
81 88
42 50
59 68
53 77
6 32
52 93
1 98
8
67 74
62 75
19 35
18 39
54 76
12 46
48 88
9 90
6
23 40
58 86
47 89
8 90
6 91
2 95
6
47 50
77 80
57 66
75 86
34 70
8 89
6
35 45
81 93
50 72
32 79
6 97
5 99
10
31 32
17 20
89 92
28 34
74 80
72 82
15 35
57 93
13 56
5 99
6
79 81
47 50
65 72
34 52
21 84
18 100
8
67 69
82 84
78 81
29 40
50 64
48 74
14 46
8 95
9
58 59
92 95
15 22
42 51
25 36
11 39
64 97
5 98
1 100
10
38 41
93 97
24 28
21 29
70 78
43 53
65 79
20 36
13 42
11 98
5
78 82
26 50
15 61
13 91
6 97
5
71 75
53 62
38 51
31 84
16 85
10
64 65
28 29
40 42
15 17
24 27
11 18
80 91
20 32
4 67
1 99
8
63 64
41 45
62 66
26 31
70 76
80 95
40 67
20 98
10
48 49
19 22
85 88
25 32
53 63
47 65
76 97
67 99
4 39
2 100
7
89 92
60 67
87 95
59 68
6 24
3 51
2 99
6
46 47
70 78
27 48
23 52
14 79
1 93
10
94 95
65 69
75 80
40 50
72 86
36 57
33 58
28 61
22 96
13 97
9
71 74
28 33
80 85
52 65
25 40
43 66
41 92
23 96
10 100
7
51 55
32 37
65 74
79 89
50 60
31 75
13 92
7
80 83
20 26
33 43
68 86
11 55
4 57
2 88
10
13 14
92 94
47 50
22 28
58 64
38 45
56 65
12 32
46 77
2 98
10
82 84
56 61
80 96
45 64
11 31
9 32
8 36
41 69
39 71
4 97
6
26 27
13 17
79 86
32 54
65 88
2 90
9
61 65
19 23
74 79
16 24
28 38
11 46
10 48
6 91
1 97
9
84 86
33 38
50 55
15 21
66 73
14 26
7 27
29 57
3 95
7
54 55
17 20
63 67
30 37
11 43
10 56
5 80
10
55 57
64 72
25 37
60 73
24 38
21 54
17 59
12 74
9 80
1 84
9
12 14
50 54
31 36
80 86
62 93
17 56
8 61
5 95
4 97
9
45 49
90 94
31 35
68 72
37 42
59 78
19 43
15 57
13 95
6
85 88
39 46
34 55
58 79
20 81
4 92
7
50 52
89 94
58 67
20 31
10 32
6 53
4 95
8
63 64
66 67
17 22
90 95
36 42
27 44
26 78
13 98
10
29 30
45 47
58 60
83 85
26 34
68 79
17 35
54 81
3 51
2 97
9
24 25
39 43
93 97
48 53
59 65
22 31
16 35
2 54
1 99
5
68 79
38 53
25 56
22 57
3 98
6
89 90
74 75
58 60
46 66
40 88
7 93
10
29 30
93 94
34 37
76 82
21 28
48 62
20 40
47 70
15 83
9 96
9
12 13
83 86
69 74
15 20
53 63
79 89
9 36
4 67
2 97
5
31 34
13 23
54 78
36 79
4 81
9
37 38
86 88
60 63
18 23
13 27
33 66
31 74
30 98
9 100
8
10 11
80 83
13 18
28 36
68 87
64 88
24 58
2 96
7
29 31
89 92
53 58
4 34
39 84
3 85
1 95
9
57 58
31 36
88 97
69 79
43 53
42 56
37 60
8 80
1 98
7
89 96
66 74
37 46
36 65
35 82
28 85
3 97
7
71 72
92 96
81 88
44 57
28 66
5 69
1 98
9
70 72
73 80
36 45
49 58
21 32
5 18
3 19
34 67
1 86
5
23 25
44 52
12 27
37 60
5 100
7
79 89
31 41
25 44
69 93
14 49
11 52
5 95
6
64 65
33 44
72 87
25 48
14 67
13 99
6
9 10
78 87
70 88
19 38
8 63
1 93
5
76 79
66 74
24 42
23 56
6 96
8
81 82
71 72
23 26
36 41
29 42
17 70
14 79
10 90
6
68 70
43 67
30 77
29 90
20 93
15 99
9
65 66
91 93
85 88
94 97
30 34
45 55
78 90
7 35
2 98
10
55 56
32 34
8 12
66 70
87 92
7 17
40 75
21 76
3 84
2 96
8
7 8
67 68
51 57
48 59
65 88
34 61
26 63
6 100
8
43 44
70 72
39 42
15 20
55 63
9 36
50 89
1 98
8
20 22
77 79
59 69
80 92
19 33
14 38
13 45
2 97
10
12 13
25 27
20 23
11 17
71 83
53 66
9 28
70 91
29 52
5 92
10
48 49
72 73
95 96
36 38
64 68
62 75
22 45
17 81
14 94
13 98
6
28 31
81 84
73 85
34 47
61 94
16 96
10
67 68
11 14
38 41
17 21
32 36
80 87
23 30
62 98
4 44
2 100
9
50 53
27 32
75 81
47 56
16 35
58 82
11 39
43 86
9 89
8
30 31
20 23
56 62
18 26
75 89
16 34
4 65
1 95
5
56 62
24 34
48 66
23 90
17 99
8
18 22
62 66
50 55
3 17
2 26
42 78
31 96
1 100
5
34 37
54 60
52 78
43 83
26 95
5
78 81
46 65
34 77
23 87
3 91
8
18 19
47 48
45 55
56 68
29 82
24 83
5 95
4 97
5
15 25
56 70
54 73
38 85
12 86
7
55 56
5 7
67 69
16 42
60 87
8 47
1 95
10
89 90
28 29
68 73
54 62
18 40
16 44
12 51
4 75
2 78
1 96
5
50 55
74 80
12 34
49 72
9 97
9
68 71
14 20
82 91
35 55
8 30
32 64
7 65
5 76
4 99
7
68 70
40 42
57 62
83 92
30 43
52 79
26 100
10
80 82
13 16
70 73
49 56
31 38
11 25
47 79
2 41
42 97
1 100
10
12 15
82 85
40 43
74 78
92 98
16 23
38 53
71 89
8 31
7 99
10
27 30
64 68
78 83
50 56
86 94
23 36
46 62
16 40
11 74
5 100
10
39 41
91 95
66 72
16 25
45 54
84 99
29 60
28 65
26 82
11 100
10
40 41
72 74
56 59
83 86
63 69
36 44
31 71
28 75
9 93
1 99
10
47 48
30 32
49 53
14 19
80 87
67 76
29 40
26 44
13 61
1 98
7
87 88
24 25
19 26
52 61
29 41
43 65
12 92
9
50 53
86 91
92 97
65 71
16 31
15 32
45 77
14 99
1 100
7
44 45
90 94
57 64
55 73
52 75
22 47
14 95
9
77 78
90 92
27 32
75 84
24 37
19 41
72 96
15 61
10 97
5
35 36
74 76
17 29
57 80
8 99
8
16 17
23 27
41 47
83 93
81 98
58 76
30 54
1 99
7
23 24
75 77
12 14
10 22
39 55
9 37
6 87
9
49 50
18 19
15 20
63 69
73 86
22 36
55 71
21 47
13 94
5
63 64
66 67
76 83
50 72
15 98
8
8 9
54 55
10 16
56 69
6 21
48 76
34 84
4 89
5
31 39
58 77
30 54
28 93
8 95
8
77 78
28 30
88 91
31 38
51 67
46 68
24 94
16 99
8
37 40
85 89
72 77
57 69
24 42
22 54
21 71
1 97
10
25 26
11 15
33 38
67 74
16 30
50 75
8 40
49 84
44 89
6 100
6
63 64
29 33
81 88
12 34
51 73
4 89
5
14 16
52 54
32 39
23 43
8 93
10
23 24
69 73
28 35
61 82
11 37
57 85
54 92
6 48
50 95
3 100
6
48 51
24 32
85 96
16 34
44 65
7 100
5
13 17
41 48
4 18
25 51
1 76
5
42 44
63 67
56 62
28 84
7 93
6
75 80
17 31
72 88
13 54
12 55
7 92
5
24 31
17 45
15 48
52 94
8 100
5
63 70
71 83
27 49
11 84
1 90
6
85 87
17 21
81 90
34 57
24 68
15 99
5
27 30
53 61
66 86
12 93
2 97
5
61 77
60 81
4 47
3 56
2 92
6
76 77
51 59
22 31
36 49
80 94
17 100
10
76 77
63 64
43 45
27 31
60 67
22 32
79 89
20 34
11 95
8 99
5
37 41
84 93
50 63
65 82
32 94
5
82 84
72 77
21 55
10 78
4 86
8
82 84
75 81
59 68
23 33
14 40
42 70
12 41
3 97
5
61 62
73 74
54 64
50 90
11 99
5
64 74
23 37
77 92
16 75
14 95
8
48 50
55 59
34 40
18 25
79 88
65 76
4 53
2 97
8
62 63
48 52
59 64
26 33
14 23
81 90
6 78
4 96
8
61 63
36 39
90 95
66 72
43 51
33 65
27 88
25 96
8
52 53
21 25
73 81
41 50
67 82
15 34
9 60
3 91
10
57 58
75 82
56 63
51 65
73 87
25 39
19 42
18 45
8 47
5 95
8
95 96
51 53
75 79
80 84
49 55
36 64
34 65
2 99
5
91 92
60 64
83 88
46 72
19 93
8
21 26
91 96
65 71
54 63
74 84
53 73
33 88
18 97
6
30 34
24 36
48 63
15 47
4 96
1 99
7
85 89
33 40
79 93
28 51
16 65
13 96
10 100
5
66 69
54 58
77 94
18 74
14 96
9
41 42
34 35
30 33
22 27
55 61
17 40
10 44
8 64
2 89
8
53 54
48 50
22 24
43 58
18 39
64 85
13 88
7 100
9
37 39
47 50
63 67
61 69
60 75
35 53
25 85
20 87
1 88
9
22 23
8 11
42 46
19 26
86 94
40 54
61 83
35 85
3 99
10
52 53
71 72
33 36
77 81
37 42
66 74
76 85
28 50
9 61
8 96
6
91 94
23 31
18 38
6 55
2 97
1 98
6
48 49
5 7
64 78
43 62
15 42
2 98
10
24 25
90 94
53 63
70 81
48 65
69 89
47 68
10 43
9 45
2 95
5
54 66
50 69
41 75
32 87
12 98
7
92 93
60 68
40 59
34 75
18 88
6 90
1 99
8
80 84
18 22
48 53
14 25
43 63
30 69
28 75
2 91
5
84 87
12 41
52 82
10 89
4 91
7
20 21
27 28
72 73
62 67
33 56
24 80
6 89
5
40 42
94 97
71 75
14 77
3 100
9
58 59
69 72
78 83
16 25
27 43
54 73
8 51
3 52
2 87
9
42 43
85 87
44 47
63 71
16 34
52 78
15 41
4 49
3 89
7
37 40
22 29
33 44
66 78
31 54
55 98
16 99
5
39 41
73 77
15 33
13 51
1 94
7
16 21
68 73
60 75
78 93
35 51
8 56
7 98
6
21 23
70 73
35 50
30 67
10 74
1 81
10
34 35
51 53
61 63
37 40
65 73
31 42
20 45
48 80
8 46
5 82
7
86 92
35 46
72 83
16 48
58 97
12 53
11 98
10
47 52
70 75
25 36
60 78
16 39
15 40
55 81
54 89
3 44
1 98
7
39 41
22 26
79 86
18 29
34 54
17 75
14 95
9
74 76
33 36
37 46
49 58
10 21
69 83
7 25
26 59
5 96
10
89 94
11 16
41 47
55 61
75 82
10 19
40 49
36 51
23 84
4 99
10
83 84
43 45
16 20
66 70
53 58
72 86
32 50
23 59
14 62
7 89
10
63 64
83 85
42 45
24 29
61 71
19 31
59 77
34 53
32 82
12 90
9
29 31
71 75
63 68
33 46
58 83
57 84
12 55
4 93
1 96
9
17 18
91 94
22 27
51 58
34 41
81 95
16 32
12 45
8 99
6
82 91
16 28
15 33
35 60
11 78
2 100
10
20 21
58 63
67 72
25 31
46 52
78 89
35 56
66 91
17 64
5 95
10
72 73
95 96
27 29
12 15
50 55
70 81
44 59
8 30
37 68
3 100
6
68 72
19 26
52 59
50 74
14 47
9 89
9
12 13
52 55
9 15
33 41
48 58
45 71
23 75
18 89
5 97
5
59 60
38 61
20 81
3 83
1 92
6
10 11
43 46
33 42
16 68
9 86
3 95
8
94 96
39 45
69 81
33 47
58 85
56 89
18 55
9 97
9
72 75
5 12
31 43
66 81
65 83
26 51
17 60
14 62
4 98
5
36 71
24 78
12 80
5 88
3 94
7
2 6
37 52
64 80
35 62
25 82
21 85
1 92
5
81 82
40 44
30 47
12 74
2 86
8
29 30
78 82
34 41
75 88
22 61
19 62
17 65
11 98
9
59 60
30 33
47 53
88 95
66 77
82 98
15 54
11 65
2 99
7
48 51
43 46
79 90
65 92
9 36
6 47
3 98
5
35 36
39 41
87 89
23 86
21 92
5
68 69
9 11
44 65
14 82
7 99
6
27 28
73 82
39 54
35 56
16 64
1 94
5
73 75
38 63
33 69
23 81
14 94
9
77 79
20 25
76 84
86 94
45 66
72 95
35 69
16 71
5 99
6
28 31
58 62
75 89
38 64
32 67
2 91
6
54 65
69 84
22 42
19 46
16 51
14 95
7
25 26
55 56
36 42
68 75
35 47
53 76
3 80
10
15 16
54 57
30 33
51 58
61 71
13 27
59 74
12 42
7 76
1 93
10
62 63
77 81
28 34
43 50
41 53
69 91
16 38
15 40
6 66
2 98
8
76 80
12 19
36 44
33 46
32 68
29 72
28 83
8 87
5
53 54
57 58
15 26
30 65
11 86
10
14 16
84 86
75 78
44 48
89 93
69 80
23 34
43 60
18 63
5 94
7
60 70
31 44
20 48
58 87
53 88
6 52
3 99
9
61 63
64 67
28 31
6 10
59 68
70 82
18 47
2 48
1 95
7
47 49
16 20
64 71
80 90
44 57
10 79
3 93
9
40 41
51 54
27 34
38 45
36 46
58 68
57 73
75 91
16 94
8
62 63
91 93
28 35
58 66
17 27
42 72
36 89
2 95
10
57 60
92 96
15 20
78 90
35 49
21 50
66 97
13 55
12 61
1 100
5
61 62
27 32
64 77
43 60
1 87
9
79 81
13 15
48 51
18 24
63 74
11 36
4 58
2 62
1 89
8
20 21
47 49
60 69
31 42
55 71
18 46
11 88
9 96
9
55 56
13 16
28 33
81 90
5 17
80 92
26 43
25 59
3 96
7
67 71
22 32
36 47
61 74
58 76
21 50
18 97
7
69 70
77 78
34 44
76 87
17 61
8 74
6 91
5
30 32
56 58
39 72
23 77
21 84
10
9 10
87 90
6 11
26 31
56 62
85 94
70 79
44 80
39 98
5 99
7
17 18
12 23
6 33
51 80
44 84
36 85
1 92
9
62 65
26 31
92 98
23 36
16 47
9 58
8 70
7 87
1 99
7
81 82
15 19
14 20
27 33
38 48
11 60
9 95
10
37 38
76 78
86 88
50 54
20 26
74 82
15 29
73 89
6 61
3 90
5
29 39
77 89
48 62
8 91
2 100
10
60 61
79 83
89 93
50 54
59 64
24 37
40 56
39 67
21 86
11 95
9
52 53
80 83
50 54
22 28
21 32
20 38
60 78
19 79
18 95
5
23 27
70 75
6 13
51 64
1 86
7
88 89
51 54
86 93
47 60
17 45
8 94
3 99
8
19 20
57 59
16 23
66 74
76 93
12 65
6 95
3 99
7
52 53
72 80
13 25
10 26
65 90
7 56
2 96
9
64 65
77 80
84 88
29 33
4 10
12 19
3 41
46 92
1 99
5
29 37
46 58
21 38
12 83
1 92
10
16 17
19 20
83 86
40 47
28 39
79 91
26 49
24 74
12 78
8 99
7
65 67
26 29
60 64
23 36
48 86
39 95
1 100
6
12 15
53 57
49 59
11 45
8 66
3 68
6
30 31
83 85
44 53
42 54
19 40
12 87
7
46 49
79 82
78 83
32 40
53 65
24 69
1 90
9
60 61
59 64
48 53
76 91
27 44
69 99
17 58
9 68
2 100
7
64 65
86 89
44 51
72 82
10 29
7 41
3 95
6
56 62
79 89
44 69
42 77
33 98
27 100
9
91 95
83 88
58 66
19 29
13 31
77 96
48 74
10 38
7 97
7
57 62
25 33
15 24
12 34
43 68
9 38
7 71
9
74 78
30 36
10 23
29 43
7 24
62 79
59 90
50 97
1 100
6
23 26
54 58
22 38
11 53
8 74
5 97
6
12 15
17 22
9 23
48 65
44 69
4 87
5
46 51
80 85
52 59
45 62
12 97
8
86 87
61 66
14 21
41 52
24 54
22 60
12 71
3 100
7
27 28
52 60
86 95
45 74
36 75
15 76
10 96
7
10 12
43 54
61 76
77 94
5 36
2 55
1 100
10
42 44
52 54
46 49
70 73
40 50
21 34
67 84
66 85
7 65
3 98
10
40 43
77 80
22 26
60 65
31 37
59 70
11 27
55 76
8 39
1 95
7
79 81
72 75
67 71
45 56
5 19
35 57
2 92
9
19 20
36 37
22 23
25 26
91 94
67 73
21 28
16 43
15 99
8
45 46
58 60
78 80
84 90
23 40
18 41
15 50
2 100
8
50 52
33 39
82 91
81 98
19 43
18 45
16 56
6 99
5
76 82
89 95
30 46
28 51
22 98
9
30 31
33 35
53 61
79 89
7 25
43 62
40 74
27 75
3 93
6
34 38
49 53
73 79
30 56
18 82
8 86
10
76 77
88 90
21 23
34 44
64 81
62 85
13 49
8 54
2 55
1 93
7
78 80
62 64
17 23
46 60
67 86
14 66
3 87
9
20 22
8 12
87 91
28 36
25 37
60 77
52 83
7 39
6 100
8
69 70
40 42
79 82
25 30
37 49
32 57
14 68
6 89
6
26 28
15 24
35 47
79 95
6 72
2 98
7
61 62
24 25
10 17
22 49
51 86
18 91
2 94
10
62 63
82 83
95 97
90 93
25 30
53 64
11 43
8 51
5 86
4 99
7
69 74
80 89
46 57
8 25
44 66
26 78
7 99
5
56 59
69 73
51 63
26 67
1 88
9
19 20
71 72
12 15
77 81
21 31
57 75
9 52
5 54
2 95
7
46 50
77 90
25 44
24 70
22 71
3 75
1 94
10
95 97
16 18
68 71
15 21
35 41
89 98
53 64
14 51
8 85
5 100
6
8 9
54 56
50 85
44 87
3 90
2 92
8
15 17
32 34
53 55
63 68
87 95
27 40
26 73
9 97
7
37 39
33 40
22 31
46 55
15 43
10 66
9 87
8
35 36
22 25
27 32
68 81
19 33
57 86
12 55
2 89
8
23 25
71 73
49 52
68 79
83 97
28 47
11 58
9 99
6
76 79
41 45
16 23
49 59
35 70
7 85
5
25 28
74 77
68 80
24 55
5 86
9
94 95
79 89
56 66
32 45
55 69
20 51
14 52
10 73
8 96
5
47 49
22 24
17 25
4 32
2 76
8
92 94
46 48
15 28
66 82
60 84
56 97
8 53
3 100
8
87 92
74 86
33 46
55 68
29 47
20 49
5 72
1 93
7
33 38
32 39
70 82
84 96
30 51
21 52
4 97
6
67 77
33 52
26 55
23 84
12 86
4 93
8
57 58
26 28
84 93
17 31
43 59
37 75
14 83
13 100
6
76 78
53 55
32 44
29 62
21 69
6 84
9
91 94
40 43
28 35
52 60
37 51
76 98
10 64
9 69
2 99
10
77 81
18 27
73 84
68 89
15 38
67 93
60 95
12 55
11 59
8 100
6
28 32
45 49
72 82
42 65
40 86
14 96
8
79 83
43 48
63 69
15 22
57 72
34 56
11 75
2 84
10
70 71
18 20
31 33
21 26
81 87
64 76
63 93
6 48
51 98
1 99
6
70 76
84 91
55 67
40 78
25 95
24 96
5
43 45
50 64
27 67
14 94
3 96
9
54 55
88 89
47 50
30 33
37 41
20 26
83 90
8 42
5 98
9
16 17
94 96
22 24
26 28
70 74
84 90
82 91
7 49
6 100
7
53 55
30 33
25 36
71 82
8 20
22 45
3 91
10
21 22
90 91
53 55
39 44
64 69
77 89
19 45
3 47
49 94
1 96
5
62 67
38 51
85 98
36 82
31 100
10
91 92
55 59
75 79
22 27
9 21
45 61
6 37
41 72
4 82
3 93
8
41 43
19 22
65 68
60 69
46 70
15 45
11 74
6 98
8
88 93
14 22
9 23
51 66
40 67
39 68
29 70
3 100
8
16 18
63 65
21 24
49 53
76 82
40 55
37 89
8 93
10
27 28
68 70
40 43
76 81
13 19
11 26
37 52
9 32
8 75
6 86
5
62 65
47 51
61 71
28 55
11 85
10
32 33
65 68
47 51
27 31
71 76
90 97
6 14
25 34
15 40
1 99
9
17 20
67 70
9 13
34 39
31 44
62 77
16 58
6 60
1 79
7
69 72
75 85
16 35
49 73
7 46
5 89
1 100
10
11 13
67 70
50 54
76 82
62 71
8 25
4 26
3 31
35 83
2 88
6
79 81
90 95
65 76
48 64
25 99
17 100
7
70 71
26 31
56 63
24 41
8 74
7 84
5 100
9
55 56
79 81
58 62
76 82
43 54
14 35
11 38
42 75
8 97
10
85 86
81 83
60 63
24 27
12 18
36 42
22 51
6 67
3 75
1 96
5
63 73
36 51
8 94
7 95
1 99
7
20 24
42 47
40 56
64 83
12 61
8 88
2 100
8
4 8
72 76
56 61
37 43
15 24
70 84
48 63
1 93
8
19 20
38 40
18 23
70 79
15 27
31 50
51 83
11 98
6
52 56
30 36
49 57
44 65
21 82
7 100
9
46 49
93 97
22 30
51 60
13 35
61 85
8 38
3 88
2 99
8
42 43
75 77
81 88
12 27
56 78
52 80
5 49
1 97
7
43 48
70 85
41 56
68 89
33 58
29 60
13 91
5
63 70
39 57
7 29
34 58
5 91
5
52 56
10 16
74 85
7 58
2 90
6
31 37
50 60
76 89
25 40
17 73
8 96
9
12 13
11 14
23 30
72 85
10 32
9 33
59 91
55 92
3 95
5
36 44
69 86
48 92
33 94
11 95
7
85 86
90 94
33 38
72 84
25 56
24 60
17 95
9
74 76
65 68
85 90
42 49
16 24
41 51
60 71
82 93
14 98
8
88 89
44 55
70 82
42 56
66 84
10 60
4 61
1 90
9
55 56
84 86
18 21
88 95
72 80
15 31
44 71
34 83
6 100
7
74 77
49 53
48 56
4 15
40 59
61 85
2 86
5
24 34
41 52
12 61
8 68
7 74
9
37 38
61 62
27 29
63 68
12 20
10 22
73 88
31 69
4 93
5
25 34
11 21
66 77
42 62
8 85
9
8 11
63 66
69 72
54 57
52 59
15 23
79 91
6 30
5 96
8
12 13
40 48
68 79
33 52
62 84
20 56
14 61
9 96
6
49 58
34 43
70 79
29 44
25 91
12 92
9
53 56
41 45
24 29
85 94
73 83
72 84
31 50
13 68
11 99
9
71 72
38 40
16 20
58 70
76 89
29 45
11 49
52 93
8 96
10
80 81
59 61
88 90
40 42
27 38
86 98
26 55
24 57
7 71
1 100
10
74 75
42 45
9 12
80 86
56 65
7 19
51 70
27 88
20 93
1 99
7
24 25
86 88
63 70
21 30
43 55
37 78
10 89
6
55 56
71 72
28 32
39 46
20 35
8 74
8
29 30
35 37
62 66
19 26
38 49
74 93
31 68
17 95
5
97 98
52 70
30 85
26 86
16 100
7
61 63
94 98
65 77
18 42
52 79
51 81
16 100
8
62 66
76 80
42 51
34 52
24 61
21 67
4 88
1 94
10
20 21
78 80
46 50
54 61
74 82
51 64
6 30
35 67
33 69
2 99
5
69 72
32 36
55 79
30 91
4 99
9
27 28
54 60
89 95
12 22
86 96
9 37
51 79
48 82
1 98
5
35 39
60 67
21 42
52 89
13 96
8
41 42
70 71
73 75
37 44
51 59
13 30
7 91
1 93
9
47 49
91 96
90 97
32 46
62 82
61 88
17 51
13 59
1 98
8
83 85
82 87
19 25
26 36
69 81
63 94
8 51
7 98
6
54 55
16 26
76 88
33 70
13 75
5 91
8
66 70
30 37
17 28
43 58
41 60
15 40
10 79
2 80
9
88 89
24 26
42 46
40 50
87 98
16 27
7 33
6 83
1 99
8
72 73
63 64
53 60
30 38
20 39
19 50
10 66
4 96
9
46 48
16 18
88 92
54 60
69 77
51 68
9 29
49 94
4 99
7
93 94
49 55
87 95
86 98
44 73
10 84
5 99
8
55 56
94 95
36 38
52 57
68 79
42 82
19 89
1 96
5
66 68
52 56
21 32
7 62
2 75
9
86 87
32 33
78 83
18 26
29 41
53 70
52 76
10 47
6 97
10
83 84
57 60
7 11
82 87
17 23
37 47
62 81
6 34
4 55
1 95
5
88 89
66 73
32 41
64 91
20 96
6
30 32
90 94
76 82
51 71
23 88
19 99
7
28 31
78 83
5 15
25 40
4 22
50 85
3 98
5
89 92
39 68
30 70
22 86
19 98
8
47 48
52 54
81 87
33 40
14 22
26 43
45 76
2 91
10
94 95
64 67
84 88
49 53
29 40
41 59
20 60
13 79
11 93
7 98
10
89 90
68 70
36 38
80 83
55 65
66 76
30 47
26 49
21 79
10 91
6
53 55
52 58
24 36
67 82
16 61
10 90
6
16 19
45 49
82 90
43 68
15 93
2 99
5
93 96
11 15
22 41
10 61
1 98
10
90 91
52 54
63 66
5 11
41 49
20 30
19 33
16 79
14 95
3 96
5
45 55
26 37
39 68
15 73
13 94
7
18 22
79 84
28 35
14 24
56 86
9 41
1 88
5
31 38
52 63
43 73
20 86
1 90
7
29 30
52 62
21 32
68 92
66 94
19 65
10 95
6
62 67
50 60
11 31
46 83
45 88
1 97
7
82 87
15 26
51 69
48 77
37 96
34 99
6 100
5
24 27
76 92
41 66
10 74
9 99
6
21 24
58 63
33 42
25 53
13 75
6 91
7
36 38
87 94
28 42
43 57
18 70
11 85
5 96
9
52 53
39 40
8 10
31 33
34 46
64 84
20 60
11 62
5 96
10
48 51
57 61
10 15
8 16
29 37
44 53
65 90
25 55
21 63
1 94
8
89 90
25 33
91 99
54 63
53 73
46 74
16 85
2 100
5
10 22
69 81
44 87
27 91
1 99
7
82 90
40 52
29 57
26 68
25 69
15 75
12 100
7
71 76
52 57
29 50
27 63
21 69
11 80
7 93
6
84 85
5 10
62 68
36 55
11 61
2 99
10
66 67
17 20
91 94
7 10
72 79
2 12
71 84
30 53
16 59
1 95
7
76 79
91 96
50 63
20 37
19 70
14 83
2 98
6
50 60
65 84
64 89
22 63
21 97
16 98
10
22 24
71 74
77 89
17 34
66 96
12 42
9 45
8 54
6 56
3 100
7
30 31
24 26
49 60
18 34
46 65
11 73
1 99
10
58 59
66 69
88 91
11 15
55 61
87 93
17 33
54 83
16 48
5 97
7
10 15
63 72
50 60
9 24
61 83
7 32
6 100
7
12 28
52 76
5 32
50 80
36 84
3 86
2 94
9
47 49
85 87
76 79
23 27
83 90
44 58
13 38
12 74
11 93
7
31 33
76 79
69 73
61 68
14 24
27 60
1 84
5
59 65
8 24
51 71
3 49
2 97
10
64 67
72 75
44 48
71 77
24 31
21 41
60 80
20 42
14 52
9 87
10
4 5
29 30
19 21
39 42
9 17
78 90
7 26
38 57
32 71
3 98
5
65 70
47 53
17 28
43 54
11 91
10
77 78
56 58
20 27
55 62
11 28
48 70
35 72
7 75
4 87
1 98
6
19 23
17 32
42 61
38 77
33 82
15 97
8
90 91
12 16
72 78
46 53
8 19
4 20
43 62
3 100
9
92 94
43 45
18 21
32 35
41 46
85 95
11 29
30 73
7 98
9
74 75
58 60
32 35
68 73
54 61
27 37
64 79
24 90
8 100
10
37 39
78 80
17 21
55 61
14 26
35 49
52 66
32 50
29 77
10 93
7
13 15
18 27
46 56
72 84
11 35
6 40
5 87
10
91 92
85 87
17 22
41 47
26 35
69 78
82 95
11 25
39 60
6 98
8
93 94
90 92
72 75
43 65
36 66
28 82
21 88
11 95
9
35 37
28 30
63 66
45 52
72 79
19 33
11 59
9 70
8 92
9
36 42
85 94
84 95
14 31
46 64
74 96
9 32
4 70
2 97
8
75 81
28 37
74 84
69 86
61 90
14 47
58 94
9 97
7
51 52
60 64
19 35
75 96
47 72
15 44
4 98
10
36 37
39 41
43 46
20 29
18 33
35 50
63 83
61 87
54 91
10 96
5
23 25
47 50
12 35
39 82
1 89
9
23 25
40 44
65 70
87 93
79 94
17 36
15 50
7 73
4 98
10
55 57
8 12
71 75
81 86
93 99
22 29
67 76
36 52
2 63
1 100
8
59 61
71 74
45 50
25 32
82 92
38 56
16 69
1 100
8
31 32
51 53
55 59
72 77
29 34
19 45
6 66
2 83
10
47 49
90 93
25 29
71 77
8 24
42 61
63 85
6 38
62 97
4 98
10
52 53
34 37
25 30
33 40
4 14
50 63
77 90
73 95
3 42
1 100
6
80 88
64 72
61 75
22 46
13 76
8 100
5
23 28
77 84
8 30
67 93
4 99
6
47 48
50 58
29 39
49 68
40 78
4 96
5
78 80
64 71
9 48
7 52
2 92
5
43 45
65 72
30 62
29 85
24 88
5
67 70
84 88
33 50
29 79
19 96
5
38 40
41 43
70 74
76 93
24 96
5
31 32
14 17
53 56
12 24
7 81
10
16 17
78 80
82 84
57 61
3 15
26 42
24 48
20 66
2 87
1 97
5
21 22
48 57
14 39
11 63
5 84
5
76 78
24 29
8 37
46 81
2 88
7
93 94
74 75
57 62
11 18
28 38
69 83
7 99
8
43 44
29 31
91 95
18 34
64 81
51 86
6 47
3 100
7
95 96
67 74
76 85
24 39
60 87
40 91
5 97
9
25 29
44 51
12 23
42 54
67 85
10 31
63 88
32 58
7 95
10
69 73
88 93
8 15
17 25
63 75
34 46
60 79
33 52
28 53
7 98
5
19 21
86 93
18 35
6 41
3 99
8
85 89
5 10
36 41
78 92
28 55
14 58
4 63
3 98
6
4 5
42 44
68 77
25 35
15 56
2 99
8
9 15
83 93
49 63
7 30
71 95
6 35
41 97
3 100
6
52 55
35 41
27 48
59 81
12 57
2 91
7
30 31
50 53
62 76
20 41
17 44
9 60
8 100
10
82 85
90 93
54 59
21 26
66 73
88 95
75 87
44 60
4 31
1 99
8
94 97
35 39
88 93
53 60
31 42
44 61
14 83
11 100
9
25 27
54 56
77 80
92 96
11 20
42 51
7 30
4 61
2 97
10
77 78
36 40
76 84
12 25
57 72
51 74
10 47
9 50
6 91
4 98
9
24 26
86 88
78 80
22 29
31 38
56 65
21 42
44 81
16 92
9
79 81
71 74
92 99
53 62
17 41
15 51
7 65
2 75
1 100
5
22 28
57 80
43 88
42 89
14 97
10
43 44
56 57
29 32
78 82
12 19
40 49
54 65
10 28
8 87
2 97
5
71 72
63 78
11 27
57 81
2 87
10
15 16
69 70
11 13
10 14
38 45
34 46
33 61
28 65
23 82
1 98
5
85 86
72 88
26 59
24 69
2 92
9
22 23
7 11
53 59
39 46
51 64
18 34
76 93
4 70
3 98
5
40 41
56 66
29 55
19 90
14 100
6
58 59
22 24
46 55
21 34
11 42
3 63
5
63 67
76 85
46 59
23 91
4 98
8
27 29
71 78
70 80
18 33
37 53
36 57
35 67
13 87
7
94 97
22 33
49 60
75 87
46 68
10 42
8 98
8
57 58
15 16
70 76
32 45
61 89
17 46
9 53
4 96
7
32 33
48 52
67 78
20 37
17 63
13 91
11 100
10
88 89
39 40
27 28
24 29
53 62
68 79
33 51
21 63
14 65
8 93
8
53 56
68 73
17 23
67 79
44 58
43 59
14 61
1 85
5
22 25
35 38
34 53
59 83
14 91
5
73 74
63 71
43 54
18 62
6 84
6
80 82
52 58
62 69
45 74
25 89
16 96
7
17 22
24 30
15 23
65 76
62 95
7 49
2 99
8
87 88
55 57
40 46
74 81
26 48
23 49
19 71
11 90
6
67 69
34 44
60 72
32 45
46 59
10 96
8
80 82
62 65
86 91
50 60
23 35
61 77
49 78
9 92
5
79 81
14 32
51 72
44 96
5 99
5
26 31
57 66
85 96
20 42
3 100
6
17 20
30 43
51 65
79 97
14 48
4 100
7
65 67
81 85
79 86
62 71
47 57
40 58
26 99
5
7 8
64 74
32 55
56 85
1 100
6
79 80
36 39
54 63
44 66
14 71
3 89
8
81 83
56 58
26 31
24 34
38 54
68 86
35 62
14 97
5
9 10
23 28
49 59
21 41
4 79
8
87 91
21 25
34 38
69 77
18 32
78 96
16 48
15 100
8
77 80
59 63
28 36
23 55
17 58
9 68
4 86
1 97
8
81 82
73 75
84 87
42 46
60 70
37 53
34 78
30 94
7
46 47
35 37
59 69
82 96
15 30
55 73
11 100
10
78 79
29 30
73 75
88 94
69 77
22 32
85 98
18 39
44 84
17 99
10
11 12
89 94
16 22
23 29
48 55
6 13
61 88
4 38
3 57
1 97
6
68 69
16 18
54 62
24 65
19 78
2 89
9
79 82
35 38
23 27
22 28
31 39
44 52
21 40
14 72
4 85
5
67 78
11 27
36 54
9 34
3 97
10
19 20
32 33
8 11
40 44
56 62
83 89
67 74
47 76
12 45
4 100
8
33 36
62 66
89 94
21 37
53 70
40 72
17 82
3 98
6
31 34
60 67
71 78
28 41
21 54
3 82
6
92 97
56 66
30 41
28 43
50 68
15 98
10
65 67
43 47
84 88
90 97
8 17
51 63
19 37
40 70
7 99
2 100
8
15 20
81 87
30 40
47 61
68 88
43 66
13 42
9 94
8
57 58
30 34
47 53
28 39
44 56
17 41
12 69
11 80
8
43 44
23 25
88 91
45 49
17 26
50 67
31 72
5 98
5
29 33
28 37
78 87
20 60
8 98
5
20 22
24 29
45 72
11 87
4 97
6
44 45
76 78
9 12
6 15
73 88
3 89
10
3 4
32 33
88 90
45 49
15 24
60 72
13 27
6 34
42 83
1 100
6
62 68
19 30
44 55
33 59
31 79
4 90
10
78 79
92 94
80 84
21 27
37 44
28 36
20 60
11 87
9 90
5 100
10
72 73
76 77
89 90
55 57
88 94
50 61
42 71
38 96
24 97
4 98
9
28 29
30 31
12 15
38 46
82 93
33 54
27 58
11 78
8 99
8
16 18
84 88
28 33
25 41
50 75
20 49
6 82
4 98
8
6 7
71 72
10 20
53 63
8 25
47 65
30 78
1 89
5
46 52
72 79
26 53
14 94
13 95
9
51 52
41 45
28 35
40 50
20 37
17 71
15 74
14 77
1 86
6
45 48
62 67
23 43
19 44
18 60
16 76
10
59 60
2 8
17 23
79 86
64 73
26 38
77 90
51 76
14 46
1 93
10
16 18
74 77
87 92
62 68
71 80
12 21
43 61
8 26
7 41
5 96
6
55 58
34 48
71 91
16 54
8 59
6 97
8
45 47
53 55
85 89
50 59
82 93
75 95
22 70
18 98
8
92 93
25 26
44 54
68 78
16 30
40 79
39 91
9 96
9
69 71
63 67
16 22
60 72
11 29
51 75
9 50
7 83
4 85
9
70 71
30 32
64 67
69 72
34 38
15 20
25 40
53 79
1 98
8
91 92
21 23
42 46
81 89
74 94
34 64
30 73
6 97
5
70 74
69 77
25 37
21 45
15 98
7
32 35
30 38
49 57
22 43
59 83
18 58
3 92
8
80 85
35 41
59 73
31 45
29 54
20 55
7 86
2 87
9
39 40
17 22
26 34
49 58
13 23
69 83
45 65
11 42
4 91
9
42 43
30 31
26 29
77 81
66 71
16 35
13 37
7 61
6 99
5
27 31
68 73
18 32
14 45
13 75
5
75 79
26 46
22 47
15 69
4 92
7
54 59
80 85
37 60
23 62
20 78
15 94
4 95
6
53 56
36 42
82 91
47 62
17 72
13 97
8
44 48
55 59
24 29
64 71
74 86
34 53
19 72
13 91
9
71 74
45 48
35 41
53 64
7 21
70 93
4 51
3 66
2 98
6
79 89
68 91
22 46
63 94
4 57
3 100
9
61 64
34 39
6 13
17 32
55 70
16 40
50 79
42 83
1 95
8
77 80
38 41
91 95
36 69
32 73
22 75
15 87
3 97
10
87 88
95 97
32 34
85 91
71 77
46 54
41 59
21 40
13 81
4 99
10
21 22
30 31
43 45
38 41
75 81
24 33
52 74
16 48
51 88
9 91
5
27 34
70 81
24 37
40 90
8 98
9
62 64
35 40
76 82
20 31
17 33
68 88
3 47
53 97
1 98
9
69 70
15 19
23 30
85 93
42 51
8 32
36 73
4 79
2 95
10
49 50
83 84
79 81
45 48
14 17
90 95
13 19
61 73
31 74
11 96
5
14 17
7 11
18 32
45 84
5 85
7
92 93
83 86
66 69
46 55
9 38
40 77
4 97
5
50 71
32 88
20 90
9 96
4 99
8
43 53
15 26
65 81
38 55
33 85
11 88
10 93
9 95
9
9 10
27 28
66 69
50 54
58 63
42 47
19 55
11 56
1 88
5
47 53
58 67
73 83
30 69
19 91
9
87 89
67 69
49 53
65 71
30 37
29 40
25 84
15 95
11 100
5
73 74
76 84
31 51
18 61
14 86
6
73 76
17 22
56 64
10 26
46 70
3 90
9
38 41
23 26
58 62
14 22
13 31
54 76
50 82
10 46
8 89
6
56 57
67 76
42 61
41 80
24 89
2 94
10
82 85
15 18
86 90
51 55
21 26
46 56
12 40
5 62
3 63
2 98
9
87 88
70 72
20 23
44 50
39 60
31 62
13 67
7 90
5 96
7
90 91
69 73
58 65
17 49
14 50
10 56
9 92
10
72 73
38 39
79 81
92 96
28 32
36 43
78 87
13 58
10 71
4 100
7
76 77
69 70
81 82
61 63
25 29
24 71
23 89
10
46 47
54 55
58 60
22 25
53 57
73 81
7 27
36 63
68 98
2 99
7
69 70
29 35
56 68
74 87
17 45
9 51
1 92
5
85 86
37 56
32 93
28 96
15 99
7
64 65
21 25
45 63
18 40
12 41
44 90
4 95
7
61 65
85 89
18 23
31 42
55 67
11 44
2 94
10
6 7
84 85
9 11
30 32
36 39
55 60
17 27
43 77
35 88
5 89
7
63 66
76 80
23 59
16 62
13 72
5 74
1 90
8
87 88
22 26
52 57
37 42
32 45
46 61
62 97
8 99
6
85 89
75 81
33 43
28 51
21 52
14 95
7
83 84
55 56
76 79
61 73
25 39
14 80
2 99
6
82 85
23 33
19 55
15 57
7 61
2 90
8
64 66
48 51
4 8
57 77
24 46
55 85
20 88
1 92
10
44 45
95 96
78 80
62 66
59 67
31 40
20 42
14 43
49 88
3 100
6
12 17
43 54
3 25
34 63
26 80
1 100
9
77 78
54 56
90 94
8 15
17 24
28 43
62 86
4 88
3 98
9
49 53
81 85
32 38
69 75
11 21
25 41
46 62
66 91
8 99
10
13 14
30 32
87 89
22 26
21 27
66 79
45 62
43 82
36 85
9 100
5
47 49
79 84
71 77
3 78
1 86
