2000 10
813 1168 1
813 1029 1
1029 586 1
1168 652 1
813 1802 1
1168 1339 1
1168 1666 1
1168 1715 1
1339 1979 1
1979 173 1
1029 257 1
1339 548 1
586 815 1
1802 275 1
815 957 1
957 453 1
1715 1136 1
173 1629 1
1979 903 1
257 125 1
903 211 1
211 1868 1
275 626 1
626 397 1
125 896 1
1629 230 1
896 325 1
1629 472 1
896 293 1
125 501 1
397 980 1
325 1065 1
230 1631 1
1065 1909 1
1065 838 1
472 448 1
980 1914 1
1631 1982 1
448 1485 1
1065 10 1
448 654 1
1631 1664 1
1485 893 1
838 261 1
448 1886 1
448 1703 1
1886 404 1
1886 20 1
654 1295 1
1886 882 1
654 414 1
893 296 1
414 1309 1
261 863 1
1309 1425 1
20 363 1
414 1144 1
1309 291 1
1144 200 1
363 1253 1
200 965 1
363 1518 1
1518 1620 1
1518 196 1
1620 1980 1
1253 945 1
291 45 1
965 398 1
196 383 1
45 327 1
45 2 1
383 1608 1
1608 1384 1
45 460 1
460 238 1
383 1294 1
1384 119 1
2 553 1
1294 121 1
119 138 1
138 1027 1
121 1470 1
1470 370 1
460 743 1
119 655 1
655 635 1
138 27 1
743 1074 1
655 250 1
1027 1241 1
1241 1668 1
635 478 1
1074 450 1
743 1603 1
1603 1760 1
1241 761 1
1760 434 1
1603 858 1
1760 1492 1
1760 164 1
434 1625 1
164 481 1
434 1709 1
1492 487 1
1709 967 1
761 422 1
434 1126 1
164 526 1
481 328 1
422 1232 1
481 1520 1
328 204 1
1232 861 1
526 311 1
1520 735 1
1520 855 1
526 647 1
526 862 1
862 299 1
299 1912 1
735 1439 1
299 1448 1
1439 1272 1
1439 1623 1
1912 546 1
1272 130 1
299 1583 1
299 1843 1
1912 1067 1
1448 580 1
1843 1581 1
1067 955 1
546 1289 1
1843 1921 1
955 524 1
955 1523 1
955 1756 1
1289 1578 1
1067 1166 1
580 916 1
1756 468 1
955 1595 1
524 1133 1
1921 1528 1
1523 1033 1
1166 219 1
1166 917 1
1595 1895 1
219 1371 1
1133 1275 1
1595 814 1
1033 520 1
1895 30 1
30 1057 1
1275 1184 1
219 711 1
30 1604 1
814 1233 1
30 1037 1
1604 1875 1
1875 1484 1
1484 358 1
1875 694 1
1875 901 1
1484 788 1
1604 1672 1
1037 1195 1
901 170 1
1037 228 1
1484 1545 1
358 1981 1
788 1743 1
788 888 1
170 500 1
1743 1566 1
1672 1541 1
1541 1266 1
170 449 1
1566 189 1
1743 672 1
672 1792 1
189 1273 1
1541 1103 1
500 724 1
1566 1681 1
1266 389 1
1792 567 1
672 1835 1
1273 93 1
389 1632 1
1835 1222 1
1103 889 1
1222 467 1
1835 175 1
175 473 1
467 555 1
567 1174 1
1835 1276 1
467 1718 1
1632 671 1
1718 1426 1
1426 1422 1
1426 702 1
1422 1044 1
1718 102 1
1276 778 1
1718 754 1
1718 979 1
1426 498 1
754 1797 1
1797 1119 1
1422 1589 1
1589 1832 1
1044 1358 1
979 1742 1
778 1521 1
754 1269 1
498 1963 1
1119 1755 1
1832 1076 1
1589 1346 1
1521 1800 1
1755 1441 1
1800 1699 1
1755 1167 1
1441 1660 1
1441 39 1
1076 1998 1
1755 996 1
1660 188 1
39 1202 1
1660 1499 1
1202 1205 1
1660 792 1
188 1789 1
1202 764 1
792 284 1
1205 1727 1
1205 1695 1
1727 530 1
1727 254 1
792 1431 1
254 1206 1
764 495 1
1206 295 1
254 1159 1
1159 1907 1
495 1048 1
530 131 1
1159 680 1
680 1432 1
1048 770 1
770 1547 1
1048 523 1
1159 583 1
1547 1597 1
1597 1310 1
770 1615 1
1432 106 1
583 1611 1
1310 1329 1
1329 1414 1
106 1161 1
1611 1359 1
1329 913 1
1359 287 1
1611 111 1
1611 1768 1
287 382 1
1161 464 1
287 417 1
382 1 1
111 237 1
287 403 1
382 1884 1
403 629 1
382 633 1
382 168 1
237 1225 1
629 1333 1
1884 424 1
403 216 1
403 247 1
1884 859 1
629 1687 1
424 117 1
247 202 1
1687 116 1
859 1060 1
859 1955 1
116 1740 1
247 1282 1
116 1063 1
1063 782 1
1060 722 1
1740 736 1
1955 1651 1
782 1618 1
1651 1450 1
1651 730 1
1063 1235 1
1450 1970 1
1450 551 1
1235 69 1
1618 132 1
69 399 1
69 1507 1
1618 677 1
730 1930 1
69 1043 1
551 1328 1
1328 1085 1
1085 1995 1
1043 1663 1
677 1392 1
1507 288 1
288 1642 1
677 323 1
1085 1516 1
1043 1948 1
1948 1724 1
1724 1152 1
1152 184 1
1516 441 1
184 1506 1
1724 181 1
1642 625 1
1152 1429 1
441 502 1
1506 630 1
184 463 1
1152 1944 1
1944 469 1
1429 1039 1
1429 198 1
463 512 1
463 345 1
512 1766 1
630 477 1
512 174 1
174 1035 1
174 984 1
512 554 1
174 877 1
512 1934 1
1766 55 1
1035 936 1
1766 619 1
984 1155 1
936 1008 1
1155 538 1
538 675 1
538 844 1
1155 827 1
675 1023 1
936 1187 1
827 337 1
337 931 1
844 1397 1
931 1077 1
337 136 1
844 781 1
827 930 1
1077 105 1
1077 1250 1
136 1398 1
781 445 1
445 436 1
1398 1850 1
1250 1526 1
1850 1320 1
1850 1815 1
1398 1928 1
1815 1487 1
1250 726 1
1487 898 1
726 1405 1
1815 968 1
968 249 1
898 990 1
1405 1049 1
968 830 1
1928 1925 1
726 578 1
578 704 1
1049 596 1
1925 151 1
1925 561 1
249 1940 1
830 229 1
561 1388 1
830 1483 1
561 1548 1
1483 1258 1
151 873 1
1548 550 1
561 1071 1
1388 1247 1
229 67 1
229 1209 1
1548 316 1
1209 749 1
67 1024 1
873 1971 1
67 1952 1
550 11 1
67 1447 1
1024 589 1
1447 698 1
1952 1366 1
1024 1348 1
589 169 1
589 943 1
698 1783 1
1348 1943 1
1943 1455 1
1348 710 1
710 190 1
1943 1926 1
1366 1794 1
710 1654 1
943 338 1
1654 1809 1
1783 1576 1
1654 737 1
1455 741 1
1926 1322 1
1654 1370 1
1654 1691 1
737 1670 1
1809 1968 1
1968 1649 1
1649 1686 1
1686 1861 1
1322 581 1
581 400 1
400 1424 1
1968 1808 1
1808 946 1
1686 1679 1
1808 1080 1
1808 811 1
581 1591 1
581 1318 1
811 29 1
1591 544 1
1808 900 1
1808 1614 1
1679 1231 1
544 73 1
1080 1300 1
811 1236 1
1318 313 1
313 172 1
1300 993 1
900 785 1
1236 113 1
993 713 1
1231 78 1
113 919 1
993 1936 1
78 603 1
113 346 1
785 1131 1
713 33 1
78 273 1
346 259 1
259 1169 1
78 1771 1
346 1150 1
346 765 1
273 1593 1
273 1785 1
765 1962 1
273 1682 1
1682 1326 1
1682 762 1
1593 1389 1
1785 1932 1
1785 1226 1
1785 1574 1
1962 714 1
1682 789 1
1574 3 1
1682 1993 1
1993 1600 1
714 731 1
1389 620 1
789 28 1
1993 332 1
731 962 1
3 590 1
28 365 1
620 1472 1
1993 1138 1
365 1045 1
1472 1271 1
332 1062 1
962 1319 1
1062 593 1
962 493 1
1472 401 1
1271 1774 1
1774 1551 1
1045 407 1
407 227 1
1271 1707 1
227 976 1
1707 371 1
493 490 1
1774 466 1
401 1969 1
1707 535 1
1551 705 1
371 566 1
976 171 1
705 115 1
115 1662 1
705 212 1
466 8 1
8 1050 1
8 431 1
566 763 1
171 926 1
212 1107 1
1107 1408 1
1408 1353 1
8 306 1
431 1154 1
306 571 1
1154 214 1
1408 235 1
1353 456 1
1408 320 1
306 1746 1
320 1188 1
1353 1582 1
306 1685 1
1188 697 1
214 1321 1
214 362 1
1746 1125 1
1321 1308 1
320 1135 1
697 1218 1
1321 1851 1
1851 1158 1
1685 574 1
574 1324 1
1324 920 1
362 1186 1
1186 1290 1
1158 1464 1
1135 292 1
1158 643 1
920 231 1
920 1916 1
231 1543 1
1543 1210 1
1186 1994 1
1290 286 1
643 1560 1
1464 395 1
286 909 1
643 970 1
1210 1469 1
1994 648 1
1560 1731 1
909 865 1
909 539 1
1731 1535 1
1535 1908 1
1731 1599 1
1908 1255 1
648 834 1
1731 1730 1
1908 1825 1
1535 1758 1
1825 1883 1
1908 622 1
1599 81 1
1758 1121 1
1255 1937 1
1121 474 1
1937 1053 1
1121 981 1
81 290 1
1937 1790 1
1937 142 1
981 1673 1
81 1031 1
1673 740 1
740 695 1
740 1813 1
981 1728 1
142 391 1
1673 835 1
1790 1151 1
1031 1763 1
740 549 1
695 1983 1
835 516 1
695 1213 1
516 983 1
1213 1598 1
983 1078 1
1763 760 1
1078 1018 1
1598 728 1
983 1261 1
516 1949 1
1213 706 1
1018 880 1
706 881 1
1078 309 1
706 894 1
1261 1997 1
881 443 1
1949 1197 1
894 1849 1
1197 1291 1
894 326 1
1197 16 1
309 282 1
1849 1015 1
1197 1669 1
1849 668 1
326 1145 1
282 1946 1
326 801 1
1946 335 1
668 1870 1
1946 1500 1
335 718 1
1669 218 1
218 1610 1
335 1200 1
1500 1201 1
1610 847 1
1870 1115 1
1200 302 1
1115 280 1
1500 1834 1
1201 867 1
1200 1446 1
1115 1460 1
1460 1036 1
1834 347 1
1115 94 1
867 205 1
347 379 1
347 1139 1
1139 1351 1
94 750 1
1446 1199 1
1199 892 1
1351 1951 1
1199 1965 1
1351 223 1
223 1147 1
1199 195 1
1951 1638 1
1199 828 1
1199 602 1
828 217 1
892 1586 1
828 752 1
828 914 1
828 95 1
602 733 1
217 433 1
828 819 1
95 1830 1
217 1862 1
433 405 1
1586 939 1
752 1711 1
1830 1413 1
433 1947 1
405 1617 1
1947 1522 1
405 1903 1
1413 22 1
1862 80 1
22 1156 1
1711 1512 1
1512 687 1
1903 1624 1
22 540 1
687 225 1
22 905 1
1903 1479 1
1156 568 1
905 1529 1
1512 120 1
225 663 1
1479 1966 1
120 1356 1
568 471 1
663 1665 1
1356 910 1
1966 1386 1
568 1754 1
120 317 1
663 135 1
1966 832 1
910 163 1
471 1445 1
317 1312 1
1754 331 1
1312 289 1
163 585 1
163 97 1
1312 1803 1
1445 1378 1
1312 1489 1
289 1501 1
1445 1897 1
1378 1449 1
1803 457 1
585 1893 1
1501 1189 1
1489 127 1
457 266 1
1489 908 1
1893 1352 1
127 547 1
547 1674 1
457 918 1
266 666 1
547 1655 1
547 1716 1
908 1380 1
666 155 1
547 924 1
666 1510 1
1380 1066 1
1380 1827 1
924 1081 1
924 336 1
1827 769 1
1510 1059 1
336 1568 1
924 971 1
924 1203 1
1081 1217 1
769 1428 1
1568 937 1
1217 74 1
937 1234 1
1217 1215 1
1215 410 1
1568 1924 1
937 1367 1
410 1613 1
1428 1086 1
410 1556 1
1924 267 1
410 994 1
1924 1421 1
1556 159 1
1613 277 1
994 1989 1
1556 269 1
269 1762 1
277 1733 1
267 1002 1
277 1332 1
1421 180 1
1762 938 1
269 557 1
180 1254 1
1332 1350 1
1762 233 1
1332 1452 1
233 534 1
1350 232 1
1350 58 1
557 1867 1
233 659 1
1452 342 1
232 1157 1
232 423 1
233 281 1
342 1714 1
342 841 1
1714 897 1
1867 1335 1
897 1978 1
342 1377 1
841 185 1
897 1344 1
423 1504 1
185 1739 1
1335 252 1
897 1878 1
897 854 1
854 1070 1
252 1538 1
854 1331 1
1878 511 1
1070 1022 1
1504 139 1
1878 51 1
1538 1376 1
511 197 1
1022 709 1
139 492 1
1331 1418 1
139 1505 1
1418 1170 1
709 1633 1
139 240 1
1633 276 1
1505 1784 1
709 1325 1
1633 1109 1
276 1812 1
1418 1667 1
240 1780 1
1325 798 1
240 969 1
1667 1795 1
1812 1557 1
1109 1311 1
969 224 1
798 215 1
1780 870 1
215 715 1
870 1017 1
715 952 1
952 1793 1
1557 210 1
1311 1453 1
210 1876 1
952 297 1
1876 1251 1
1017 1546 1
1546 650 1
1453 961 1
1793 1656 1
1876 1805 1
210 1572 1
297 483 1
1251 707 1
961 157 1
157 1051 1
1572 1296 1
483 758 1
1572 1041 1
483 1671 1
483 771 1
758 1757 1
1041 304 1
758 1540 1
1540 339 1
771 1160 1
1757 636 1
758 1064 1
1757 817 1
1540 504 1
1160 1634 1
1064 1285 1
339 1264 1
1160 1710 1
636 1471 1
817 1385 1
1634 852 1
817 156 1
852 1087 1
1385 82 1
1264 774 1
1710 1571 1
1471 1607 1
1087 285 1
852 1163 1
1163 1945 1
774 1764 1
1571 1857 1
1087 143 1
1857 1977 1
1857 426 1
285 929 1
1945 268 1
285 1486 1
1486 96 1
268 1444 1
1764 1845 1
1857 385 1
385 1463 1
426 368 1
1486 485 1
385 1901 1
1444 167 1
1845 1349 1
485 455 1
1463 579 1
485 1437 1
1437 1999 1
1349 777 1
368 234 1
777 1887 1
1887 420 1
420 193 1
1999 482 1
1437 1079 1
193 1892 1
1887 1375 1
1079 1502 1
1892 1364 1
193 1411 1
193 1853 1
1079 904 1
904 533 1
1375 1640 1
1502 525 1
1502 1497 1
1411 1705 1
1497 793 1
793 1284 1
1284 1278 1
904 660 1
793 563 1
1705 803 1
1705 842 1
525 1243 1
793 1354 1
1243 1474 1
1284 207 1
803 1858 1
1474 1533 1
1858 7 1
842 1859 1
803 507 1
1243 54 1
54 373 1
1474 72 1
207 357 1
72 1334 1
72 1412 1
72 1374 1
1859 1957 1
507 890 1
373 1929 1
1957 902 1
1929 1786 1
357 1360 1
1786 1198 1
1374 597 1
1929 807 1
1374 1761 1
1929 513 1
1198 122 1
1761 23 1
513 1747 1
513 222 1
23 1772 1
1747 797 1
797 1457 1
1747 1030 1
23 176 1
1747 995 1
1747 1553 1
176 343 1
995 1262 1
1772 949 1
797 308 1
797 951 1
176 1515 1
343 315 1
1515 1338 1
1515 541 1
1515 1645 1
541 412 1
1645 1923 1
308 1451 1
1645 1689 1
1451 999 1
412 1636 1
1338 779 1
1689 915 1
779 1054 1
779 673 1
999 1140 1
1689 1588 1
1054 1550 1
1054 1252 1
1550 1461 1
779 950 1
779 129 1
915 35 1
1588 274 1
1550 1102 1
274 1093 1
1252 1959 1
35 809 1
1252 933 1
35 1075 1
274 1661 1
129 627 1
1075 1430 1
274 1806 1
809 1100 1
1959 440 1
1959 402 1
402 1616 1
933 1874 1
1874 954 1
440 1127 1
1616 1229 1
1874 334 1
1874 1330 1
402 1564 1
1229 1040 1
1616 150 1
334 1114 1
150 1910 1
1114 964 1
334 384 1
150 610 1
1330 1527 1
1330 780 1
780 1240 1
384 319 1
780 1720 1
1527 1260 1
1260 38 1
610 1416 1
780 1267 1
610 1852 1
1260 244 1
1852 1423 1
244 413 1
1423 768 1
1720 1552 1
1423 1268 1
1416 849 1
1423 70 1
244 1508 1
244 475 1
1552 701 1
475 942 1
70 1178 1
1552 1417 1
1178 1104 1
475 37 1
1508 691 1
1178 1025 1
942 1819 1
942 866 1
1819 166 1
942 1975 1
1417 486 1
486 1265 1
1104 1467 1
166 1409 1
1025 1190 1
166 1237 1
866 366 1
1190 1745 1
1237 1918 1
1237 1777 1
1190 1116 1
1116 1729 1
1116 208 1
208 843 1
366 301 1
1116 683 1
1745 1678 1
1745 465 1
843 907 1
1678 1395 1
683 874 1
1395 644 1
1678 256 1
256 657 1
301 161 1
161 1628 1
1678 1293 1
1395 61 1
657 864 1
256 1735 1
657 1722 1
1293 505 1
1722 1888 1
1293 1368 1
1628 1713 1
1722 128 1
864 1134 1
1713 693 1
128 226 1
1368 183 1
505 791 1
693 1283 1
791 1046 1
1134 439 1
1283 415 1
693 895 1
895 1829 1
1829 784 1
1283 1960 1
183 960 1
960 21 1
784 1403 1
1403 1587 1
895 49 1
1403 137 1
960 978 1
21 411 1
960 1706 1
1587 594 1
1706 829 1
411 386 1
411 201 1
978 318 1
411 1117 1
594 1822 1
1117 42 1
1822 623 1
623 545 1
594 31 1
545 927 1
1117 83 1
545 560 1
1117 719 1
1117 826 1
1822 91 1
91 1776 1
927 1573 1
1776 616 1
83 1239 1
560 1517 1
91 1913 1
616 1653 1
1239 1701 1
1573 661 1
616 1088 1
1701 44 1
1653 60 1
44 1725 1
1701 786 1
1725 1986 1
1653 1128 1
1088 322 1
44 1228 1
60 1383 1
1128 700 1
1986 12 1
12 1683 1
1228 1172 1
1128 1347 1
1172 18 1
1128 158 1
700 906 1
1172 588 1
12 1244 1
1683 772 1
1683 1791 1
772 1749 1
1791 738 1
1347 4 1
738 279 1
738 669 1
588 372 1
4 1915 1
1791 480 1
480 1826 1
279 1652 1
279 491 1
279 869 1
1915 57 1
480 1092 1
1915 1096 1
869 1165 1
869 637 1
1165 1381 1
1096 1848 1
57 565 1
57 1223 1
565 1009 1
57 1659 1
1009 1753 1
1753 1838 1
1381 126 1
1753 1770 1
1223 1010 1
1848 1111 1
565 356 1
1009 624 1
1111 1466 1
1659 1726 1
1466 1864 1
1838 1831 1
356 262 1
1111 152 1
1726 62 1
356 388 1
62 1525 1
1831 52 1
1466 1020 1
388 1369 1
152 454 1
1525 1919 1
1919 1124 1
454 587 1
1919 795 1
1020 940 1
587 283 1
52 1130 1
587 1183 1
1369 1098 1
1183 1314 1
1314 1840 1
940 1000 1
1000 1084 1
795 1211 1
1183 462 1
1084 649 1
1314 2000 1
1183 378 1
1084 878 1
462 1677 1
1000 1207 1
1084 1626 1
462 1407 1
1677 141 1
1207 1355 1
378 582 1
1626 766 1
1626 14 1
1355 1003 1
1407 1824 1
1407 1779 1
1003 1601 1
1824 1939 1
1601 1748 1
1748 638 1
638 674 1
766 270 1
638 1933 1
1824 1635 1
674 1555 1
1635 1394 1
1601 1056 1
270 103 1
1056 1839 1
1933 1379 1
1839 606 1
1394 1303 1
1635 1458 1
606 1509 1
1839 1345 1
1345 303 1
1056 351 1
1379 1734 1
1345 1011 1
1458 452 1
303 721 1
303 1259 1
452 376 1
1734 667 1
667 1976 1
1259 1511 1
1734 56 1
721 973 1
973 985 1
56 1219 1
56 1280 1
973 1917 1
1917 1697 1
1280 248 1
1697 13 1
248 1941 1
985 85 1
85 1738 1
1941 1480 1
1480 1648 1
248 1590 1
1738 1297 1
1941 203 1
203 1382 1
1648 429 1
1297 1967 1
429 1821 1
1590 329 1
1648 1765 1
1297 1694 1
1382 934 1
1967 355 1
1694 948 1
329 982 1
1967 104 1
104 1012 1
1012 1459 1
1459 1343 1
934 1708 1
1012 1082 1
1012 1872 1
948 1532 1
1012 1846 1
1872 484 1
1872 396 1
1708 272 1
396 1818 1
484 562 1
484 123 1
1532 1122 1
272 601 1
1122 977 1
601 1396 1
977 600 1
562 876 1
600 591 1
600 499 1
1122 148 1
148 107 1
601 294 1
1396 1047 1
977 333 1
107 350 1
294 1801 1
1047 110 1
591 794 1
294 1491 1
110 755 1
755 1305 1
110 310 1
1491 1890 1
1890 1246 1
794 690 1
310 1775 1
1246 1177 1
690 974 1
1177 542 1
690 783 1
542 251 1
974 1363 1
783 393 1
1775 678 1
251 65 1
251 1956 1
678 444 1
783 941 1
678 1650 1
783 944 1
944 1496 1
1363 392 1
392 1741 1
65 1362 1
1496 1675 1
392 1985 1
444 1105 1
1362 1477 1
1496 1440 1
1675 1230 1
1105 1902 1
1362 1274 1
1675 699 1
1675 133 1
1230 1906 1
1440 321 1
699 1340 1
1274 63 1
133 1137 1
1230 868 1
63 670 1
699 442 1
670 1773 1
670 790 1
1340 24 1
1773 144 1
670 617 1
1773 662 1
670 831 1
868 1361 1
1361 1433 1
1361 307 1
307 1877 1
307 564 1
1361 361 1
662 747 1
662 1317 1
1433 147 1
1317 1112 1
307 264 1
1877 206 1
264 1602 1
1112 641 1
264 50 1
641 1519 1
264 614 1
641 712 1
1519 1712 1
1602 1336 1
206 419 1
614 556 1
50 1016 1
1712 394 1
1712 570 1
614 1898 1
614 187 1
1898 1055 1
419 1961 1
1016 1605 1
187 1281 1
1605 17 1
570 1833 1
1055 352 1
1605 884 1
1605 875 1
17 1090 1
884 1647 1
1090 1372 1
17 684 1
875 1799 1
1090 753 1
1799 1175 1
1647 1149 1
884 245 1
753 353 1
245 99 1
1372 1401 1
1401 1302 1
1401 1594 1
1302 101 1
753 727 1
1594 1399 1
353 891 1
1302 1863 1
891 1911 1
727 186 1
1302 879 1
879 1534 1
186 1596 1
1863 1142 1
186 340 1
1142 265 1
1142 1549 1
1549 271 1
1911 220 1
1549 1393 1
1534 43 1
1596 1577 1
1142 263 1
1549 840 1
1549 149 1
220 1292 1
1577 628 1
220 1179 1
840 1034 1
1292 1287 1
1179 1488 1
1179 527 1
1287 1676 1
1676 1032 1
149 1286 1
1676 839 1
527 1751 1
1751 255 1
255 676 1
255 611 1
676 1181 1
839 258 1
258 1984 1
839 1855 1
1855 552 1
676 1007 1
611 1873 1
1873 1192 1
1181 1988 1
1192 418 1
1873 860 1
1988 1277 1
1192 986 1
1855 1562 1
418 823 1
1277 1196 1
1277 615 1
615 1904 1
1904 1559 1
986 90 1
615 692 1
1562 390 1
986 1558 1
1562 805 1
1559 631 1
805 1001 1
805 77 1
1001 430 1
805 1690 1
77 425 1
77 744 1
1558 1609 1
805 364 1
425 836 1
1001 305 1
305 446 1
425 1337 1
305 1435 1
1609 1950 1
836 1606 1
1337 972 1
1606 66 1
305 75 1
1950 1227 1
1435 1420 1
1435 599 1
972 808 1
1420 528 1
1420 1759 1
75 1091 1
528 569 1
569 1006 1
1759 773 1
1006 756 1
569 416 1
1006 112 1
416 199 1
569 145 1
112 497 1
1091 1099 1
756 521 1
756 165 1
416 1180 1
1099 1643 1
1099 932 1
1180 1700 1
1180 1817 1
1180 5 1
1643 1387 1
1099 1495 1
521 656 1
165 1744 1
1744 621 1
5 664 1
5 470 1
1387 260 1
1495 213 1
1387 1570 1
1744 653 1
653 1811 1
621 298 1
260 1996 1
653 584 1
584 1194 1
1996 1026 1
213 642 1
584 1019 1
653 1954 1
1194 98 1
1026 928 1
584 476 1
1026 604 1
1019 1696 1
1026 1787 1
928 573 1
98 1110 1
604 160 1
573 15 1
160 9 1
1787 1938 1
604 154 1
1110 1245 1
15 1256 1
573 923 1
1110 956 1
1245 506 1
15 1315 1
956 1854 1
1938 1585 1
1585 1644 1
1315 1028 1
1028 1106 1
956 775 1
506 537 1
1644 639 1
1106 1619 1
1106 1148 1
1854 1717 1
1585 696 1
1148 1767 1
1148 543 1
639 536 1
543 921 1
696 612 1
1717 757 1
921 572 1
612 1123 1
1717 1094 1
921 380 1
921 935 1
572 1987 1
921 1841 1
572 1704 1
1987 1365 1
572 776 1
1841 246 1
1123 1885 1
1704 1657 1
1987 1279 1
1885 1220 1
1279 46 1
246 725 1
1657 140 1
1279 32 1
32 1752 1
32 243 1
1279 856 1
1752 1307 1
725 1732 1
856 1436 1
1732 1208 1
1208 1723 1
1723 1563 1
856 1844 1
1563 886 1
1723 748 1
1844 1561 1
1732 1637 1
1208 1327 1
1561 300 1
886 746 1
1637 87 1
1561 824 1
1637 451 1
1327 531 1
1637 816 1
531 1639 1
451 853 1
816 1860 1
1860 314 1
746 1575 1
1575 1894 1
1575 518 1
1575 989 1
1860 1866 1
853 324 1
1639 1896 1
1575 1249 1
324 1891 1
1249 833 1
989 532 1
1249 1482 1
1891 479 1
324 1143 1
324 998 1
998 1406 1
1143 48 1
998 64 1
998 1816 1
998 25 1
479 848 1
1816 987 1
479 1658 1
987 665 1
64 1316 1
1406 278 1
48 885 1
1658 1342 1
848 688 1
278 1442 1
1442 1905 1
278 682 1
278 609 1
1316 1493 1
1442 1341 1
1341 1146 1
1442 1068 1
1068 1579 1
1905 1400 1
1146 1299 1
1341 1404 1
1299 178 1
1400 1073 1
1341 742 1
178 1465 1
1146 1778 1
1579 221 1
1579 804 1
1465 559 1
559 1164 1
1465 348 1
1073 651 1
1778 1584 1
1584 796 1
559 1688 1
559 751 1
348 947 1
651 76 1
348 1498 1
651 577 1
751 640 1
751 1216 1
1584 992 1
1216 645 1
76 1005 1
76 1837 1
1837 1530 1
640 598 1
1530 820 1
992 494 1
1005 330 1
1216 1820 1
598 508 1
1837 488 1
508 1991 1
494 1357 1
1991 1182 1
494 438 1
488 1503 1
1820 86 1
1182 850 1
1503 1953 1
1182 36 1
1953 349 1
438 1101 1
86 1402 1
1503 162 1
1953 592 1
592 872 1
1953 387 1
1101 406 1
1953 53 1
872 1544 1
162 1476 1
162 177 1
872 959 1
1476 646 1
387 1061 1
406 576 1
177 1238 1
53 1627 1
177 514 1
1544 605 1
646 1630 1
177 1964 1
1238 1973 1
1061 374 1
1973 846 1
846 92 1
92 1935 1
846 925 1
1630 1473 1
1973 658 1
92 618 1
92 114 1
1935 1173 1
658 1089 1
1473 745 1
1173 825 1
658 1721 1
658 509 1
509 100 1
509 1719 1
825 41 1
114 522 1
1719 1456 1
522 1736 1
1721 242 1
522 1298 1
242 1567 1
1298 845 1
41 1304 1
1456 1224 1
522 681 1
1736 432 1
681 608 1
1736 146 1
845 716 1
1304 1539 1
1567 1021 1
432 519 1
519 1927 1
1021 1796 1
716 118 1
1539 194 1
716 6 1
716 1889 1
6 1823 1
1823 922 1
1889 19 1
1927 427 1
6 1542 1
6 1781 1
427 1454 1
19 1769 1
1769 369 1
1781 88 1
427 717 1
922 800 1
1769 1737 1
88 191 1
1454 1323 1
1323 1565 1
1565 953 1
1737 84 1
84 966 1
966 975 1
975 1176 1
1565 1920 1
1176 1434 1
975 1621 1
966 739 1
1434 1052 1
1176 634 1
84 686 1
1434 1419 1
1176 1698 1
1176 134 1
634 360 1
634 510 1
1698 1083 1
1419 1836 1
510 723 1
1698 89 1
134 1882 1
1698 1248 1
1698 209 1
723 375 1
1083 991 1
1248 1058 1
1058 1847 1
1248 253 1
1248 1536 1
209 1097 1
1847 1537 1
991 1524 1
375 720 1
991 1191 1
253 409 1
253 1514 1
1191 71 1
71 759 1
759 34 1
759 1270 1
720 459 1
409 1141 1
1191 1427 1
1191 818 1
409 1871 1
71 1214 1
71 1684 1
459 1931 1
1684 1257 1
1214 871 1
1141 1942 1
818 1580 1
1871 192 1
1684 1531 1
192 1680 1
1580 40 1
1531 1468 1
871 344 1
1942 1782 1
871 503 1
344 851 1
40 515 1
1680 1554 1
1554 341 1
1680 1692 1
503 1842 1
344 1013 1
344 1113 1
1842 1478 1
1013 1865 1
1692 911 1
1554 1569 1
1842 489 1
1113 1481 1
489 963 1
963 408 1
1481 529 1
408 517 1
1481 1880 1
1880 1443 1
517 1185 1
963 1108 1
489 1869 1
963 558 1
517 812 1
529 1072 1
1108 381 1
1072 367 1
367 109 1
381 679 1
558 1301 1
1072 857 1
558 79 1
79 1014 1
812 1804 1
1301 1513 1
1804 802 1
679 108 1
1804 1750 1
679 787 1
787 1641 1
79 1958 1
108 821 1
1958 1042 1
1804 1798 1
787 1974 1
1798 613 1
1958 1132 1
1974 1899 1
1974 729 1
1958 1592 1
1132 1171 1
1798 1391 1
1391 458 1
1592 1193 1
1592 703 1
1193 988 1
1193 1462 1
458 421 1
729 1828 1
1193 1242 1
1462 1118 1
1828 496 1
988 1900 1
1462 47 1
1828 461 1
1118 1922 1
1462 767 1
47 595 1
1118 708 1
1118 912 1
461 1788 1
708 887 1
767 1004 1
767 1162 1
767 883 1
595 1646 1
1788 1475 1
708 822 1
1475 1622 1
1646 1612 1
1622 1373 1
1475 447 1
1475 241 1
883 575 1
822 1390 1
1622 732 1
1475 312 1
1612 1807 1
732 685 1
575 1095 1
241 810 1
810 124 1
1807 1288 1
1288 1263 1
732 799 1
1263 26 1
1095 1490 1
1490 1120 1
1263 1129 1
1095 837 1
799 68 1
1129 359 1
1490 632 1
799 607 1
68 899 1
632 1313 1
359 377 1
632 435 1
837 1221 1
607 1494 1
359 1410 1
1410 1306 1
1494 1693 1
435 59 1
1306 236 1
1410 997 1
997 437 1
59 806 1
437 182 1
1693 1204 1
997 428 1
437 1438 1
1438 1069 1
236 1212 1
806 153 1
1204 1814 1
153 179 1
182 1856 1
179 958 1
1069 734 1
1856 1972 1
153 1153 1
1212 1990 1
1153 239 1
734 354 1
354 1415 1
239 1992 1
1415 1881 1
1972 1879 1
354 1810 1
1881 1038 1
1992 1702 1
1990 689 1
