2000 1626
1 2 790341116
1 3 700585881
1 4 172856472
3 5 308087876
2 6 423997737
2 7 831435922
5 8 77857788
2 9 686125408
6 10 890194728
6 11 689156618
9 12 690248864
8 13 254581261
10 14 432639936
10 15 734919751
1 16 425665264
8 17 876969037
4 18 247812387
5 19 357517060
6 20 320930936
4 21 528327316
17 22 65250893
12 23 664213602
4 24 359731621
18 25 411421906
12 26 822359711
26 27 290200378
11 28 778669369
22 29 408995454
4 30 74233213
11 31 876714142
13 32 15232585
1 33 876744454
30 34 260428486
9 35 622392914
4 36 756096617
8 37 575004742
30 38 347514401
11 39 40045652
3 40 278014406
22 41 346972991
37 42 202708736
38 43 312439518
24 44 169149974
9 45 489518113
27 46 321214034
2 47 206849869
22 48 362769443
38 49 794636978
16 50 484052572
24 51 948146744
38 52 888899885
29 53 50088159
3 54 689223238
25 55 564749774
32 56 93379421
1 57 671543060
5 58 449218013
55 59 305412274
28 60 763991818
26 61 12927089
33 62 489613073
15 63 895467307
1 64 845431318
37 65 114203375
23 66 18159565
3 67 985206639
44 68 458335877
40 69 464407663
24 70 287339012
42 71 829238331
68 72 647538842
49 73 588586390
26 74 47276725
19 75 282150421
68 76 757537536
3 77 442518939
42 78 11615735
7 79 70729147
13 80 344842068
28 81 1011842
72 82 57273564
72 83 713707680
7 84 984316611
1 85 61432789
51 86 383104492
54 87 593436684
71 88 380715086
33 89 661811864
37 90 891534700
12 91 425690622
54 92 698079647
42 93 86414662
77 94 574126094
88 95 50631965
7 96 222282965
87 97 179637111
97 98 295909221
36 99 270536123
43 100 539731781
52 101 281235414
11 102 819567888
86 103 311890249
28 104 73394794
98 105 789180519
35 106 894496426
96 107 843305889
58 108 831503211
72 109 674773640
49 110 876541427
110 111 994443124
68 112 877120060
108 113 689346096
3 114 905267212
41 115 24358292
43 116 397059717
79 117 897053599
117 118 126501837
111 119 527398974
68 120 473979
74 121 157325616
83 122 960983756
88 123 594323349
115 124 789054160
18 125 338387844
42 126 810657838
42 127 704336173
124 128 670352148
78 129 95700780
97 130 784751494
79 131 53034699
58 132 38145610
11 133 158660027
76 134 121276875
8 135 375253591
130 136 862086107
73 137 585532929
7 138 477088207
56 139 525236618
61 140 260439785
21 141 340986399
109 142 246264581
62 143 555313991
126 144 99049654
39 145 279985827
57 146 365678945
25 147 988780500
83 148 385286130
92 149 170516683
103 150 519929577
95 151 684745915
31 152 690010998
94 153 269646759
138 154 319418055
62 155 317233942
112 156 375906072
101 157 756497607
101 158 895332057
61 159 642869595
148 160 23671099
100 161 582827290
72 162 333840098
160 163 284732864
15 164 712145489
34 165 470823517
72 166 274863028
7 167 220136433
140 168 341302913
143 169 547814464
106 170 212030866
37 171 100874851
44 172 347910655
129 173 436117672
137 174 494931194
30 175 274958731
120 176 849484229
36 177 626779545
156 178 880996895
124 179 469839159
38 180 783963920
88 181 342077462
78 182 772333765
174 183 267646658
168 184 27111374
43 185 938240428
29 186 246047761
44 187 554623792
166 188 741172596
154 189 595695038
13 190 972946545
103 191 466218438
177 192 213585267
179 193 659619450
124 194 308176777
25 195 529986945
115 196 597059319
110 197 181823862
140 198 791816202
127 199 235206224
156 200 567336521
171 201 81597468
10 202 45555406
100 203 393045451
52 204 451946775
96 205 86273339
189 206 858416289
155 207 701831501
144 208 925095833
35 209 117189687
18 210 695384236
71 211 916868280
65 212 47309549
38 213 314084887
172 214 786875188
76 215 225673514
31 216 57915700
103 217 283427295
47 218 349015068
112 219 221280205
191 220 544588181
177 221 462706313
158 222 327262921
207 223 481239838
195 224 690453203
70 225 604255448
201 226 335407671
2 227 96676197
54 228 490674961
17 229 500298117
166 230 472136762
226 231 395868385
205 232 650714292
110 233 94333888
202 234 301188918
46 235 99183714
235 236 30568242
25 237 597080794
208 238 956820319
161 239 269498576
6 240 671124169
223 241 941131194
39 242 149185184
53 243 955390068
195 244 605854774
56 245 204406257
17 246 436524229
105 247 705681751
70 248 28078454
153 249 539591082
212 250 658573612
174 251 627903148
217 252 177959681
159 253 345272493
205 254 925584886
26 255 491233098
195 256 511184496
24 257 9070901
228 258 167190798
11 259 571634160
150 260 966113181
166 261 741652332
72 262 619173829
59 263 350262507
124 264 285096367
134 265 65258098
132 266 332871976
245 267 575343291
53 268 365604995
195 269 187350406
63 270 26161179
118 271 668291441
137 272 442566637
32 273 458480620
71 274 439777492
237 275 616729467
39 276 790024051
218 277 476599733
98 278 108396277
26 279 762899766
187 280 515792462
157 281 761846593
267 282 836831840
101 283 855770004
184 284 689756708
277 285 189045924
185 286 758321004
268 287 80777048
32 288 473033786
176 289 483488079
102 290 564109484
104 291 359708601
257 292 585524475
147 293 766156934
31 294 602478765
218 295 13335933
229 296 454546096
162 297 132769755
260 298 524502533
81 299 156069207
125 300 506062282
186 301 916377381
112 302 763983188
274 303 204479645
222 304 90257833
297 305 853808265
188 306 608379274
235 307 232641949
294 308 327272630
34 309 995223454
165 310 285776319
90 311 74315777
64 312 16197738
130 313 81086158
250 314 780113402
175 315 981293471
207 316 864826167
50 317 447506279
272 318 761786959
80 319 93726406
172 320 167238492
25 321 32515370
68 322 556718928
265 323 480708508
251 324 517985222
230 325 997213858
145 326 739157628
81 327 109459270
206 328 608676849
55 329 979934213
193 330 919510890
214 331 93459902
207 332 673892975
127 333 733409092
223 334 321433760
142 335 76117161
241 336 193539107
129 337 623271480
72 338 197004607
201 339 673029704
214 340 794646487
8 341 844306083
233 342 718697941
41 343 576528518
138 344 134947817
111 345 562836253
36 346 102202009
84 347 980780567
79 348 955648689
128 349 510528367
25 350 985009935
11 351 899977845
3 352 744497015
322 353 398571290
88 354 560687889
292 355 991051791
212 356 925471965
329 357 501020923
178 358 619556162
160 359 497014728
342 360 518016239
355 361 216292438
195 362 769988615
318 363 538342886
78 364 323426687
270 365 360154630
72 366 80881390
177 367 793678890
71 368 641990242
229 369 372868956
134 370 330350763
82 371 469170291
346 372 979415958
148 373 837186046
264 374 90549356
18 375 968524109
308 376 386676708
279 377 753714007
59 378 559494893
345 379 734817381
127 380 47651642
19 381 391688221
163 382 852861105
192 383 910883556
343 384 507876092
3 385 937373688
230 386 821300610
308 387 497077925
302 388 210577579
5 389 536252650
120 390 615378816
354 391 504910548
241 392 512335138
287 393 501136528
64 394 486472256
77 395 824790054
283 396 702223270
365 397 73549144
155 398 953239891
319 399 956491693
365 400 858071539
76 401 429412413
68 402 903735996
74 403 838679503
282 404 610721523
302 405 85159313
317 406 992801759
253 407 674586019
70 408 444451824
220 409 929396130
220 410 221179543
305 411 86963301
400 412 268533655
180 413 711905977
312 414 312923250
186 415 267826430
272 416 390589488
273 417 693453411
340 418 488123547
311 419 389095298
88 420 862353376
344 421 761526803
192 422 559267395
169 423 958062775
219 424 230817458
229 425 581248358
269 426 939814323
213 427 959616590
131 428 640146609
20 429 208448942
215 430 926768403
399 431 265184307
6 432 378997365
262 433 756096038
308 434 639986462
393 435 886425825
354 436 971969754
157 437 295876299
434 438 408033747
322 439 683451904
23 440 325124933
110 441 387874368
65 442 509722773
270 443 58325661
244 444 605056779
146 445 299657137
19 446 711933043
44 447 190470070
443 448 720829977
390 449 503851254
147 450 983468404
65 451 320066267
136 452 716240532
450 453 805718101
189 454 984415926
358 455 134729923
207 456 299333978
30 457 53549234
8 458 111471271
146 459 169715646
92 460 879202903
141 461 907833802
419 462 429245975
151 463 207636838
157 464 761287973
167 465 858789108
73 466 10531022
400 467 729423305
31 468 508745948
173 469 398650963
427 470 603216932
332 471 530317158
165 472 860865377
204 473 937634625
352 474 616184935
41 475 759992467
110 476 192902651
17 477 964765578
292 478 680210947
364 479 758867940
358 480 487520920
219 481 683155274
228 482 624744337
30 483 56753041
348 484 423187014
344 485 777935951
284 486 721957152
440 487 62402233
313 488 515078771
215 489 841977295
67 490 803154124
469 491 433459367
458 492 843995483
299 493 313419112
290 494 809181698
350 495 35512591
123 496 357574163
359 497 536741990
295 498 373734412
164 499 937759995
274 500 966012655
85 501 211551371
5 502 458886162
238 503 320862656
55 504 214681368
259 505 926693811
329 506 99677568
427 507 946318701
207 508 656137441
470 509 351986819
286 510 774543843
76 511 699019220
93 512 604537562
41 513 970080621
144 514 379734709
423 515 17443578
70 516 641934106
460 517 98212854
223 518 462900856
372 519 3967738
342 520 131694430
464 521 694042372
381 522 809972975
114 523 600286709
237 524 654110216
184 525 822479593
184 526 153324706
515 527 77988278
52 528 947974392
506 529 250323981
456 530 367819302
15 531 400345653
471 532 410789934
180 533 363947406
158 534 773086209
426 535 425801522
454 536 375017965
517 537 871457975
79 538 90829208
373 539 819379377
120 540 584151143
48 541 350663035
133 542 51419278
508 543 718179726
212 544 71092610
322 545 108554774
387 546 809636405
528 547 666495684
227 548 854147432
14 549 990833321
510 550 547083046
531 551 578400952
331 552 806217451
360 553 340939304
197 554 791142731
528 555 643578109
536 556 692444945
196 557 785263777
456 558 895807595
246 559 332150784
504 560 24219203
60 561 843060159
346 562 983231549
277 563 91882017
234 564 61068720
154 565 600955450
311 566 898365098
155 567 794302993
16 568 608225132
464 569 504821968
40 570 907751843
172 571 807473692
336 572 122811448
235 573 253867590
366 574 202649206
565 575 665953033
151 576 813757132
435 577 656166889
472 578 434306345
538 579 809871878
261 580 942472430
272 581 74598955
16 582 117170710
502 583 124583880
16 584 362894656
151 585 123809466
289 586 640178924
374 587 435909732
338 588 625342197
209 589 78937147
540 590 668921767
111 591 764279924
301 592 867353208
197 593 165774979
500 594 433964779
347 595 714008662
415 596 881918126
417 597 188010616
55 598 49193174
574 599 743727828
54 600 574260522
135 601 981490166
192 602 96453681
317 603 832659443
207 604 150345097
26 605 819694652
99 606 534377788
83 607 715542722
247 608 577149840
322 609 247207315
370 610 449065273
434 611 551263761
203 612 693089939
440 613 951752787
70 614 438538235
272 615 709643814
453 616 274556936
340 617 909748994
57 618 309355373
135 619 435087503
388 620 183917471
134 621 737749029
273 622 896009418
206 623 876229019
6 624 178349067
249 625 710553265
22 626 387525106
140 627 861761952
492 628 917040614
620 629 666108845
373 630 721665146
461 631 873016503
296 632 646084258
224 633 39131841
80 634 875862796
8 635 996230173
275 636 824472617
571 637 519759076
199 638 720789043
5 639 356242398
158 640 671932750
598 641 717949314
460 642 474533887
453 643 399652233
517 644 801545829
399 645 334692276
89 646 184610662
179 647 147798011
490 648 522394804
267 649 633418744
462 650 101830372
346 651 691645747
318 652 68802628
152 653 467789796
20 654 578764695
234 655 267664570
385 656 671409317
143 657 328573635
571 658 150139570
43 659 578981506
254 660 495311092
549 661 423805139
61 662 278035540
344 663 970190453
19 664 569654156
539 665 259447098
289 666 848455501
120 667 118928848
310 668 147819890
320 669 691051088
188 670 141562717
158 671 701411447
559 672 390602396
150 673 626867810
306 674 783119115
350 675 154191195
325 676 60199772
72 677 216346580
484 678 677780246
188 679 159633040
311 680 796430690
56 681 744318059
493 682 67812368
426 683 157347860
108 684 966189439
471 685 774512459
503 686 594846483
501 687 735165473
558 688 807536887
551 689 503170163
285 690 376792067
494 691 82665298
291 692 369736875
671 693 372112420
422 694 767438408
299 695 510157173
230 696 870316693
640 697 91816858
29 698 480051421
488 699 712568507
326 700 57377544
399 701 132966458
567 702 516753332
461 703 904005631
75 704 161111948
334 705 340952505
81 706 480523693
428 707 596622437
431 708 798152846
81 709 907433787
141 710 782878545
373 711 444249371
600 712 11709435
351 713 267497950
579 714 590925137
602 715 894828243
397 716 872354399
714 717 539323418
502 718 842205543
646 719 527354029
562 720 964849584
115 721 722458364
212 722 531248797
379 723 963629905
533 724 812269956
33 725 86525333
712 726 920655667
443 727 982495991
173 728 157599668
41 729 922435385
624 730 346779859
189 731 789862379
389 732 100220535
342 733 285632039
220 734 794006558
38 735 977090662
305 736 78736710
188 737 926121290
573 738 448083761
610 739 708433299
524 740 300132244
420 741 163790804
476 742 384577231
19 743 914221209
694 744 193654224
77 745 238066558
648 746 841285825
229 747 20187039
701 748 460338802
389 749 892270955
419 750 946792899
606 751 299096330
59 752 25318864
268 753 32444927
286 754 226490143
201 755 576209672
597 756 37970363
315 757 485823226
449 758 344917342
752 759 728472070
586 760 164560011
561 761 488223252
101 762 304903828
220 763 493779341
340 764 546140555
610 765 839039102
536 766 160553801
262 767 117652785
30 768 456705472
136 769 263551794
402 770 471410663
698 771 905766695
315 772 356266819
652 773 303426237
131 774 573275963
584 775 238349702
644 776 531892210
711 777 68534796
772 778 435658158
219 779 20446309
76 780 592064312
224 781 496423533
499 782 148909141
738 783 469389422
452 784 276323065
1 785 559272381
392 786 451425337
504 787 253999507
399 788 266082366
6 789 184649537
414 790 858942355
299 791 459087382
334 792 341850527
713 793 397467376
119 794 721269810
610 795 922712938
402 796 534652572
764 797 571444994
644 798 956319399
565 799 911141634
294 800 878123261
197 801 123247947
650 802 507569968
274 803 434052752
176 804 947884164
799 805 677265576
215 806 204392758
752 807 73803401
244 808 556496118
185 809 479350073
614 810 360968071
452 811 33793470
538 812 969613885
651 813 477114866
28 814 269047046
652 815 433130316
610 816 983532331
107 817 579301703
614 818 368668120
437 819 24970652
458 820 473098729
96 821 623542193
67 822 721500013
530 823 623176664
810 824 784420052
231 825 701434796
713 826 886378572
503 827 995409226
583 828 957744910
657 829 49028744
168 830 287570703
78 831 270242934
360 832 504836618
731 833 458185220
586 834 386497450
163 835 126254544
465 836 363603721
51 837 234577030
99 838 911331002
750 839 245167057
518 840 63383160
391 841 934535727
364 842 716550559
118 843 517140854
173 844 384830032
151 845 506931430
482 846 687008510
796 847 743752834
346 848 106499239
343 849 206510558
661 850 408634644
135 851 198015466
141 852 58334478
72 853 673225458
102 854 26303203
553 855 548750976
690 856 763550275
543 857 282538152
393 858 302548413
284 859 449941943
439 860 363255313
193 861 262762899
850 862 709433882
228 863 732270908
196 864 752184782
415 865 615159704
308 866 421806203
748 867 555131720
660 868 682171165
441 869 554059617
609 870 854479003
404 871 732214201
401 872 498505512
585 873 86745437
365 874 827287533
635 875 369154047
208 876 572033279
795 877 371405653
432 878 511543532
586 879 465739772
107 880 181953155
450 881 509617940
309 882 272349489
282 883 70252003
153 884 720577247
783 885 547297347
570 886 449169956
446 887 395615461
633 888 733955700
726 889 218169447
38 890 663492730
844 891 785537218
216 892 22547669
377 893 569740763
515 894 457313701
132 895 406229217
179 896 568677313
893 897 747086914
506 898 192303086
349 899 317127421
774 900 868373662
327 901 526033596
32 902 362180026
412 903 498958554
409 904 406293611
450 905 395322797
129 906 728047688
695 907 949539362
729 908 609816832
825 909 71358679
408 910 541709438
347 911 798691722
240 912 654121871
331 913 660267260
267 914 208722274
662 915 159561858
603 916 819732532
889 917 214488477
780 918 558452024
865 919 131514353
245 920 45887582
491 921 614622813
780 922 583863879
742 923 829131503
537 924 95479720
693 925 229642770
789 926 720517321
384 927 310950081
228 928 133267654
852 929 637772242
692 930 949598535
187 931 589522354
391 932 826955489
407 933 40837481
394 934 897235623
835 935 847188623
906 936 216250846
201 937 101892086
428 938 890823849
434 939 846366966
576 940 910515133
442 941 588011503
216 942 923560797
884 943 633190777
360 944 80623281
177 945 70628256
405 946 339938950
12 947 301517022
513 948 475313215
93 949 326080426
165 950 494952765
414 951 523763347
268 952 514489660
536 953 537561963
584 954 590457588
240 955 185428917
87 956 835670423
302 957 851984651
698 958 871233646
883 959 92828691
878 960 241760519
442 961 794678280
892 962 517001467
386 963 544741496
369 964 798915954
16 965 841342897
370 966 761956766
828 967 175498683
78 968 279658699
306 969 930333660
51 970 879042094
39 971 530376771
45 972 975387009
500 973 114684828
934 974 75991066
698 975 922027756
686 976 485827591
648 977 211259932
400 978 509132630
627 979 109674427
397 980 533840615
832 981 143560695
574 982 437340371
462 983 723420893
230 984 177821385
897 985 969897487
434 986 194795016
854 987 350004862
153 988 480288117
96 989 259395715
233 990 949155935
86 991 497842630
10 992 945013867
732 993 337592801
2 994 635685228
640 995 803716721
368 996 736205141
306 997 415419808
832 998 416687107
904 999 569039479
700 1000 238048460
815 1001 609008803
931 1002 227142626
236 1003 676877489
74 1004 736988768
415 1005 155122719
721 1006 573833906
440 1007 577912848
163 1008 301178089
744 1009 957470997
911 1010 498457162
13 1011 991267065
339 1012 527665074
692 1013 712239805
737 1014 566116744
749 1015 141263189
713 1016 793992772
771 1017 403465705
435 1018 873285332
653 1019 727864100
61 1020 74809398
745 1021 102659649
378 1022 163605244
114 1023 267767233
385 1024 697125715
416 1025 491586977
954 1026 74306265
909 1027 436635843
1020 1028 236328758
258 1029 700883600
683 1030 495225902
91 1031 14620597
711 1032 949715935
809 1033 22258614
65 1034 33476586
594 1035 499340774
932 1036 369226792
880 1037 193016321
506 1038 237850071
529 1039 500179670
334 1040 332378931
793 1041 349482163
919 1042 694898230
779 1043 518192524
839 1044 486733393
1006 1045 510688544
91 1046 836527793
431 1047 224782605
998 1048 120876197
316 1049 929327440
658 1050 863399693
73 1051 333614104
593 1052 875235560
148 1053 623960709
112 1054 145863996
909 1055 266744215
53 1056 447068998
63 1057 696269243
240 1058 629045800
330 1059 114209360
191 1060 533698274
299 1061 296016632
503 1062 552936502
1046 1063 404912455
146 1064 78496089
828 1065 299983348
215 1066 881656798
798 1067 593081093
395 1068 348902516
711 1069 263806717
798 1070 647898469
99 1071 82051801
445 1072 224568371
977 1073 135784546
850 1074 982611249
387 1075 50647840
987 1076 234212574
913 1077 97819795
1051 1078 415296678
770 1079 491546833
449 1080 523948010
988 1081 479002036
371 1082 953078464
1079 1083 672642620
920 1084 930253632
260 1085 136488752
777 1086 449777346
224 1087 544711846
420 1088 870923398
1014 1089 318991181
974 1090 953372146
147 1091 224382916
464 1092 408758310
874 1093 450874112
342 1094 926610842
105 1095 439552400
726 1096 226322301
778 1097 733271940
481 1098 76255627
300 1099 488413352
1036 1100 697383367
122 1101 115546271
283 1102 811641940
261 1103 385637573
508 1104 490223456
215 1105 825976124
44 1106 754532474
357 1107 109623631
1053 1108 88831852
723 1109 473368345
1068 1110 572087995
1109 1111 71136033
666 1112 893903922
166 1113 274490139
1003 1114 962601808
953 1115 689980691
1021 1116 959578385
79 1117 339080399
178 1118 286221008
713 1119 170525918
1017 1120 391139086
78 1121 615216048
371 1122 881032714
704 1123 603642773
463 1124 633455844
105 1125 522950876
985 1126 871537609
666 1127 518190834
449 1128 130271924
89 1129 592083914
44 1130 62805612
860 1131 111185332
573 1132 264054575
129 1133 953036558
139 1134 666133378
542 1135 212916246
378 1136 855664362
64 1137 708880821
210 1138 504760347
436 1139 38497076
584 1140 195119366
1104 1141 900991199
589 1142 86308544
374 1143 985232906
596 1144 161490830
562 1145 742950441
176 1146 504708141
901 1147 915420667
66 1148 705153900
215 1149 867223913
380 1150 95882698
840 1151 429018830
564 1152 287872854
1137 1153 307720873
514 1154 471440623
83 1155 814819711
730 1156 342994051
244 1157 472025205
486 1158 183609261
1107 1159 72226736
1061 1160 635270378
520 1161 63694116
358 1162 543736620
25 1163 565126085
927 1164 571324472
384 1165 430820796
146 1166 470856795
122 1167 430274921
337 1168 111433174
1162 1169 337668061
682 1170 913194829
1061 1171 357588706
847 1172 245042485
903 1173 322231622
199 1174 232877292
596 1175 875224572
153 1176 879192869
129 1177 875930245
65 1178 284810405
231 1179 261672259
428 1180 72030692
139 1181 748579566
368 1182 373107173
445 1183 974227827
635 1184 191324265
803 1185 212142597
437 1186 727282928
256 1187 311514781
852 1188 36218600
454 1189 778482516
658 1190 972416926
31 1191 205266308
310 1192 824355699
1082 1193 878205954
1123 1194 100099620
552 1195 422547986
666 1196 301063691
215 1197 826942257
1092 1198 673140511
557 1199 319283466
636 1200 922583990
1188 1201 858703411
289 1202 464148420
1180 1203 536255443
1115 1204 932007990
542 1205 645552835
1170 1206 912345802
281 1207 669883456
25 1208 241003046
238 1209 216579199
495 1210 59280578
849 1211 57213668
1065 1212 906271041
350 1213 537755025
562 1214 50038125
325 1215 209100813
552 1216 207921975
1090 1217 251549518
62 1218 816545895
563 1219 263216017
1103 1220 649038889
377 1221 635654005
829 1222 110140114
596 1223 582751517
622 1224 376857446
100 1225 966007455
222 1226 141384429
1094 1227 72927274
819 1228 316837100
130 1229 380263080
721 1230 783960293
12 1231 89290141
1080 1232 73939102
1189 1233 655335263
697 1234 914476128
449 1235 798806613
60 1236 478000920
910 1237 255142714
898 1238 967326411
1117 1239 235360245
531 1240 199435443
400 1241 953499944
761 1242 343323392
296 1243 589435604
524 1244 775786203
489 1245 867036054
767 1246 84771981
310 1247 581874357
290 1248 429609599
1194 1249 381156025
1229 1250 592375415
1030 1251 303181431
320 1252 132988320
77 1253 239343407
186 1254 10927331
1194 1255 798716567
801 1256 833288941
543 1257 863590215
405 1258 486052230
868 1259 829527068
1133 1260 143526691
957 1261 82461609
425 1262 774015280
664 1263 162552196
83 1264 764544719
537 1265 510646200
104 1266 44239514
325 1267 551253042
944 1268 944115835
1167 1269 164015865
890 1270 659896831
1168 1271 462128947
749 1272 963376178
416 1273 241617029
1067 1274 414624283
1063 1275 555345597
674 1276 392595089
1044 1277 989093983
19 1278 389792351
935 1279 963112752
884 1280 750824254
727 1281 6339182
517 1282 636924412
788 1283 406412647
140 1284 487587308
622 1285 756090491
552 1286 543073686
1271 1287 598622736
399 1288 129328730
311 1289 105210939
989 1290 404393853
530 1291 472561866
574 1292 823855790
639 1293 251588053
301 1294 248826086
129 1295 290805541
581 1296 60426643
1146 1297 38732132
763 1298 314944013
903 1299 545469016
453 1300 447562875
834 1301 240614817
1008 1302 641291626
233 1303 585088412
16 1304 73362089
628 1305 295210058
1124 1306 373045877
632 1307 299162086
361 1308 619564784
1249 1309 740119504
1026 1310 811807865
1050 1311 156476035
813 1312 768988743
654 1313 904716262
261 1314 213828730
1058 1315 748882520
67 1316 677329536
301 1317 332638239
991 1318 382588566
540 1319 856775706
247 1320 158207148
475 1321 178696287
1002 1322 943514107
496 1323 823645399
688 1324 520111083
379 1325 352546575
553 1326 228381749
612 1327 436892307
212 1328 781713820
718 1329 660003085
284 1330 638225074
6 1331 852554470
35 1332 982574976
1228 1333 372759577
223 1334 775182978
1016 1335 636077284
965 1336 706737240
579 1337 334477973
320 1338 768670937
284 1339 225707952
570 1340 657067879
732 1341 720967452
881 1342 409126966
930 1343 751736787
1250 1344 675889495
310 1345 293020071
912 1346 431403841
661 1347 309490684
1100 1348 417156955
760 1349 340170434
980 1350 466958999
1123 1351 940581650
1004 1352 737283609
420 1353 46846409
213 1354 93415062
996 1355 989718526
690 1356 423620734
6 1357 572163630
614 1358 287908948
936 1359 54996413
182 1360 802939588
623 1361 292763112
724 1362 53503944
105 1363 194573846
717 1364 545085863
990 1365 382416851
59 1366 681734162
318 1367 712344061
1155 1368 15251519
844 1369 779141079
326 1370 870452248
1236 1371 127172412
1314 1372 788878752
589 1373 785475801
823 1374 654360264
8 1375 103908664
1340 1376 808874399
323 1377 932092996
331 1378 821466929
657 1379 772482065
334 1380 587586120
1219 1381 763152265
408 1382 36967533
234 1383 647194274
810 1384 857702240
1289 1385 205855691
394 1386 286861208
574 1387 441671165
175 1388 397917448
469 1389 945471509
975 1390 617648097
1079 1391 770921931
717 1392 377083658
931 1393 697046888
470 1394 139357634
769 1395 407317747
814 1396 502060053
210 1397 907837254
228 1398 7189547
237 1399 58476047
1018 1400 434739189
1340 1401 999858276
560 1402 108365356
191 1403 691869908
665 1404 35371926
1101 1405 214183636
714 1406 928562513
600 1407 451880245
855 1408 979408903
1308 1409 526025809
354 1410 72893733
357 1411 719814729
1270 1412 307235826
975 1413 341984084
456 1414 836751092
868 1415 123752686
1094 1416 298996273
1403 1417 402520243
945 1418 303463836
415 1419 129029018
210 1420 567538295
373 1421 909467197
743 1422 499893464
1309 1423 794168812
515 1424 513013738
402 1425 676023410
1104 1426 310749182
1330 1427 929533112
19 1428 741630532
595 1429 805742923
1297 1430 723161767
980 1431 317072680
539 1432 388749746
766 1433 120114186
867 1434 754847259
55 1435 429312846
306 1436 656108749
1096 1437 150330871
31 1438 697765520
349 1439 200441995
1258 1440 245849275
1086 1441 320856883
561 1442 637994181
1150 1443 408131002
1383 1444 905492481
862 1445 758728349
1290 1446 107404365
359 1447 539617409
891 1448 758493971
1174 1449 456112647
1091 1450 590843899
751 1451 786766013
2 1452 462606848
1203 1453 476667200
202 1454 792664440
4 1455 68171381
493 1456 331554613
367 1457 710251889
124 1458 617392842
42 1459 340243037
374 1460 466041534
633 1461 964207890
1452 1462 486547262
830 1463 35604244
1207 1464 589396390
523 1465 431461824
298 1466 884739352
1172 1467 307418807
727 1468 885118614
963 1469 212366704
313 1470 189236195
933 1471 983012914
1248 1472 559500608
826 1473 954505652
693 1474 109175337
1469 1475 643620610
1257 1476 404398370
1022 1477 358208363
1422 1478 104401063
1267 1479 928235160
774 1480 106518022
378 1481 125309835
1219 1482 555124587
1241 1483 941752977
909 1484 974947364
31 1485 225138802
348 1486 69054261
223 1487 752728730
1426 1488 628850080
930 1489 339048962
732 1490 853316305
1153 1491 671637994
903 1492 767857224
1179 1493 329712789
674 1494 391195543
900 1495 56925257
629 1496 368774652
257 1497 831442584
1216 1498 754256689
1410 1499 568328900
268 1500 605461611
17 1501 222256140
519 1502 848821726
1130 1503 229521885
910 1504 209186261
213 1505 269909349
1336 1506 590276778
1175 1507 192882852
260 1508 392376919
744 1509 171796245
1509 1510 461862342
549 1511 828533476
428 1512 413042259
839 1513 387652760
1389 1514 547168314
482 1515 924457396
693 1516 545789979
747 1517 62579470
884 1518 534878038
1134 1519 249364686
10 1520 249054087
433 1521 562685996
353 1522 378823415
288 1523 696880288
610 1524 39049016
1237 1525 578478795
534 1526 613518239
292 1527 744851942
1311 1528 766460249
487 1529 732930496
626 1530 967553811
42 1531 799542323
999 1532 566355482
1418 1533 387842111
522 1534 102416052
1172 1535 196451048
166 1536 914271832
926 1537 913532724
1062 1538 481117650
732 1539 721670518
1408 1540 813195842
1076 1541 794590715
637 1542 614404934
428 1543 857069068
922 1544 568787975
16 1545 4675023
13 1546 432997616
1296 1547 584079865
529 1548 130871902
265 1549 258210223
411 1550 342778127
149 1551 976077673
1289 1552 359449631
401 1553 345990665
1142 1554 273261302
897 1555 119777595
1120 1556 468526212
613 1557 565550963
382 1558 233026325
788 1559 124701326
596 1560 51605246
1168 1561 970245245
312 1562 895652942
181 1563 523816395
817 1564 697579252
1362 1565 746938981
1202 1566 975014834
1127 1567 563897034
37 1568 461641000
1299 1569 973803059
1091 1570 29474863
1536 1571 73961092
771 1572 28016845
428 1573 16955918
954 1574 161014287
1271 1575 597599529
1000 1576 82938236
955 1577 430405274
1199 1578 867959218
16 1579 198725021
1127 1580 359875637
1534 1581 426186799
1471 1582 188020833
480 1583 280432571
1340 1584 377792452
673 1585 378201920
330 1586 197850475
920 1587 833382654
878 1588 879591851
365 1589 945698284
361 1590 65066899
406 1591 385964111
383 1592 930803417
1371 1593 135443248
253 1594 911310692
1430 1595 618792036
84 1596 43013044
741 1597 403269210
973 1598 212424050
106 1599 290924486
884 1600 207281844
1003 1601 68252226
801 1602 164587377
991 1603 388689808
1312 1604 134405747
229 1605 186942835
551 1606 935453488
1355 1607 460166872
1230 1608 947558661
206 1609 893299099
1341 1610 702937275
898 1611 739086823
1588 1612 345810301
1441 1613 645467376
1469 1614 502836254
414 1615 429908638
1517 1616 605565720
1124 1617 755298249
786 1618 690363006
1314 1619 930010339
1213 1620 394506107
509 1621 677532016
1471 1622 816929056
1101 1623 459596646
512 1624 104599873
350 1625 238791683
971 1626 41821051
93 1627 772082171
558 1628 654307678
600 1629 754673959
551 1630 991543367
109 1631 883387443
255 1632 44602390
1628 1633 272143193
1061 1634 235845336
1471 1635 720601042
847 1636 982659274
1250 1637 651477684
519 1638 583964106
836 1639 138877575
675 1640 721242065
207 1641 617784471
545 1642 50804594
1044 1643 1938639
340 1644 791896281
406 1645 957764270
643 1646 139607351
1590 1647 989363316
36 1648 180462901
1533 1649 657814436
714 1650 862153560
1090 1651 82012923
455 1652 851308342
699 1653 139213190
1566 1654 364000847
105 1655 1676752
227 1656 691958262
955 1657 50733696
1287 1658 5812962
1032 1659 568418682
1115 1660 264245620
1423 1661 142827639
540 1662 538243718
7 1663 21579256
443 1664 990427662
1330 1665 718466193
526 1666 709200118
1048 1667 831500788
286 1668 139707042
873 1669 623406894
1196 1670 362908550
1220 1671 211228872
982 1672 518269235
82 1673 996186168
487 1674 786158931
583 1675 744872113
337 1676 277252251
720 1677 637138969
90 1678 543999393
1493 1679 245540431
1392 1680 245366963
680 1681 1164043
982 1682 60526307
361 1683 320675853
617 1684 925146347
939 1685 354730852
1128 1686 640660160
236 1687 411436564
307 1688 126369472
1143 1689 921941156
86 1690 991138097
355 1691 72065214
518 1692 83272595
129 1693 994938354
545 1694 209162603
18 1695 383469708
1674 1696 786132026
520 1697 829740024
1557 1698 646089219
1195 1699 730781783
1032 1700 653403137
311 1701 896674937
473 1702 316657518
979 1703 492308159
1559 1704 883457695
1339 1705 790954660
1168 1706 341830673
1372 1707 806072820
1104 1708 714683614
1242 1709 297916255
195 1710 993532198
62 1711 807642692
533 1712 509157468
121 1713 783166813
1355 1714 562828556
92 1715 141511932
166 1716 687836825
104 1717 116591964
246 1718 536993655
1453 1719 250211987
1296 1720 920806854
1659 1721 652872215
199 1722 572324177
592 1723 6291499
372 1724 59148741
841 1725 822757901
754 1726 889807833
1135 1727 22715701
901 1728 642202812
1565 1729 618863852
1456 1730 383310156
409 1731 379018873
524 1732 398064419
87 1733 940654035
352 1734 885393310
470 1735 998159364
314 1736 327647168
520 1737 75417371
674 1738 498043103
1433 1739 302223171
1145 1740 845304211
771 1741 74822080
53 1742 71659407
1507 1743 639193023
1337 1744 130850965
677 1745 477916213
586 1746 616898149
1492 1747 786842097
1583 1748 819318087
788 1749 919512281
483 1750 168074348
1050 1751 668293208
233 1752 855653939
56 1753 368467538
842 1754 421903424
433 1755 219655148
1100 1756 391915626
1318 1757 500037374
985 1758 933215561
1449 1759 934893936
295 1760 171613777
465 1761 132928939
1450 1762 363893131
756 1763 439321976
1292 1764 895868691
396 1765 148780109
696 1766 460097062
694 1767 915493917
738 1768 265969932
1610 1769 449016441
404 1770 104342162
1305 1771 172756981
1577 1772 554589734
976 1773 694119289
186 1774 965189809
1547 1775 860219471
1449 1776 719524951
1403 1777 67960298
509 1778 827212209
283 1779 983174432
1161 1780 317237747
303 1781 762267557
615 1782 5385655
465 1783 82982793
214 1784 895024224
1206 1785 790916259
1545 1786 261908441
1337 1787 138172787
1117 1788 9428128
1700 1789 115938270
629 1790 813068213
1493 1791 412659917
1018 1792 916436520
1685 1793 317632641
1450 1794 199765312
259 1795 914613386
1166 1796 991261453
1436 1797 319637284
200 1798 350205380
421 1799 769896973
727 1800 619312089
1390 1801 493739732
1324 1802 79341623
579 1803 128317066
98 1804 136056526
1573 1805 369807082
41 1806 645155889
1162 1807 200122570
1533 1808 356230432
1671 1809 929179728
383 1810 359665791
1265 1811 296023032
1296 1812 65416202
527 1813 912079414
1378 1814 236382135
800 1815 272672013
772 1816 475545
22 1817 672480264
536 1818 404290211
141 1819 175360657
640 1820 794728167
82 1821 551142669
107 1822 601076591
1736 1823 858737337
1313 1824 525740583
1089 1825 362289513
2 1826 649751194
1163 1827 23166935
523 1828 983758102
1468 1829 742459640
865 1830 892139075
90 1831 373201233
1611 1832 809576253
1613 1833 985729813
1604 1834 718700596
1458 1835 152206934
1307 1836 510847469
1492 1837 799229868
1519 1838 877765007
49 1839 717465531
693 1840 718216052
767 1841 84597014
628 1842 142811485
679 1843 728403246
110 1844 225905441
144 1845 444462924
840 1846 755721094
324 1847 544867279
397 1848 974286487
1055 1849 978859358
389 1850 231732052
1120 1851 672850604
1735 1852 867338242
333 1853 349754648
1812 1854 674467065
1388 1855 596393537
1175 1856 604418913
892 1857 70470934
735 1858 971505270
1494 1859 309444230
1398 1860 952762724
1402 1861 690174480
1376 1862 169214730
1209 1863 692094671
522 1864 702918782
1522 1865 261271954
1262 1866 353619102
1770 1867 517793494
1344 1868 497412975
1592 1869 820818154
255 1870 635304287
111 1871 888638051
708 1872 399425073
766 1873 872968115
1842 1874 303355626
1101 1875 719085391
1839 1876 693268918
323 1877 95117842
1292 1878 465580994
988 1879 390345101
1318 1880 988157315
464 1881 446556267
1715 1882 965789032
137 1883 395710880
1335 1884 800842783
1280 1885 17642862
616 1886 749454207
893 1887 450337496
964 1888 577571843
338 1889 429569746
1282 1890 716793154
1813 1891 806634222
588 1892 466933375
753 1893 241780975
1760 1894 206579663
71 1895 763401888
1099 1896 837915519
593 1897 173709249
514 1898 950327347
1525 1899 312820341
1115 1900 887688289
854 1901 346918847
1622 1902 99496713
1751 1903 600253153
185 1904 39583797
36 1905 256947208
344 1906 86738754
1320 1907 198214237
427 1908 617904247
896 1909 5638167
1707 1910 504268919
1693 1911 221816517
1212 1912 352017759
1125 1913 388527108
772 1914 383030251
1463 1915 995840336
353 1916 857725288
1653 1917 66205338
251 1918 126540064
1419 1919 947967802
1021 1920 649937823
347 1921 952509143
29 1922 381089538
571 1923 523162734
384 1924 653617862
1729 1925 168857411
1041 1926 910790579
57 1927 423214703
87 1928 69224238
1910 1929 624211849
1574 1930 863617766
490 1931 246937857
1556 1932 565603202
1582 1933 52076500
587 1934 218472215
1010 1935 336092917
842 1936 660434470
45 1937 480409833
890 1938 219059762
1825 1939 209739496
1299 1940 729806342
1794 1941 148863556
605 1942 661318261
1007 1943 840769090
870 1944 163209881
924 1945 427474304
599 1946 955994710
298 1947 805170464
703 1948 305450811
1454 1949 145580706
291 1950 333340177
1848 1951 667355107
1947 1952 618040809
1609 1953 318176451
1755 1954 689636456
1951 1955 466717583
1418 1956 555202343
571 1957 479771595
499 1958 411017134
1454 1959 276298371
149 1960 31860311
1830 1961 495561216
1946 1962 245714854
564 1963 545375116
922 1964 554928830
936 1965 544432306
1269 1966 857589772
1253 1967 68640855
213 1968 514602968
1398 1969 737486818
1904 1970 537693869
416 1971 825106426
55 1972 578677342
976 1973 90041655
152 1974 339145479
1333 1975 235325988
961 1976 874278781
64 1977 319334359
92 1978 458584511
1011 1979 871562667
295 1980 411760502
1 1981 724225137
37 1982 22601381
235 1983 775945872
1437 1984 366461201
463 1985 810706618
716 1986 632304753
1868 1987 361567736
716 1988 834115601
149 1989 755496438
1805 1990 351183656
702 1991 654929003
366 1992 569605546
1624 1993 287086951
900 1994 957062069
312 1995 723187501
1713 1996 549103697
1536 1997 632241398
1939 1998 966524058
355 1999 378108988
978 2000 556931505
