300 54
299 101 112 6 36 258 177 129 275 226 131 287 41 54 66 1 121 89 53 126 25 109 31 205 76 55 116 217 235 149 79 272 23 183 120 221 13 114 155 4 176 44 130 202 255 223 14 91 251 204 37 300 142 231 
95 52
277 95
145 95
36 277
229 145
231 277
278 277
109 229
5 52
18 277
155 231
226 277
100 229
55 5
64 18
1 64
90 155
81 18
16 231
264 1
88 264
6 109
86 155
37 229
85 145
292 90
280 90
197 52
101 229
203 90
66 109
21 203
225 6
94 90
68 88
216 231
187 21
73 95
149 231
233 55
106 73
262 36
42 94
300 225
125 55
236 262
15 88
84 5
219 52
207 16
132 94
261 84
105 18
296 225
167 296
281 262
89 277
122 90
168 207
242 261
74 296
141 105
285 141
286 122
185 74
170 74
290 185
107 170
77 170
69 285
295 285
108 285
193 108
268 69
27 295
111 295
67 27
265 193
49 77
274 67
251 274
12 251
118 274
171 265
234 67
142 12
182 171
252 118
175 171
139 142
215 171
258 139
243 142
223 182
124 182
117 139
288 243
30 258
113 175
71 139
202 243
279 117
8 202
76 8
232 202
23 117
121 288
218 30
298 121
180 202
254 232
137 298
260 218
46 298
282 260
13 137
126 218
184 282
26 260
248 180
162 282
148 282
294 184
287 13
138 282
211 294
144 162
250 184
176 162
130 176
214 294
11 148
146 138
238 176
299 214
224 144
205 146
267 176
7 11
246 130
263 224
253 299
28 246
247 28
239 247
191 253
152 205
10 246
87 152
47 87
212 263
54 28
199 54
82 247
164 152
293 87
181 54
40 82
93 199
188 54
140 164
147 188
177 199
92 293
172 164
19 293
165 92
157 172
59 172
208 165
196 165
17 59
273 17
78 19
222 196
150 165
50 208
230 150
102 273
275 102
245 17
200 245
186 200
127 50
62 127
80 200
194 186
51 186
58 51
183 194
104 51
65 194
213 62
283 80
2 104
198 213
151 198
35 104
25 65
4 65
3 35
136 3
56 136
189 4
217 198
249 35
192 249
29 3
209 29
227 217
57 209
257 249
97 227
96 209
179 29
156 249
72 179
153 227
190 96
22 179
32 257
289 156
135 190
131 135
129 153
39 129
61 39
31 129
83 289
255 135
103 131
143 103
297 83
291 255
174 39
43 31
266 174
119 43
120 43
128 255
14 297
241 43
195 128
134 241
20 134
60 195
44 241
98 44
70 98
53 70
204 60
269 195
116 44
270 20
133 269
178 60
154 270
244 98
79 204
272 270
63 272
235 116
228 116
115 270
173 244
161 79
9 115
114 244
123 63
91 9
45 115
38 45
41 114
259 173
237 45
276 114
256 123
159 276
110 159
75 159
48 41
24 276
206 110
166 256
33 256
160 206
34 206
210 110
284 166
271 284
201 166
158 24
220 206
169 160
221 33
99 284
112 220
163 99
240 201
