2000 2
575 986 
26 1629
543 26
1127 26
926 543
47 1127
1456 47
1215 1629
1099 926
177 926
1117 177
979 1099
357 1117
1465 1456
1537 1456
1602 26
385 1629
565 1537
1072 1456
1392 1215
1378 385
857 1099
300 565
484 543
120 565
1394 1465
1407 357
59 357
560 1537
1238 1127
1651 59
1839 120
1861 1378
66 1238
1968 560
1676 857
433 560
635 300
651 177
903 1099
129 120
39 484
1062 635
755 903
516 1099
486 1238
1426 1629
1256 1456
1958 26
273 1602
343 177
445 755
600 926
81 129
634 1651
1065 484
683 1062
1700 385
101 560
448 177
1869 1676
438 1602
726 1700
1762 1062
1139 1215
1644 438
1751 1215
999 1762
1084 1839
1271 343
944 635
1483 1426
693 755
1071 1072
996 857
320 635
98 693
537 1644
983 999
663 903
1252 1256
1113 1456
1053 1602
124 1762
1228 635
1240 1644
1318 177
216 47
1999 1407
79 26
887 683
1315 320
533 448
1857 1315
173 983
1259 47
53 1315
1911 173
869 1869
1531 651
1274 1072
1351 1315
839 53
525 1531
1767 1351
793 1911
1413 839
1592 1274
894 1413
1864 1351
684 1592
1254 1767
411 839
1134 1767
785 1592
280 1592
1101 411
244 1254
497 1254
94 497
367 1101
1915 785
122 411
768 1915
1308 244
1220 497
1232 1101
571 1308
141 122
1151 768
1442 571
312 1308
1433 1151
409 1442
1524 1308
41 1524
1572 1151
238 1442
95 1572
781 1442
257 1572
1235 257
394 257
246 238
54 95
752 54
1907 781
795 238
1007 795
1801 781
1694 394
610 795
1615 394
1672 752
1018 1615
219 1018
1376 1672
254 1615
1233 1694
476 1018
230 1376
1956 610
1130 219
545 1018
1608 1233
1517 219
1556 1608
972 476
1885 1608
1783 1885
675 1608
1430 1608
544 1130
1381 1556
984 1556
1291 972
605 1783
377 675
281 675
1777 1783
1437 544
1183 377
1744 377
1914 1777
92 1777
575 1744
1223 1437
97 92
166 1183
1780 1183
1695 1183
720 166
1658 720
799 97
541 1780
1051 97
1719 1780
144 541
498 166
1189 1719
658 799
1180 498
662 799
180 662
1482 541
1821 498
734 1719
1020 734
1152 1180
145 1180
255 145
686 662
284 1821
549 180
1925 1821
225 284
1374 686
915 1925
876 145
1793 284
817 1793
291 1374
602 284
208 225
1750 817
938 225
337 208
1471 1793
1155 337
1041 1793
1794 208
797 337
191 337
633 797
1217 633
522 938
165 1041
87 522
951 87
340 191
899 1794
548 797
527 899
1030 633
1273 951
1953 1273
1895 87
428 1030
1625 951
814 428
1550 1273
261 1895
724 261
738 1550
618 738
971 814
520 261
234 724
1533 971
1973 1550
1670 724
577 1973
733 724
552 618
832 971
607 733
52 832
451 1670
260 1973
322 451
1497 451
1683 451
84 260
748 84
1164 322
982 451
1768 748
1665 1164
630 1164
906 748
110 1768
1749 1683
1184 110
997 110
1385 110
1902 1184
730 997
1628 630
329 997
1486 1902
936 1486
203 730
1037 730
1434 1628
407 1037
1305 203
1905 730
1386 407
514 1434
1322 514
1920 514
824 1305
632 824
1947 824
1865 1947
34 1920
1241 1905
1104 514
1360 1920
1921 632
763 1921
294 1104
292 1921
327 292
1361 1241
1691 763
1842 292
1485 1361
1570 763
1935 763
376 292
1270 327
461 1570
1726 327
353 1485
143 1726
1280 1485
1712 461
224 1726
892 1726
1258 224
1528 353
718 1258
1530 224
1116 1712
789 892
964 224
1011 789
1002 1011
1294 1002
1128 1530
213 789
1529 789
1249 1116
1328 789
591 1011
639 213
1650 1011
528 1249
1667 639
735 1529
1962 591
1105 528
1468 1962
1276 1105
673 735
1500 735
1453 1276
1850 528
1678 673
742 1850
1707 1678
1796 1453
1835 673
1470 1276
1889 1500
593 1678
614 593
242 593
909 614
808 242
898 909
211 1889
305 808
431 1470
1307 431
1331 909
725 305
1606 305
1260 909
1045 1606
1079 1606
1943 1260
1168 431
295 1307
1860 1943
167 1943
386 1045
532 295
1662 1168
468 532
1059 1943
464 386
790 167
342 1059
1641 167
1419 1662
1810 464
1209 1810
1035 464
109 468
1626 109
1025 1209
1928 342
978 1641
1897 1035
1630 1810
220 1810
1410 220
1926 1626
266 1928
1329 1410
473 1897
803 978
975 473
704 473
276 1926
1887 704
90 266
1149 90
1955 704
170 704
918 1955
1617 803
278 918
1198 918
274 1149
362 90
1971 918
1516 1955
588 278
1965 588
641 1617
1281 1971
1737 1516
418 1737
1731 588
1303 1731
1444 1516
35 641
346 1737
1657 1965
1484 641
1708 35
653 1444
152 653
1745 653
950 1708
1990 1657
592 1708
1599 152
1619 1990
508 1708
788 592
1404 592
107 1745
61 1745
1186 1619
382 788
963 1186
1109 61
1206 963
878 1404
873 1206
585 382
301 61
743 1186
1077 873
819 743
530 1077
1178 585
1504 530
998 301
1940 743
1389 743
563 301
1575 1389
354 530
62 1504
700 998
810 1178
1148 998
821 1148
70 62
1448 70
574 1148
849 810
154 821
1723 849
1334 70
187 70
1398 70
398 70
390 574
707 1448
1006 1334
46 849
1779 707
642 398
1048 642
901 187
959 642
201 398
374 46
948 1048
1395 948
702 374
1188 948
1612 702
1242 201
1566 374
369 1566
823 1612
286 823
538 1242
499 1188
1844 823
399 286
860 1612
23 369
1534 499
1637 860
330 399
1799 499
1803 23
1301 1844
368 1844
568 1799
1560 1637
1028 23
33 1301
1102 368
1538 368
1746 1799
1498 1028
628 1028
1107 1746
620 568
1604 1498
1522 1538
1332 1522
1336 628
783 1107
1671 620
655 1522
1818 655
1830 1107
251 1336
786 1818
333 655
1693 655
29 655
389 251
1401 786
140 389
1704 1818
1970 1830
583 333
197 140
765 1401
1912 389
1554 1970
947 197
267 947
1853 267
696 1704
554 1853
1477 583
1003 1477
1262 1853
776 696
1819 947
1285 1477
1993 1819
654 1262
1414 1819
277 554
1302 1993
1837 1285
844 1285
827 277
1090 1414
1227 1837
760 654
546 654
1976 546
22 1227
1397 1837
1536 844
1073 1536
1346 1227
269 760
181 1346
647 269
1713 647
67 181
1174 269
432 1073
1290 1073
186 67
847 1713
925 647
417 181
518 1713
695 518
108 925
503 432
1335 1290
169 518
871 186
7 518
928 871
542 871
626 871
387 695
1724 928
10 542
874 542
91 387
609 10
68 874
1306 874
881 542
529 68
1230 387
1961 1724
1927 1961
681 68
867 91
1583 529
1384 529
1834 1961
1742 1384
392 1583
1636 1230
1074 1384
1922 1074
1366 392
1931 1834
1194 1922
1543 1834
1891 1543
1095 1922
624 392
580 1543
1236 624
1221 580
1163 1543
1324 580
914 1324
519 1163
710 624
1856 710
644 1856
352 1856
1353 352
1122 914
1766 1324
1368 1766
114 1856
126 710
12 1766
1917 1353
1075 1917
130 1368
766 130
809 130
1267 130
1244 1368
1507 1075
816 1244
870 809
1036 816
1710 809
102 809
127 816
485 1036
1495 1267
1815 127
131 1036
336 1036
72 131
1297 131
777 131
335 131
1613 72
302 1613
344 335
737 131
540 344
1239 540
236 344
1840 737
103 1840
1463 1239
1047 1239
603 236
441 603
391 540
750 1840
584 441
1272 236
1551 391
311 1463
1121 1272
1620 1551
1034 391
380 1551
989 311
1788 380
1181 1121
1838 1788
897 1181
1518 1121
171 1181
1627 1620
1216 380
1369 1181
1699 897
994 1838
303 1838
1618 897
1199 1699
250 171
1087 1627
754 1618
850 303
450 1618
3 1618
215 994
1202 1618
415 1618
1131 450
1548 850
1142 1087
78 1548
1010 215
371 1010
1022 1010
51 78
314 1548
804 1022
1114 78
30 51
665 1010
241 1114
1939 314
1219 241
945 51
1211 1219
74 1114
1283 241
868 665
1505 241
474 74
1014 868
1327 1219
611 1211
1044 1014
680 74
885 1014
513 611
1567 680
678 513
85 474
1172 1014
366 611
889 611
444 885
646 678
1569 1172
1512 444
1295 1512
845 1295
1977 646
1831 444
147 1831
1058 646
308 1977
1208 845
1496 1512
1214 308
1226 308
331 1831
1474 1496
1330 1214
561 1496
116 561
1076 308
629 1214
1246 561
692 561
1773 1076
1269 692
1809 1474
403 1809
1900 1809
1770 692
1478 1900
1561 1773
1996 1561
401 1809
1313 1773
1069 1561
1097 401
151 1996
1740 1069
1502 1996
1607 1996
1945 1097
1170 1502
991 1740
595 1945
1832 1170
206 1945
1479 1607
1316 1479
56 1607
820 1832
771 1832
1886 1832
990 206
247 595
1929 56
1247 1479
524 247
421 1929
1008 1247
1449 1008
1135 771
1680 1886
1544 247
304 1544
1763 304
960 1763
555 1680
1963 960
188 304
405 1544
1814 555
381 1763
910 188
1388 555
1807 381
1092 188
1144 381
1009 1144
1855 1388
929 1814
1598 1814
1278 1092
356 1807
1083 356
123 1807
900 356
422 1144
1595 123
172 1278
463 422
306 172
1357 1083
967 123
1696 900
1467 422
1753 422
1096 1357
265 1096
400 463
1553 265
1609 265
698 400
221 698
946 400
970 698
44 1609
80 400
1024 221
178 1609
1646 970
1192 946
864 970
697 221
1988 80
324 80
547 324
1118 547
16 1988
1501 864
1725 1501
24 324
597 324
1250 1988
492 1501
515 1118
1849 16
587 1849
1160 1849
1338 587
253 492
572 1250
378 597
916 515
1205 253
1890 587
1808 1160
822 1205
1901 1890
807 822
1106 253
805 916
1125 1205
1191 1125
729 1808
1354 822
55 807
298 805
1372 55
715 807
319 298
643 715
1692 319
198 729
1826 729
1674 643
443 55
883 715
1776 643
550 1826
531 1776
608 198
363 198
1493 1776
446 363
414 1776
1944 363
1145 550
1201 414
691 531
1359 414
1016 691
1143 446
962 446
682 1143
711 962
905 682
553 1143
657 905
1005 711
214 1005
6 905
1765 1005
65 6
495 214
384 553
835 384
558 657
1015 558
674 214
1340 495
163 495
576 835
855 65
1879 1340
1640 1879
471 674
1547 1640
1938 576
43 674
456 1938
1937 163
348 1547
1119 348
1989 1119
309 1640
986 1938
1974 456
434 1937
270 1119
1549 434
283 348
953 1989
1012 986
1580 434
249 1549
1375 1549
1728 270
243 1012
1103 1580
502 283
931 1375
1687 1375
1594 1728
1752 1580
1957 1594
1499 1957
758 502
469 1594
176 1752
1120 1499
275 469
551 469
1584 1594
204 1957
582 1957
1784 582
1649 275
1983 1120
993 551
1789 1584
1806 1983
245 1983
296 245
1942 1789
9 245
1735 993
1393 245
1757 9
1383 1789
1852 1757
1431 1852
402 1383
1081 1735
716 9
1972 1852
717 1393
1150 1972
578 717
289 1383
1903 717
1317 716
60 578
1277 1081
42 716
941 1317
1086 42
841 1277
1655 1086
732 1903
1138 1655
1137 841
1610 1086
156 1138
408 732
689 1086
559 156
105 559
1882 1655
1108 105
1023 408
1409 156
1688 559
1875 408
1884 1108
1908 1409
1951 1884
1182 1108
435 1951
365 1108
2000 435
142 1688
908 1688
933 142
521 1908
1415 435
229 2000
429 365
935 229
772 1415
350 521
912 772
566 935
115 429
37 521
1032 935
796 935
1480 912
1187 37
1874 1032
974 1874
656 1032
1654 1187
1311 1654
1243 1187
1000 1187
426 974
1888 1187
1833 1000
1263 426
1196 1311
1001 1000
757 1654
175 1833
420 1196
1197 420
745 757
1877 745
1813 1877
1514 745
99 745
1975 1197
1519 1813
1473 1514
1866 1473
1552 1514
379 745
1365 1514
1535 1514
669 1473
1070 99
1286 1365
162 1866
18 162
487 1365
1080 1286
811 1080
256 487
660 1535
1703 669
263 162
1115 256
893 1080
1568 660
1166 487
625 263
1224 1115
670 1166
891 893
1017 1568
1759 1166
1934 891
506 1017
137 625
977 506
1932 1224
619 137
1581 1932
981 1581
534 1932
88 506
207 1934
1686 1932
1848 207
1200 1581
965 207
1878 619
40 534
659 534
1082 1848
1867 1878
778 207
1969 1200
1275 965
299 659
323 778
1403 1275
1756 778
1734 778
1871 323
1559 1275
902 778
685 1275
1659 1559
1542 1559
45 1542
146 1756
490 1559
1527 685
1066 902
1525 902
404 45
927 404
100 1527
922 1066
1292 1066
1685 490
739 1525
31 739
728 927
838 927
1661 838
1435 927
1054 838
1140 739
802 31
49 1685
19 1054
1111 1661
1804 1140
315 802
1046 1054
840 1046
1847 1046
837 315
228 802
1165 49
317 1111
1432 840
1828 1847
427 840
1508 840
877 1828
640 837
1741 427
128 317
1345 427
833 1432
1511 1741
1893 877
104 877
1379 1893
866 640
1896 1345
764 833
1043 866
1870 1379
210 833
848 1379
1464 1893
813 1043
907 1464
424 1043
457 1896
556 210
1648 210
1862 1648
1854 1648
462 424
617 462
1323 1862
1472 1854
71 457
1253 457
1207 71
590 462
1355 1472
852 590
1959 1355
1126 1253
347 1207
235 590
1503 852
458 852
1447 1126
1231 852
355 458
1899 1503
1284 458
1038 347
1418 355
1029 1284
1906 1029
252 1899
1677 1447
1845 1418
1268 252
307 1906
1390 1677
769 307
1565 1418
388 1029
1343 1677
535 307
1716 1565
851 1390
1715 1565
509 1716
1408 851
447 1408
412 447
1859 1343
1579 1716
454 535
1698 454
1162 454
190 454
196 1408
621 447
1364 1579
259 196
1177 1859
5 196
1732 196
1577 5
1443 5
1642 1732
1293 1364
562 1577
1817 1177
1173 1642
1910 1732
1562 1577
1623 1443
1027 1443
1438 1443
1904 562
1491 1910
753 1623
1802 1904
119 1802
1555 1904
1597 1623
723 1555
923 753
1055 1802
1344 1904
1298 1597
1827 1298
1282 923
174 119
2 1555
1919 1344
149 1282
1590 1282
1639 174
1452 1344
1621 2
569 2
1056 569
1040 2
800 1919
1681 1639
1933 1056
345 1056
882 1040
1342 1040
919 1342
1825 345
1729 1040
179 1729
1314 1681
1772 1314
395 1729
1440 1772
1304 1314
1673 1314
1050 395
1586 179
1954 1314
1494 1304
598 1586
159 1494
570 1586
1265 570
1755 159
523 1673
1663 570
1098 1663
1811 570
1916 159
904 1265
756 570
1992 1265
1600 1265
1791 1755
397 1992
182 904
1279 904
761 1600
1391 1600
1427 761
1564 1427
650 1600
1605 1564
1459 1564
1362 397
57 650
1824 1427
694 1564
780 1605
111 1564
370 1362
1146 1459
279 1362
483 694
1948 1824
719 483
125 719
1093 370
1898 1093
1352 1093
1979 1352
13 1979
652 1352
1026 125
1523 1352
168 1352
666 125
940 13
437 13
853 1026
794 666
1237 168
759 437
287 437
627 1237
1851 627
775 1851
158 853
1632 287
1624 759
828 1237
890 828
1154 1624
1836 1624
318 775
854 158
661 890
836 890
636 828
1021 1154
613 854
875 318
1195 1021
1287 1836
1451 636
1204 836
112 875
1622 836
1325 1021
913 613
1411 875
801 1325
96 1622
1717 1325
1004 1622
858 1204
1356 96
1782 96
987 96
792 858
1714 1717
282 792
472 1714
1229 1356
703 1004
1557 1714
1747 792
1441 472
1841 1557
1913 1229
413 703
504 1747
888 1841
1545 703
1987 1441
988 1987
233 413
1509 1913
372 1545
1348 1545
1454 1987
865 1454
1052 1454
815 1454
1829 233
63 372
767 233
1213 1454
1490 63
316 1213
1863 815
740 1052
1457 815
475 63
155 1863
1421 1863
237 475
1380 1421
787 1421
973 155
1387 155
942 973
138 942
231 1421
751 231
1775 942
706 787
1061 1387
494 1061
1984 1061
359 942
157 706
623 1061
1701 751
1417 1061
373 359
1894 1417
727 1984
1320 1701
1085 157
667 1417
1300 373
958 1417
1539 1320
1234 1417
676 373
36 676
1089 1234
1635 958
288 958
957 1539
601 957
297 1539
1711 957
1616 1234
1892 1635
1758 1635
383 1616
911 297
579 957
328 957
341 911
1812 911
416 579
1363 1812
1370 416
784 1370
1664 911
232 1370
375 328
1946 416
69 784
507 1363
1730 69
1546 507
1736 507
465 507
1760 507
480 1736
1761 375
393 480
1930 465
32 480
1790 480
491 1790
1846 1736
1631 491
93 1790
829 1930
1582 1761
1764 1846
1450 1790
1588 93
1019 1582
1042 93
638 1019
886 1042
132 1582
806 1019
980 806
1506 886
1918 886
1049 1042
1573 980
1924 806
1798 886
1652 1573
721 1506
1668 980
1057 1652
338 1798
746 338
606 1798
212 1057
924 1668
622 1798
1574 622
1420 1057
1822 1057
425 924
1400 1420
616 746
199 616
1643 616
185 1400
976 1574
226 976
25 226
1487 185
705 1487
1461 199
1337 616
396 185
798 1487
1094 1487
1373 976
1774 1461
770 1373
1078 1094
664 396
321 1094
477 396
14 798
968 798
1157 664
690 770
1843 690
1466 690
1950 1157
195 968
645 1950
830 14
202 195
227 690
1718 1843
1136 1718
11 202
1159 1466
773 11
310 1136
121 11
567 310
1515 1159
884 773
48 1515
1653 567
722 1159
136 1515
334 567
1033 567
1439 567
1248 567
1603 136
1129 1248
966 334
134 334
1706 334
1611 334
921 1033
1100 921
677 1603
1412 1100
1402 1603
1446 1129
1634 921
672 1446
1124 1100
1980 1446
1110 1634
1309 672
293 672
15 1124
712 1446
1133 1980
1399 15
604 293
1175 1309
1405 293
1068 15
1333 1175
1873 1405
1633 1399
1792 1633
949 1405
1225 604
285 604
1425 285
985 1405
50 1068
1492 985
240 1425
135 50
791 50
73 285
954 1492
460 1425
1563 135
1576 240
762 73
1064 73
1310 1576
430 1576
862 1064
917 1310
687 954
1063 1064
192 1576
1722 1064
782 687
818 862
1881 687
831 818
1540 1722
1367 1722
573 782
834 573
1013 192
1296 831
1593 1013
239 818
1347 239
1358 1367
194 834
466 1593
1638 1593
467 834
1769 1296
1690 1769
1771 194
89 1638
1739 1769
1985 1690
248 466
1591 1771
709 1690
184 1739
594 184
1489 89
1614 1489
952 594
218 709
1436 184
1991 709
1967 594
648 594
1526 1436
1705 1526
1872 1705
557 1526
153 952
708 1872
118 1991
470 1705
599 1526
668 648
1689 557
1733 1689
612 118
264 153
1727 264
825 1733
688 612
161 688
934 668
1876 934
1589 934
744 264
1585 934
943 688
1476 1727
747 934
349 943
493 943
1321 349
58 349
920 58
932 920
779 920
1299 58
1986 58
649 1986
679 1986
1193 58
449 932
880 1193
453 679
1571 649
1997 779
1319 1986
1858 449
1171 649
1880 679
326 453
1264 453
117 1880
736 326
1781 1571
861 117
539 1781
1754 1880
1377 1880
1787 117
1455 736
1179 117
76 1179
1981 539
38 1781
193 1179
1697 1455
1261 38
937 1787
1786 38
843 1455
1578 1261
75 843
536 1578
148 536
200 193
1251 843
27 843
564 536
969 1251
1475 564
1587 148
526 1251
183 27
1185 969
1371 183
262 564
272 1185
17 1475
410 272
1424 262
714 17
586 526
406 262
139 1424
1396 410
995 272
1738 17
21 139
1190 1424
1748 1424
1288 1190
1797 1396
1422 995
496 1288
701 1396
1416 995
209 701
1923 1288
1167 701
1952 1288
1212 1923
1868 1212
510 496
478 1167
1161 1923
1823 1416
479 1923
1350 478
774 478
1513 1161
1596 510
488 479
939 1513
189 1823
1960 939
512 488
1245 512
1169 774
1255 1960
812 1596
1132 1255
1091 512
1153 189
631 1132
325 1245
1521 1091
440 812
896 631
842 896
1601 842
1532 1601
222 1532
1176 222
481 222
637 325
258 222
1141 1532
1156 1176
423 1156
1488 1532
1966 1532
1341 222
1949 1488
1936 637
961 1936
436 1949
419 1936
956 1949
1067 436
1481 436
1684 1966
106 1067
1520 106
879 961
615 1067
1682 1520
826 956
205 1682
1326 1682
1982 106
1669 1520
1257 1326
452 1326
859 1326
500 1682
217 1669
223 205
83 223
1964 859
1458 83
8 1669
28 217
1675 8
332 83
442 332
82 332
86 83
1679 8
1660 28
1978 1675
164 1660
1995 82
1429 1660
1158 1995
455 1679
1039 1429
1998 1679
482 1998
150 1660
1883 1158
1060 164
358 1060
589 1060
290 482
489 1883
360 1060
863 150
1203 290
1800 150
1785 360
1720 589
20 863
1645 360
1218 1800
1031 863
581 1203
4 1203
1666 1800
351 20
1088 4
930 20
64 1031
1541 1088
361 4
77 64
1123 930
459 361
1469 64
1909 1541
501 64
749 501
1743 501
1428 1909
955 1428
517 1469
846 1743
1445 1469
1656 955
1709 1909
731 955
671 749
1147 731
439 1445
1112 1656
1558 1656
895 1709
596 1558
339 895
1721 895
268 439
113 1147
1222 895
511 1721
992 895
699 511
741 895
1312 1222
1795 992
1778 268
505 113
160 113
1289 1778
1702 741
1820 699
1349 1778
1460 1778
872 505
1647 1289
1816 1460
1339 1702
133 1289
1994 1820
1941 133
1 133
713 1460
1510 1816
1266 1816
1805 1994
856 713
1423 1339
1382 713
271 1266
1462 1510
364 713
1406 856
1210 1406
313 364
