2000 1
1753 
927 1540
1631 927
1797 1540
318 1631
1554 318
1426 1631
1697 1426
576 1540
709 1697
1979 576
266 576
1406 1554
236 709
1270 1797
838 1979
307 1540
154 838
480 236
1689 480
669 1554
1839 236
187 576
1086 1554
1678 1839
1224 1086
951 1540
1249 266
10 1839
1611 1839
304 187
1245 1797
1168 709
1535 927
1711 10
52 1406
697 1711
1761 304
735 1697
1594 1711
1721 1540
1282 838
288 1168
1157 1554
1066 1631
1330 1540
185 480
546 1540
1081 1282
1076 1245
382 735
1064 1535
251 1066
1691 1721
1877 382
1766 1245
1727 1979
827 304
87 1721
268 1554
1353 1691
1538 1678
1257 576
813 1066
1378 1721
819 236
1134 288
1061 1134
1088 307
103 1249
1830 1877
615 1081
62 1540
17 318
1825 1877
74 697
867 1766
1403 1061
8 185
352 103
1704 266
1545 1064
1692 1594
758 1426
1521 1066
1187 1697
515 17
38 758
1111 236
80 10
1756 236
1664 1353
846 1088
1148 251
898 1538
379 1825
506 87
552 709
1078 1245
195 236
271 382
1092 506
1734 1148
182 271
486 1078
1682 195
140 1734
560 195
1643 182
212 1682
930 212
654 1092
1435 140
275 930
603 1682
1675 654
1096 212
1248 930
786 212
815 654
1953 1675
370 603
1144 1435
1841 1675
54 1953
1809 54
1864 1144
137 815
1551 370
1194 1551
1816 370
1230 1841
300 1144
183 1816
864 1809
1606 1194
1190 183
473 137
1835 1194
292 864
328 864
1075 328
1966 864
1857 1075
341 328
308 328
1898 341
999 341
1443 308
1817 1898
1029 308
98 1817
1520 1898
77 98
1906 1029
391 1898
148 1029
35 1443
1800 1443
457 1520
502 1906
857 502
1497 391
564 148
765 457
279 1800
1574 457
698 1800
926 564
1523 926
1126 279
969 1497
380 765
798 1523
1826 969
530 279
86 530
1095 698
599 530
1040 86
1723 86
1617 1826
6 380
1577 6
1117 530
1427 1095
1635 86
711 599
310 1723
533 1040
207 1617
768 6
321 1117
445 768
646 1635
189 1635
1755 310
273 646
1876 310
1258 533
121 273
797 189
1780 189
793 1258
915 793
1294 793
1462 793
15 1294
90 1294
521 121
426 797
1479 15
1576 90
1010 793
1858 90
436 1294
1508 1479
66 90
869 1010
690 1010
1995 1479
71 869
1288 690
1759 1995
1277 71
1763 71
1483 1995
1128 1288
929 1288
208 929
562 1763
1708 208
1529 208
1882 562
1197 1882
447 1882
147 1197
1917 929
102 447
1578 1917
33 447
199 1529
85 1882
1425 1578
1226 1917
1254 147
120 1425
1052 1917
1452 199
1454 1578
885 85
837 85
1525 837
531 120
845 1452
823 1452
1777 845
49 845
1207 1452
1080 531
1234 1525
1499 1207
1311 1234
943 49
1396 943
714 1311
1904 1499
1770 1080
197 1770
394 1499
1980 1499
269 714
1963 394
1013 269
1507 1904
601 1904
822 1013
932 197
900 822
877 394
753 601
339 1013
1779 601
809 900
1103 1779
775 900
1660 900
836 753
510 339
1177 836
1712 339
1557 775
1775 510
1167 1775
894 1177
250 836
1170 836
851 250
1860 1775
558 894
315 1167
1787 1775
180 1775
192 894
551 894
1442 315
76 192
396 851
496 396
762 76
1342 180
116 496
1575 192
1847 1575
1366 1847
323 496
108 496
1820 116
384 323
241 1342
984 1847
1889 1820
1059 984
878 1889
1609 984
1151 384
995 108
407 1609
1385 1609
1332 407
1828 1609
1974 1059
430 407
1901 878
1051 1974
772 1828
681 1901
1908 1901
168 681
1568 1901
826 772
63 772
1778 1568
1887 1908
454 826
1985 772
280 1908
1737 454
1062 1985
689 1778
852 1737
1174 689
731 1985
1458 1174
1488 1737
734 852
354 1488
1364 731
438 1488
135 689
910 852
1821 1488
920 354
11 920
1873 438
1968 438
487 1821
53 487
720 487
1699 920
1110 910
1612 1110
1555 487
131 1873
575 1873
374 1555
696 487
1018 575
422 1699
628 422
1948 628
504 131
636 1555
1158 1018
593 374
1941 628
1587 504
1676 628
925 1948
536 1158
707 536
647 636
356 636
82 647
645 1587
1108 647
623 707
706 356
346 1108
1007 536
1510 706
1373 346
708 706
1176 1108
795 708
1733 1373
570 346
1033 708
1475 570
294 1733
662 1033
133 1176
1666 1733
882 570
1656 795
1008 1475
1360 1008
806 294
494 882
1067 294
1016 133
1411 1656
1632 1656
1419 1632
485 806
344 494
1180 1419
1251 1419
644 1411
1537 485
913 1411
1663 644
972 1632
1541 485
1850 344
60 644
1725 1180
717 1541
469 1725
124 60
106 469
136 1850
1345 124
282 469
1514 60
1203 469
1912 1514
1284 124
1785 1345
1089 282
1327 1785
1359 1327
65 1203
1765 282
111 1284
1677 1327
559 65
1561 1677
1344 559
1220 1359
791 1561
868 1677
733 1765
968 791
188 1677
907 1220
957 1561
917 733
754 1220
627 733
441 907
973 868
1333 957
1395 917
787 627
1730 627
971 1333
635 917
1099 441
403 1730
194 441
996 971
948 194
1478 1395
642 635
1021 1730
186 1099
1915 996
1829 1099
1293 1478
1266 1478
1774 1266
856 948
522 1021
1806 1915
650 186
818 650
1930 1266
395 650
1019 1774
1945 522
460 1945
956 1945
906 1806
967 650
1184 1930
1127 1930
1379 395
1879 460
803 956
889 803
402 1127
663 1184
1713 1379
1193 1184
895 889
1361 895
763 1879
961 1361
761 1713
458 761
230 761
1853 663
196 230
865 230
184 1361
1043 230
671 458
429 961
1534 196
361 458
4 1534
1739 4
1481 184
1109 429
1324 361
1792 1534
1597 671
1090 1792
525 1109
1060 1481
1726 4
1132 1090
953 1060
1356 1726
91 1356
1914 1792
373 1914
1939 1356
1502 1939
1286 1939
1776 1939
110 373
986 953
1818 1356
998 110
977 998
1556 986
892 1286
1923 1776
1431 1556
1613 1431
1891 110
630 998
993 998
169 1613
1363 1613
349 993
1101 1923
1389 1431
581 630
1706 169
1202 1891
1938 349
492 169
1094 1938
433 1094
649 1938
954 1101
537 954
1823 954
1943 649
1432 537
788 492
338 492
1999 338
159 537
1429 1823
817 954
547 1943
1486 1999
272 1999
1074 547
736 817
5 1999
1456 5
191 1486
1238 1486
1843 272
1680 547
291 1843
1888 191
331 291
20 1680
456 20
935 1843
1745 1238
224 456
1993 456
1893 1680
1743 935
1956 1993
1291 224
1260 1745
988 1745
284 1291
520 1745
1047 1291
528 1743
1133 1893
200 1956
393 1956
1653 520
45 988
253 393
1786 520
468 253
1068 200
769 45
369 45
1492 468
617 1492
109 1653
46 109
40 109
1526 468
1083 1492
1296 617
44 1083
145 1083
1494 1083
210 1083
36 44
1027 1526
719 1494
600 44
158 1494
712 158
675 158
335 1027
21 335
1490 36
1805 600
950 600
1295 158
1579 1805
651 335
1329 335
138 335
1218 21
923 138
1767 1218
1796 138
1265 1218
1599 1295
1044 923
1764 1796
1114 923
666 1764
975 923
1071 923
1255 666
790 1265
1746 1114
755 1114
1124 755
479 666
1848 755
1539 1255
1544 755
724 1848
1964 1124
290 1848
151 1848
1683 1544
330 1544
1495 1544
553 1848
79 290
3 79
1895 1683
529 151
1468 529
1459 1895
1244 330
493 3
143 1895
1407 1468
1022 1895
233 1895
859 1244
561 493
1741 233
1899 1741
1241 859
1261 493
1630 859
965 859
1976 561
84 1899
1014 859
1404 1741
812 1014
23 84
955 965
1637 1976
372 1630
1625 1404
802 1637
683 1637
1290 372
1925 1290
1217 812
1009 1925
160 1625
629 160
881 1217
497 1217
595 1217
538 683
655 1009
1461 629
355 595
1189 538
588 1189
782 881
829 881
1636 1189
1603 782
745 829
1987 782
1464 829
449 1189
997 782
902 1464
1038 997
314 1603
680 1987
175 680
130 745
725 175
1350 130
1619 175
1627 680
535 1350
1695 725
732 175
1216 1350
1122 1216
598 725
1958 1122
1517 598
358 535
638 1627
1369 638
1868 638
88 732
95 1122
728 95
677 598
652 638
1996 638
1548 95
462 1868
1927 1996
337 1868
1287 728
549 1927
1325 677
586 677
1149 586
1772 1287
174 1927
1143 1927
1870 1149
1272 1287
128 1772
209 1149
1798 174
459 128
301 1149
404 1798
879 1870
579 879
1586 459
912 1586
1894 404
287 579
1789 1798
958 879
749 1789
406 287
1686 1789
1198 1686
1072 1198
821 1072
1269 406
27 406
945 1686
938 749
1580 406
979 1686
1546 1580
1937 979
1639 938
519 1937
539 519
105 979
1073 1546
1322 1639
1164 539
1838 1164
1185 1322
1123 1073
565 1164
964 1838
1758 1322
664 1838
1387 1322
9 664
1969 565
1988 1123
1542 1758
1965 1758
1112 1387
1754 964
1581 1112
567 1965
1867 1387
1954 9
1585 1954
746 1585
1705 567
848 1965
1077 1867
1370 1754
773 1954
240 848
523 1585
490 773
1827 240
1536 746
1304 773
686 773
498 1827
582 1370
589 773
785 498
1880 686
146 1880
1346 785
1931 589
1742 498
597 686
313 582
1159 313
270 313
231 270
1760 1159
1320 146
499 1320
796 1742
816 499
347 313
213 231
814 347
590 347
1319 213
114 1320
1315 347
1957 213
1436 814
1584 1319
1751 1315
987 1315
431 814
831 1584
220 1957
1940 831
222 431
1693 220
594 1584
685 1751
1732 431
1384 1732
1512 594
921 1512
572 685
1152 1384
884 594
365 884
922 1732
640 572
1065 640
302 922
1482 640
129 365
557 572
1225 884
1596 884
1527 129
367 1596
1646 1482
934 1065
872 1527
97 129
1156 934
1120 934
1438 367
756 934
1487 1156
1169 756
399 1156
420 97
702 1487
1802 420
833 399
1569 756
1367 420
835 833
324 420
1302 1367
687 324
1105 1569
555 687
591 1569
571 1367
68 1302
32 591
1317 591
100 32
1371 68
1936 1105
1989 1371
59 591
1736 1989
1183 1317
875 59
1418 1183
216 875
1307 1989
193 1989
64 1736
238 1418
784 1307
625 238
1670 193
161 193
1872 784
1390 784
1082 784
692 1082
412 1670
125 784
1504 784
286 1872
16 412
245 1082
232 692
411 1504
1377 692
416 412
1281 286
465 125
1417 245
976 411
1649 416
263 245
783 465
1788 1649
1053 263
61 1649
804 465
568 804
641 976
1960 1649
453 783
1279 804
1484 1788
1430 1960
1855 61
179 61
1840 641
298 1960
1030 453
167 298
107 453
699 179
1795 298
544 1795
511 1855
1657 1840
1196 544
1665 544
1717 511
474 511
941 1795
1531 1717
1450 1665
1489 474
1142 1717
1271 474
545 1665
488 1717
295 1142
1975 1271
1524 1450
1616 1524
1804 1489
401 1142
847 1524
771 401
1511 1524
1762 1975
1434 1616
96 1434
1698 771
1463 1616
1172 1434
1368 96
1415 1463
13 1511
1155 1172
1433 1155
1801 1415
1528 96
1057 13
467 1528
800 1433
322 1415
721 467
1934 467
661 1057
444 1801
924 1801
991 800
794 661
743 794
34 794
653 743
47 991
350 444
1087 794
737 991
421 34
1476 737
1414 737
1352 1087
612 421
1715 653
1881 350
1223 350
351 1087
893 421
1188 1476
1460 1476
1886 351
849 351
911 893
658 1886
484 1223
1978 893
890 1886
620 1188
1049 849
1910 890
1042 484
1753 1049
1179 1042
1961 1049
573 1961
1145 1049
1140 573
466 1140
1558 1961
1306 1961
495 1179
1532 1306
51 1558
524 1306
1400 495
285 524
37 1400
1718 495
1056 1718
334 285
1273 1056
123 1400
1543 334
18 1400
181 1056
1024 1273
1227 181
141 1543
1688 1024
1334 181
1485 1688
423 1688
952 423
1667 141
903 1688
278 1227
1121 1667
1549 1485
389 952
360 903
684 1121
257 423
155 1667
31 1549
1720 257
1397 1121
1424 155
767 684
631 360
281 1720
1719 257
1004 1720
1079 31
1118 1719
1455 1004
437 1455
1607 631
853 1455
115 437
419 281
1871 1004
1 1118
1017 1079
1445 115
1347 437
730 853
792 1445
942 1017
778 1017
1862 1871
1567 1
1633 730
1642 1347
481 792
1920 1642
1949 942
397 942
840 1633
1247 1633
1316 1633
563 397
1629 1316
962 1247
1116 1316
73 1629
556 563
142 556
242 142
1907 1247
1812 962
1421 242
1714 1907
99 73
1516 142
442 142
418 142
1000 442
1192 442
249 1907
371 1812
1583 1421
1811 1000
452 371
518 1192
1892 371
381 452
48 452
1199 371
1213 1583
861 1583
807 1213
1588 518
1214 1588
1854 1214
1911 1892
918 381
434 807
834 1588
326 918
483 918
1849 834
390 834
1926 1849
1163 834
377 390
1321 326
1942 377
609 326
1822 1926
1707 390
978 1163
327 1321
471 1942
1573 377
1141 1573
1982 609
223 609
443 1707
1515 223
132 1141
198 1982
1465 1515
1863 198
1365 132
342 1365
1687 198
512 1465
1473 443
1842 1465
596 132
1229 342
1784 1229
1354 342
622 1354
1173 1784
1054 622
1782 512
1276 1229
1028 1842
862 1782
1211 1354
1615 862
1026 1211
378 1615
507 1028
933 507
170 1782
744 1276
1451 1211
1628 1211
1977 744
781 507
1783 1451
668 1628
56 1783
1861 668
385 1451
543 1977
874 543
1182 668
83 385
1376 668
156 1783
1242 385
190 874
262 1376
820 190
1305 1242
22 190
1106 1182
1474 190
1813 22
532 1242
366 262
1921 366
1195 1813
774 1474
202 532
1252 202
1668 532
1564 202
1905 1564
1799 366
1268 1252
1449 202
1453 1905
688 1252
578 1799
752 1564
139 688
439 752
1998 1799
621 752
1283 139
67 139
1309 621
388 621
1357 388
1530 439
1084 388
1448 67
842 1084
104 1448
542 1283
482 104
1025 842
311 1530
1037 1448
255 1037
974 1084
387 311
1645 542
1410 1037
1374 542
1063 1374
1501 1063
329 1063
448 1037
715 448
1191 974
293 1374
41 329
178 293
1885 1374
1807 715
1634 1807
1658 715
225 178
1386 41
1681 1386
1562 1681
299 1885
1791 1885
994 1681
587 994
204 225
1620 1386
1221 1562
1039 994
780 1681
264 1791
72 1221
830 780
1909 1221
234 264
432 1620
713 780
1916 264
1651 1916
602 1651
1856 1909
1412 1856
1491 1651
203 602
343 1916
1846 432
1808 602
297 1651
1710 1651
1981 1846
1552 1856
1153 1412
866 1153
1833 343
228 297
760 1846
211 228
1405 1710
1595 1552
665 1552
2000 1833
1570 866
577 211
1590 665
764 1595
501 760
1150 764
1654 1595
946 501
695 764
886 577
626 886
1986 946
413 1150
1851 764
751 946
605 1654
1058 626
267 626
1002 886
880 267
1102 626
1336 751
808 1058
1239 880
983 1058
534 1336
446 534
1446 534
217 1446
1422 808
1212 446
1924 1212
1154 1924
919 1446
1694 534
673 1694
509 217
1181 1924
1035 1422
1209 673
1472 1154
1884 1181
1409 1181
1674 1884
1423 673
1618 1674
332 1181
1648 1035
1466 1674
740 332
1113 1884
1591 1423
149 740
747 1466
75 149
1165 1648
1069 332
850 1113
1278 1069
674 1278
69 149
843 850
1929 850
1550 69
1875 1165
1932 1550
55 1278
1500 55
1275 1929
362 69
1903 1500
904 1500
26 1929
1178 904
1341 1275
1845 26
1992 55
340 904
1166 1178
1129 1903
1902 1903
163 1902
491 1902
1391 1341
206 491
455 206
897 1166
694 340
12 694
254 206
841 254
317 1391
1563 694
1208 694
928 206
1883 897
863 1208
205 863
1749 1563
1560 317
888 863
463 317
472 863
1388 1883
1267 1388
1592 1267
937 888
1972 888
1228 463
1951 1228
526 1228
574 937
14 1388
1119 1972
1673 526
78 937
1752 78
1728 1228
144 78
1250 78
616 1728
908 14
701 78
757 144
766 616
1107 144
475 1752
678 1250
748 144
1263 616
899 908
7 766
172 678
312 899
750 1263
1138 1107
94 172
667 172
1650 748
1131 667
1638 1138
1519 667
1416 94
891 94
1623 1131
1471 1650
427 1650
1259 1638
982 1623
585 1471
289 1623
722 1623
1703 982
1125 891
43 585
1990 1125
229 1703
1744 289
1337 43
810 229
916 289
1793 1744
415 1337
1496 1990
643 229
1866 1744
1215 1496
152 1337
705 1496
150 415
1922 643
1045 1215
1349 152
1264 705
1477 1349
569 1477
247 705
165 1477
348 705
710 165
1210 1349
1289 1210
1392 165
1031 247
1041 1289
554 1031
1928 1210
1865 1392
637 1210
1559 1210
613 1559
1136 637
428 1136
1262 1559
112 613
1589 1559
508 613
824 1262
855 428
718 508
1003 1589
1162 1136
1837 1162
177 1589
716 1837
940 1589
1757 824
319 1162
1614 177
936 1162
1048 1837
1690 177
260 716
435 1757
1314 940
1970 260
858 260
1750 1314
1300 260
691 1048
357 435
127 1690
261 1314
19 691
1944 1300
215 1944
1439 1300
1104 19
1200 691
1832 357
700 1439
1402 19
101 700
634 1200
1983 634
1814 1832
1428 1104
1498 1832
1640 1428
633 1814
1593 1498
375 1983
1381 1498
980 634
801 1640
1819 375
1655 1381
1297 1593
1393 1655
516 980
779 375
1831 1655
1622 980
1652 980
1952 1831
277 1652
353 1297
400 779
1582 1652
1959 353
981 1952
1955 1652
1493 1652
527 1955
1235 1582
1503 1582
1437 353
1175 1235
1382 1503
1626 527
1702 1382
1280 1503
1440 1493
1794 1437
1624 1794
1323 1626
58 1382
296 1175
1147 58
451 1702
306 451
618 296
604 451
1358 1794
1201 604
1372 306
1946 604
1641 296
580 1147
1240 306
1298 604
1161 1372
944 1641
408 1372
608 944
514 580
368 608
1233 514
162 408
117 162
409 1161
1231 514
873 1231
726 873
639 726
1913 368
648 162
1413 1231
176 726
93 1913
584 639
1900 1231
126 176
1740 639
246 1740
1768 1413
477 584
990 93
1338 1900
1547 1768
632 584
1351 990
414 1338
316 246
1844 414
854 1547
742 1547
1897 632
672 1351
513 672
164 632
1312 1897
1815 316
1362 742
949 1897
1947 1362
57 742
1237 1897
1610 1312
905 164
660 1237
1672 660
70 1672
1001 905
221 1237
345 1237
1659 345
939 221
227 221
265 939
1509 265
1285 70
811 1659
1738 1509
1834 939
1246 345
1553 1246
1139 1553
1292 265
1020 1139
92 1020
1394 1553
239 1020
960 1246
844 92
303 92
970 1139
1724 303
1824 970
417 92
896 303
503 417
619 1724
1380 619
611 1824
550 619
1441 550
1662 503
1340 550
171 619
614 550
1731 503
741 550
1513 741
153 1340
1328 153
548 1340
1859 1731
931 1340
1700 1859
325 1700
1100 931
252 153
440 1859
1604 548
1644 440
1600 440
607 1644
659 1600
1171 1100
1572 1604
870 440
1469 607
966 659
1085 1644
235 1469
1070 235
258 1171
1383 1171
1012 1383
739 966
283 870
541 1070
166 739
333 166
540 739
489 541
276 739
1115 739
871 541
50 871
81 540
1522 1115
1232 50
1398 81
1935 489
1602 871
1962 50
28 1115
1967 28
1137 1962
1015 1962
1533 1602
738 1015
947 28
320 947
1326 1962
704 947
1771 738
30 320
1671 1326
1669 704
1098 1671
759 1671
1647 1098
89 759
464 1671
1036 1771
1467 464
887 1669
1006 1036
201 464
1343 1006
424 1036
1401 201
1598 201
963 1467
405 1006
1408 887
1661 963
244 1661
682 1401
1023 405
363 424
1355 1401
1097 1661
883 1023
1308 244
425 883
450 1308
113 1023
1310 682
118 1308
398 118
1566 1097
1222 1308
173 1308
657 398
1091 425
1971 657
1032 1971
119 1566
336 1222
592 1091
1608 1971
1773 1091
1050 1091
1301 592
410 119
989 1032
1781 592
237 1301
309 1781
583 1781
1933 309
1571 989
1331 410
1186 989
1055 410
876 237
392 1571
1303 392
1890 1571
606 1571
1219 392
226 876
1997 226
1919 606
1253 226
729 1219
1375 1919
1274 606
1810 1890
1011 1810
985 1253
825 985
259 1810
478 1919
1135 1810
789 259
1313 259
1722 1135
1973 825
777 259
1709 1722
214 777
901 777
566 901
1160 1135
776 1973
1348 901
1034 901
517 901
1735 777
959 901
860 214
693 1735
42 776
1339 860
1701 693
1852 517
305 42
624 517
1601 1339
1518 860
1869 1601
1994 624
1729 1601
1716 1339
134 1518
1621 1852
1878 1729
476 1601
679 1878
1984 1878
274 1994
1480 679
386 1984
470 679
1146 476
256 1621
1769 476
1605 274
1457 679
1399 1146
1565 256
1747 1480
1470 1747
219 1457
1950 256
914 1470
1335 1747
218 1470
505 219
1803 1399
24 218
39 1335
1748 914
799 219
461 799
364 1748
1874 505
1790 24
1696 1748
1896 461
1685 39
670 39
1444 670
1684 1896
1256 364
770 1790
1420 1790
1918 1685
383 1256
157 1684
243 770
248 243
1505 1420
29 383
500 383
1836 1505
1204 1836
1005 1836
1046 1505
676 1505
610 676
723 1505
1318 1836
122 610
828 723
909 1318
2 909
1991 828
656 1318
1130 122
1205 656
1093 723
376 1318
1243 1205
1447 828
25 909
1299 25
992 1205
1236 1447
703 376
1506 376
839 1093
359 703
1206 25
1679 992
805 25
727 1206
832 805
