2000 143
367 642 1480 1578 321 5 1483 1448 1791 1378 608 569 1012 1815 1802 519 1965 291 1404 539 1040 779 181 945 1881 879 844 1795 783 997 1746 1188 1805 988 756 316 1983 1787 1491 809 1287 1832 1469 133 262 1327 1507 757 144 107 150 1325 1584 1204 827 803 927 1781 847 1268 1365 363 135 634 926 1192 9 1882 494 805 208 855 657 319 1585 1767 1797 1137 704 1344 1244 1408 578 1116 1763 1920 1666 1840 280 1985 1134 923 20 1267 585 1157 238 1844 1851 1073 593 1857 947 917 423 441 435 1928 72 750 1947 1675 1839 163 1957 1874 309 1276 908 1751 800 1440 61 404 1132 1766 669 963 982 261 1541 1888 1545 771 1470 16 1625 1968 653 431 137 975 1962 
280 1911
717 280
1428 717
1664 717
899 280
677 1428
1259 1911
803 1428
1599 717
1205 1664
879 899
179 879
1562 1911
605 1664
708 1911
158 1205
910 1428
861 1259
503 158
1558 179
180 1428
1740 179
420 280
518 1428
1232 708
320 280
626 180
1757 320
1277 1232
1080 1259
499 717
1760 320
415 1911
702 1740
842 180
412 1428
990 702
524 179
1738 879
602 503
630 626
1720 1740
608 524
1135 1738
453 320
1499 1760
1881 861
82 518
689 677
1853 1738
448 1738
28 499
1348 717
1969 1259
1645 1205
487 1259
832 899
1628 453
682 803
1828 990
1513 453
977 879
1971 702
228 1232
786 487
1265 415
1840 702
1672 1265
745 503
1809 524
1977 412
284 803
205 608
1692 745
543 977
424 518
1561 1969
35 1561
1724 1720
1992 682
1104 35
750 179
612 1428
829 35
341 1992
890 341
794 612
1603 829
34 1603
821 1692
66 750
1597 1992
1942 487
225 602
1121 1720
1075 424
170 179
1153 320
125 612
388 1969
679 388
148 125
1567 1153
1729 225
300 148
1310 1153
1758 1310
1826 1758
1299 125
1474 148
865 300
4 1567
752 1299
1296 1474
102 1826
728 752
1461 1474
1360 728
1091 1360
561 1296
668 561
1035 1296
1563 561
536 728
76 561
530 728
642 76
1196 668
19 1091
1511 668
346 668
340 530
428 1511
956 1196
8 956
65 19
655 1196
432 1511
719 340
510 428
304 432
640 510
490 640
282 304
425 282
1361 432
1954 1361
671 510
1051 640
1397 1954
1388 425
460 425
1179 1954
716 1388
1408 1361
214 1388
809 1179
830 460
963 1408
402 1408
686 963
1586 1408
948 402
1479 686
1278 1408
1796 1586
1173 963
1813 402
790 1586
476 402
356 1796
1778 1173
249 1813
1741 356
281 1796
328 1813
888 1741
9 1778
107 281
1921 356
1823 9
1845 9
1811 9
800 1741
751 1845
1086 1921
1631 9
1384 107
202 107
871 1086
993 871
1965 1845
1251 993
1295 1086
222 1965
1048 1295
1049 1251
1856 1965
1753 1048
421 1753
1501 1049
376 1753
78 1295
1344 1501
367 1344
1711 1049
1590 1856
1421 1590
1938 1421
1134 376
810 367
1683 810
394 367
1079 1590
347 810
1525 1590
1986 394
1293 1421
1275 1525
496 394
730 347
700 1275
1287 496
123 347
1019 1275
1920 1293
576 1920
2 730
1532 1275
1274 123
1783 700
517 1274
256 1783
146 256
1431 517
1477 517
1379 1532
333 1783
69 1532
553 146
138 1431
1062 146
236 256
814 553
1679 333
84 333
1009 333
310 69
1576 236
469 138
416 1576
785 469
1956 416
200 310
175 785
962 1009
698 200
657 200
598 698
1096 469
1712 175
1492 962
1447 200
286 1447
1512 962
209 1096
96 598
1871 1512
1622 286
1858 209
1472 1871
457 1472
465 1447
946 1622
1033 465
848 96
544 465
1604 1871
1217 457
1785 544
1835 848
1694 1217
1717 1694
972 1835
1930 544
1726 1694
1744 1694
198 1717
1460 1835
969 198
110 1717
173 1717
74 1717
931 1930
32 969
539 1726
118 969
1638 539
296 539
232 118
399 1638
1061 74
216 74
1626 216
603 1626
210 603
1509 1626
1189 399
1761 399
364 210
1960 1509
1491 210
604 364
920 1509
1770 1189
1507 920
1556 1189
1623 1770
601 1507
372 1491
854 1556
673 1491
1335 854
565 1556
275 372
87 1335
1028 673
115 372
1865 854
1842 275
940 115
862 275
132 1028
162 275
663 940
661 115
1657 1842
295 162
831 940
1529 661
484 1657
10 1529
97 484
834 831
1773 831
1801 484
382 97
1249 831
86 382
1464 10
419 1773
979 382
375 382
1088 834
916 1773
1401 375
799 1088
329 1401
1405 419
1934 1088
1589 1405
1235 329
1200 799
303 1401
1629 799
104 303
1635 329
685 1635
1817 104
1129 1934
718 1635
1170 718
440 685
1370 1629
1463 1370
1101 1170
289 440
563 685
92 563
131 1463
659 718
1904 563
784 1904
902 1101
408 1463
1867 92
276 1867
57 92
153 408
1701 276
1912 1867
1286 1867
451 57
21 1912
199 408
726 276
1316 276
101 57
1233 199
1255 1233
1223 1255
237 1233
1456 1316
767 101
575 1255
1376 237
1434 1456
478 575
327 767
315 327
556 237
1198 327
285 556
676 327
687 1198
1238 478
109 327
185 327
81 676
54 687
1669 1198
1194 1198
1836 1238
474 109
1708 474
549 109
482 1836
369 54
1050 474
1007 1194
581 1007
1943 1836
580 474
1087 580
1450 580
251 1050
1485 369
1040 1087
1389 1040
1524 1450
1339 1524
697 1040
245 697
422 1339
30 1450
826 245
498 1524
370 1339
291 826
850 498
913 370
1746 30
25 422
1855 1746
1584 498
791 1746
22 791
618 291
535 291
1171 1584
1412 618
1068 1412
486 1584
1327 22
381 535
1229 1068
949 1171
1183 1171
1705 1183
1647 1229
766 1068
1391 1647
1307 1647
1298 1183
1036 1307
1001 949
349 1298
1182 1647
609 766
1790 1307
135 1790
1841 1307
1032 1298
650 1298
1955 349
1209 1032
50 609
1843 609
738 1209
233 1843
1143 1955
1483 650
231 1483
1208 1955
248 1209
106 1208
1184 1483
560 1184
1329 738
1013 1143
1534 1483
649 248
1755 1013
426 1329
1523 1534
1967 1523
1660 1329
302 1013
1743 1660
571 1967
1362 302
1413 649
675 1523
1478 302
982 571
851 1478
378 675
390 675
161 390
1350 378
1548 675
67 1478
1923 67
1230 1478
330 851
1081 378
196 1548
889 330
80 161
317 889
1766 1548
1808 67
936 1230
1411 889
48 889
1632 48
859 1632
586 936
812 1632
1854 859
1225 936
456 1854
1776 936
1833 456
1311 1776
1847 1833
269 586
664 812
168 812
213 664
773 1847
1596 773
443 664
1300 1847
1982 1300
1706 443
824 213
923 1706
976 213
620 773
368 1706
147 1596
91 824
1004 923
1896 620
845 1706
778 824
1774 1004
445 1004
1905 620
176 778
294 445
1280 294
429 845
1022 1905
191 845
930 445
29 176
515 930
611 930
1227 515
1646 1280
406 1646
272 191
595 1227
678 1227
1574 611
1866 515
136 678
1506 1227
1341 595
1108 1866
1863 1866
748 1108
1071 136
1120 678
533 1071
261 533
938 136
1637 748
1804 1341
1392 1120
493 1637
619 938
193 493
558 1637
1396 533
3 1804
223 1392
1585 558
1294 619
297 558
634 1294
1540 558
1092 1396
768 558
1166 634
970 1166
876 1540
1242 634
1373 634
455 1242
1337 634
1756 1337
203 1756
1970 1373
757 1373
1438 455
1201 1970
64 757
14 1756
358 1337
1044 64
1749 1438
614 757
1021 614
926 1021
417 1201
324 358
56 14
792 926
5 1749
1902 1749
933 56
1742 1021
1673 324
93 324
1825 933
1907 56
1937 93
841 1825
952 5
1354 1825
501 1937
1082 1907
1600 1354
1848 1354
980 1848
1418 980
1159 1848
849 1848
922 1600
1580 980
266 922
881 1159
1518 922
747 266
446 1580
116 922
1780 922
927 849
566 446
1627 1580
1484 747
1530 1627
806 1780
1076 927
528 566
262 528
516 806
108 1484
238 528
1553 1484
742 516
126 1530
44 1553
362 742
1387 742
395 238
733 516
740 742
1668 238
1802 126
1282 740
1545 1668
1017 1282
1500 740
743 1387
1979 740
1440 1545
801 743
1145 1668
201 743
1768 1500
984 1145
1333 1440
868 801
758 743
1579 801
1165 1768
573 1579
1111 573
171 868
892 1579
1819 573
866 1333
1630 866
1270 1579
1234 1165
885 1270
1994 866
386 1994
423 1270
988 423
1449 386
1213 423
1526 1270
1860 423
1827 423
764 1860
242 1827
1520 242
1073 988
1775 764
554 1775
1900 1775
169 242
335 1900
921 1073
278 242
951 169
1689 554
473 278
1312 473
1539 1900
1410 1539
1557 951
753 1312
16 278
1066 1539
1052 753
323 16
31 473
1161 16
1625 1066
206 1410
401 753
1489 1052
818 323
723 323
1807 401
338 206
326 1807
622 1625
1416 723
1264 338
813 401
1926 326
1313 1926
1870 338
1666 338
60 1666
1462 1416
882 1926
1064 1462
780 1666
610 1926
1306 610
1403 1870
1258 610
1734 1258
1352 1403
680 610
1322 1306
449 1403
190 1352
1206 1306
1157 680
355 1734
1944 449
1852 1944
995 190
997 1157
1996 449
1369 190
631 190
1687 995
992 1996
17 1996
354 995
1899 1369
737 17
1789 1996
1537 737
720 1899
525 631
450 525
1765 1789
1620 450
836 737
1608 1899
587 720
1732 587
722 450
389 720
531 1620
1106 1620
1682 722
1681 1620
1883 1106
1018 1106
744 722
1670 1682
1714 1682
684 389
177 1681
1973 1682
1038 177
935 684
1810 1973
1887 935
898 1670
1651 684
1497 1651
782 684
532 782
1787 1810
504 1887
1568 1497
441 1568
1260 1651
1375 1260
1591 532
1728 1568
1127 1375
925 1375
1340 1787
1420 1340
1966 1340
155 1375
725 155
1702 1728
1614 725
860 1702
1133 155
241 1420
114 1614
991 241
1102 860
1181 1133
1601 1614
142 1601
1342 1181
1454 1601
1595 1133
724 1595
472 1181
597 724
1475 142
1119 1181
442 1595
817 1119
1504 1454
480 472
965 480
113 1504
15 113
1935 480
1069 1119
1948 1504
1644 1069
807 1644
1751 807
1592 1751
1861 1592
1786 1861
674 1751
958 1069
270 1751
365 807
1099 1592
692 1786
1093 692
348 674
1457 692
857 692
1113 1457
1214 270
464 270
259 692
583 857
384 464
165 583
1849 1457
955 1214
88 1849
1116 1849
1850 165
1058 1850
1005 1058
552 165
188 1849
1386 188
314 955
808 1005
1442 1116
1481 808
636 552
1000 314
1072 188
1417 188
189 1481
1393 1442
1946 1072
1878 1000
1188 189
470 1481
119 1072
919 1946
1949 1878
1929 1949
584 1878
292 1949
1169 1929
293 1169
1002 470
1663 1169
1107 1929
537 1107
855 293
985 584
229 1663
1781 537
1374 229
299 1374
1243 1781
1793 1107
128 985
709 985
546 1374
644 1243
1892 644
334 709
1065 709
953 546
736 1243
1283 1065
1163 709
825 1283
974 736
934 334
1100 1065
1879 1283
339 1283
1716 825
550 1716
896 1283
1745 974
1829 1716
1437 1745
572 1100
1782 1437
100 572
1321 1782
1015 1829
1070 1321
1950 1437
838 1437
1895 1950
1237 1950
1210 838
512 1015
447 100
33 1070
989 1015
1228 1237
154 989
253 1228
1909 447
1771 1909
1795 989
1455 1771
1236 1455
541 1909
827 989
6 253
771 253
632 771
53 1909
1736 827
1358 53
129 771
652 53
1893 652
599 827
1633 771
489 53
124 1893
1480 599
51 1736
1024 51
895 652
633 895
1110 489
357 599
1059 1024
1345 1480
1988 1024
1174 1480
1008 1059
870 357
263 1345
405 1008
887 405
1244 1059
1351 870
1118 870
715 1174
112 870
1429 887
1029 112
846 1429
1158 887
1806 1158
316 1118
774 715
658 1158
994 658
590 112
711 994
1839 590
24 711
823 658
1875 823
1947 24
1578 1875
1547 1947
1074 1578
1522 823
1762 1875
1254 1522
1037 1547
520 1875
1246 1762
55 1547
1582 1522
651 1246
1886 1037
27 651
1279 1037
856 1037
1897 520
706 1886
1224 651
1772 651
710 1772
321 1897
1353 710
1 710
331 1
1422 321
1266 1353
234 321
1989 1224
1812 1772
1124 1812
653 1989
1349 1422
693 1812
1147 1422
1346 1349
1927 1124
235 1989
815 693
1231 1346
1735 1927
492 815
1144 492
1818 1346
777 1231
1959 492
1324 1231
1323 1818
954 815
1572 1324
1844 777
1318 1959
1722 954
218 1572
1674 1324
467 1572
1655 954
290 954
1031 290
85 1318
502 1722
23 85
494 85
957 494
255 502
1851 290
639 85
434 494
1177 1851
1466 639
1974 255
900 255
1057 1466
139 255
839 1057
163 1974
1222 1177
273 1466
567 1466
36 1974
103 36
90 1057
761 567
1877 36
805 36
1516 1877
1759 805
1290 36
1799 90
669 90
1424 669
1043 90
59 761
436 1516
557 1043
1684 1424
1815 1759
1918 436
903 1918
1834 903
559 436
1055 1815
1754 436
1703 903
781 1055
696 781
1289 1834
1117 696
1114 696
479 1289
83 781
219 479
654 1754
130 1289
1908 781
703 479
1665 654
1536 654
914 479
1394 479
915 1908
1276 654
167 1394
1569 1276
960 1908
1320 960
1544 1665
309 960
1560 309
1030 1276
1425 167
819 309
594 1560
1034 1320
1737 309
1932 594
1465 1932
707 1932
1301 1030
1042 819
1045 707
1573 1465
907 1034
94 1465
874 1042
592 1932
1469 1045
46 907
886 94
1648 886
313 1045
283 907
894 874
174 592
1162 894
318 1162
322 174
1831 318
1010 886
1226 313
691 1226
1137 894
1097 894
1273 1162
681 691
1164 318
966 1226
140 1273
596 1226
1220 1137
507 966
1090 507
1606 966
250 1220
468 681
1402 596
1138 1606
1609 1138
527 1609
1156 1090
877 1609
1983 250
797 250
519 250
1240 1156
1470 527
1271 877
224 1609
151 877
178 224
1697 178
1404 1983
1140 1240
149 1140
1380 1240
342 1697
1415 224
1292 1415
1552 1292
1398 342
240 1552
1308 1292
1261 240
578 1552
585 342
18 1415
670 585
1176 585
371 1176
1084 1308
872 18
1331 18
905 670
1981 905
1634 371
1267 905
1190 872
775 1176
1471 775
998 1190
1016 1634
221 1016
79 1190
1914 1471
475 998
1662 1914
160 1471
1486 79
858 1471
1607 79
1505 221
968 1486
1378 160
564 1378
1128 858
864 1607
1972 1607
1448 564
1791 1505
1764 968
1150 1128
1975 1448
1083 1975
1696 1150
1885 1791
43 1448
150 1791
1451 1975
1993 1791
2000 1764
901 1696
1933 1083
1868 1993
793 1868
1443 1993
1624 1933
978 1451
1575 1451
166 901
1368 1443
506 1624
1641 166
788 1868
1063 1368
574 1575
1439 1575
1085 506
307 1641
713 1641
1473 788
1191 1641
971 574
1309 307
947 1309
1395 307
1302 971
1510 1395
212 1309
182 1302
1078 1309
986 1078
1987 971
1382 182
361 1078
1598 986
471 1987
772 986
1407 1987
917 1407
62 1407
1910 1382
959 1382
1252 959
1433 62
1211 1433
7 1433
944 62
739 62
1594 7
1528 1594
1207 959
1945 944
1680 1594
239 1207
1543 1594
1704 739
1710 1680
264 1594
396 264
1272 1680
897 1207
1901 1704
1151 396
656 1710
230 656
1046 264
267 230
1659 656
1588 396
47 1151
127 1901
1999 127
1195 1999
1531 230
1521 1046
1640 1588
591 47
1444 1531
760 47
1172 1531
880 1640
1554 880
731 1640
227 760
351 880
643 760
41 880
194 880
666 880
404 227
1241 41
1980 731
837 666
714 837
431 837
1919 1241
1381 714
1390 1241
1493 431
1936 837
542 837
414 714
1095 414
243 542
1256 1095
1186 243
638 542
121 1256
485 414
437 414
350 414
1219 1186
1611 350
582 485
617 1611
795 617
452 485
1053 1611
481 1611
600 1219
52 1611
1931 582
577 452
1187 577
551 1931
1364 1187
1371 1931
172 1187
1857 1364
521 1857
208 172
798 1857
1650 577
1356 551
1723 1857
156 798
983 798
1115 1723
509 1857
1148 521
1824 1356
207 1115
1882 983
873 1824
184 207
1527 1148
360 1115
1284 1824
1709 873
1399 184
607 1824
1180 184
1291 1399
1891 184
1998 360
1718 1284
667 1709
1103 1998
403 1399
407 1103
380 1291
1152 667
1212 1718
891 1152
385 1103
75 1152
1820 891
1193 1152
1939 380
1319 891
999 891
122 1820
409 385
937 999
570 409
435 122
45 1820
1779 1939
63 570
548 1319
523 122
1192 409
359 937
852 1779
308 63
606 435
1713 45
529 63
545 606
1494 308
822 529
1452 822
1487 822
699 545
1432 529
579 699
1257 529
1984 822
987 579
1695 822
1890 1984
646 579
332 1257
211 987
569 579
869 1695
1054 646
741 869
1367 1054
1221 332
1667 1221
893 211
1538 1221
1026 1667
1995 1538
187 1026
1458 1667
247 187
143 1221
1838 247
1094 1026
1248 1538
133 1026
1777 247
804 247
319 1458
454 1248
623 247
39 143
40 39
301 623
1803 133
1661 1777
1571 454
144 623
459 454
410 1803
42 459
1041 459
1406 1661
538 1803
1332 410
305 1332
1958 1571
1468 459
1763 410
1357 1041
918 1406
1343 1332
1130 538
912 1763
1139 918
353 1139
1377 1468
1792 1377
1077 353
1006 1343
1453 1077
444 1377
1027 1139
1643 912
1089 1027
1686 1792
134 1027
246 134
648 134
867 1453
458 1686
1903 648
981 648
1250 458
1719 1089
754 867
1502 648
1508 1903
1542 867
526 981
379 1508
254 526
1167 526
258 1542
1268 1167
756 379
1459 526
770 254
1952 258
950 1952
411 1268
1957 411
183 1957
157 1952
1541 770
1873 411
1997 157
1067 1957
377 1952
1964 411
1800 1067
1747 1873
1347 1800
1730 1347
1798 1730
1830 1730
1941 1997
1426 1747
909 1941
847 1964
1693 847
1555 1426
1676 847
1698 909
1593 1830
1658 1676
343 1676
1991 1426
1199 1693
1400 1676
12 1555
763 343
759 12
1338 1593
1020 1338
1884 1020
1968 1991
287 1400
942 1338
99 1968
1155 99
391 942
1515 287
1739 99
1245 287
159 391
288 1739
779 1739
495 159
1126 99
1671 495
70 495
589 495
616 1671
967 70
1924 495
802 70
1514 802
749 616
1953 749
621 1514
1202 1953
1990 802
152 1514
72 1924
1546 152
1303 152
195 1990
1688 152
746 1303
789 1990
508 152
186 1303
1767 508
783 1688
181 746
1430 1767
1962 195
906 783
1132 181
1372 783
141 1372
1490 1767
1922 1372
1859 1490
1498 1922
279 1859
1141 1922
932 279
1602 932
1940 141
833 1602
522 1859
217 833
1025 1940
1862 1141
61 932
1570 1025
811 1025
462 1940
1419 1570
483 522
1605 462
20 1025
628 462
1769 1419
352 811
732 811
1359 20
336 462
1056 483
497 1056
366 1056
197 352
145 1769
265 1769
73 1359
1565 197
593 1056
1733 593
1204 1565
712 73
1315 1565
1263 1565
204 712
1822 73
875 204
1618 1822
1880 712
1814 1315
1874 1618
1617 1822
828 1880
1906 1263
439 1906
49 1617
1794 49
729 1794
547 828
635 1814
438 49
1888 729
1707 439
71 729
37 1707
1788 729
1154 1788
1677 1888
1550 1888
137 37
562 1550
883 562
1961 1788
1482 1550
392 562
505 562
398 883
1366 883
1330 562
844 505
1951 505
1784 1482
373 1784
683 844
1247 505
555 398
1616 1951
1185 1247
192 1951
1846 1951
704 1185
928 704
1160 373
1488 1846
796 555
1385 1846
95 928
1014 95
943 796
840 928
1727 943
1652 928
1218 95
1060 1385
1963 1652
645 1060
568 645
1112 568
1642 1727
1690 1642
1109 1727
660 1218
835 1690
325 1112
1178 568
1363 645
1928 568
911 1178
68 660
884 911
1414 1178
1636 1414
1012 1363
1752 1363
1715 1636
637 1636
1535 68
418 911
1122 1414
393 637
1517 393
58 1012
433 637
1262 393
463 58
1533 1535
1551 463
89 58
13 1122
1699 1262
769 89
629 1533
1583 1551
1445 1551
513 1551
1864 1551
734 629
1039 13
705 513
878 1699
1253 705
627 1253
387 1039
1564 1039
1653 878
975 1653
1876 975
511 627
1581 387
466 627
374 1564
1288 975
1446 1288
973 1564
1325 1288
488 1446
1131 1876
1678 511
1748 374
400 1678
615 400
1721 1748
1146 488
924 615
1436 615
1326 1146
1976 1131
721 1678
11 1976
1566 615
1215 11
1889 924
1559 721
1216 1215
1203 1215
625 1215
1023 1215
1869 625
257 11
312 1559
277 312
853 1889
964 853
762 312
363 312
1269 625
1619 1269
665 762
111 853
694 277
1168 277
688 762
1821 111
945 694
1467 1168
540 111
941 694
624 1821
695 1467
1304 945
1797 688
727 941
244 1821
1423 244
929 1423
1587 727
1621 1423
641 624
311 1423
1476 1423
1832 1797
77 929
1427 311
1123 1423
1612 1621
500 1587
1125 641
1496 1125
268 1125
413 1125
735 1496
430 1427
690 1612
1495 1125
1314 1612
1654 430
1297 1496
1281 1654
1142 1314
1197 413
904 1142
1003 690
765 1003
534 1281
1441 765
647 1654
427 1142
1656 1142
1136 1197
1503 1441
1610 904
1317 534
672 1503
1913 647
662 1610
1305 672
383 1305
1675 1656
1691 662
701 1913
1239 701
1649 383
1916 1913
1915 1916
98 1675
1328 383
274 1239
1639 1239
298 1639
220 1916
105 98
1149 220
1816 274
1898 1915
1577 220
613 1149
397 1149
1334 613
337 397
226 1334
1917 1816
1409 1577
252 337
1985 613
1435 226
908 1334
1549 397
477 1985
1365 337
461 226
215 908
787 908
120 461
1011 1365
1685 1365
1285 787
1613 1285
306 1365
816 1285
1725 1685
26 816
961 1011
863 1613
1925 863
1872 863
260 1925
38 816
1105 38
1700 863
1336 260
164 260
1894 961
1805 38
1731 1894
1519 1336
271 38
1355 38
1175 1894
1047 1355
1750 1047
776 271
843 776
820 1355
588 820
939 820
1978 1355
345 1750
1615 1978
1098 776
996 843
514 939
491 1978
117 820
1837 1098
344 345
1383 1978
755 1098
