1769568971
1685965926
1743166874
1750999582
1714959034
1700460994
1728829706
1722827841
1780294152
1732742302
1735378525
1675598543
1704522559
1717946272
1746108726
1681978738
1751795406
1686690924
1718863813
1742343529
1713051408
1670649993
1711191549
1766262557
1749467174
1701003543
1738631859
1652499947
1683042414
1677069164
1710166376
1672441720
1705483978
1703064467
1701261452
1739511173
1677437412
1651696111
1707158358
1770978625
1677142755
1759047851
1698717515
1685955743
1713100289
1758385043
1736360944
1703256414
1710075964
1679934982
1709718357
1709343760
1697892095
1780624312
1729823268
1718068920
1669467455
1755379235
1667155838
1733224046
1735260596
1787220015
1753034177
1737246453
1714968624
1734682351
1737871084
1754353278
1781634513
1714859129
1768968855
1756044993
1760943882
1690822970
1644908708
1746070312
1753186848
1732600506
1740460494
1707144405
1685294618
1739846393
1788413265
1742809700
1768310382
1719275992
1717957962
1667762303
1720920648
1708703264
1712864321
1696228057
1731782364
1701504454
1770084053
1699969235
1734256011
1666590065
1687540130
1738991444
