30 30
30355831 22512956 620852833 484322230 704956610 278711835 190463150 440606509 297510449 912675084 337806146 765735587 582100355 36185262 49366183 604763398 103819090 524949394 894371068 254459596 11706708 240496302 561692867 48439485 162499187 161451516 389108244 878871741 626388325 900469226 859529423
161373232 484128034 425198539 137505457 169309732 684502602 767071865 104071718 95048959 329151309 292283007 390815842 170021432 203351489 870897107 31609158 117453823 558000285 841929688 929716443 717347429 593862169 796409868 795694674 996235225 593193149 75438112 939995115 969849343 568648183 163552308
255506171 400315351 103976956 690023134 790948770 937993986 262825273 114764719 502293814 902888063 984066711 464069611 631285993 383321504 167775217 408373229 296133869 691587777 865055461 232266894 194586047 220461209 948395476 160534500 941631956 476019388 107516769 493656512 287158782 525694877 532537277
389828184 922846533 50270020 103937380 673890685 857167051 886073029 254204063 527916364 981297897 712987027 701587185 482529552 185443266 381597645 962576692 376420727 324422059 502727350 688053919 737645853 551225102 19465959 23045678 797404120 593161274 12222863 310239072 895770642 245969509 819982949
857314896 277443791 105525516 891866425 100545189 570780995 868219610 441984104 130562495 477610361 289550612 433826617 635724936 965174318 205978289 691402241 701990002 836962432 594944729 812606750 527951867 38638838 401001968 531751520 902064728 859296759 763182940 308059124 174309990 262408739 313228868
776008565 555799959 245403155 141500796 271520481 139932962 654628720 75879712 216536718 912211634 326183114 912163709 569802075 640749748 273335122 24815318 223279405 752013583 410627246 696848554 437936964 782279807 726565679 608071518 808563693 304151606 310750381 785589133 657637075 32780479 700098385
290319305 41581868 172541485 49803911 330688712 955193844 36003730 511528719 263835253 97660086 981559075 390035776 17010315 765041990 26052063 934281698 835179394 87451715 933419728 478043163 216162841 281909367 292425729 659282751 406379781 85823546 687009910 230469959 802871658 988066254 129542964
609861568 143233890 826257260 160604877 219079751 687711247 647143380 895402105 340599662 589098945 535376086 620137543 444680595 176941038 534390137 831753693 433015798 636255214 430771650 418353382 607274281 886838121 475725039 619407469 941397665 159696862 799376485 727064538 359848880 24285941 190326547
348183384 621128587 188736312 44910991 149100021 949697256 349367387 23071000 396068900 183970607 723782319 482025320 20811519 472015581 342796765 570487036 80034542 24978217 878263682 752711124 102795263 767233683 38565577 273193398 192156631 307448287 468235789 7778513 199556195 16168856 7170789
178629454 530870521 615985812 713016584 208464701 996577790 500658077 983870512 842187834 497127134 350484567 44599544 513024003 126892140 746779189 734822806 172596991 954381874 323593875 861004293 677920275 727595912 823465644 938497881 883552455 932218729 550149328 305431735 895434612 416639175 920169261
634404907 973231602 924575551 845251580 265083656 328675917 42754242 182962208 814981360 83651734 324795722 180780608 229210264 919113821 450874444 297320427 240443075 330187846 242935438 978343447 384043753 534371758 817945284 973707546 556559234 246335237 817844047 467650594 165395074 461179994 259054926
951984803 354111089 214600900 219483286 14164714 580487811 618857182 728068905 78813149 275747541 671541774 126861077 131205250 567374718 664669705 246767306 455775797 503845847 988686383 920459744 887564943 913922339 580549923 206298511 902705136 696643316 254812145 837633665 952805874 478939959 944771210
699309190 943052529 582246638 168281351 381252401 599838661 37466518 744872861 399768263 175804040 143203772 200362993 458705690 639922490 491273192 483782854 592101925 409993753 628235508 751388776 706593036 477848723 996415119 99150640 988919929 177251206 191988645 190625959 761574358 449288127 403146149
691444977 253998776 792563903 426067852 921685403 550533491 263847446 37563911 989882451 165818284 742907899 177759408 134221356 491176181 91851778 250053007 62983199 218223685 580661659 399908074 98158041 687263122 632789703 826441764 910843715 506646465 682262264 453247986 656625815 200925232 77064096
610833188 971417482 995326846 379492597 183755966 229122719 232529342 91127685 688257082 977483540 809838351 20135626 726685921 937673121 388752113 674594636 512519079 688318902 802797887 3954932 663813806 169622158 459802643 212865110 141271935 693361044 713474125 917672975 210079402 668084387 197245049
571832355 180512280 49379622 207998198 564182789 880735697 155854533 74226130 254115564 102759378 383592660 135084377 828588016 384770004 384532299 957874055 968781915 310078417 511361956 99443520 663139342 680275476 588639979 215220714 46809825 779549203 642709328 902447567 749583940 300639392 400702412
347529747 474326932 319740287 113273149 737972996 750534207 466590925 332201530 857719997 250426100 922702085 172439726 294958617 756264596 666234242 313601578 185239382 167798070 825178867 457622536 835162530 319971051 41992596 682460867 629397608 793344473 854019900 701558690 518361807 190937502 992347056
466111745 798971057 803158531 108099894 491799435 526684114 689186357 475771476 880330392 879324269 57821936 164797529 680579037 424498470 865641355 475722348 197561099 989482614 170672271 98223404 485925570 286189202 616221967 32064147 987419088 279343688 52098444 218820521 173095514 444298334 155507135
737488369 62820106 292806979 902251995 509320627 198034875 704642912 322421689 79581499 537980365 284777468 583465687 135008575 484264974 72161779 142892874 379859309 128600409 392669664 201768432 823213434 536925782 140994432 464592558 57300060 572208661 354853724 445701850 753847853 498316180 178159116
796754561 673778756 598464726 508964403 536073601 459427038 193464264 597777510 117579838 590110566 820395264 257650077 669574796 132814125 314976084 82758121 191068553 790943157 316363326 921078788 298872857 506688731 192925278 513244168 991850675 321847014 584816066 109982305 798153117 803595637 281671894
10058040 321316683 569267635 285155749 523140923 107598130 50896258 66933697 988929163 561108529 153654115 435983111 302991728 505756304 559086351 5261831 716347318 554028628 868760846 571167581 417922285 944983917 680450753 64671911 400178818 772100043 186688420 470949943 483826892 669836133 726369208
743436322 206129891 967136095 270028957 594422500 941866956 92178506 836284413 44190952 481333034 230665502 105404352 523234632 116100290 300366605 278601879 271358578 741551354 293885664 190394634 590041251 586484997 230969333 664718881 857114210 228365458 8584581 990542536 676632405 771535978 141860197
481040671 660187111 42079380 874466138 629178901 98173433 583384520 643757259 775286177 548460435 692731710 777288343 694765365 789674548 608840641 487515554 211354813 603453451 945440286 377419463 333568665 269550456 243949844 236816243 269125817 871444838 563259769 839965806 629081994 100124139 90523879
708261650 186351059 982516236 958963681 975675560 11342400 95822613 904223381 795591047 243780285 996450428 650041455 259818126 616304160 631088100 743828798 671028497 170748673 607208233 680847574 865415532 565834375 782140723 155166125 148846816 485685713 480171801 217622376 990873593 119724094 268780898
485460008 280947570 623184815 630088371 176271304 877435053 845163968 152082294 139370336 575912297 392044105 159413012 106604683 345438168 83162813 202002228 969373585 652137247 81862233 890098704 682999701 855128773 551457234 298140094 21380339 769393820 224838672 778771461 995755308 749877328 377869772
786071602 260029270 434618272 280493816 649369554 45294423 261458360 695584306 255277338 431647261 667538266 825799814 61165342 109600589 266389161 933050770 3637928 290566500 28097066 773958926 99463500 73968714 559444756 200064682 987813603 593484103 704814386 690575892 679471436 848109914 478561393
170590112 532254798 160616560 773618786 667366231 895341763 994136290 699658826 953688880 150507199 384174870 238492669 648172151 318068725 418409044 574398295 92449415 259460915 945687441 676478350 439461080 810522385 737306201 267425973 131680018 118566327 523475040 168905775 183721132 918674725 120355320
794956519 861187579 555743317 891686690 310045155 196803585 176550164 953055513 250627437 30269137 733812827 981062338 623572359 260737894 611740982 41018346 847336716 126837800 625297614 899860109 890157094 943823192 282818239 168427133 660894863 520567382 116863837 99314634 425299055 232699738 858842401
502714598 52857158 203458577 332859596 699958978 742990590 285872563 591179055 949551884 689817839 34188810 976657856 908558478 831466100 938778746 365297300 212454728 792390448 529643492 971708035 483892849 277445636 725131290 220358037 731545578 921071924 232749409 351763722 73764517 56237493 285544363
961193055 289299026 79486135 661675741 410820911 683220290 824005571 464576991 685836909 457585956 537342062 86966517 89061407 583902765 599590030 273481648 280243778 960908706 591787358 871039747 402692082 49898655 662901836 369888488 374803546 727923419 875653503 347016312 226764097 103865431 440233324
516796447 855396856 613345571 399755562 24051443 9867237 47679084 414164450 43255078 211975687 910237801 433190552 10978985 415974548 90051824 445551363 275991009 799600369 88619873 359110818 934717291 396282387 632397442 702346937 663588400 887107513 352147540 366627864 186453539 189839864 700073256
799615745 759819403 681453124 157944868 519227530 319103171 399738596 277199010 440304438 514057095 278811867 325695875 192987790 476926534 174437381 170146339 761945507 604385042 242794760 185255718 858873600 228818741 276383891 353099947 213016375 483894098 800007856 104004998 861374997 113781325 402070969
152711053 762195228 185375398 235879413 818019980 144534270 258811444 470689221 189376171 118045651 119784248 179059395 206234363 103779360 245183807 653537491 188564236 67666156 560898450 32470539 289371817 669103702 419808617 67904304 402664643 974300106 563783656 502237047 103270185 367080905 928347028
21910439 549404087 984855456 860003936 884100510 183748898 10328603 948008532 107594505 908976797 491409740 145703632 880698165 417900949 911373139 554514998 427948586 508244518 905025104 480493271 110347156 150049429 782814338 127366267 122202050 506527550 439240483 995514897 778799602 192893766 583910246
937307540 59478670 132879547 151602306 694464524 59508178 386926432 451802087 459714953 130295660 906591513 76032476 222108580 262941104 186204683 526447931 16870757 243573263 797882939 411034499 325589403 505663987 910542527 577389934 977044502 352216339 251448790 248186767 919025902 790692457 5708340
477686615 738778023 810921913 832408 540540716 451908565 724386036 233769505 816846569 993634894 30426922 119056470 604788650 600345199 867745458 776491272 784691995 591905107 4837397 977323935 632531163 458384160 909305202 426878528 41630390 394420217 813816951 832908142 282780644 783795795 246785161
453415278 2339445 975886763 619442893 208276119 590692706 139908746 465321395 80931573 727745110 575440969 191729524 671863723 358276271 452265410 270113894 184493828 200046968 300698915 151219231 363170943 822218630 468342927 804571871 644724514 258926617 978488410 359789640 87751297 470385962 98697018
71190029 920448489 614455031 230539135 286825945 858081395 577764921 497228992 505224813 812726749 546748371 669301322 350930507 798708838 739076281 604883059 541697686 774328344 236397858 414903720 938247805 170472585 855302981 218782045 770127305 931743714 43178783 738468855 206148662 666081782 380138000
271582519 754465379 284736206 965112549 929734135 118743332 176406283 642145610 639559437 463911802 237613745 880215755 176013353 549255925 700883521 4331718 750151739 582332259 153894654 750257005 299855244 34288546 651650303 182834674 156500928 492808652 536485206 67049994 879930042 198218785 444451643
679762013 396379863 864653861 602267220 478432195 466487550 527594871 71162061 321166393 350616399 923459252 168628356 299898291 573379705 594512617 103457586 285914781 562613026 761778977 268168562 105873588 273929253 692706056 749958659 988983152 461075258 549543860 389066229 172078435 735428768 554688459
127637518 730555334 84508475 660122601 37176338 901682974 31114118 244042398 91393689 454038278 12141181 906123919 731013022 540282180 281868621 339720215 847820916 337763967 101508181 755291489 32365526 88554429 953310368 271413455 634027585 158416212 63836346 921999446 358378928 825913509 453155372
434193258 849867781 160352804 25010259 952719850 290799761 839524240 717550508 482208783 48248023 115974669 282998579 718932137 906150636 173274830 20749990 191646842 729524617 6220117 489052502 850118602 261043192 182789877 364619453 309386929 99842423 160720755 257949289 352197807 354764095 350499629
147878918 358533286 640418883 152380402 559146910 209052572 840038846 156982806 981454389 394647892 681876533 193755280 865758638 119465601 811054342 659970908 562003789 889665571 944003288 99463125 475992441 330305956 825672442 971272508 195015765 234937589 54832053 10521223 994367702 52171520 561024118
455413763 1359174 828711828 447822257 799909642 455487769 297615067 258648454 813884116 996669649 387781456 543958726 259966355 751516533 870717166 512879434 137641577 384279497 268256400 643504466 806631967 214915918 114946658 486559779 682701395 237923398 184225824 508298352 179712688 819668396 622057592
470216007 932736974 365889375 352368581 890337833 153722196 240721617 170774952 384355484 123933587 498976865 457944276 746523358 476793521 178730119 549629045 870608004 314341474 305227469 229273198 626678563 564750362 154445862 873526689 500992535 493794724 432149929 445304784 527932611 678177314 962807988
202038833 599471796 587949422 711874923 778663950 60623694 808083924 953235787 270030205 283336163 109922362 464499563 799742279 11950940 535543210 777529420 402151202 291821980 419094926 194720408 547433596 250149001 243615263 578975937 84831800 161592218 731698708 880351540 633670771 369531143 231285979
993329953 937570276 341757779 847822273 372533279 532944469 145555743 901684595 746619577 284786106 892366624 937586164 80627982 954904442 215535761 408939121 530403652 205673649 811176337 334944788 51942522 201260039 11966479 835215635 6882489 891839768 837997097 960638179 897368358 572078254 226202612
311052763 283507767 489235337 900923125 195200731 504493219 952204620 208369445 3909379 442598911 560196514 96783762 169604981 308137930 345834639 889475913 521138766 647102390 718934562 539925675 991288072 720126422 10160527 793450024 709937725 483591114 436411958 903675587 941362367 639951946 253323478
454247360 664332402 431039717 875789656 577096618 417902844 396189453 894504200 44091856 508605131 520211448 914735534 979594742 220741076 146997059 324641179 331592902 310632212 567492612 30056524 884899468 46892630 16687397 486350815 521757252 372138416 902604867 245974867 203020181 830257329 852587549
931207891 272910095 652353687 399442190 857951695 680924981 384166414 798320158 150471619 934631936 683592270 920575218 476542967 408632651 525930474 934459360 96270144 985915056 397902411 722691440 255443921 39066371 965689886 798993721 871071047 760355531 641356886 816746031 194408152 767051759 641566746
439535091 898073619 180446904 395455417 272480804 816683475 93438206 844395075 124326716 362790934 260886881 433818779 131395637 237454958 361120272 850955751 299958403 321009325 66768119 893811292 419306245 518538690 684332911 760053754 761349595 168318537 672206500 508189791 269003382 164114577 765201303
661964991 682734866 504125457 943005886 877178556 425508664 209107835 229981067 37758831 29305783 195063176 156967986 596913183 171245495 223063150 452092226 272355790 222727994 664279582 163921748 293087236 379795872 723393047 225082721 453865380 863194487 366466443 121397988 669608235 501457362 660525553
226615211 133942982 902675498 827734146 53402666 789021423 410113109 188775236 197570687 170769568 317049478 352624029 369144332 746670185 891021981 181250084 171311867 551565119 120483870 403178871 632248207 842725418 288073559 510096614 343003596 854255835 635203600 221140870 419237380 321780308 902735214
595065442 263511772 79109954 219070404 374519987 908982877 379698036 75752752 375675606 426063038 867958908 660686794 65563252 397547388 10447606 790082819 129752160 887662208 316151404 299610948 93194904 608154413 583057982 52092865 926381069 363269193 680458571 966075583 876009033 407741892 296072083
36465986 289906024 222940424 519315270 152128416 299677109 585732420 375569573 127960676 798765265 447790072 536376429 646544554 277446901 837459437 957835284 317867586 454196198 998004674 266460312 511147199 692097663 330322680 406363407 519202941 390324054 517822433 586670398 159169767 784303809 927798335
313099540 898766182 447238447 345971861 358508212 223211507 724316690 103264805 119289817 111084053 61325203 165384131 617215330 766868921 404149157 342211576 974447503 743637091 702996889 569711057 711193470 47494163 868381698 167050956 374047675 284377822 548304359 538016977 837611994 192155558 414088299
295049625 80622875 160261103 737374975 745291145 709713090 330177430 117505827 423559868 656832056 760818224 661200630 131245343 562720473 216526990 133160520 263476980 767784159 25473852 632826579 903655420 117367163 944572741 526925170 819694849 425008058 506087371 161963333 714963912 331031392 112529790
790253077 417329362 985769142 725293419 37273789 302667378 893937174 557741632 226846927 184516864 571823398 264147191 438007583 882892600 159835783 380906742 384443036 850902040 630001801 56166072 974060803 769896404 367603671 824396522 623947662 342826060 662116456 14145178 853191071 371126207 427844605
273557606 807074862 330844551 449363387 517076706 27534225 32391994 218027850 182270110 228968247 35026154 392953259 701542804 606872784 183593321 692318187 776316390 119627188 389485298 670114915 278927252 314222366 208596239 714650621 161585625 32659356 446204869 266581625 339979989 805811504 774752953
777289436 275164116 20408025 115638447 834520262 987115325 793728893 129665187 613903641 215478231 628741892 169768333 257229471 440441161 55334248 458713098 327068492 744209514 976433738 807074554 108226331 216454298 796057594 198911258 202201344 303108025 633533833 950396981 224976017 156350027 557279171
