1
2
3
4
5
6
7
8
9
10
11
12
13
14
15
16
17
18
19
20
21
22
23
24
25
26
27
28
29
30
31
32
33
34
35
36
37
38
39
40
41
42
43
44
45
46
47
48
49
50
51
52
53
53
54
55
56
57
58
59
59
60
61
62
63
64
65
66
67
68
69
70
71
72
73
74
75
76
77
78
79
80
81
82
83
84
85
86
87
88
89
90
91
92
93
94
95
96
97
98
99
100
101
102
103
104
105
106
107
108
108
109
108
109
110
111
112
113
114
115
116
117
118
119
120
120
121
122
123
124
125
126
127
127
128
128
129
130
131
132
133
134
135
135
136
137
138
137
138
139
140
141
142
143
144
145
146
147
148
149
150
150
150
151
152
153
153
154
154
155
153
154
155
156
156
157
158
159
160
160
161
162
163
164
165
166
167
168
169
170
170
170
171
172
173
173
174
175
176
177
178
178
179
180
181
182
183
184
185
185
185
186
187
188
189
190
191
191
192
193
194
195
196
197
198
198
199
198
199
199
200
201
202
203
204
205
206
207
208
209
210
211
212
213
214
214
215
215
216
216
217
218
219
220
220
221
222
222
223
224
224
225
226
227
228
229
229
229
230
231
231
232
233
233
234
235
236
237
238
239
240
237
238
239
238
238
239
240
240
241
240
239
240
241
241
242
243
244
245
246
247
248
248
249
249
250
251
252
249
250
250
251
251
252
253
254
255
256
257
257
258
259
259
260
257
257
258
259
258
259
260
260
261
262
261
262
262
263
263
263
263
264
265
265
265
264
265
266
267
268
269
269
270
269
270
271
272
272
271
271
267
267
267
268
269
270
271
272
272
273
274
274
275
276
277
278
279
279
280
280
280
279
280
281
281
280
281
281
282
283
284
282
282
283
284
285
286
287
288
289
290
289
289
290
291
291
292
293
293
294
294
295
295
296
296
295
294
294
295
296
296
296
297
298
298
299
298
299
300
301
301
301
301
301
302
302
303
303
303
304
303
301
302
300
301
301
301
302
302
303
303
304
303
303
303
303
303
304
304
305
305
306
307
307
307
307
307
307
306
305
306
307
308
308
309
310
307
307
307
308
308
305
306
306
307
306
306
307
307
307
308
308
308
309
305
306
304
305
305
306
307
307
307
307
307
304
305
304
303
303
302
302
300
299
298
298
299
300
297
298
299
299
300
299
296
296
296
296
296
296
297
297
297
295
295
295
294
295
295
296
297
293
294
295
295
294
293
291
291
291
292
288
285
286
287
288
288
288
289
289
290
290
291
290
285
286
287
288
289
287
288
288
286
287
284
284
284
284
282
282
283
282
283
281
279
279
278
277
277
278
277
278
279
278
278
277
278
275
275
274
275
275
276
277
278
278
278
279
279
279
278
279
279
278
278
278
279
278
279
280
281
279
280
278
278
279
279
279
275
274
274
275
275
275
274
274
275
270
270
271
269
269
270
271
272
273
273
273
274
274
274
273
273
273
273
273
273
273
274
268
269
270
267
267
267
267
268
265
265
264
265
264
264
261
261
262
263
264
264
259
259
260
261
262
262
262
263
263
260
260
260
260
260
259
259
259
259
257
258
258
259
260
260
259
259
260
260
261
261
262
262
262
262
262
262
262
260
257
256
256
256
257
256
257
255
255
256
256
251
250
251
251
250
251
248
249
247
246
246
246
246
247
248
248
245
244
239
239
238
238
237
237
238
239
239
239
237
234
231
229
229
228
228
224
225
226
225
222
222
221
221
220
220
220
220
220
220
220
220
220
221
221
221
221
221
222
221
221
221
219
220
220
221
221
222
220
219
217
217
217
215
214
214
213
213
213
211
209
210
210
209
206
203
202
199
196
196
196
194
194
194
194
194
194
194
188
189
187
187
186
186
186
186
184
181
181
182
182
182
180
180
180
181
176
177
175
174
174
172
168
168
169
169
169
166
165
164
164
164
164
163
161
159
159
156
156
154
154
154
154
155
155
149
149
149
149
145
145
143
140
140
133
132
132
131
129
128
120
118
117
115
115
114
114
114
113
113
111
111
111
109
110
110
107
104
103
102
98
98
99
98
97
98
98
99
99
97
96
96
92
88
85
85
86
83
83
81
82
82
81
81
80
79
75
75
75
74
75
75
75
74
74
70
70
70
69
66
66
65
64
64
64
58
58
55
54
53
53
53
52
52
52
47
47
44
44
44
44
42
40
40
36
36
36
35
35
35
35
27
27
27
27
27
23
23
23
22
22
22
18
15
15
13
11
11
10
10
9
9
