1000 999
33 112
117 292
503 703
33 71
481 562
185 470
536 708
313 898
30 166
351 928
669 797
319 324
86 363
3 4
262 569
179 794
156 604
832 931
187 645
15 722
205 591
92 828
84 422
412 580
180 365
111 194
72 553
402 854
674 973
21 925
289 354
527 914
53 545
465 587
329 398
75 116
317 641
614 717
123 203
61 282
58 68
39 674
758 934
413 953
166 881
74 178
47 108
80 800
117 884
236 272
698 725
74 167
122 752
30 45
392 393
138 204
22 51
99 107
551 912
255 320
45 389
304 391
134 143
348 410
320 488
298 742
604 719
17 35
302 559
170 704
10 27
107 783
80 712
367 967
83 84
63 436
453 544
212 710
32 257
95 289
524 935
92 573
230 615
14 21
498 964
2 46
521 700
104 133
376 875
230 450
128 240
170 266
653 924
166 601
34 159
309 557
677 751
344 940
67 791
644 910
73 538
194 621
170 182
363 656
51 341
284 494
92 397
400 493
4 640
361 841
83 94
19 50
39 63
17 508
100 192
29 69
408 486
458 689
267 592
240 853
568 698
258 546
49 76
409 801
51 563
167 723
58 482
542 614
134 421
6 311
137 303
682 784
403 880
133 498
31 189
14 52
39 370
724 810
231 246
261 625
457 767
445 459
666 686
640 771
66 403
238 496
270 950
112 238
453 734
101 997
595 861
572 811
119 268
188 534
144 212
81 163
51 158
279 824
58 705
24 80
62 87
58 137
341 633
325 358
165 399
44 747
3 278
524 772
94 416
910 974
17 24
1 31
418 921
445 870
35 252
741 764
121 322
73 555
109 197
292 384
3 522
433 699
57 348
701 754
92 219
270 337
106 123
479 947
67 280
39 274
545 666
163 465
590 948
365 434
814 899
128 210
55 72
118 706
641 667
94 780
236 903
4 11
25 62
963 970
124 432
560 819
287 740
309 467
453 831
410 982
165 527
8 28
329 463
187 281
447 844
352 480
289 405
2 47
18 361
228 329
232 395
590 878
946 990
74 85
73 162
84 200
20 105
341 595
33 78
272 608
273 504
284 293
145 217
125 958
193 864
652 669
206 653
312 479
155 224
345 766
440 453
173 216
521 709
34 466
305 513
20 49
209 349
238 759
88 150
52 583
126 932
802 897
503 761
767 859
167 314
289 294
34 37
22 509
50 60
9 355
219 617
12 93
246 888
277 332
338 475
174 679
60 136
308 317
790 960
716 951
482 858
33 97
310 372
6 15
732 758
574 729
16 315
130 309
209 241
192 260
839 879
51 58
215 923
733 939
238 319
311 499
62 804
7 119
66 70
432 1000
10 53
24 109
72 919
14 350
323 542
684 749
39 91
270 868
36 986
89 191
302 335
270 518
71 598
848 877
158 648
213 248
145 154
151 175
11 440
431 905
9 17
138 515
35 588
16 658
26 849
264 543
619 906
50 301
39 517
450 781
249 305
5 141
30 455
506 539
21 22
124 991
84 777
142 262
156 287
373 383
661 739
71 250
318 668
133 611
143 205
214 413
527 790
51 390
45 929
202 644
222 231
49 762
284 371
112 596
18 40
319 741
220 417
811 852
265 995
64 92
49 103
35 949
145 437
111 298
244 284
50 663
737 830
1 42
455 716
771 893
19 20
640 855
63 196
223 353
537 671
96 612
185 201
33 82
5 302
736 813
286 326
215 682
12 190
223 745
297 346
607 996
746 851
108 520
172 693
852 862
349 782
11 88
487 952
16 110
587 873
265 312
147 497
111 173
124 382
33 251
564 582
4 18
42 472
256 605
443 890
160 892
192 254
345 907
157 803
276 379
48 61
45 48
41 57
685 894
406 476
94 738
473 993
330 882
85 239
270 901
437 642
546 866
28 590
297 988
710 727
24 338
214 345
28 414
262 519
505 556
9 59
64 687
184 707
530 829
110 484
117 427
69 258
67 98
814 902
567 750
91 164
329 537
158 296
119 179
506 554
493 536
729 792
104 195
210 485
365 585
642 746
11 66
359 492
498 503
155 424
85 809
640 837
181 327
608 623
587 968
163 511
388 626
8 44
782 816
41 378
76 911
25 981
146 713
687 726
156 523
615 768
225 464
443 670
154 664
48 208
70 807
180 218
76 148
26 144
69 74
318 812
50 474
232 307
210 273
288 300
90 234
104 244
14 651
658 846
267 748
141 662
30 73
936 985
116 276
169 265
71 313
70 430
188 333
403 634
224 347
135 187
218 340
148 253
275 744
4 14
84 599
5 206
693 941
313 420
126 316
122 226
32 157
79 169
457 657
771 798
29 79
199 999
41 308
254 567
167 913
34 318
236 264
21 32
226 392
473 652
58 786
469 943
423 891
210 228
386 566
375 443
738 845
115 121
87 351
4 7
218 263
64 994
39 418
298 471
157 628
461 860
91 962
112 827
416 506
296 865
568 976
156 267
540 711
142 785
624 678
689 834
34 83
383 425
129 275
154 161
196 225
48 160
165 255
91 396
287 535
149 959
18 29
110 214
50 867
383 462
171 438
36 963
348 673
43 117
583 696
521 793
742 885
113 369
218 400
20 39
801 823
123 132
156 638
344 843
11 75
138 490
537 815
157 457
367 820
11 81
145 184
204 630
79 452
27 135
388 661
16 618
180 310
26 77
9 126
97 188
204 290
225 286
195 412
162 728
139 145
455 832
125 451
491 886
315 564
130 380
36 155
16 550
45 95
368 574
106 220
35 676
266 321
362 402
481 731
176 271
14 102
208 571
62 243
167 606
136 730
768 946
23 168
317 336
266 491
115 120
32 454
125 937
63 376
84 838
285 477
13 101
2 3
51 578
40 172
77 366
374 460
66 872
113 236
22 43
458 521
286 404
237 551
254 558
287 581
1 5
71 675
213 448
14 16
267 989
374 531
730 814
261 297
652 966
245 597
146 227
699 778
522 610
722 796
910 916
420 900
191 936
50 199
376 718
800 972
199 489
169 394
343 362
214 683
622 627
21 33
39 510
51 65
66 125
499 788
653 863
46 586
155 757
173 458
455 609
89 256
533 549
395 423
43 229
8 9
421 770
177 304
548 691
655 724
746 760
225 270
184 541
140 876
242 579
138 381
37 183
160 690
186 979
135 441
95 170
337 847
916 926
293 512
296 331
17 118
238 602
177 547
351 942
190 237
56 122
188 552
181 570
101 856
519 927
123 223
778 992
477 643
764 889
107 114
57 826
328 632
27 198
162 207
264 529
925 961
196 233
31 415
89 202
2 10
321 487
102 439
31 695
699 753
560 572
624 688
137 367
942 975
624 895
738 944
28 64
53 279
495 887
125 426
105 242
84 387
116 124
288 822
88 323
292 359
102 131
52 507
141 930
176 654
839 915
267 908
42 89
180 684
105 156
57 90
24 530
392 795
15 165
208 660
193 478
299 647
740 743
46 364
131 185
45 113
27 100
479 568
184 483
131 174
30 38
79 111
152 176
411 616
87 299
272 433
434 787
724 732
131 917
178 245
37 528
517 874
44 869
415 501
263 428
670 896
703 980
641 680
443 449
197 720
27 127
23 548
81 575
72 692
332 655
219 697
243 446
441 445
5 526
73 211
480 840
31 646
423 672
459 560
99 147
61 215
365 775
108 339
70 129
122 146
660 983
345 408
233 235
281 442
45 373
111 193
946 978
712 763
653 685
52 142
48 99
496 736
9 41
119 130
646 806
375 817
119 134
621 702
317 883
397 756
256 954
866 945
89 360
9 34
377 694
217 249
13 54
403 461
275 357
382 714
470 833
11 181
58 232
466 584
221 769
92 922
280 283
63 115
375 650
658 871
246 247
135 139
5 857
78 288
254 377
383 808
191 343
4 6
110 468
805 965
311 561
131 385
3 13
119 140
130 386
179 715
937 956
558 818
347 540
161 209
200 524
359 514
97 222
125 681
282 368
217 306
55 500
410 774
549 850
336 836
1 2
293 334
171 469
179 269
201 375
324 407
354 409
201 261
303 532
5 30
226 330
75 153
68 186
428 481
27 701
1 19
4 23
91 411
104 374
331 938
197 431
212 665
859 987
324 607
32 295
240 533
524 594
106 444
758 839
476 502
432 516
25 26
15 67
670 733
210 388
3 104
710 955
525 659
50 151
471 737
365 429
51 419
365 933
197 957
10 12
274 525
642 799
11 36
50 55
7 230
119 456
344 920
273 277
430 735
64 352
639 918
351 356
198 848
165 342
270 639
465 805
15 25
247 773
364 435
272 677
363 969
69 721
88 259
445 505
561 636
85 138
572 649
37 620
41 96
86 152
461 984
237 622
231 619
550 565
573 576
66 180
26 835
342 473
248 624
86 221
201 603
422 825
91 325
293 589
184 637
57 128
250 904
273 344
220 635
136 577
423 600
155 177
71 171
84 447
45 106
191 779
25 631
29 495
702 755
75 821
130 593
7 8
651 977
30 291
654 909
3 971
172 213
190 765
568 842
10 328
745 789
735 776
52 56
45 86
194 401
273 285
168 406
103 998
94 149
400 613
62 802
433 629
