1000 3000
45 240
934 761
964 380
428 504
498 684
102 867
757 400
879 377
57 869
795 34
127 120
392 255
825 842
270 970
550 481
482 13
364 361
996 86
823 1000
712 289
779 44
897 490
772 758
284 396
783 672
841 970
674 442
112 281
504 707
477 328
700 327
364 475
776 701
219 633
569 13
278 646
111 81
349 522
120 917
882 491
683 520
945 634
170 864
410 234
220 79
736 84
223 859
236 417
447 836
878 213
506 947
157 316
285 751
109 72
848 109
76 85
885 149
145 535
520 261
908 515
176 664
614 158
134 121
250 390
794 612
529 232
78 759
785 602
971 85
491 985
470 228
571 11
942 785
720 70
906 400
273 963
643 972
315 240
472 12
651 274
331 167
988 327
420 972
107 695
692 221
186 43
276 119
402 819
362 413
779 151
244 729
740 683
508 761
889 879
697 399
916 119
867 196
273 885
313 678
943 585
870 419
396 607
275 844
334 65
601 513
916 152
713 579
203 145
309 124
837 446
879 569
541 116
622 404
981 719
22 42
182 748
433 833
993 494
534 87
538 289
421 266
831 414
966 796
834 697
553 533
36 476
170 375
974 704
758 944
849 721
48 946
539 433
695 768
844 823
656 846
194 770
192 679
141 97
238 665
68 987
320 844
219 205
575 220
655 775
830 150
456 268
201 964
753 61
19 847
212 350
582 477
40 329
827 236
212 634
776 646
604 207
533 478
86 668
948 64
962 306
770 576
980 967
211 291
757 796
992 586
371 812
598 728
992 646
590 242
853 291
171 697
874 990
537 832
501 825
676 787
190 271
166 455
801 175
809 486
138 418
17 580
433 756
897 381
861 65
586 844
688 997
348 531
63 486
226 2
555 138
462 261
62 371
870 382
525 693
486 534
515 832
396 206
776 672
356 903
215 994
95 768
499 925
788 564
922 506
334 391
966 34
754 571
89 228
154 685
868 954
386 67
441 895
200 49
3 221
391 497
509 480
172 700
873 737
780 750
948 575
472 729
36 449
88 440
38 315
306 25
13 456
649 204
429 21
722 153
771 423
63 589
957 115
109 591
516 243
204 8
185 278
822 614
281 737
224 952
574 828
557 896
485 278
363 611
213 887
882 916
476 948
26 75
918 747
404 959
782 915
68 824
477 493
931 822
784 474
727 763
630 217
607 764
617 371
309 596
91 738
723 754
213 406
730 303
23 800
641 374
73 728
585 97
503 89
776 178
633 444
639 794
352 277
658 91
381 185
905 787
294 992
457 749
965 405
266 128
239 991
538 965
802 478
186 944
868 118
578 308
150 936
108 431
823 808
658 482
546 367
817 324
201 333
786 885
582 289
308 855
283 26
869 213
357 585
393 384
419 766
217 71
996 988
552 784
829 735
498 613
44 256
52 140
981 371
82 915
547 634
116 860
21 821
763 386
98 633
336 985
155 733
236 158
711 500
139 658
337 437
506 133
309 171
881 9
270 28
874 14
806 130
984 342
543 113
183 229
832 188
462 516
197 308
615 621
360 76
264 777
38 196
436 951
210 196
224 390
126 125
649 716
679 33
961 676
359 338
163 908
411 868
992 521
348 243
79 761
836 127
74 621
508 394
403 190
706 877
826 430
556 482
148 715
925 422
210 856
320 709
66 759
509 722
787 414
615 790
32 931
996 306
315 824
731 303
111 805
896 299
851 604
391 295
537 414
437 664
227 177
993 507
340 990
192 599
271 334
654 143
704 290
783 822
740 787
392 917
938 450
19 339
157 815
910 660
231 157
112 630
67 485
655 166
603 970
757 841
282 57
427 25
588 414
427 905
395 844
777 609
418 601
230 73
851 776
172 805
815 462
652 412
625 215
437 527
821 756
279 355
549 773
591 78
932 6
318 386
885 663
886 262
948 864
186 204
262 324
507 801
591 882
414 670
958 391
921 634
847 696
414 816
626 782
431 165
299 43
140 375
71 519
465 656
326 710
120 388
147 868
331 643
10 684
890 924
262 23
691 166
387 853
354 702
656 375
897 860
318 633
269 691
386 400
465 858
779 418
535 770
464 214
852 831
929 757
488 530
354 766
365 895
143 135
625 547
700 744
485 578
567 83
972 245
866 271
57 997
327 722
443 373
936 364
841 957
830 565
358 353
286 451
748 986
368 579
634 943
886 116
539 909
11 962
472 181
865 347
347 565
387 448
789 673
467 23
314 675
381 413
218 394
93 478
93 579
469 466
747 85
249 514
278 992
841 211
402 795
116 594
763 313
715 725
527 301
689 675
578 801
496 843
540 157
905 491
60 813
668 150
671 601
963 148
207 964
340 842
415 52
347 123
979 439
677 964
447 625
741 726
234 147
514 205
224 719
330 8
557 62
463 962
739 287
454 167
447 15
964 595
438 383
987 347
580 955
141 54
2 268
393 382
965 422
60 994
692 632
183 965
616 157
486 913
939 258
934 327
69 909
218 230
455 293
9 569
371 47
14 984
296 566
254 460
186 712
217 529
209 585
639 451
181 102
577 990
459 376
87 388
238 253
604 976
781 174
237 453
547 194
164 981
647 880
605 577
230 657
240 936
411 285
804 702
348 369
65 818
485 261
94 592
89 847
57 265
722 870
754 114
381 791
280 199
551 690
413 137
973 848
639 544
108 79
408 206
183 67
431 399
553 116
376 16
803 52
328 471
368 327
243 723
471 426
12 248
694 356
185 574
237 438
158 582
844 220
665 249
114 918
61 45
730 630
294 214
641 455
217 169
119 287
624 628
221 693
403 155
924 996
7 101
310 139
686 882
993 933
810 452
233 628
195 367
406 50
767 655
278 639
921 801
20 616
830 365
746 360
289 953
648 814
688 304
395 218
690 335
729 152
600 358
914 66
833 601
908 151
582 375
916 1000
639 798
276 900
522 848
344 459
161 840
176 255
521 973
187 688
190 199
411 121
19 926
111 15
661 490
926 708
525 862
878 719
588 425
578 336
573 187
578 160
381 794
257 199
419 84
116 86
940 542
493 426
523 431
800 459
630 229
75 947
106 730
62 770
365 294
840 293
69 48
619 604
355 666
911 12
33 380
498 554
122 576
734 503
578 153
702 447
292 801
144 979
652 59
863 715
670 883
606 210
136 80
511 548
597 944
199 600
580 991
130 484
398 216
106 764
516 838
27 728
681 636
221 209
485 750
60 135
330 966
807 380
319 859
642 861
500 918
128 798
847 76
770 260
769 541
204 152
248 964
602 3
262 453
129 702
329 2
889 523
4 997
150 284
642 216
328 388
419 993
406 21
267 726
815 272
82 877
132 418
24 388
619 894
283 466
263 881
922 761
106 50
397 919
297 137
206 707
772 155
393 904
117 808
535 809
278 664
760 604
792 812
90 189
118 187
677 394
761 535
630 807
28 337
313 834
67 481
980 156
995 779
962 895
328 856
469 744
132 169
874 931
465 677
54 715
511 735
141 328
120 309
852 622
252 709
728 190
96 196
526 327
422 984
695 123
837 941
786 322
306 616
858 953
962 99
457 723
648 730
981 639
737 615
549 647
552 899
675 353
263 919
198 155
294 89
723 784
357 292
434 130
744 252
724 401
528 923
973 186
988 646
511 32
798 399
308 71
884 923
38 677
128 364
149 154
448 665
793 178
489 636
638 639
891 616
81 634
107 554
516 16
634 206
804 488
889 635
173 70
731 613
535 137
58 656
671 886
630 944
12 284
503 396
191 16
249 1
886 741
928 123
523 160
407 562
925 848
489 305
252 616
77 424
781 777
893 420
36 590
945 769
829 870
645 406
574 152
990 184
59 781
111 693
810 344
526 721
381 282
389 185
643 230
767 230
615 12
505 257
850 410
650 763
570 609
842 189
399 125
380 757
812 607
253 631
259 820
231 301
20 511
558 92
733 553
978 340
70 604
84 594
30 156
247 372
629 1
886 424
899 123
606 594
14 598
51 729
499 529
281 813
147 756
390 90
964 819
923 68
493 243
165 935
512 494
358 802
555 588
781 210
73 74
181 315
603 617
71 877
275 35
221 874
710 540
472 82
285 648
982 143
954 592
19 942
622 973
939 635
419 966
242 740
929 484
457 488
325 276
6 417
427 245
836 218
669 415
955 771
230 603
769 936
308 925
148 343
214 476
983 336
881 817
296 960
187 796
198 536
593 462
288 627
216 997
9 857
245 8
613 297
615 344
69 885
379 377
541 875
601 313
95 193
399 301
648 640
189 52
8 552
475 12
742 987
698 968
564 750
945 880
447 166
138 632
578 602
483 141
293 490
933 382
545 181
843 74
543 388
849 452
570 822
794 236
728 930
786 464
450 405
62 37
179 132
881 628
508 443
806 637
273 169
27 306
676 860
889 660
487 129
925 109
513 491
12 670
342 353
523 414
854 472
261 372
724 477
143 192
74 713
395 931
447 606
136 672
982 562
227 907
852 585
480 684
480 704
261 534
924 866
625 242
105 849
920 249
155 734
628 379
902 187
828 842
142 521
751 847
306 559
650 22
821 454
235 744
817 332
34 221
957 554
455 566
70 382
362 118
239 389
931 998
637 421
45 912
19 227
695 174
203 244
148 735
948 415
212 817
161 782
233 530
145 968
846 232
192 194
821 817
504 487
251 182
684 578
278 437
753 564
635 997
574 107
681 506
173 385
441 962
130 25
122 749
784 231
770 965
649 388
545 655
86 160
481 385
837 452
66 419
103 645
657 686
281 835
562 728
844 678
825 819
30 910
489 423
99 808
816 178
579 449
389 446
546 659
133 940
440 956
735 931
378 129
476 757
15 245
336 517
940 203
878 868
826 184
866 331
629 736
492 648
891 120
863 702
49 194
513 105
382 88
252 6
987 257
785 109
389 745
68 975
105 263
722 211
12 127
351 446
749 855
696 358
95 691
450 756
288 604
767 55
204 125
160 454
515 802
702 449
65 768
393 687
351 67
23 111
264 607
580 818
918 237
983 934
844 112
232 173
244 361
100 913
689 210
874 8
342 189
989 659
603 269
554 865
952 135
707 810
801 967
774 427
962 295
344 783
69 66
422 827
529 979
495 807
220 598
997 328
316 163
323 135
10 775
736 554
12 14
362 746
652 818
996 257
608 132
674 894
535 501
461 639
132 712
526 13
694 607
701 90
441 753
634 238
337 367
4 449
935 821
938 947
415 325
392 933
4 307
636 970
728 520
431 872
987 262
546 393
285 833
74 604
319 854
520 277
111 773
131 904
494 185
622 816
992 40
778 978
591 354
274 924
495 334
146 380
126 212
331 264
96 171
121 808
266 436
883 458
711 248
203 19
353 424
136 500
4 958
703 320
270 688
11 96
610 558
87 44
590 465
556 513
82 302
303 491
376 546
958 174
978 17
570 43
496 208
308 329
246 120
279 289
266 154
790 610
685 323
34 725
529 147
885 177
948 932
435 824
773 509
671 505
87 972
476 322
568 598
302 518
221 846
616 931
704 767
640 983
884 299
302 19
402 684
875 855
628 514
134 105
745 481
739 995
547 124
197 316
665 221
687 450
773 306
152 435
97 187
268 206
763 683
405 306
472 33
667 619
410 520
228 239
844 821
842 675
172 124
441 928
937 102
359 229
700 676
850 521
631 304
17 676
615 429
340 731
457 697
354 263
885 66
841 488
454 933
704 20
932 822
632 967
437 475
380 128
39 994
652 660
931 192
540 82
378 414
210 398
952 609
788 748
757 179
401 142
196 866
961 583
87 408
241 942
690 479
8 61
254 375
60 627
520 645
91 94
640 211
116 127
63 417
906 171
453 852
900 295
910 584
799 248
45 251
547 123
717 515
847 549
380 405
242 801
384 319
527 297
298 597
246 793
2 574
915 42
839 513
157 357
797 649
283 493
470 884
251 518
456 552
535 850
332 360
579 777
540 659
915 942
755 43
253 780
822 91
394 136
435 455
822 533
856 28
308 95
819 707
722 916
364 108
401 63
552 860
399 719
476 450
670 530
590 133
554 532
444 668
770 979
952 22
105 21
248 187
377 786
574 965
472 272
173 114
599 222
643 575
641 180
351 582
876 64
638 761
948 779
502 287
90 822
828 194
896 542
412 100
845 108
144 872
589 407
711 953
132 664
742 231
524 324
647 608
357 812
888 563
257 890
951 102
554 533
454 161
424 497
303 10
509 555
777 518
58 479
139 419
499 199
814 148
823 880
403 623
787 982
704 778
829 215
927 820
682 390
322 667
548 549
437 290
612 10
902 338
149 677
426 312
845 702
93 211
923 513
974 353
376 914
562 666
762 1000
325 633
623 474
763 528
373 97
134 501
924 784
818 443
590 592
193 133
145 740
371 190
567 469
726 984
124 723
426 129
423 300
166 782
184 337
265 876
396 269
499 119
950 306
483 142
407 182
143 978
2 767
765 415
475 660
665 494
509 101
877 984
860 518
575 737
570 150
972 771
795 300
245 964
382 944
791 689
790 754
599 904
370 624
242 751
710 978
789 318
479 430
619 392
211 348
82 475
761 127
108 816
589 347
826 919
975 695
797 337
681 793
557 758
574 702
10 974
381 195
206 364
34 891
140 138
388 777
588 282
739 920
690 948
95 845
453 728
183 662
550 486
324 201
784 358
91 384
778 348
32 14
711 899
709 716
65 486
572 182
501 638
750 691
212 176
484 798
183 537
548 554
727 303
268 667
895 386
137 963
129 103
767 135
460 956
444 909
645 792
637 818
277 646
280 358
556 512
68 81
835 603
162 475
904 807
338 240
545 220
740 330
405 32
881 144
704 726
20 652
200 327
105 878
694 194
264 181
959 727
706 537
107 50
347 383
281 958
59 732
392 99
693 685
23 673
653 232
502 710
807 971
839 408
412 649
208 738
708 439
154 825
634 964
400 565
863 273
205 877
101 868
567 270
87 787
277 771
25 786
701 846
819 841
284 358
703 414
793 44
450 770
550 555
592 596
748 518
602 670
886 713
833 259
106 47
912 818
725 38
136 755
586 229
948 904
775 366
949 818
609 387
108 143
600 942
560 649
811 764
260 622
550 290
205 718
296 17
390 48
573 120
602 570
969 575
4 608
659 23
228 677
959 14
593 295
162 142
652 849
307 718
608 215
970 716
954 576
528 605
659 712
966 299
171 535
749 604
40 256
344 270
660 695
836 172
256 244
697 719
877 523
908 996
43 307
969 893
818 798
985 258
609 429
5 610
439 156
998 876
148 79
490 556
331 163
109 122
460 675
892 686
369 444
405 439
177 976
834 652
564 97
629 272
557 677
222 826
911 192
345 704
239 19
850 629
197 708
486 718
914 721
967 183
605 171
740 905
985 438
249 88
774 614
975 342
208 804
19 533
372 884
883 607
943 825
477 882
912 801
966 249
403 770
45 349
664 509
304 195
758 410
682 121
774 20
754 173
949 868
524 865
921 87
947 54
391 581
515 973
371 968
393 682
262 583
708 261
582 441
951 665
73 803
62 352
160 556
87 497
211 359
969 72
507 984
398 818
672 131
317 480
988 83
572 912
723 516
680 960
565 101
677 175
319 955
344 311
909 1
753 775
575 21
982 389
555 479
709 132
558 882
939 331
255 201
783 746
350 656
580 271
634 430
406 430
436 393
470 170
178 98
669 485
967 232
382 698
3 897
83 561
752 447
655 118
863 889
93 143
705 695
264 938
192 448
282 270
862 143
689 159
965 923
229 749
624 523
538 95
254 807
884 149
458 897
173 293
96 383
265 864
588 324
355 846
793 592
770 506
988 19
742 395
791 130
62 142
639 219
494 12
20 499
44 566
95 772
867 580
832 897
36 541
650 585
603 18
933 634
156 570
768 579
900 792
372 797
247 838
776 946
670 24
509 871
428 716
735 245
551 140
223 94
302 978
449 654
743 797
883 369
403 916
393 148
784 340
352 264
824 799
718 677
191 159
427 55
142 378
645 685
627 349
88 427
389 945
944 619
882 391
974 533
22 511
73 206
618 359
997 869
286 294
54 36
285 906
258 457
540 17
504 7
433 741
15 561
283 836
349 955
66 180
808 346
390 583
138 781
827 548
37 545
876 909
888 572
560 852
127 637
298 239
770 287
957 460
514 459
241 769
363 112
903 739
27 516
266 843
453 662
801 417
51 410
763 213
675 468
632 535
639 319
199 627
708 810
215 838
879 810
424 301
866 436
162 332
925 796
699 503
546 399
463 193
399 987
518 287
343 316
824 606
286 806
51 555
947 559
255 915
804 610
2 843
97 296
626 436
367 276
330 412
820 901
516 266
498 926
6 591
689 19
394 92
542 30
905 597
528 63
294 657
708 578
663 175
953 71
644 61
278 97
656 140
219 154
44 51
618 126
160 642
442 915
977 414
507 559
67 484
668 589
504 731
363 589
315 856
675 509
397 789
946 468
725 74
136 542
68 584
392 717
608 630
619 931
892 697
916 226
979 926
926 27
261 946
823 441
138 938
74 522
704 9
778 367
328 847
215 265
903 316
14 162
463 661
489 86
398 327
265 7
502 786
151 437
710 822
389 170
829 57
502 423
210 106
538 388
114 43
999 683
969 400
892 623
44 517
810 227
636 811
103 783
251 554
419 408
104 377
793 628
847 380
61 155
844 970
660 945
720 171
80 393
308 567
204 473
502 736
680 629
493 612
203 612
960 954
934 589
93 320
842 48
240 928
534 256
618 134
977 400
822 241
141 886
531 337
902 961
599 628
590 340
161 443
487 445
994 358
353 467
776 999
299 139
505 464
551 409
494 22
659 803
888 559
918 385
805 696
105 452
51 285
384 824
863 674
481 315
393 82
497 384
749 928
514 220
487 444
120 503
984 744
387 72
884 353
477 780
867 711
305 899
899 997
222 309
363 672
331 300
760 812
306 30
917 574
428 567
147 588
127 391
186 180
959 875
375 348
4 565
573 975
642 362
172 688
437 885
772 838
989 225
75 814
695 105
857 465
533 940
838 222
582 602
911 723
587 833
712 634
44 402
138 427
277 969
704 157
399 334
696 355
402 561
412 524
330 405
344 941
1 678
171 173
308 668
136 220
878 173
714 943
981 101
257 979
942 517
981 528
531 152
108 550
856 339
519 397
170 713
984 313
867 403
612 657
411 967
166 821
429 626
687 814
930 614
459 212
684 92
246 980
913 528
951 670
654 68
962 926
554 278
953 963
405 968
344 410
618 1000
598 953
250 661
215 889
212 812
676 293
747 688
730 989
491 145
797 239
345 272
243 285
506 331
610 9
98 239
853 359
221 972
968 128
278 650
580 31
507 665
107 847
758 407
527 969
872 568
622 474
989 650
721 656
908 449
196 179
271 72
701 555
391 712
578 134
452 228
499 197
293 547
575 797
42 830
817 320
580 887
598 116
652 480
17 575
207 706
256 547
469 13
913 228
429 952
459 829
436 606
655 739
284 452
623 632
889 412
267 705
528 241
880 375
115 377
419 375
461 953
551 605
217 388
614 255
555 612
975 807
199 557
739 619
814 120
664 661
467 975
387 487
433 338
980 90
907 438
190 592
786 198
694 897
685 981
482 537
726 606
677 207
146 266
876 953
332 442
148 942
540 562
645 224
176 91
823 5
750 407
449 941
230 506
988 656
209 809
865 724
751 150
565 16
548 734
603 481
674 748
207 561
728 692
350 188
821 68
486 610
243 931
28 360
276 991
779 782
479 798
52 614
845 172
946 930
275 930
731 254
146 259
313 202
702 412
203 315
277 792
721 361
222 174
943 180
987 664
719 409
273 861
198 988
512 878
84 639
689 770
165 256
658 464
45 560
458 532
662 678
998 107
932 240
241 130
542 185
968 76
520 302
810 109
527 107
142 796
468 163
700 175
986 938
72 988
263 480
162 108
216 544
582 404
135 445
431 199
267 866
627 944
102 501
959 689
940 824
847 232
168 600
242 137
159 553
802 88
528 374
488 311
743 377
454 558
39 604
22 166
812 798
500 277
961 284
925 332
908 482
516 148
364 588
516 303
787 603
597 94
133 789
467 119
270 440
197 98
752 385
882 177
190 281
716 469
391 801
984 991
432 372
618 152
324 616
927 777
335 956
376 676
895 872
394 87
226 630
319 112
329 408
934 623
270 575
28 32
979 660
472 937
691 526
156 402
145 612
34 945
703 499
283 393
416 438
90 323
342 401
220 528
161 136
585 129
290 845
958 856
711 756
466 161
996 258
1000 691
431 652
199 814
197 661
12 660
638 505
865 174
55 25
524 959
85 159
747 533
409 458
768 829
329 552
854 343
276 54
899 536
290 213
873 39
709 955
170 285
811 920
74 749
681 91
480 713
987 369
782 257
343 559
463 960
480 54
837 544
501 313
519 915
85 63
389 617
579 8
985 868
144 295
24 136
448 752
641 487
91 895
349 37
346 497
205 324
357 910
398 900
661 677
907 501
812 275
277 491
102 480
502 877
202 838
259 472
140 266
341 349
450 905
714 796
133 67
718 153
819 424
834 573
932 578
895 226
576 243
699 840
413 159
75 681
255 965
976 396
217 55
514 575
30 587
148 741
435 521
666 903
458 347
821 597
979 190
175 859
899 790
772 299
844 529
51 155
165 560
347 438
732 488
831 510
268 971
52 823
739 414
577 552
172 68
612 504
212 507
923 855
49 816
387 462
768 972
409 34
550 933
825 599
501 772
746 191
61 726
953 507
656 158
429 211
800 413
312 428
235 458
22 505
418 765
117 266
173 476
265 990
628 995
737 153
661 54
992 291
878 538
366 235
546 878
862 355
303 299
303 370
255 788
488 469
414 173
367 181
378 854
456 534
21 926
862 241
443 530
599 839
914 761
731 568
773 42
762 842
426 434
168 394
433 346
132 35
347 878
216 925
702 650
806 410
545 268
336 831
251 607
431 747
7 669
522 721
773 757
728 389
480 929
409 336
906 89
317 279
143 498
512 141
415 181
747 160
40 831
703 375
49 472
814 691
59 582
341 751
166 361
341 272
452 357
5 529
575 767
165 566
749 963
70 231
271 590
981 513
683 454
330 343
574 215
306 5
627 260
622 562
376 686
443 502
290 254
136 987
415 584
768 301
495 931
395 817
365 390
448 220
15 942
230 514
379 235
805 880
537 822
810 372
467 153
184 226
322 876
429 159
214 975
234 767
594 406
588 94
115 701
592 959
588 347
988 623
998 768
126 60
616 431
855 270
124 625
150 136
596 456
462 651
320 747
770 719
774 761
547 417
626 489
507 349
679 385
167 542
89 925
164 765
132 391
128 901
193 420
279 391
324 245
753 695
665 329
860 436
238 392
702 480
332 505
434 218
215 940
124 225
73 362
554 157
999 721
539 901
521 475
967 595
492 32
727 172
227 235
39 974
541 227
604 340
628 882
189 968
109 141
614 610
885 682
514 635
504 610
921 409
966 542
829 440
833 966
782 451
609 2
784 166
190 761
919 740
126 739
29 536
652 819
923 315
617 369
996 356
122 338
914 999
303 971
861 82
156 261
63 336
634 241
408 840
518 690
18 451
291 978
576 379
576 849
45 133
387 346
969 257
756 987
647 452
51 588
102 784
202 971
245 35
285 423
68 948
530 296
277 584
434 697
893 715
509 364
951 78
863 534
930 911
273 920
306 409
54 476
422 86
919 943
970 912
747 347
658 646
792 87
983 758
151 786
385 538
966 598
585 330
638 570
221 785
484 579
89 882
358 744
659 16
199 178
980 447
665 216
294 880
326 601
850 266
705 343
82 209
957 159
276 872
416 495
734 321
502 580
604 597
825 794
706 768
305 321
908 288
796 96
654 667
44 817
107 484
330 76
516 876
551 679
412 157
841 160
963 1
767 367
168 192
128 900
442 371
294 897
967 670
786 808
316 626
695 713
715 592
785 194
695 914
697 62
734 793
233 202
613 647
199 537
788 295
114 357
112 763
349 80
979 725
912 58
864 116
810 616
965 407
887 93
959 699
177 312
247 450
691 704
293 837
33 538
135 149
604 905
129 723
467 995
232 719
759 903
389 736
782 128
889 322
764 189
21 986
477 194
552 694
834 145
375 77
413 692
10 308
408 478
756 23
942 284
763 225
762 581
176 235
171 891
565 899
195 789
713 191
768 584
838 843
154 961
365 33
953 788
253 713
912 333
614 83
71 917
697 613
868 335
758 632
556 44
622 422
999 774
437 913
763 690
451 927
990 796
710 385
150 768
982 493
381 400
816 97
329 262
415 663
244 884
759 737
132 246
655 954
678 341
908 380
492 985
374 70
514 38
16 324
194 162
937 836
32 642
412 860
446 231
507 815
888 837
924 406
745 422
309 793
993 833
19 493
353 22
62 931
933 494
529 713
724 589
750 128
536 994
297 809
657 228
30 588
652 85
291 69
427 26
736 949
766 719
776 544
174 182
382 609
320 122
319 137
619 688
436 523
357 270
754 334
770 90
39 339
909 108
18 764
330 786
859 953
890 784
329 307
98 743
942 792
141 656
834 170
727 517
82 884
35 206
647 712
948 926
34 407
702 577
949 479
191 462
782 965
735 295
585 699
302 415
283 458
634 325
465 977
28 496
987 318
27 186
106 927
243 452
375 962
842 647
710 780
702 135
310 461
515 688
337 169
897 528
825 265
448 677
675 199
210 775
521 223
28 160
952 713
112 909
723 676
73 829
625 977
516 773
347 21
331 95
707 848
811 451
661 927
432 812
808 179
74 523
455 578
271 929
659 882
163 373
783 404
617 732
940 389
936 382
810 769
316 939
134 2
993 892
758 879
852 882
880 851
204 949
245 792
462 626
480 184
905 114
438 351
450 793
104 793
377 371
100 690
680 383
69 577
89 345
127 372
629 567
142 94
344 720
242 772
907 390
830 133
21 520
399 11
490 189
937 562
62 574
332 527
859 920
921 657
633 916
888 927
713 421
49 512
495 191
738 629
135 385
887 230
351 484
855 880
81 636
965 165
159 685
525 356
76 745
769 420
819 426
365 317
256 799
325 297
792 657
674 294
466 188
16 145
759 199
469 591
868 259
515 70
783 64
410 489
593 155
176 642
874 425
120 750
865 995
302 157
714 185
215 462
390 58
22 29
131 735
605 787
178 551
844 122
356 976
966 146
374 16
5 59
554 512
558 8
209 3
621 554
840 142
723 409
683 882
105 728
610 332
611 750
848 281
696 608
952 338
47 92
578 226
939 419
248 812
582 667
617 942
684 531
694 701
337 463
666 249
793 406
1000 41
533 729
469 165
579 560
733 869
198 878
575 663
592 820
885 310
592 289
810 959
997 309
91 206
147 97
252 22
533 519
106 261
510 800
520 428
718 380
94 74
791 25
152 237
765 443
784 665
914 493
278 246
62 95
420 929
783 252
238 180
365 607
423 898
370 274
381 144
63 526
467 258
740 767
596 958
963 561
21 829
532 96
66 346
103 843
184 921
650 10
608 460
982 176
546 693
930 682
25 741
75 5
656 475
961 993
158 622
964 337
786 264
439 285
907 725
581 957
733 445
896 270
727 657
518 101
477 59
381 624
183 768
293 494
280 565
232 162
814 370
362 349
17 682
940 586
867 217
919 200
678 347
35 658
915 571
545 426
897 789
