1
10 100 42
4 10 26 60 18 0 32 62 39 29
7 38
7 50
5 37
7 22
9 10
5 41
8 52
7 54
6 57
1 59
2 34
9 44
9 42
1 46
5 3
4 29
2 17
10 6
7 44
5 45
1 35
10 9
1 52
1 3
5 21
9 59
3 46
4 3
2 28
3 34
3 48
1 18
3 46
8 2
4 15
9 20
4 63
4 32
3 31
1 48
3 4
1 2
2 54
10 9
9 50
10 44
6 41
9 6
3 63
5 36
10 12
4 10
6 30
8 46
3 54
2 59
5 6
9 16
7 57
10 63
7 43
8 14
9 45
9 57
1 3
9 46
6 37
4 15
4 1
4 52
8 55
3 38
8 28
6 37
2 56
6 36
1 8
3 7
2 60
8 44
5 58
1 31
3 25
3 36
1 39
6 49
4 36
8 49
1 5
6 2
3 50
4 56
1 7
8 24
1 23
2 29
10 36
2 55
9 41
6 7
