4932 19727816771520 19147281816180
1 2
2 3
2 4
3 5
2 6
3 7
5 8
5 9
6 10
5 11
4 12
1 13
1 14
2 15
4 16
12 17
17 18
18 19
11 20
20 21
7 22
2 23
12 24
8 25
18 26
4 27
16 28
18 29
27 30
4 31
11 32
10 33
33 34
14 35
22 36
26 37
17 38
21 39
12 40
39 41
37 42
38 43
35 44
35 45
30 46
26 47
32 48
25 49
16 50
18 51
25 52
12 53
16 54
3 55
20 56
52 57
1 58
48 59
46 60
29 61
19 62
47 63
31 64
33 65
21 66
45 67
5 68
60 69
51 70
61 71
62 72
14 73
70 74
17 75
52 76
10 77
45 78
46 79
6 80
76 81
75 82
81 83
53 84
84 85
56 86
50 87
65 88
32 89
50 90
56 91
5 92
26 93
28 94
48 95
43 96
3 97
39 98
60 99
16 100
91 101
71 102
14 103
82 104
19 105
16 106
78 107
105 108
82 109
106 110
6 111
51 112
15 113
71 114
61 115
71 116
3 117
108 118
80 119
87 120
30 121
94 122
42 123
14 124
116 125
73 126
123 127
110 128
120 129
108 130
10 131
62 132
117 133
110 134
108 135
71 136
36 137
26 138
51 139
137 140
13 141
31 142
68 143
12 144
72 145
115 146
87 147
14 148
90 149
28 150
57 151
90 152
36 153
99 154
117 155
5 156
133 157
151 158
153 159
106 160
8 161
31 162
79 163
147 164
164 165
38 166
165 167
77 168
9 169
160 170
170 171
97 172
1 173
63 174
59 175
144 176
17 177
123 178
126 179
146 180
102 181
179 182
174 183
11 184
155 185
72 186
122 187
134 188
23 189
137 190
147 191
112 192
59 193
40 194
88 195
92 196
194 197
65 198
130 199
89 200
148 201
123 202
76 203
20 204
172 205
74 206
54 207
2 208
64 209
47 210
70 211
59 212
40 213
130 214
15 215
152 216
211 217
70 218
1 219
196 220
207 221
133 222
197 223
45 224
88 225
48 226
47 227
8 228
167 229
21 230
42 231
15 232
75 233
105 234
31 235
216 236
208 237
104 238
90 239
192 240
14 241
231 242
19 243
185 244
55 245
143 246
71 247
154 248
4 249
53 250
151 251
43 252
33 253
209 254
139 255
15 256
169 257
185 258
207 259
26 260
129 261
7 262
162 263
185 264
55 265
249 266
168 267
230 268
170 269
165 270
205 271
52 272
98 273
45 274
74 275
223 276
90 277
186 278
19 279
228 280
110 281
230 282
102 283
160 284
93 285
14 286
84 287
107 288
180 289
210 290
259 291
140 292
87 293
85 294
100 295
30 296
176 297
34 298
198 299
123 300
197 301
144 302
175 303
19 304
70 305
259 306
126 307
301 308
56 309
192 310
114 311
230 312
216 313
109 314
217 315
289 316
71 317
74 318
197 319
300 320
129 321
231 322
217 323
104 324
24 325
241 326
283 327
216 328
270 329
111 330
140 331
113 332
111 333
33 334
122 335
263 336
176 337
240 338
222 339
60 340
234 341
57 342
118 343
149 344
300 345
50 346
173 347
147 348
218 349
349 350
67 351
21 352
154 353
330 354
114 355
18 356
297 357
177 358
56 359
122 360
17 361
237 362
74 363
5 364
222 365
167 366
96 367
232 368
185 369
88 370
201 371
285 372
304 373
331 374
11 375
120 376
352 377
203 378
83 379
378 380
203 381
381 382
313 383
21 384
6 385
285 386
282 387
21 388
326 389
316 390
103 391
89 392
208 393
249 394
40 395
85 396
247 397
362 398
93 399
348 400
121 401
355 402
383 403
212 404
382 405
16 406
265 407
201 408
28 409
360 410
173 411
309 412
382 413
259 414
355 415
238 416
76 417
62 418
116 419
156 420
363 421
74 422
416 423
323 424
269 425
189 426
218 427
379 428
262 429
366 430
181 431
274 432
120 433
209 434
176 435
228 436
276 437
343 438
280 439
127 440
378 441
432 442
295 443
140 444
231 445
78 446
287 447
377 448
245 449
21 450
327 451
295 452
227 453
222 454
158 455
137 456
86 457
191 458
34 459
119 460
203 461
255 462
354 463
230 464
45 465
52 466
37 467
97 468
53 469
221 470
242 471
131 472
25 473
10 474
110 475
475 476
58 477
394 478
82 479
77 480
393 481
157 482
232 483
142 484
3 485
338 486
292 487
450 488
84 489
60 490
106 491
246 492
245 493
87 494
56 495
361 496
449 497
277 498
221 499
363 500
91 501
189 502
303 503
133 504
8 505
216 506
7 507
86 508
86 509
448 510
405 511
405 512
272 513
396 514
183 515
85 516
252 517
435 518
71 519
180 520
422 521
455 522
152 523
325 524
134 525
134 526
114 527
509 528
477 529
80 530
244 531
219 532
64 533
458 534
461 535
211 536
456 537
518 538
199 539
206 540
492 541
165 542
311 543
3 544
145 545
171 546
184 547
354 548
300 549
512 550
309 551
327 552
38 553
398 554
6 555
383 556
380 557
12 558
69 559
358 560
471 561
226 562
267 563
437 564
284 565
207 566
28 567
79 568
177 569
412 570
166 571
280 572
385 573
339 574
386 575
177 576
150 577
4 578
187 579
513 580
347 581
184 582
388 583
391 584
58 585
136 586
448 587
216 588
384 589
123 590
214 591
503 592
439 593
429 594
573 595
535 596
53 597
392 598
139 599
339 600
83 601
410 602
285 603
286 604
474 605
24 606
210 607
10 608
293 609
558 610
532 611
137 612
451 613
87 614
472 615
351 616
83 617
315 618
251 619
107 620
2 621
593 622
437 623
312 624
7 625
370 626
560 627
176 628
270 629
120 630
49 631
267 632
197 633
354 634
47 635
559 636
458 637
407 638
215 639
123 640
71 641
233 642
615 643
116 644
538 645
37 646
115 647
401 648
33 649
313 650
142 651
266 652
117 653
343 654
367 655
500 656
365 657
601 658
73 659
111 660
642 661
492 662
484 663
295 664
528 665
497 666
422 667
224 668
372 669
115 670
297 671
335 672
228 673
623 674
309 675
405 676
470 677
43 678
543 679
676 680
508 681
377 682
510 683
3 684
575 685
208 686
664 687
400 688
275 689
390 690
603 691
144 692
646 693
213 694
419 695
396 696
309 697
344 698
468 699
179 700
635 701
661 702
506 703
440 704
547 705
3 706
59 707
690 708
117 709
402 710
702 711
43 712
52 713
563 714
221 715
454 716
106 717
650 718
580 719
468 720
159 721
179 722
498 723
681 724
90 725
651 726
133 727
232 728
650 729
180 730
100 731
320 732
36 733
196 734
642 735
241 736
142 737
411 738
694 739
555 740
243 741
152 742
372 743
5 744
120 745
201 746
609 747
4 748
215 749
593 750
109 751
622 752
681 753
736 754
354 755
327 756
114 757
85 758
454 759
449 760
415 761
596 762
83 763
321 764
563 765
470 766
609 767
746 768
299 769
558 770
188 771
43 772
542 773
261 774
89 775
232 776
721 777
721 778
75 779
302 780
234 781
479 782
774 783
561 784
763 785
69 786
24 787
430 788
77 789
572 790
225 791
76 792
302 793
618 794
570 795
792 796
108 797
504 798
601 799
397 800
547 801
534 802
152 803
659 804
425 805
23 806
804 807
431 808
687 809
155 810
356 811
334 812
682 813
241 814
597 815
538 816
284 817
74 818
477 819
173 820
749 821
382 822
116 823
401 824
533 825
112 826
581 827
760 828
546 829
669 830
611 831
716 832
734 833
295 834
588 835
323 836
251 837
26 838
270 839
689 840
602 841
266 842
616 843
424 844
265 845
626 846
450 847
573 848
691 849
412 850
160 851
183 852
720 853
239 854
234 855
352 856
238 857
457 858
532 859
624 860
219 861
700 862
860 863
226 864
804 865
583 866
280 867
709 868
849 869
106 870
324 871
306 872
322 873
349 874
532 875
449 876
857 877
395 878
176 879
416 880
857 881
483 882
757 883
198 884
207 885
706 886
566 887
2 888
423 889
638 890
279 891
26 892
693 893
764 894
649 895
718 896
572 897
249 898
378 899
144 900
499 901
764 902
674 903
696 904
678 905
647 906
693 907
529 908
439 909
862 910
694 911
393 912
54 913
294 914
893 915
47 916
170 917
248 918
404 919
739 920
577 921
633 922
820 923
308 924
165 925
387 926
316 927
37 928
527 929
348 930
921 931
863 932
653 933
622 934
570 935
764 936
503 937
511 938
231 939
273 940
403 941
124 942
216 943
621 944
498 945
907 946
857 947
55 948
424 949
494 950
831 951
546 952
219 953
418 954
225 955
84 956
191 957
677 958
889 959
85 960
5 961
754 962
557 963
393 964
66 965
715 966
949 967
533 968
725 969
16 970
759 971
490 972
925 973
955 974
535 975
810 976
276 977
733 978
355 979
735 980
675 981
729 982
68 983
267 984
423 985
312 986
442 987
895 988
935 989
745 990
437 991
839 992
422 993
465 994
934 995
793 996
595 997
904 998
746 999
353 1000
976 1001
39 1002
316 1003
325 1004
301 1005
346 1006
376 1007
465 1008
869 1009
940 1010
14 1011
832 1012
173 1013
177 1014
27 1015
703 1016
355 1017
643 1018
397 1019
36 1020
676 1021
45 1022
309 1023
27 1024
1018 1025
732 1026
255 1027
688 1028
593 1029
58 1030
864 1031
276 1032
368 1033
313 1034
752 1035
507 1036
782 1037
286 1038
531 1039
974 1040
830 1041
82 1042
314 1043
889 1044
691 1045
125 1046
563 1047
422 1048
280 1049
913 1050
1044 1051
107 1052
995 1053
737 1054
667 1055
841 1056
9 1057
555 1058
1051 1059
934 1060
678 1061
566 1062
137 1063
857 1064
324 1065
687 1066
162 1067
408 1068
41 1069
598 1070
664 1071
983 1072
996 1073
733 1074
378 1075
634 1076
461 1077
876 1078
369 1079
280 1080
654 1081
331 1082
1018 1083
918 1084
304 1085
845 1086
996 1087
485 1088
26 1089
380 1090
414 1091
1062 1092
294 1093
426 1094
89 1095
361 1096
670 1097
936 1098
559 1099
58 1100
1022 1101
370 1102
16 1103
639 1104
354 1105
596 1106
779 1107
735 1108
747 1109
626 1110
905 1111
284 1112
421 1113
372 1114
788 1115
320 1116
251 1117
238 1118
107 1119
888 1120
694 1121
1000 1122
1017 1123
1017 1124
1091 1125
985 1126
122 1127
547 1128
556 1129
601 1130
53 1131
819 1132
1001 1133
770 1134
254 1135
136 1136
463 1137
965 1138
789 1139
297 1140
940 1141
422 1142
419 1143
181 1144
60 1145
309 1146
931 1147
281 1148
856 1149
714 1150
529 1151
843 1152
613 1153
264 1154
599 1155
527 1156
439 1157
946 1158
500 1159
650 1160
879 1161
894 1162
294 1163
112 1164
765 1165
160 1166
1129 1167
38 1168
706 1169
96 1170
437 1171
266 1172
25 1173
478 1174
572 1175
962 1176
269 1177
1048 1178
259 1179
350 1180
1142 1181
421 1182
240 1183
88 1184
559 1185
690 1186
760 1187
746 1188
484 1189
469 1190
495 1191
885 1192
247 1193
268 1194
369 1195
71 1196
1112 1197
1103 1198
1058 1199
1187 1200
132 1201
1127 1202
1115 1203
8 1204
423 1205
490 1206
463 1207
183 1208
214 1209
848 1210
916 1211
919 1212
959 1213
471 1214
30 1215
787 1216
92 1217
444 1218
1122 1219
671 1220
912 1221
1162 1222
757 1223
1061 1224
27 1225
896 1226
1115 1227
190 1228
984 1229
248 1230
607 1231
226 1232
317 1233
282 1234
630 1235
1150 1236
1108 1237
29 1238
629 1239
514 1240
424 1241
705 1242
947 1243
1226 1244
865 1245
666 1246
614 1247
48 1248
691 1249
452 1250
524 1251
668 1252
283 1253
185 1254
718 1255
680 1256
469 1257
403 1258
1185 1259
1245 1260
790 1261
925 1262
984 1263
1051 1264
949 1265
288 1266
637 1267
552 1268
1092 1269
1106 1270
610 1271
455 1272
875 1273
853 1274
1155 1275
32 1276
521 1277
1146 1278
81 1279
1269 1280
893 1281
851 1282
1159 1283
895 1284
271 1285
16 1286
724 1287
759 1288
435 1289
765 1290
844 1291
13 1292
46 1293
157 1294
1086 1295
890 1296
404 1297
1006 1298
684 1299
395 1300
741 1301
672 1302
1170 1303
1129 1304
926 1305
464 1306
73 1307
1037 1308
63 1309
776 1310
994 1311
928 1312
322 1313
260 1314
824 1315
968 1316
443 1317
1105 1318
956 1319
568 1320
606 1321
1062 1322
272 1323
996 1324
764 1325
891 1326
36 1327
1268 1328
1281 1329
737 1330
1212 1331
686 1332
29 1333
365 1334
53 1335
244 1336
1027 1337
170 1338
674 1339
1287 1340
994 1341
1186 1342
469 1343
438 1344
394 1345
1131 1346
118 1347
351 1348
162 1349
1273 1350
657 1351
1081 1352
1350 1353
1265 1354
1349 1355
1192 1356
87 1357
460 1358
1060 1359
681 1360
902 1361
212 1362
226 1363
384 1364
133 1365
888 1366
938 1367
524 1368
376 1369
821 1370
226 1371
444 1372
932 1373
496 1374
61 1375
831 1376
989 1377
85 1378
567 1379
814 1380
821 1381
1146 1382
1350 1383
1109 1384
442 1385
316 1386
970 1387
500 1388
1388 1389
1341 1390
245 1391
768 1392
1145 1393
923 1394
1100 1395
1017 1396
1365 1397
531 1398
13 1399
474 1400
662 1401
1095 1402
1027 1403
1260 1404
191 1405
970 1406
242 1407
1190 1408
1090 1409
1403 1410
123 1411
1379 1412
1216 1413
149 1414
1159 1415
569 1416
404 1417
1384 1418
856 1419
814 1420
316 1421
1122 1422
756 1423
904 1424
1043 1425
743 1426
1239 1427
1054 1428
1 1429
959 1430
364 1431
326 1432
173 1433
87 1434
466 1435
416 1436
788 1437
1430 1438
707 1439
899 1440
483 1441
703 1442
1183 1443
839 1444
295 1445
1279 1446
118 1447
1364 1448
1194 1449
771 1450
265 1451
173 1452
765 1453
1050 1454
619 1455
1278 1456
1083 1457
1 1458
578 1459
958 1460
677 1461
1436 1462
221 1463
1095 1464
100 1465
678 1466
1402 1467
172 1468
171 1469
558 1470
579 1471
348 1472
1382 1473
153 1474
842 1475
809 1476
677 1477
1447 1478
26 1479
66 1480
893 1481
1130 1482
1364 1483
861 1484
851 1485
878 1486
743 1487
1400 1488
1403 1489
669 1490
537 1491
258 1492
404 1493
647 1494
955 1495
1332 1496
1157 1497
142 1498
1183 1499
1251 1500
587 1501
1066 1502
1422 1503
1046 1504
500 1505
1110 1506
290 1507
630 1508
803 1509
1455 1510
560 1511
614 1512
365 1513
372 1514
124 1515
974 1516
1472 1517
995 1518
1331 1519
945 1520
889 1521
1233 1522
87 1523
787 1524
688 1525
481 1526
866 1527
360 1528
798 1529
1244 1530
345 1531
196 1532
1406 1533
832 1534
1353 1535
937 1536
948 1537
937 1538
1152 1539
781 1540
218 1541
242 1542
829 1543
266 1544
1098 1545
1379 1546
595 1547
1388 1548
634 1549
595 1550
977 1551
718 1552
430 1553
1441 1554
576 1555
1497 1556
1231 1557
21 1558
1042 1559
1256 1560
704 1561
47 1562
741 1563
752 1564
1274 1565
1385 1566
740 1567
10 1568
1552 1569
532 1570
1433 1571
379 1572
1196 1573
246 1574
1563 1575
864 1576
1139 1577
453 1578
998 1579
139 1580
1566 1581
777 1582
328 1583
1556 1584
1410 1585
1112 1586
563 1587
1202 1588
113 1589
1125 1590
1193 1591
1133 1592
203 1593
81 1594
651 1595
1316 1596
688 1597
581 1598
180 1599
678 1600
942 1601
961 1602
895 1603
58 1604
1017 1605
1537 1606
934 1607
1529 1608
57 1609
526 1610
469 1611
1452 1612
1324 1613
866 1614
454 1615
1272 1616
1549 1617
53 1618
399 1619
37 1620
1532 1621
157 1622
1206 1623
1042 1624
1367 1625
1070 1626
1363 1627
690 1628
520 1629
1292 1630
776 1631
160 1632
184 1633
1411 1634
1269 1635
244 1636
247 1637
265 1638
988 1639
615 1640
397 1641
525 1642
1605 1643
706 1644
988 1645
109 1646
622 1647
572 1648
1047 1649
357 1650
218 1651
435 1652
715 1653
706 1654
916 1655
1462 1656
1483 1657
1223 1658
81 1659
365 1660
714 1661
354 1662
284 1663
1592 1664
852 1665
598 1666
658 1667
1 1668
8 1669
362 1670
1003 1671
1068 1672
1412 1673
735 1674
1589 1675
1334 1676
1218 1677
188 1678
999 1679
775 1680
615 1681
943 1682
1647 1683
163 1684
705 1685
414 1686
942 1687
685 1688
1265 1689
135 1690
1194 1691
365 1692
1353 1693
1382 1694
959 1695
1014 1696
650 1697
176 1698
1560 1699
1612 1700
102 1701
1192 1702
567 1703
1076 1704
1577 1705
181 1706
385 1707
1006 1708
65 1709
579 1710
1531 1711
956 1712
86 1713
1190 1714
1116 1715
1245 1716
479 1717
488 1718
1328 1719
464 1720
1551 1721
368 1722
215 1723
188 1724
11 1725
1315 1726
452 1727
102 1728
1572 1729
556 1730
1288 1731
792 1732
91 1733
647 1734
134 1735
1729 1736
843 1737
1537 1738
650 1739
896 1740
170 1741
700 1742
431 1743
1028 1744
860 1745
951 1746
824 1747
723 1748
1405 1749
965 1750
448 1751
394 1752
1710 1753
1403 1754
1394 1755
610 1756
1138 1757
315 1758
459 1759
35 1760
1032 1761
700 1762
1327 1763
49 1764
1455 1765
645 1766
988 1767
1428 1768
745 1769
910 1770
1659 1771
277 1772
49 1773
385 1774
1679 1775
283 1776
1729 1777
1473 1778
1404 1779
1704 1780
1583 1781
1248 1782
3 1783
1614 1784
94 1785
1080 1786
1694 1787
131 1788
391 1789
1712 1790
1633 1791
1318 1792
416 1793
506 1794
1205 1795
909 1796
156 1797
779 1798
1379 1799
394 1800
636 1801
998 1802
698 1803
811 1804
230 1805
1549 1806
138 1807
439 1808
573 1809
1525 1810
1702 1811
300 1812
328 1813
1773 1814
1772 1815
871 1816
1470 1817
1795 1818
1804 1819
1554 1820
1405 1821
1018 1822
1453 1823
568 1824
1490 1825
1081 1826
830 1827
793 1828
1377 1829
1295 1830
1806 1831
1255 1832
356 1833
711 1834
881 1835
138 1836
1205 1837
962 1838
1367 1839
107 1840
1351 1841
1148 1842
1677 1843
1623 1844
1730 1845
879 1846
337 1847
245 1848
1056 1849
1429 1850
488 1851
1082 1852
74 1853
212 1854
407 1855
339 1856
1415 1857
258 1858
965 1859
1152 1860
885 1861
1257 1862
1452 1863
1461 1864
1097 1865
32 1866
1020 1867
569 1868
137 1869
1845 1870
1217 1871
1687 1872
1753 1873
1352 1874
822 1875
531 1876
351 1877
835 1878
525 1879
293 1880
1746 1881
306 1882
159 1883
1317 1884
1576 1885
1019 1886
1453 1887
1770 1888
934 1889
1065 1890
1429 1891
786 1892
1057 1893
841 1894
974 1895
1772 1896
355 1897
1405 1898
906 1899
353 1900
1188 1901
600 1902
976 1903
998 1904
153 1905
34 1906
1525 1907
1147 1908
708 1909
830 1910
429 1911
135 1912
1117 1913
1706 1914
393 1915
707 1916
745 1917
1332 1918
1720 1919
1810 1920
1817 1921
1040 1922
615 1923
283 1924
549 1925
825 1926
1408 1927
1422 1928
1169 1929
1043 1930
1631 1931
1159 1932
1276 1933
1556 1934
782 1935
1394 1936
1744 1937
167 1938
1040 1939
1793 1940
161 1941
1265 1942
1375 1943
1368 1944
1089 1945
548 1946
1873 1947
823 1948
575 1949
853 1950
1133 1951
681 1952
710 1953
59 1954
1426 1955
1482 1956
1073 1957
851 1958
314 1959
1524 1960
517 1961
561 1962
1397 1963
1714 1964
802 1965
1330 1966
1715 1967
318 1968
453 1969
245 1970
1171 1971
1206 1972
689 1973
476 1974
204 1975
525 1976
1301 1977
59 1978
800 1979
1684 1980
614 1981
541 1982
677 1983
746 1984
1110 1985
465 1986
1618 1987
1730 1988
1772 1989
1969 1990
1723 1991
954 1992
1213 1993
837 1994
1038 1995
1972 1996
1501 1997
331 1998
357 1999
45 2000
946 2001
165 2002
905 2003
1586 2004
54 2005
1783 2006
429 2007
825 2008
1923 2009
888 2010
1750 2011
1161 2012
904 2013
984 2014
1259 2015
1772 2016
977 2017
867 2018
1123 2019
839 2020
1775 2021
1610 2022
306 2023
1448 2024
265 2025
81 2026
1847 2027
1148 2028
1439 2029
328 2030
804 2031
620 2032
317 2033
1474 2034
706 2035
667 2036
1274 2037
3 2038
1442 2039
227 2040
529 2041
275 2042
2028 2043
1793 2044
1559 2045
236 2046
409 2047
613 2048
575 2049
18 2050
298 2051
839 2052
847 2053
625 2054
1482 2055
1684 2056
1019 2057
1759 2058
1276 2059
826 2060
1674 2061
744 2062
143 2063
342 2064
399 2065
1494 2066
850 2067
206 2068
678 2069
81 2070
1596 2071
1948 2072
264 2073
204 2074
705 2075
1411 2076
629 2077
467 2078
1073 2079
213 2080
903 2081
66 2082
1676 2083
443 2084
1110 2085
82 2086
1609 2087
1153 2088
154 2089
250 2090
1967 2091
55 2092
1684 2093
1207 2094
129 2095
1184 2096
1216 2097
491 2098
110 2099
150 2100
290 2101
1517 2102
1532 2103
1928 2104
1168 2105
1708 2106
899 2107
370 2108
1536 2109
838 2110
840 2111
1719 2112
1043 2113
292 2114
1549 2115
1300 2116
320 2117
77 2118
1697 2119
507 2120
1269 2121
1759 2122
1980 2123
1998 2124
535 2125
1147 2126
2065 2127
1984 2128
936 2129
1098 2130
273 2131
822 2132
1818 2133
96 2134
490 2135
1858 2136
1033 2137
431 2138
1222 2139
1473 2140
241 2141
677 2142
1179 2143
1767 2144
1033 2145
1753 2146
1946 2147
2032 2148
551 2149
180 2150
88 2151
1470 2152
1645 2153
2057 2154
224 2155
1396 2156
87 2157
1630 2158
409 2159
1509 2160
287 2161
1580 2162
325 2163
588 2164
2101 2165
1545 2166
2080 2167
228 2168
291 2169
1102 2170
1395 2171
1590 2172
1467 2173
1449 2174
120 2175
300 2176
658 2177
1183 2178
2175 2179
706 2180
721 2181
176 2182
329 2183
521 2184
658 2185
2072 2186
1154 2187
1226 2188
1154 2189
1511 2190
837 2191
1484 2192
956 2193
1369 2194
1290 2195
2109 2196
560 2197
940 2198
253 2199
864 2200
565 2201
1976 2202
5 2203
261 2204
712 2205
795 2206
1682 2207
1382 2208
1750 2209
632 2210
1997 2211
564 2212
448 2213
1428 2214
817 2215
1895 2216
2140 2217
1409 2218
1597 2219
932 2220
186 2221
1865 2222
424 2223
2060 2224
1464 2225
824 2226
609 2227
1682 2228
1028 2229
1291 2230
1714 2231
2115 2232
576 2233
1015 2234
455 2235
360 2236
70 2237
1790 2238
1334 2239
566 2240
956 2241
36 2242
183 2243
246 2244
1966 2245
1419 2246
2055 2247
1130 2248
1018 2249
128 2250
1249 2251
682 2252
649 2253
1403 2254
1965 2255
2189 2256
1499 2257
1905 2258
14 2259
194 2260
1127 2261
1913 2262
96 2263
638 2264
1324 2265
513 2266
404 2267
1184 2268
266 2269
1202 2270
2196 2271
311 2272
174 2273
657 2274
85 2275
702 2276
867 2277
886 2278
410 2279
862 2280
206 2281
1541 2282
990 2283
1399 2284
641 2285
1440 2286
501 2287
1152 2288
1437 2289
378 2290
2079 2291
633 2292
1537 2293
1175 2294
154 2295
1598 2296
1729 2297
1846 2298
830 2299
2072 2300
2300 2301
1188 2302
1773 2303
1889 2304
1682 2305
1567 2306
1280 2307
740 2308
545 2309
1445 2310
554 2311
357 2312
1310 2313
234 2314
363 2315
1292 2316
247 2317
1384 2318
891 2319
1283 2320
1398 2321
1932 2322
1686 2323
970 2324
1880 2325
885 2326
1400 2327
695 2328
1950 2329
93 2330
911 2331
1359 2332
708 2333
1451 2334
2250 2335
1480 2336
1617 2337
1608 2338
1717 2339
1076 2340
651 2341
2076 2342
1190 2343
373 2344
19 2345
3 2346
865 2347
197 2348
1634 2349
1990 2350
1925 2351
1663 2352
397 2353
1816 2354
536 2355
1142 2356
1826 2357
223 2358
1176 2359
1762 2360
797 2361
525 2362
604 2363
1091 2364
1818 2365
1309 2366
781 2367
1377 2368
1619 2369
1886 2370
655 2371
897 2372
1704 2373
962 2374
1159 2375
917 2376
1381 2377
1429 2378
1709 2379
288 2380
1096 2381
49 2382
183 2383
367 2384
971 2385
1733 2386
740 2387
51 2388
2244 2389
583 2390
13 2391
1019 2392
1236 2393
946 2394
968 2395
1710 2396
2337 2397
2266 2398
658 2399
916 2400
768 2401
1722 2402
1048 2403
501 2404
889 2405
492 2406
474 2407
1894 2408
2083 2409
912 2410
1141 2411
1758 2412
587 2413
231 2414
2014 2415
1124 2416
1449 2417
665 2418
264 2419
2332 2420
1114 2421
2018 2422
2168 2423
1539 2424
676 2425
725 2426
71 2427
231 2428
770 2429
563 2430
726 2431
399 2432
1087 2433
1179 2434
1040 2435
2139 2436
254 2437
169 2438
689 2439
2044 2440
1663 2441
377 2442
2227 2443
1388 2444
216 2445
1247 2446
1457 2447
1139 2448
2236 2449
998 2450
1254 2451
448 2452
56 2453
1737 2454
2289 2455
449 2456
797 2457
1405 2458
2082 2459
127 2460
1389 2461
304 2462
246 2463
249 2464
1113 2465
1805 2466
416 2467
1210 2468
1775 2469
2126 2470
17 2471
1177 2472
1391 2473
1641 2474
133 2475
110 2476
2235 2477
1436 2478
576 2479
2083 2480
719 2481
1476 2482
1700 2483
319 2484
674 2485
346 2486
779 2487
2422 2488
1823 2489
2143 2490
228 2491
2091 2492
1522 2493
1979 2494
63 2495
1667 2496
2327 2497
1689 2498
1177 2499
863 2500
1767 2501
1493 2502
1404 2503
1546 2504
500 2505
1384 2506
2317 2507
9 2508
376 2509
28 2510
1314 2511
1184 2512
1737 2513
2432 2514
2443 2515
1096 2516
1383 2517
930 2518
1989 2519
1143 2520
929 2521
2347 2522
1023 2523
1555 2524
229 2525
1977 2526
1515 2527
62 2528
1855 2529
202 2530
1089 2531
1046 2532
2307 2533
1532 2534
1460 2535
2167 2536
510 2537
1703 2538
2189 2539
1850 2540
1750 2541
2365 2542
815 2543
1249 2544
1057 2545
610 2546
2075 2547
694 2548
2217 2549
215 2550
1909 2551
850 2552
2548 2553
1684 2554
1594 2555
937 2556
2169 2557
1793 2558
2119 2559
1060 2560
409 2561
2065 2562
815 2563
930 2564
412 2565
1559 2566
1739 2567
1706 2568
2285 2569
975 2570
1258 2571
2515 2572
275 2573
1472 2574
1164 2575
1127 2576
432 2577
344 2578
14 2579
31 2580
78 2581
273 2582
605 2583
1492 2584
1056 2585
1749 2586
2072 2587
2222 2588
672 2589
11 2590
2210 2591
1152 2592
2223 2593
1008 2594
340 2595
1828 2596
1236 2597
2141 2598
2342 2599
1792 2600
472 2601
305 2602
2493 2603
421 2604
245 2605
679 2606
1304 2607
290 2608
1454 2609
1272 2610
2003 2611
2546 2612
2214 2613
853 2614
2462 2615
2522 2616
1437 2617
1347 2618
855 2619
131 2620
228 2621
1263 2622
386 2623
2520 2624
263 2625
144 2626
1100 2627
2155 2628
1043 2629
286 2630
747 2631
811 2632
353 2633
2516 2634
971 2635
1800 2636
1081 2637
1649 2638
2195 2639
958 2640
947 2641
1166 2642
1507 2643
267 2644
99 2645
514 2646
2069 2647
494 2648
2571 2649
103 2650
1750 2651
1385 2652
137 2653
1508 2654
2582 2655
1467 2656
1034 2657
322 2658
692 2659
154 2660
135 2661
657 2662
188 2663
951 2664
1694 2665
904 2666
2412 2667
138 2668
1107 2669
1627 2670
1080 2671
1311 2672
2022 2673
656 2674
370 2675
757 2676
2280 2677
2205 2678
57 2679
1221 2680
2314 2681
79 2682
1605 2683
1031 2684
2189 2685
2063 2686
572 2687
2101 2688
2080 2689
1031 2690
2655 2691
665 2692
162 2693
2441 2694
40 2695
567 2696
176 2697
1415 2698
481 2699
1748 2700
254 2701
1916 2702
1866 2703
846 2704
1361 2705
872 2706
904 2707
919 2708
2440 2709
1248 2710
581 2711
233 2712
1177 2713
1291 2714
1047 2715
994 2716
447 2717
168 2718
753 2719
698 2720
305 2721
1005 2722
2419 2723
184 2724
1730 2725
869 2726
1702 2727
2607 2728
1502 2729
1640 2730
2294 2731
699 2732
1432 2733
742 2734
104 2735
1913 2736
2138 2737
700 2738
1572 2739
1494 2740
1084 2741
2570 2742
1931 2743
638 2744
1897 2745
1123 2746
2379 2747
1758 2748
2590 2749
1898 2750
248 2751
2075 2752
613 2753
629 2754
1463 2755
1227 2756
2629 2757
443 2758
1578 2759
1743 2760
1138 2761
1880 2762
2668 2763
784 2764
2107 2765
1941 2766
414 2767
1694 2768
842 2769
1306 2770
2744 2771
1670 2772
1576 2773
2326 2774
2199 2775
2567 2776
2330 2777
163 2778
707 2779
528 2780
1323 2781
858 2782
53 2783
2601 2784
2467 2785
2426 2786
1514 2787
1486 2788
291 2789
180 2790
2606 2791
2054 2792
2378 2793
429 2794
308 2795
1169 2796
476 2797
2250 2798
2070 2799
2396 2800
1529 2801
45 2802
1852 2803
871 2804
688 2805
804 2806
2758 2807
1890 2808
1260 2809
2403 2810
2552 2811
727 2812
2138 2813
25 2814
1476 2815
2472 2816
1876 2817
994 2818
1716 2819
321 2820
554 2821
980 2822
2297 2823
1644 2824
48 2825
2237 2826
1362 2827
2011 2828
43 2829
1927 2830
1685 2831
1647 2832
783 2833
1475 2834
1458 2835
869 2836
2439 2837
377 2838
1239 2839
2471 2840
2215 2841
408 2842
1830 2843
2380 2844
1043 2845
160 2846
2808 2847
2626 2848
800 2849
1536 2850
977 2851
1595 2852
241 2853
1249 2854
1147 2855
440 2856
914 2857
2489 2858
275 2859
1120 2860
91 2861
2651 2862
488 2863
1955 2864
2819 2865
128 2866
537 2867
2315 2868
851 2869
1952 2870
1311 2871
2327 2872
1842 2873
1415 2874
2530 2875
2651 2876
1629 2877
283 2878
2291 2879
1109 2880
1775 2881
1370 2882
2464 2883
2784 2884
783 2885
1479 2886
2296 2887
1569 2888
1848 2889
410 2890
605 2891
1021 2892
1506 2893
2696 2894
209 2895
147 2896
1374 2897
653 2898
277 2899
1822 2900
2378 2901
2868 2902
266 2903
804 2904
1942 2905
2321 2906
245 2907
419 2908
1678 2909
1378 2910
2477 2911
306 2912
1929 2913
2090 2914
926 2915
2511 2916
1697 2917
724 2918
1944 2919
794 2920
2884 2921
64 2922
301 2923
2406 2924
1918 2925
1684 2926
1811 2927
2351 2928
248 2929
2660 2930
931 2931
2331 2932
1149 2933
1302 2934
2152 2935
2257 2936
307 2937
87 2938
329 2939
1532 2940
2252 2941
1892 2942
2884 2943
2716 2944
1846 2945
961 2946
2306 2947
1987 2948
2703 2949
2526 2950
1708 2951
2267 2952
2125 2953
2278 2954
128 2955
536 2956
104 2957
341 2958
49 2959
2346 2960
1753 2961
1444 2962
1330 2963
2821 2964
2924 2965
474 2966
53 2967
117 2968
89 2969
1433 2970
2833 2971
1690 2972
544 2973
2558 2974
81 2975
1335 2976
797 2977
272 2978
1424 2979
488 2980
1681 2981
1133 2982
525 2983
1902 2984
1130 2985
203 2986
2452 2987
2360 2988
472 2989
1561 2990
1443 2991
1884 2992
921 2993
1177 2994
2019 2995
2597 2996
2050 2997
85 2998
1735 2999
713 3000
2608 3001
531 3002
1344 3003
1184 3004
2618 3005
446 3006
1841 3007
2934 3008
2151 3009
816 3010
2624 3011
743 3012
2438 3013
78 3014
2237 3015
2011 3016
2828 3017
2970 3018
2234 3019
393 3020
982 3021
2685 3022
2200 3023
2421 3024
1280 3025
1008 3026
968 3027
1162 3028
1553 3029
1709 3030
1110 3031
750 3032
583 3033
1329 3034
1522 3035
2996 3036
1186 3037
1439 3038
2022 3039
291 3040
1756 3041
945 3042
668 3043
2525 3044
1879 3045
1949 3046
342 3047
1934 3048
771 3049
676 3050
1023 3051
29 3052
1662 3053
185 3054
2919 3055
1366 3056
1541 3057
1681 3058
1844 3059
1682 3060
1147 3061
471 3062
2977 3063
712 3064
1647 3065
2440 3066
3014 3067
1617 3068
171 3069
2005 3070
1870 3071
1270 3072
964 3073
929 3074
1653 3075
3065 3076
1985 3077
1718 3078
492 3079
1060 3080
646 3081
582 3082
2089 3083
1384 3084
1363 3085
2816 3086
20 3087
2786 3088
1457 3089
2323 3090
2658 3091
1559 3092
2521 3093
3076 3094
1209 3095
99 3096
3081 3097
296 3098
191 3099
245 3100
1726 3101
67 3102
2553 3103
1418 3104
2374 3105
186 3106
2073 3107
2984 3108
146 3109
2000 3110
2414 3111
2741 3112
2223 3113
1988 3114
711 3115
885 3116
558 3117
1954 3118
374 3119
557 3120
700 3121
90 3122
286 3123
2242 3124
2599 3125
1127 3126
859 3127
1009 3128
1283 3129
133 3130
577 3131
1601 3132
1491 3133
661 3134
2431 3135
1363 3136
1100 3137
714 3138
196 3139
2826 3140
3018 3141
1536 3142
1832 3143
1600 3144
2412 3145
599 3146
736 3147
705 3148
1751 3149
2037 3150
2239 3151
1582 3152
894 3153
1285 3154
2174 3155
1693 3156
1321 3157
1931 3158
2959 3159
2299 3160
1189 3161
2580 3162
3035 3163
2713 3164
3006 3165
947 3166
1274 3167
167 3168
2940 3169
1173 3170
2116 3171
2586 3172
943 3173
1999 3174
1084 3175
196 3176
1726 3177
2094 3178
1952 3179
325 3180
650 3181
2455 3182
2746 3183
1675 3184
942 3185
2220 3186
1889 3187
942 3188
942 3189
26 3190
1580 3191
1461 3192
1537 3193
3011 3194
32 3195
1081 3196
739 3197
111 3198
1608 3199
202 3200
639 3201
2291 3202
138 3203
2949 3204
2067 3205
1858 3206
1903 3207
210 3208
109 3209
2658 3210
1149 3211
2557 3212
142 3213
3155 3214
2690 3215
254 3216
294 3217
1297 3218
2024 3219
1072 3220
2655 3221
2872 3222
2224 3223
175 3224
2565 3225
3114 3226
2782 3227
2411 3228
89 3229
3179 3230
1243 3231
163 3232
2237 3233
2715 3234
1130 3235
145 3236
628 3237
1575 3238
1572 3239
3135 3240
1929 3241
1247 3242
1282 3243
2364 3244
69 3245
2136 3246
2199 3247
2175 3248
1164 3249
642 3250
1581 3251
2118 3252
2769 3253
2787 3254
987 3255
1040 3256
562 3257
337 3258
1987 3259
2839 3260
2794 3261
1638 3262
455 3263
1884 3264
1117 3265
3216 3266
1752 3267
1250 3268
2132 3269
2802 3270
41 3271
2288 3272
466 3273
1783 3274
650 3275
796 3276
133 3277
2723 3278
3238 3279
1994 3280
1065 3281
2684 3282
741 3283
2647 3284
106 3285
3054 3286
2603 3287
2177 3288
1984 3289
1548 3290
1204 3291
1277 3292
796 3293
1311 3294
890 3295
3000 3296
3049 3297
2260 3298
778 3299
3079 3300
579 3301
1221 3302
1299 3303
1470 3304
255 3305
324 3306
1058 3307
829 3308
1251 3309
10 3310
481 3311
600 3312
3061 3313
21 3314
2743 3315
882 3316
814 3317
1820 3318
795 3319
2984 3320
3111 3321
565 3322
300 3323
2168 3324
660 3325
2096 3326
490 3327
521 3328
1767 3329
316 3330
3229 3331
1708 3332
2091 3333
920 3334
2656 3335
3146 3336
1769 3337
1074 3338
468 3339
2323 3340
351 3341
1998 3342
2299 3343
1680 3344
1847 3345
3297 3346
1292 3347
1808 3348
743 3349
2060 3350
3075 3351
2472 3352
2319 3353
2046 3354
2500 3355
789 3356
2126 3357
1795 3358
1851 3359
498 3360
2368 3361
1038 3362
1018 3363
816 3364
1391 3365
2608 3366
2151 3367
3140 3368
584 3369
153 3370
1611 3371
441 3372
2085 3373
2943 3374
391 3375
984 3376
569 3377
72 3378
674 3379
1456 3380
2183 3381
233 3382
3183 3383
2412 3384
1399 3385
2280 3386
1386 3387
2377 3388
2373 3389
1936 3390
2964 3391
80 3392
92 3393
604 3394
250 3395
3128 3396
566 3397
2870 3398
815 3399
2537 3400
436 3401
3229 3402
282 3403
2944 3404
1108 3405
238 3406
294 3407
357 3408
1841 3409
1431 3410
3233 3411
3256 3412
71 3413
175 3414
766 3415
1209 3416
2872 3417
3372 3418
1656 3419
975 3420
1483 3421
3171 3422
2302 3423
2176 3424
1602 3425
1640 3426
2127 3427
2886 3428
53 3429
602 3430
168 3431
2891 3432
405 3433
1546 3434
733 3435
2624 3436
574 3437
2263 3438
738 3439
1485 3440
3160 3441
1841 3442
2476 3443
477 3444
19 3445
2128 3446
2435 3447
996 3448
3258 3449
13 3450
776 3451
23 3452
218 3453
543 3454
3058 3455
3385 3456
508 3457
1917 3458
79 3459
3374 3460
512 3461
542 3462
1319 3463
2558 3464
2162 3465
3329 3466
1477 3467
914 3468
225 3469
361 3470
3103 3471
2741 3472
614 3473
3204 3474
2508 3475
1081 3476
407 3477
2281 3478
1056 3479
1265 3480
1221 3481
1661 3482
3200 3483
1727 3484
2411 3485
1190 3486
3112 3487
2956 3488
2288 3489
1852 3490
679 3491
1924 3492
3167 3493
3185 3494
3009 3495
2544 3496
1428 3497
2411 3498
1778 3499
2581 3500
534 3501
1083 3502
179 3503
584 3504
3459 3505
2462 3506
70 3507
695 3508
1959 3509
1880 3510
2550 3511
1324 3512
2881 3513
2248 3514
3286 3515
253 3516
1070 3517
2774 3518
3384 3519
1278 3520
2119 3521
3352 3522
1708 3523
1956 3524
893 3525
303 3526
3440 3527
2519 3528
3315 3529
2232 3530
1867 3531
2823 3532
2616 3533
2211 3534
556 3535
2421 3536
310 3537
2822 3538
2160 3539
2753 3540
94 3541
1101 3542
3342 3543
2535 3544
837 3545
788 3546
2700 3547
23 3548
1178 3549
1964 3550
1381 3551
2610 3552
2569 3553
1018 3554
2268 3555
2106 3556
1459 3557
2725 3558
2455 3559
3097 3560
2655 3561
3305 3562
3463 3563
1976 3564
2449 3565
975 3566
3054 3567
1908 3568
73 3569
1119 3570
1366 3571
2135 3572
982 3573
1527 3574
3112 3575
1943 3576
2011 3577
2110 3578
162 3579
1285 3580
3273 3581
826 3582
2200 3583
2267 3584
1726 3585
2234 3586
786 3587
3180 3588
1938 3589
2458 3590
3403 3591
672 3592
3232 3593
2206 3594
174 3595
936 3596
1867 3597
169 3598
3220 3599
139 3600
1522 3601
1904 3602
868 3603
3407 3604
2337 3605
203 3606
2185 3607
3212 3608
3025 3609
855 3610
2282 3611
2785 3612
2185 3613
3542 3614
2796 3615
729 3616
2030 3617
1994 3618
2367 3619
199 3620
2556 3621
1497 3622
3306 3623
1915 3624
2366 3625
2248 3626
800 3627
595 3628
955 3629
3131 3630
3619 3631
3467 3632
2602 3633
3087 3634
3200 3635
2774 3636
2119 3637
3629 3638
2435 3639
2713 3640
544 3641
2847 3642
2161 3643
2673 3644
3219 3645
960 3646
1609 3647
3291 3648
480 3649
1042 3650
2303 3651
2355 3652
405 3653
1659 3654
3089 3655
172 3656
736 3657
2594 3658
3396 3659
2786 3660
1557 3661
1958 3662
594 3663
784 3664
1721 3665
1077 3666
270 3667
133 3668
522 3669
1526 3670
2221 3671
531 3672
2207 3673
1293 3674
3542 3675
40 3676
1507 3677
531 3678
1531 3679
637 3680
637 3681
1276 3682
3463 3683
1729 3684
1891 3685
3283 3686
1756 3687
2782 3688
2175 3689
402 3690
3327 3691
872 3692
3485 3693
1608 3694
175 3695
2737 3696
534 3697
3113 3698
2720 3699
1143 3700
2069 3701
1223 3702
1410 3703
949 3704
1056 3705
1224 3706
282 3707
3706 3708
605 3709
1412 3710
1330 3711
1651 3712
1325 3713
2032 3714
2038 3715
2535 3716
3544 3717
3048 3718
214 3719
2926 3720
2403 3721
378 3722
716 3723
544 3724
587 3725
494 3726
1004 3727
2780 3728
2891 3729
141 3730
2456 3731
3137 3732
3347 3733
2788 3734
2950 3735
28 3736
121 3737
416 3738
811 3739
2307 3740
3356 3741
3543 3742
1574 3743
1117 3744
2136 3745
2732 3746
1874 3747
2566 3748
3594 3749
2823 3750
2754 3751
1175 3752
884 3753
2974 3754
1460 3755
2847 3756
2574 3757
1143 3758
3032 3759
2896 3760
3614 3761
1103 3762
1658 3763
1425 3764
557 3765
408 3766
272 3767
2335 3768
1195 3769
2980 3770
1373 3771
725 3772
1530 3773
3594 3774
2295 3775
1316 3776
1702 3777
1344 3778
1074 3779
1435 3780
1991 3781
1445 3782
516 3783
2023 3784
177 3785
3383 3786
1125 3787
2475 3788
155 3789
3139 3790
504 3791
1836 3792
984 3793
3490 3794
401 3795
150 3796
3355 3797
3157 3798
1924 3799
2622 3800
2006 3801
1425 3802
2539 3803
508 3804
1021 3805
221 3806
2251 3807
3604 3808
2110 3809
1695 3810
139 3811
993 3812
251 3813
3322 3814
2557 3815
1357 3816
660 3817
2759 3818
2451 3819
354 3820
754 3821
3071 3822
1151 3823
1227 3824
1345 3825
216 3826
1056 3827
806 3828
1917 3829
1558 3830
2535 3831
3520 3832
2266 3833
1493 3834
2492 3835
1045 3836
2686 3837
2021 3838
2124 3839
3188 3840
73 3841
539 3842
999 3843
1339 3844
3312 3845
964 3846
2833 3847
2126 3848
659 3849
3666 3850
749 3851
1071 3852
3463 3853
834 3854
3422 3855
931 3856
2304 3857
1695 3858
1606 3859
3787 3860
3802 3861
2075 3862
1552 3863
2695 3864
3599 3865
2730 3866
47 3867
3270 3868
1624 3869
787 3870
176 3871
1901 3872
3663 3873
3368 3874
864 3875
2845 3876
1181 3877
530 3878
1111 3879
3101 3880
2943 3881
152 3882
2510 3883
1396 3884
2034 3885
1179 3886
191 3887
420 3888
2303 3889
110 3890
2583 3891
206 3892
1836 3893
2956 3894
1970 3895
558 3896
2812 3897
2064 3898
2216 3899
2630 3900
2601 3901
2684 3902
1756 3903
415 3904
2264 3905
2225 3906
3491 3907
2244 3908
1221 3909
594 3910
1786 3911
3123 3912
1752 3913
1437 3914
3583 3915
1299 3916
2682 3917
3148 3918
2550 3919
1566 3920
1124 3921
627 3922
3607 3923
265 3924
3697 3925
1039 3926
1177 3927
525 3928
2802 3929
249 3930
2616 3931
244 3932
1751 3933
1733 3934
3393 3935
1057 3936
3020 3937
1237 3938
2715 3939
1147 3940
3549 3941
3231 3942
524 3943
3871 3944
3061 3945
2824 3946
1888 3947
3072 3948
2605 3949
1885 3950
622 3951
2581 3952
3256 3953
886 3954
971 3955
3157 3956
1030 3957
2073 3958
3919 3959
3281 3960
3753 3961
743 3962
2242 3963
3804 3964
332 3965
636 3966
2678 3967
872 3968
530 3969
2372 3970
615 3971
3129 3972
817 3973
3616 3974
1840 3975
952 3976
3312 3977
636 3978
1427 3979
328 3980
3649 3981
139 3982
2938 3983
3242 3984
659 3985
2939 3986
476 3987
665 3988
3555 3989
1435 3990
322 3991
1058 3992
3185 3993
1779 3994
1246 3995
3733 3996
3918 3997
544 3998
1495 3999
48 4000
948 4001
3035 4002
1753 4003
1606 4004
693 4005
3811 4006
1325 4007
1232 4008
3455 4009
488 4010
2718 4011
2646 4012
3627 4013
2452 4014
510 4015
3139 4016
2781 4017
1113 4018
2085 4019
3082 4020
263 4021
1470 4022
3808 4023
3671 4024
1906 4025
2318 4026
2235 4027
58 4028
1149 4029
1328 4030
3588 4031
3089 4032
3768 4033
2767 4034
817 4035
3733 4036
684 4037
1519 4038
1372 4039
1594 4040
1963 4041
175 4042
245 4043
2868 4044
115 4045
1110 4046
1965 4047
3739 4048
2397 4049
3405 4050
1916 4051
713 4052
2596 4053
937 4054
2447 4055
126 4056
2563 4057
1711 4058
2297 4059
2698 4060
3719 4061
318 4062
956 4063
1781 4064
3207 4065
357 4066
2037 4067
3955 4068
2043 4069
627 4070
3189 4071
3582 4072
1628 4073
1007 4074
3656 4075
3217 4076
3800 4077
543 4078
1221 4079
1152 4080
3581 4081
1470 4082
159 4083
2578 4084
2864 4085
3662 4086
857 4087
355 4088
1582 4089
2208 4090
1218 4091
1475 4092
659 4093
2348 4094
1578 4095
977 4096
2184 4097
3422 4098
261 4099
3319 4100
2879 4101
1324 4102
1810 4103
1573 4104
3018 4105
3179 4106
2108 4107
2051 4108
2823 4109
1354 4110
203 4111
249 4112
3379 4113
2670 4114
1534 4115
1043 4116
2104 4117
2530 4118
878 4119
3388 4120
2393 4121
3912 4122
3173 4123
3590 4124
2744 4125
98 4126
1974 4127
1570 4128
485 4129
3723 4130
3405 4131
3190 4132
3086 4133
879 4134
1832 4135
3448 4136
3196 4137
2744 4138
2762 4139
3440 4140
1905 4141
1003 4142
2756 4143
3253 4144
392 4145
3581 4146
307 4147
2145 4148
2356 4149
3255 4150
938 4151
1342 4152
293 4153
3798 4154
1020 4155
907 4156
1255 4157
4146 4158
495 4159
1969 4160
3652 4161
2737 4162
3425 4163
2368 4164
3068 4165
1523 4166
28 4167
1661 4168
148 4169
1550 4170
613 4171
3647 4172
2700 4173
1918 4174
374 4175
299 4176
2324 4177
2076 4178
3044 4179
830 4180
2932 4181
331 4182
964 4183
3131 4184
42 4185
3924 4186
1735 4187
3744 4188
104 4189
864 4190
3268 4191
2177 4192
622 4193
1806 4194
2073 4195
4094 4196
1143 4197
2245 4198
2510 4199
1853 4200
1080 4201
1159 4202
1279 4203
602 4204
3928 4205
3421 4206
3794 4207
3534 4208
1534 4209
476 4210
1951 4211
1360 4212
3379 4213
2126 4214
1635 4215
2948 4216
3375 4217
2183 4218
38 4219
1454 4220
810 4221
2196 4222
2659 4223
1319 4224
3627 4225
1789 4226
1331 4227
375 4228
2957 4229
3717 4230
677 4231
2494 4232
2449 4233
2255 4234
3041 4235
1107 4236
2335 4237
2059 4238
2187 4239
1875 4240
3408 4241
2390 4242
2200 4243
245 4244
1350 4245
1097 4246
3817 4247
120 4248
1981 4249
14 4250
404 4251
683 4252
2279 4253
2986 4254
493 4255
1762 4256
3075 4257
692 4258
1931 4259
953 4260
124 4261
3356 4262
2812 4263
3416 4264
1406 4265
150 4266
2651 4267
957 4268
947 4269
618 4270
3424 4271
1679 4272
3216 4273
1174 4274
1493 4275
4128 4276
1910 4277
2449 4278
2447 4279
4051 4280
1381 4281
1642 4282
212 4283
2773 4284
3257 4285
2786 4286
805 4287
1340 4288
1086 4289
1156 4290
3997 4291
855 4292
1322 4293
3107 4294
1781 4295
1830 4296
897 4297
100 4298
1020 4299
992 4300
3922 4301
4007 4302
3389 4303
610 4304
2263 4305
1552 4306
187 4307
3539 4308
2073 4309
1527 4310
2098 4311
1241 4312
565 4313
88 4314
778 4315
416 4316
101 4317
1613 4318
2889 4319
3168 4320
3363 4321
466 4322
3945 4323
516 4324
555 4325
2145 4326
3635 4327
1779 4328
2256 4329
1591 4330
4049 4331
2606 4332
3794 4333
4029 4334
4258 4335
761 4336
3357 4337
3553 4338
3671 4339
2307 4340
3995 4341
3041 4342
1836 4343
1610 4344
2965 4345
4039 4346
3711 4347
1495 4348
1095 4349
2844 4350
274 4351
751 4352
1660 4353
2698 4354
894 4355
1469 4356
3965 4357
1714 4358
3555 4359
3191 4360
2861 4361
3779 4362
4232 4363
837 4364
3116 4365
1679 4366
202 4367
695 4368
1913 4369
391 4370
3756 4371
2436 4372
474 4373
3257 4374
4338 4375
3751 4376
1559 4377
99 4378
2182 4379
1832 4380
3919 4381
772 4382
2723 4383
2901 4384
751 4385
308 4386
2243 4387
49 4388
2823 4389
1079 4390
1383 4391
3785 4392
526 4393
2200 4394
3402 4395
2198 4396
3895 4397
434 4398
2972 4399
1622 4400
965 4401
1147 4402
3192 4403
4396 4404
2764 4405
2248 4406
4204 4407
4279 4408
2833 4409
1708 4410
2885 4411
1520 4412
3053 4413
3455 4414
100 4415
1919 4416
2725 4417
3855 4418
1510 4419
138 4420
532 4421
1583 4422
3909 4423
2871 4424
3355 4425
82 4426
2577 4427
3161 4428
3753 4429
3334 4430
2192 4431
133 4432
1527 4433
2756 4434
3671 4435
2077 4436
3858 4437
4437 4438
471 4439
3517 4440
1245 4441
4015 4442
1323 4443
685 4444
2484 4445
298 4446
4214 4447
1130 4448
101 4449
3794 4450
176 4451
1430 4452
2677 4453
4313 4454
2288 4455
1492 4456
2438 4457
1129 4458
1906 4459
3918 4460
4008 4461
2234 4462
4097 4463
1466 4464
4440 4465
926 4466
2134 4467
4265 4468
2644 4469
1139 4470
3752 4471
445 4472
3121 4473
2144 4474
2288 4475
3750 4476
2429 4477
3527 4478
1613 4479
4012 4480
3449 4481
3608 4482
2392 4483
1352 4484
578 4485
1571 4486
1587 4487
3472 4488
3973 4489
1736 4490
1360 4491
1762 4492
4465 4493
970 4494
2624 4495
883 4496
1872 4497
2025 4498
4264 4499
3086 4500
510 4501
4188 4502
3851 4503
2356 4504
29 4505
653 4506
4025 4507
117 4508
1992 4509
554 4510
1418 4511
192 4512
2311 4513
3915 4514
1492 4515
3958 4516
219 4517
3193 4518
2883 4519
1038 4520
3994 4521
4356 4522
835 4523
4350 4524
1972 4525
1501 4526
101 4527
496 4528
343 4529
2883 4530
218 4531
519 4532
3184 4533
468 4534
4049 4535
3949 4536
1859 4537
739 4538
3475 4539
528 4540
2101 4541
3787 4542
3558 4543
3953 4544
504 4545
1117 4546
3087 4547
4015 4548
1691 4549
3785 4550
2619 4551
2761 4552
3323 4553
346 4554
4350 4555
475 4556
3701 4557
1077 4558
381 4559
650 4560
2884 4561
2111 4562
144 4563
1671 4564
3001 4565
2536 4566
1255 4567
4379 4568
4098 4569
1775 4570
3520 4571
2651 4572
1936 4573
3283 4574
3751 4575
3851 4576
2100 4577
423 4578
1539 4579
1183 4580
1387 4581
1745 4582
1131 4583
2679 4584
2121 4585
4368 4586
3140 4587
1422 4588
1971 4589
2777 4590
2011 4591
2170 4592
49 4593
2732 4594
3440 4595
2091 4596
55 4597
1367 4598
4213 4599
3620 4600
4385 4601
68 4602
51 4603
3725 4604
2628 4605
3501 4606
2068 4607
3025 4608
3363 4609
412 4610
77 4611
3972 4612
192 4613
3396 4614
1857 4615
1763 4616
3515 4617
3510 4618
875 4619
2081 4620
2696 4621
1018 4622
975 4623
4275 4624
2388 4625
2624 4626
1548 4627
2221 4628
1824 4629
457 4630
2212 4631
320 4632
3337 4633
3272 4634
3195 4635
3952 4636
1347 4637
74 4638
2617 4639
3442 4640
3884 4641
2267 4642
958 4643
3545 4644
1924 4645
3329 4646
2846 4647
4229 4648
371 4649
1756 4650
2164 4651
2115 4652
2030 4653
375 4654
4022 4655
1587 4656
3286 4657
135 4658
1084 4659
251 4660
141 4661
1543 4662
2513 4663
3206 4664
3666 4665
4581 4666
1750 4667
2523 4668
3399 4669
904 4670
3883 4671
3606 4672
1273 4673
2589 4674
1860 4675
4312 4676
1587 4677
979 4678
1957 4679
1517 4680
2255 4681
1932 4682
3360 4683
53 4684
2106 4685
3712 4686
1882 4687
1465 4688
4238 4689
4526 4690
1034 4691
2636 4692
2649 4693
386 4694
2348 4695
807 4696
2180 4697
3949 4698
776 4699
2491 4700
2185 4701
3481 4702
3225 4703
4537 4704
80 4705
4660 4706
2480 4707
744 4708
4467 4709
3197 4710
780 4711
2017 4712
2256 4713
4363 4714
3151 4715
4337 4716
580 4717
2600 4718
3580 4719
3469 4720
4326 4721
2968 4722
2032 4723
1594 4724
2922 4725
656 4726
2925 4727
2076 4728
2678 4729
2070 4730
1666 4731
2841 4732
4552 4733
3749 4734
2273 4735
240 4736
3322 4737
2709 4738
4293 4739
1540 4740
2290 4741
1345 4742
4694 4743
1850 4744
822 4745
1287 4746
1841 4747
4246 4748
4639 4749
1875 4750
3165 4751
480 4752
916 4753
2401 4754
1256 4755
3442 4756
34 4757
873 4758
219 4759
308 4760
3386 4761
371 4762
3251 4763
2303 4764
4694 4765
764 4766
2046 4767
1177 4768
3359 4769
1962 4770
1299 4771
1660 4772
434 4773
4710 4774
44 4775
3547 4776
2457 4777
3195 4778
597 4779
3009 4780
3541 4781
71 4782
3547 4783
883 4784
3858 4785
407 4786
3088 4787
37 4788
1858 4789
1625 4790
3131 4791
3147 4792
3414 4793
1686 4794
224 4795
3999 4796
277 4797
1824 4798
3375 4799
422 4800
2854 4801
3156 4802
2455 4803
3827 4804
1945 4805
2314 4806
566 4807
4101 4808
3073 4809
873 4810
2974 4811
4230 4812
1392 4813
3789 4814
2457 4815
2739 4816
1798 4817
1852 4818
2423 4819
2668 4820
3742 4821
2643 4822
1710 4823
4821 4824
2699 4825
608 4826
444 4827
1724 4828
1110 4829
3953 4830
4342 4831
3227 4832
217 4833
3385 4834
4277 4835
3413 4836
3031 4837
4076 4838
4281 4839
1368 4840
3125 4841
1475 4842
4257 4843
4446 4844
681 4845
4268 4846
1503 4847
4560 4848
696 4849
1988 4850
3978 4851
2314 4852
1002 4853
3111 4854
3470 4855
2213 4856
536 4857
1366 4858
681 4859
2231 4860
717 4861
2522 4862
294 4863
3197 4864
4734 4865
3215 4866
1380 4867
2639 4868
2286 4869
1293 4870
46 4871
4749 4872
4774 4873
1751 4874
1275 4875
3424 4876
3184 4877
1774 4878
972 4879
2930 4880
3874 4881
2730 4882
4670 4883
1100 4884
3713 4885
723 4886
1103 4887
3032 4888
2047 4889
377 4890
1989 4891
4224 4892
4178 4893
395 4894
1720 4895
216 4896
862 4897
4751 4898
2625 4899
1668 4900
1125 4901
3311 4902
3575 4903
3066 4904
3436 4905
3839 4906
3950 4907
3742 4908
3008 4909
3207 4910
949 4911
3608 4912
3003 4913
864 4914
1059 4915
3074 4916
4265 4917
4139 4918
483 4919
2768 4920
566 4921
1809 4922
1561 4923
1491 4924
4209 4925
1176 4926
3644 4927
3243 4928
2817 4929
4679 4930
246 4931
2602 4932
