30
41
30
41
300
36
36
40
36
301
41
36
30
30
30
36
30
41
30
301
30
310
28
36
300
30
300
310
301
310
36
41
17
300
6
30
30
30
36
287
15
30
300
30
588
301
41
36
36
300
41
310
301
18
36
36
301
41
588
310
310
300
30
41
41
30
586
36
588
586
30
41
30
41
30
36
310
30
30
36
300
36
36
30
36
8
885
30
41
36
301
300
300
36
30
36
598
868
30
30
300
301
310
41
36
36
300
301
6
293
36
31
36
300
30
301
16
36
41
289
300
30
300
36
300
300
586
310
10
36
30
301
30
41
586
36
30
30
30
30
30
1
41
301
310
300
586
30
586
23
586
300
300
577
301
41
36
24
20
586
30
299
30
586
4
36
30
310
36
36
301
30
27
41
36
30
30
288
36
30
310
41
26
300
588
30
30
30
30
41
36
41
586
30
300
300
947
30
300
41
30
34
8
30
30
41
41
41
36
35
586
310
30
41
30
11
41
14
871
30
41
36
30
300
36
30
301
36
586
300
20
586
41
36
36
36
41
300
36
588
9
41
36
30
300
24
25
30
41
30
36
842
30
41
30
36
301
310
310
36
301
36
19
30
11
36
30
41
300
41
301
300
30
36
41
30
300
301
36
30
30
310
41
300
7
36
30
36
36
30
41
41
30
30
30
36
301
301
30
300
310
30
27
310
36
301
10
310
310
300
41
30
586
36
30
300
30
36
30
41
23
36
36
30
310
30
300
30
588
301
30
36
36
36
300
30
36
300
301
586
300
300
310
36
30
5
300
30
300
310
301
301
16
30
30
3
300
301
310
30
36
41
36
300
586
41
36
301
30
36
588
30
36
300
300
41
300
300
301
41
30
41
30
36
30
300
41
588
36
310
27
301
29
588
300
301
41
12
36
41
30
300
30
36
300
301
30
30
289
36
300
30
13
300
10
30
9
36
598
301
4
30
36
300
301
36
30
41
41
36
41
300
588
36
41
310
310
300
301
36
36
586
300
36
41
36
30
300
292
36
586
16
30
30
564
30
586
300
36
300
30
41
586
36
36
41
41
300
301
310
36
301
30
36
36
310
30
41
28
300
30
41
300
588
41
30
301
30
586
310
300
9
36
310
36
36
300
300
7
36
36
301
310
310
33
30
36
310
30
310
586
36
41
300
310
300
586
36
301
41
41
41
30
36
36
36
30
300
30
586
30
36
41
30
30
310
36
300
36
581
301
41
586
300
30
36
30
3
30
30
36
30
30
41
30
300
30
7
301
30
36
36
41
859
30
575
30
301
30
36
41
30
580
310
30
300
301
36
30
588
30
586
41
36
36
300
310
578
301
301
36
30
300
41
310
30
41
300
300
301
41
301
30
301
300
588
301
30
41
30
300
301
301
300
36
30
588
301
301
36
41
30
28
586
30
25
867
30
23
26
36
588
36
588
36
588
41
13
30
295
310
301
300
30
36
41
30
300
36
37
301
30
300
30
30
41
30
300
41
30
300
30
301
8
36
36
30
30
30
284
310
36
30
19
300
41
30
30
586
36
36
5
586
36
588
300
41
36
33
36
41
310
36
586
41
36
30
30
41
310
21
41
30
30
41
30
586
554
36
588
36
586
301
30
41
36
300
588
2
41
301
300
30
30
25
30
588
30
598
30
30
30
36
300
30
36
41
14
310
36
41
30
30
300
41
30
300
41
300
36
30
30
36
36
12
30
36
301
300
30
300
30
300
36
41
41
30
300
30
36
30
586
586
30
36
586
301
30
41
41
30
36
300
588
30
30
301
36
17
18
586
36
36
296
41
310
300
36
36
41
310
30
30
301
30
30
30
30
310
30
41
36
30
30
586
22
36
6
36
586
41
1
41
36
300
30
30
30
41
30
301
36
21
15
301
36
41
41
586
36
36
36
301
14
36
29
586
288
588
20
41
300
36
38
301
30
301
576
586
30
36
36
36
588
36
30
2
30
36
19
30
300
310
36
30
36
35
18
41
30
30
30
41
31
30
300
17
301
586
300
36
588
301
310
300
300
586
22
36
41
41
295
300
36
586
36
30
41
30
300
292
36
300
36
36
300
30
299
309
30
30
30
36
36
301
300
36
30
26
41
30
310
2
301
284
301
310
36
36
300
297
301
30
41
30
36
300
300
588
36
41
41
36
598
41
21
30
310
30
36
30
300
30
300
41
36
41
30
13
41
36
30
310
30
36
300
4
12
5
36
41
30
36
41
36
1
36
582
310
30
11
30
30
36
41
301
30
29
310
300
