1000
846311840 780750462 846311864
640768792 846311852 780750474
846311840 846311852 780750474
189307317 846311852 780750474
780750450 771803629 780750474
97721700 284819655 846311864
455251717 780750462 846311864
245801308 852594794 780750474
780750450 780750462 846311864
85866847 780750462 661108632
780750450 846311852 661108632
468146349 661108620 846311864
846311840 661108620 748511257
846311840 846311852 780750474
846311840 780750462 60068744
780750450 846311852 846311864
846311840 661108620 661108632
661108608 846311852 780750474
846311840 213034206 661108632
661108608 780750462 780750474
846311840 547001681 780750474
661108608 661108620 780750474
846311840 661108620 881690329
382314272 661108620 846311864
780750450 780750462 780750474
846311840 846311852 846311864
780750450 661108620 27310635
661108608 661108620 780750474
77901886 780750462 533353722
310005320 184457689 780750474
720698582 661108620 846311864
780750450 846311852 780750474
846311840 567249864 935069227
780750450 780750462 780750474
971110634 763383249 661108632
846311840 780750462 780750474
846311840 846311852 831184439
846311840 780750462 780750474
661108608 430532705 846311864
25618001 832094436 780750474
752181615 846311852 945993996
846311840 7687439 846311864
780750450 661108620 721724373
846311840 780750462 846311864
661108608 646202190 480537600
187190438 780750462 661108632
661108608 846311852 407203449
824229483 407846059 846311864
780750450 294548405 846311864
780750450 661108620 780750474
780750450 846311852 661108632
661108608 672501673 780750474
661108608 780750462 780750474
846311840 461941585 931009070
780750450 780750462 846311864
793364542 780750462 846311864
742574526 780750462 7323987
661108608 846311852 780750474
661108608 658652285 661108632
661108608 673952438 780750474
737893340 475231480 780750474
780750450 661108620 661108632
846311840 846311852 387153528
780750450 846311852 556132428
661108608 846311852 661108632
846311840 661108620 846311864
661108608 661108620 399346645
780750450 780750462 846311864
661108608 445587707 446726505
144870873 661108620 164356005
846311840 846311852 780750474
780750450 846311852 661108632
846311840 846311852 780750474
780750450 846311852 661108632
846311840 846311852 780750474
661108608 409022208 846311864
661108608 661108620 780750474
846311840 691662446 661108632
846311840 846311852 661108632
661108608 780750462 846311864
780750450 661108620 661108632
661108608 846311852 846311864
483713508 661108620 846311864
846311840 724105799 780750474
661108608 846311852 846311864
165414252 661108620 965560142
257596796 241577965 490429985
846311840 846311852 780750474
661108608 846311852 661108632
193923526 748298478 846311864
661108608 780750462 780750474
780750450 780750462 661108632
780750450 661108620 661108632
780750450 219267163 846311864
846311840 661108620 865999804
661108608 661108620 846311864
274717049 605111183 661108632
260757814 379140390 560017917
846311840 661108620 846311864
846311840 780750462 661108632
780750450 498638252 95158686
32935542 780750462 780750474
661108608 661108620 780750474
780750450 846311852 534335793
661108608 661108620 846311864
780750450 661108620 846311864
780750450 387336854 56600279
661108608 780750462 111827947
846311840 846311852 965995456
661108608 813325958 780750474
74264105 780750462 846311864
722909659 846311852 867530834
780750450 780750462 846311864
780750450 661108620 566531161
846311840 661108620 661108632
661108608 780750462 780750474
901869746 780750462 723949992
568761154 158135661 846311864
780750450 846311852 661108632
824756135 661108620 733138276
780750450 316130862 661108632
846311840 661108620 661108632
780750450 661108620 780750474
661108608 780750462 846311864
780750450 661108620 68592973
780750450 661108620 661108632
661108608 661108620 661108632
661108608 661108620 780750474
846311840 661108620 962746976
780750450 250871499 846311864
846311840 587378493 661108632
15841698 780750462 661108632
846311840 846311852 780750474
661108608 846311852 780750474
661108608 661108620 224251475
661108608 846311852 846311864
846311840 846311852 780750474
780750450 661108620 868475815
846311840 661108620 661108632
846311840 661108620 66255907
846311840 661108620 780750474
846311840 780750462 994670140
667862259 846311852 780750474
354200279 780750462 661108632
135233014 661108620 780750474
780750450 780750462 661108632
26178700 661108620 661108632
846311840 846311852 780750474
667358395 452048671 662120085
780750450 928449498 780750474
152102279 661108620 556543
780750450 780750462 780750474
780750450 661108620 663755228
702475836 661108620 661108632
283694895 780750462 780750474
367859688 846311852 661108632
780750450 780750462 846311864
846311840 846311852 898927627
884891867 661108620 661108632
501120888 661108620 661108632
846311840 780750462 780750474
780750450 786563620 661108632
846311840 796625889 846311864
661108608 661108620 661108632
780750450 834703040 984779006
661108608 780750462 846311864
846311840 846311852 780750474
261662300 751844832 780750474
661108608 764057947 846311864
780750450 197275520 846311864
661108608 780750462 301061954
846311840 661108620 661108632
780750450 179805557 884539893
661108608 846311852 270654291
661108608 185987959 846311864
846311840 780750462 122457685
846311840 846311852 477772109
170074876 830282344 661108632
780750450 846311852 846311864
846311840 661108620 661108632
661108608 661108620 780750474
780750450 846311852 780750474
661108608 915099086 456724349
780750450 658986051 780750474
661108608 445988361 661108632
846311840 846311852 780750474
846311840 661108620 661108632
846311840 846311852 147809510
846311840 846311852 846311864
661108608 846311852 358998162
455654776 780750462 846311864
780750450 846311852 661108632
219125674 661108620 661108632
846311840 661108620 780750474
780750450 404876924 780750474
780750450 780750462 661108632
148977076 103070811 214863300
846311840 780750462 846311864
780750450 780750462 661108632
661108608 846311852 661108632
846311840 808262001 780750474
780750450 846311852 862105631
846311840 966614515 846311864
846311840 135767502 661108632
846311840 846311852 846311864
661108608 846311852 732710045
661108608 846311852 78385745
661108608 846311852 780750474
661108608 780750462 846311864
612409963 875861769 567203261
661108608 661108620 661108632
471758839 661108620 780750474
846311840 661108620 659844323
34331534 846311852 77480950
846311840 661108620 780750474
954371018 846311852 846311864
780750450 846311852 661108632
68972181 780750462 946519349
26271633 366390070 538844376
846311840 661108620 780750474
661108608 846311852 661108632
780750450 870085453 780750474
846311840 661108620 780750474
780750450 780750462 780750474
464224712 770370554 846311864
846311840 846311852 661108632
261982271 780750462 661108632
518085714 28471806 846311864
544838073 661108620 184285838
780750450 672549589 661108632
780750450 780750462 927931221
661108608 661108620 543042082
661108608 846311852 661108632
661108608 661108620 846311864
661108608 846311852 846311864
780750450 846311852 846311864
661108608 846311852 780750474
780750450 238623461 780750474
780750450 780750462 846311864
661108608 399379722 266078850
780750450 966267315 661108632
483973611 846311852 661108632
661108608 780750462 846311864
846311840 780750462 661108632
780750450 228155839 253625854
872753065 780750462 661108632
780750450 923570887 846311864
846311840 780750462 810676411
26087357 846311852 780750474
846311840 661108620 846311864
661108608 846311852 846311864
596272074 120342673 634904076
846311840 780750462 497855413
376389988 846311852 780750474
846311840 758376942 222558102
369796680 661108620 846311864
661108608 780750462 436275214
435742877 711454377 780750474
661108608 313301013 780750474
91712774 846311852 846311864
504163766 780750462 811618894
661108608 661108620 846311864
886622130 780750462 661108632
846311840 780750462 57273827
661819428 962195422 846311864
576895063 846311852 846311864
846311840 846311852 780750474
780750450 846311852 780750474
780750450 780750462 801138410
780750450 846311852 780750474
661108608 780750462 661108632
780750450 661108620 661108632
846311840 846311852 661108632
203882409 780750462 846311864
528998751 846311852 780750474
846311840 661108620 661108632
780750450 780750462 780750474
661108608 780750462 661108632
787098193 846311852 846311864
846311840 661108620 780750474
846311840 780750462 846311864
661108608 740655898 780750474
661108608 846311852 780750474
780750450 604017264 780750474
957914119 780750462 661108632
661108608 1498230 846311864
846311840 780750462 661108632
489883272 26659346 846311864
661108608 36211720 846311864
846311840 748333728 780750474
780750450 846311852 661108632
780750450 846311852 780750474
846311840 396098950 780750474
846311840 846311852 661108632
846311840 780750462 780750474
661108608 661108620 846311864
661108608 780750462 494672917
661108608 780750462 780750474
846311840 780750462 780750474
780750450 321396279 239202590
661108608 661108620 780750474
846311840 196039774 661108632
14141218 914771193 661108632
661108608 661108620 780750474
641513207 732664594 846311864
547707520 780750462 661108632
780750450 965475132 780750474
661108608 661108620 780750474
661108608 622002034 780750474
780750450 661108620 780750474
661108608 846311852 661108632
846311840 780750462 661108632
620499586 661108620 310045237
780750450 846311852 846311864
846311840 780750462 780750474
780750450 780750462 661108632
846311840 661108620 846311864
780750450 661108620 846311864
846311840 780750462 661108632
688759476 846311852 661108632
877224619 739284246 846311864
780750450 189695841 846311864
780750450 846311852 846311864
846311840 661108620 780750474
661108608 504970670 780750474
846311840 661108620 667053955
780750450 284723674 661108632
846311840 207908008 661108632
661108608 288697056 435335155
466659695 780750462 661108632
846311840 780750462 846311864
780750450 661108620 846311864
780750450 846311852 846311864
661108608 846311852 846311864
780750450 661108620 121999289
846311840 846311852 846311864
780750450 846311852 846311864
780750450 780750462 661108632
285663417 780750462 780750474
661108608 661108620 661108632
780750450 780750462 780750474
780750450 661108620 780750474
405430191 661108620 780750474
661108608 846311852 846311864
846311840 846311852 661108632
139614901 661108620 978519007
780750450 780750462 661108632
846311840 880455273 780750474
780750450 661108620 661108632
537264430 162333091 780750474
661108608 780750462 780750474
661108608 780750462 780750474
846311840 951000136 479643224
846311840 846311852 375932376
846311840 661108620 780750474
989612497 780750462 661108632
780750450 780750462 780750474
661108608 780750462 780750474
661108608 661108620 780750474
846311840 661108620 780750474
661108608 72727269 846311864
444477944 846311852 780750474
780750450 780750462 846311864
780750450 780750462 780750474
107373980 661108620 661108632
780750450 846311852 661108632
780750450 846311852 846311864
661108608 780750462 124628673
846311840 428853800 661108632
780750450 661108620 846311864
661108608 347978114 32071030
846311840 836963359 780750474
65311145 661108620 846311864
780750450 136378256 661108632
780750450 780750462 661108632
780750450 846311852 661108632
780750450 735548965 661108632
780750450 175411601 661108632
199138996 780750462 780750474
478242377 846311852 327357696
846311840 780750462 780750474
105594723 846311852 780750474
846311840 780750462 780750474
677849344 180472164 846311864
846311840 282589484 661108632
780750450 780750462 661108632
835641766 846311852 661108632
661108608 394351963 413518651
780750450 780750462 846311864
661108608 661108620 780750474
864497912 661108620 780750474
661108608 780750462 780750474
849343817 780750462 846311864
661108608 581176436 661108632
780750450 780750462 661108632
230315491 780750462 144936482
661108608 846311852 363768489
938265899 769483236 493141787
661108608 780750462 846311864
661108608 846311852 661108632
846311840 661108620 780750474
780750450 780750462 661108632
846311840 846311852 661108632
780750450 304565307 846311864
780750450 342085618 501852122
661108608 106453791 837094602
846311840 846311852 813221956
846311840 661108620 737512903
661108608 829747046 661108632
780750450 416076323 846311864
780750450 780750462 661108632
846311840 828326642 311732180
780750450 960842927 661108632
780750450 661108620 780750474
954968442 780750462 846311864
846311840 780750462 661108632
956638560 846311852 780750474
780750450 780750462 846311864
264090360 344328525 661108632
661108608 780750462 661108632
982555124 733021448 846311864
846311840 264651301 780750474
661108608 680362738 846311864
780750450 780750462 780750474
346522524 780750462 780750474
777945357 780750462 846311864
846311840 846311852 846311864
780750450 846311852 661108632
86827288 846311852 661108632
780750450 846311852 846311864
586495616 846311852 780750474
780750450 780750462 661108632
661108608 437453370 319166825
780750450 846311852 846311864
32525110 846311852 661108632
661108608 190750740 780750474
661108608 661108620 780750474
780750450 780750462 508893954
661108608 780750462 780750474
380955177 846311852 846311864
780750450 661108620 846311864
370198469 661108620 661108632
780750450 480768960 222984897
725823253 846311852 846311864
780750450 846311852 780750474
780750450 714347637 846311864
846311840 661108620 780750474
780750450 262248794 780750474
821170381 156646256 780750474
822891854 661108620 846311864
661108608 661108620 50465994
661108608 846311852 941942615
846311840 661108620 661108632
846311840 661108620 780750474
731200711 226448813 153251600
846311840 846311852 780750474
599880871 661108620 661108632
780750450 134171825 661108632
780750450 661108620 846311864
780750450 780750462 50959689
846311840 846311852 668322855
55596608 846311852 661108632
661108608 661108620 661108632
780750450 661108620 846311864
661108608 661108620 846311864
661108608 846311852 661108632
537939392 846311852 661108632
780750450 571114252 661108632
661108608 780750462 780750474
661108608 723920625 780750474
780750450 846311852 846311864
169663848 780750462 647723875
846311840 661108620 177444286
837703731 780750462 846311864
136319618 220716938 846311864
661108608 661108620 780750474
846311840 661108620 780750474
780750450 846311852 592849114
31639004 914310789 661108632
780750450 661108620 661108632
846311840 780750462 780750474
780750450 846311852 433231338
780750450 780750462 661108632
661108608 573151875 661108632
661108608 846311852 780750474
846311840 846311852 661108632
16392785 780750462 780750474
846311840 153574240 661108632
661108608 661108620 661108632
715008092 661108620 780750474
780750450 661108620 661108632
619098158 780750462 965473205
784794619 780750462 846311864
689956020 661108620 780750474
780750450 185291787 846311864
846241259 780750462 846311864
780750450 581509115 780750474
780750450 780750462 614358339
661108608 971978995 846311864
52875883 519966634 846311864
453638792 4916222 846311864
605790419 780750462 661108632
579487959 661108620 780750474
169577114 661108620 780750474
76605568 881016011 661108632
846311840 661108620 519040026
780750450 846311852 846311864
655882562 106647663 780750474
846311840 661108620 661108632
710067838 661108620 780750474
661108608 661108620 661108632
730747684 780750462 846311864
661108608 846311852 661108632
780750450 780750462 155678344
178597504 164717683 780750474
780750450 661108620 661108632
661108608 661108620 661108632
677413829 105892361 846311864
677573603 780750462 780750474
780750450 846311852 661108632
780750450 846311852 661108632
661108608 846311852 780750474
846311840 99873369 197982299
780750450 846311852 846311864
661108608 29901966 846311864
780750450 602048415 846311864
846311840 711271891 780750474
780750450 780750462 780750474
846311840 661108620 780750474
661108608 661108620 661108632
846311840 514684166 661108632
532391510 846311852 846311864
661108608 846311852 661108632
846311840 661108620 846311864
846311840 661108620 661108632
661108608 357505080 780750474
430743702 780750462 846311864
780750450 661108620 780750474
406190058 780750462 846311864
661108608 661108620 734693811
661108608 780750462 780750474
318131464 846311852 780750474
661108608 661108620 661108632
780750450 661108620 780750474
846311840 780750462 846311864
780750450 661108620 846311864
846311840 217689054 846311864
846311840 976743223 661108632
846311840 780750462 780750474
846311840 780929950 580368295
661108608 661108620 846311864
846311840 780750462 735291017
846311840 846311852 846311864
35610655 846311852 780750474
846311840 661108620 780750474
780750450 780750462 753185531
846311840 661108620 661108632
846311840 953576169 965580631
127393219 780750462 661108632
846311840 846311852 846311864
661108608 661108620 846311864
835614272 846311852 846311864
106130269 846311852 179569148
254809007 513256298 456962381
846311840 780750462 846311864
707143622 22838955 661108632
846311840 661108620 780750474
661108608 780750462 680838040
661108608 899365894 780750474
148282150 376903706 846311864
780750450 846311852 139386078
846311840 846311852 778581534
612278349 685889351 209638450
320471822 661108620 780750474
846311840 886165907 661108632
780750450 780750462 33286576
113746035 780750462 390035097
661108608 846311852 846311864
846311840 33478421 846311864
661108608 388507751 661108632
846311840 780750462 194675290
661108608 661108620 661108632
780750450 846311852 780750474
780750450 661108620 846311864
661108608 495723654 846311864
780750450 661108620 780750474
246489380 729583162 780750474
692718631 661108620 661108632
661108608 780750462 661108632
301997434 780750462 525853619
661108608 46332972 846311864
846311840 524702743 452086107
780750450 780750462 661108632
780750450 846311852 780750474
661108608 661108620 780750474
846311840 780750462 780750474
455334344 846311852 236373886
780750450 661108620 780750474
780750450 780750462 780750474
661108608 780750462 661108632
323542346 846311852 661108632
331085775 780750462 780750474
846311840 661108620 780750474
716340049 780750462 780750474
780750450 780750462 240478998
661108608 152070060 661108632
308453925 780750462 780750474
846311840 661108620 780750474
780750450 846311852 780750474
846311840 780750462 846311864
780750450 661108620 802008457
45991973 780750462 780750474
661108608 780750462 661108632
780750450 780750462 780750474
661108608 780750462 846311864
846311840 780750462 846311864
661108608 499285101 700670357
287902132 780750462 42614095
386979650 780750462 661108632
661108608 661108620 846311864
780750450 846311852 780750474
846311840 318124361 780750474
863371430 661108620 661108632
149351978 661108620 661108632
846311840 661108620 780750474
661108608 780750462 891538744
478395319 479197260 243893747
846311840 220291874 661108632
846311840 780750462 907493010
661108608 191609781 885948646
661108608 846311852 846311864
661108608 199192071 661108632
661108608 780750462 846311864
661108608 366913619 661108632
265060848 846311852 846311864
661108608 251106370 661108632
661108608 846311852 780750474
930403361 444467776 920440071
846311840 661108620 846311864
780750450 807068968 780750474
661108608 661108620 780750474
661108608 780750462 780750474
780750450 780750462 780750474
846311840 846311852 75417792
780750450 780750462 846311864
574080393 846311852 398217948
846311840 576779206 780750474
780750450 661108620 780750474
780750450 214661865 846311864
634623852 864357553 588787846
190494247 780750462 780750474
846311840 468792368 661108632
780750450 661108620 665637957
846311840 432385676 846311864
846311840 780750462 780750474
661108608 846311852 840751002
846311840 718689069 480609790
780750450 780750462 575079435
71268618 846311852 661108632
846311840 661108620 780750474
780750450 780750462 291234087
846311840 846311852 846311864
661108608 780750462 54849263
957389978 780750462 661108632
661108608 661108620 846311864
780750450 780750462 846311864
846311840 661108620 661108632
846311840 780750462 780750474
846311840 661108620 846311864
840577349 259674970 780750474
528512367 661108620 780750474
780750450 661108620 846311864
846311840 798718252 846311864
780750450 661108620 928740831
780750450 238526506 661108632
780750450 846311852 117964103
846311840 661108620 846311864
846311840 661108620 846311864
661108608 661108620 436314683
780750450 846311852 846311864
60926046 780750462 846311864
973696728 780750462 599324586
661108608 661108620 15404571
810292673 846311852 846311864
661108608 495496447 374959984
780750450 780750462 780750474
661108608 846311852 719084170
780750450 780750462 846311864
633367651 846311852 865738144
57233125 780750462 846311864
58288016 846311852 780750474
290627042 589396194 780750474
89338712 780750462 846311864
603856322 661108620 661108632
780750450 846311852 780750474
559495918 661108620 846311864
846311840 661108620 846311864
846311840 780750462 661108632
780750450 846311852 725978537
661108608 661108620 780750474
881322941 419143307 780750474
141909400 846311852 692846435
846311840 846311852 163716602
846311840 661108620 780750474
780750450 846311852 191877186
846311840 780750462 780750474
661108608 661108620 661108632
661108608 765465657 266550408
661108608 780750462 846311864
661108608 520809344 661108632
661108608 846311852 846311864
661108608 661108620 661108632
661108608 780750462 516654777
846311840 661108620 780750474
780750450 846311852 166209543
780750450 846311852 846311864
780750450 312517264 661108632
661108608 397689345 661108632
992935209 114494865 661108632
661108608 846311852 197106307
661108608 780750462 661108632
780750450 708764109 661108632
846311840 661108620 846311864
846311840 846311852 846311864
870445616 846311852 661108632
846311840 846311852 846311864
661108608 346565173 661108632
846311840 846311852 780750474
47822993 508945690 661108632
846311840 707110497 780750474
846311840 125549730 661108632
846311840 43081631 846311864
661108608 661108620 846311864
780750450 661108620 780750474
846311840 846311852 846311864
780750450 846311852 846311864
661108608 846311852 661108632
925108965 780750462 780750474
661108608 436132934 780750474
780750450 780750462 846311864
661108608 846311852 661108632
846311840 661108620 506091352
846311840 151866109 220462153
780750450 107449953 661108632
661108608 846311852 426298845
846311840 182239313 846311864
780750450 758447127 661108632
341290806 846311852 780750474
780750450 780750462 661108632
96164029 661108620 846311864
846311840 846311852 661108632
846311840 846311852 846311864
780750450 661108620 846311864
780750450 780750462 846311864
661108608 780750462 955529161
846311840 468997461 444105960
780750450 846311852 846311864
661108608 780750462 57770125
780750450 780750462 8332621
846311840 846311852 780750474
780750450 619471374 661108632
846311840 661108620 780750474
780750450 233610805 780750474
453819741 661108620 846311864
780750450 846311852 780750474
661108608 846311852 780750474
846311840 780750462 661108632
780750450 780750462 780750474
846311840 846311852 780750474
661108608 846311852 846311864
846311840 846311852 661108632
661108608 661108620 661108632
307058289 661108620 599984597
846311840 414970556 352021281
807098920 661108620 846311864
661108608 661108620 395987494
661108608 780750462 661108632
846311840 661108620 780750474
301940097 846311852 780750474
780750450 846311852 661108632
846311840 317618731 300421398
780750450 780750462 846311864
780750450 780750462 780750474
661108608 623485310 661108632
846311840 780750462 780750474
846311840 106133675 780750474
661108608 780750462 661108632
780750450 780750462 846311864
899355666 661108620 661108632
897412535 661108620 606219561
661108608 661108620 395770507
780750450 780750462 846311864
282400991 780750462 846311864
39230445 803900293 661108632
780750450 846311852 213772562
86168169 661108620 780750474
780750450 658473139 261174110
780750450 661108620 846311864
661108608 780750462 846311864
638661387 846311852 447459630
661108608 661108620 780750474
846311840 736635507 780750474
846311840 661108620 719750167
115459783 780750462 780750474
846311840 780750462 642902057
846311840 388542655 780750474
846311840 661108620 846311864
846311840 846311852 846311864
598576989 661108620 780750474
846311840 780750462 846311864
661108608 846311852 661108632
717144827 661108620 846311864
846311840 846311852 780750474
846311840 661108620 846311864
542909507 661108620 661108632
877401495 772564595 846311864
661108608 780750462 846311864
846311840 976085573 846311864
274228922 661108620 846311864
661108608 661108620 661108632
366568917 846311852 780750474
997306188 732123201 153353643
780750450 846311852 661108632
661108608 780750462 846311864
780750450 661108620 661108632
846311840 846311852 846311864
846311840 846311852 661108632
846311840 846311852 713937252
60142689 846311852 21243982
846311840 780750462 780750474
661108608 780750462 181362864
780750450 846311852 846311864
780750450 932915043 661108632
919295349 661108620 846311864
661108608 780750462 661108632
672772736 661108620 846311864
661108608 846311852 661108632
780750450 846311852 36383049
420515056 661108620 348089971
780750450 846311852 846311864
130228121 846311852 846311864
780750450 509108114 846311864
661108608 780750462 780750474
390730338 960590536 780750474
661108608 23597068 846311864
780750450 661108620 878528850
661108608 661108620 661108632
829370746 661108620 780750474
661108608 386860591 125589176
661108608 933632978 780750474
194837272 846311852 780750474
780750450 537797613 780750474
175389387 846311852 846311864
661108608 861044739 661108632
234471861 780750462 655667166
846311840 298300319 661108632
661108608 780750462 329639818
706201211 661108620 661108632
661108608 661108620 661108632
846311840 582923703 91836558
780750450 90213362 846311864
661108608 846311852 846311864
661108608 661108620 846311864
661108608 229530701 661108632
661108608 661108620 846311864
846311840 780750462 846311864
717613060 980630161 269827985
846311840 846311852 846311864
532541268 560826472 846311864
780750450 945151410 780750474
846311840 140355319 488816670
780750450 661108620 661108632
661108608 661108620 780750474
780750450 661108620 846311864
846311840 846311852 313417860
661108608 846311852 846311864
267370379 846311852 850529038
846311840 946183514 117483004
661108608 846311852 661108632
846311840 780750462 661108632
846311840 829577246 372267296
846311840 88032774 661108632
780750450 846311852 780750474
249692104 894965253 661108632
846311840 590582348 364506526
780750450 661108620 603050894
780750450 948362946 661108632
661108608 780750462 661108632
661108608 661108620 661108632
780750450 780750462 661108632
780750450 846311852 846311864
661108608 445875861 661108632
661108608 780750462 661108632
661108608 661108620 780750474
780750450 780750462 780750474
780750450 568332714 780750474
661108608 661108620 661108632
661108608 931942742 780750474
661108608 780750462 846311864
780750450 846311852 661108632
20257208 846311852 661108632
794106427 780750462 661108632
780750450 661108620 661108632
314562897 661108620 846311864
261988420 661108620 661108632
150980323 661108620 846311864
846311840 661108620 846311864
72116184 846311852 780750474
846311840 780750462 661108632
780750450 780750462 491763813
661108608 815389413 661108632
780750450 382715317 846311864
780750450 780750462 117179336
780750450 780750462 846311864
661108608 858247273 846311864
780750450 661108620 780750474
846311840 780750462 846311864
661108608 21380795 841561361
537705975 99586443 785147354
846311840 661108620 846311864
846311840 780750462 846311864
846311840 780750462 581803289
780750450 780750462 846311864
780750450 846311852 846311864
503441721 780750462 661108632
780750450 661108620 817844308
292452317 661108620 846311864
846311840 846311852 846311864
866856377 780750462 363350906
780750450 846311852 661108632
846311840 780750462 846311864
547169208 290213544 780750474
846311840 637799101 992400785
9137933 780750462 780750474
661108608 840233698 225261840
661108608 780750462 661108632
661108608 267959579 780750474
661108608 756627572 846311864
241454076 780750462 846311864
780750450 228637800 86725342
793244995 661108620 661108632
759091433 780750462 491683133
846311840 846311852 780750474
661108608 846311852 780750474
846311840 404596807 846311864
780750450 846311852 846311864
780750450 780750462 71950434
780750450 591710253 661108632
661108608 278955154 661108632
780750450 661108620 846311864
780750450 846311852 780750474
661108608 846311852 780750474
602666182 846311852 846311864
100631725 246273398 661108632
146015367 846311852 661108632
780750450 927172993 922800160
846311840 846311852 661108632
646940736 458820777 780750474
846311840 846311852 238417880
780750450 661108620 846311864
846311840 260893047 780750474
780750450 780750462 775498709
846311840 661108620 846311864
780750450 780750462 661108632
780750450 846311852 661108632
661108608 780750462 846311864
661108608 846311852 661108632
846311840 780750462 364383260
846311840 780750462 949532361
780750450 846311852 780750474
661108608 661108620 846311864
846311840 661108620 661108632
661108608 661108620 780750474
846311840 846311852 661108632
780750450 846311852 846311864
780750450 325691718 780750474
846311840 976729981 661108632
846311840 961481679 846311864
613548290 976668663 846311864
661108608 846311852 846311864
332569027 846311852 661108632
846311840 846311852 661108632
780750450 661108620 846311864
780750450 846311852 780750474
726408207 661108620 846311864
846311840 985374949 985669785
661108608 780750462 846311864
110941098 674194032 386795991
661108608 661108620 780750474
846311840 780750462 780750474
780750450 422478271 961237442
846311840 846311852 661108632
846311840 780750462 780750474
780750450 661108620 846311864
780750450 846311852 753293761
661108608 780750462 401079695
846311840 780750462 846311864
846311840 905427140 846311864
776535907 340073528 780750474
780750450 780750462 661108632
