5000 1 34
894 
1 2 399223743
1 3 80843305
1 4 939177707
3 5 671579269
5 6 684565427
5 7 29491475
1 8 317991545
5 9 426170557
7 10 92289815
9 11 969149568
1 12 428734062
9 13 896545041
12 14 699304005
6 15 287477821
1 16 87540157
12 17 426753127
13 18 593261344
10 19 18005777
19 20 338750475
7 21 439291925
21 22 296255001
7 23 38653123
19 24 775243296
23 25 230459001
14 26 469503063
15 27 412439141
3 28 810775875
19 29 698745659
22 30 993293018
11 31 124204155
14 32 378239146
9 33 124160393
27 34 100415276
18 35 660213118
11 36 554256510
25 37 348581223
11 38 483659572
10 39 514271588
4 40 627146559
24 41 838121175
19 42 167261899
9 43 535784347
18 44 867462726
37 45 898078207
42 46 978799157
22 47 132236448
29 48 615393450
7 49 644818624
18 50 706633759
25 51 944667366
10 52 695326478
3 53 979471613
12 54 948346679
36 55 924943669
46 56 24612511
24 57 659382405
10 58 859785192
56 59 408724889
13 60 208859439
39 61 967973280
27 62 994270261
62 63 890662826
57 64 382090551
36 65 954975721
54 66 364965922
23 67 355531260
34 68 313982196
41 69 17451623
10 70 138281356
43 71 467488488
60 72 70186748
46 73 201669807
16 74 901442875
45 75 530518745
26 76 32830171
12 77 375869650
42 78 527298132
52 79 608397760
10 80 709526016
53 81 914183856
24 82 177205045
72 83 563282368
23 84 360837962
31 85 647798328
38 86 309941942
64 87 635512607
55 88 944981530
55 89 985421214
55 90 580176020
37 91 909599742
41 92 572046373
24 93 734059368
25 94 790734096
48 95 107059081
66 96 307068013
94 97 437274329
27 98 597939957
59 99 307228155
31 100 583836636
70 101 16670583
49 102 496880666
72 103 319428054
52 104 343781416
63 105 506425245
80 106 714025442
58 107 393496258
74 108 691633739
52 109 758211085
76 110 886679460
56 111 180924864
56 112 973172362
68 113 468380120
95 114 232662836
45 115 917892874
101 116 635318992
76 117 794645835
52 118 546925436
88 119 474286806
100 120 464060406
79 121 261670468
82 122 213860644
79 123 250517262
107 124 599803590
92 125 211037203
100 126 264876740
106 127 512101236
86 128 22300262
116 129 826338854
116 130 612427814
117 131 862261928
99 132 639184584
77 133 80771084
65 134 645906248
94 135 390977986
88 136 962984283
79 137 523444403
95 138 236808642
77 139 944209891
123 140 229423728
127 141 993098433
137 142 562760589
130 143 32977816
74 144 219596965
101 145 728363048
117 146 196820592
111 147 403066547
86 148 323992533
141 149 48007073
89 150 285222704
142 151 117265457
84 152 228022991
89 153 359077869
128 154 802863068
126 155 95538765
112 156 236006345
103 157 246956107
129 158 937370108
91 159 823372888
144 160 948026231
141 161 367750711
114 162 785201434
120 163 71851393
157 164 382380692
149 165 759236897
157 166 981123884
134 167 885464692
155 168 290330813
108 169 722724584
111 170 369591985
111 171 259142540
147 172 363873213
127 173 309133418
107 174 357580252
151 175 13900228
173 176 864907953
158 177 379631627
169 178 207414044
125 179 128831142
148 180 50105880
114 181 958389732
126 182 746533364
182 183 210990161
143 184 360270035
165 185 672939591
123 186 896366178
152 187 893606865
120 188 443029830
152 189 143563381
155 190 192082573
127 191 415771426
127 192 376244739
179 193 444684389
139 194 98016639
128 195 412496454
181 196 732708264
192 197 800457570
127 198 476997985
187 199 520145262
156 200 473275942
160 201 427650306
134 202 609232104
184 203 739909750
136 204 596673612
158 205 539140182
184 206 271436899
139 207 447917979
174 208 380092843
144 209 909293912
188 210 513285340
165 211 200602580
204 212 966367976
187 213 160480787
201 214 898057291
166 215 319748180
205 216 50979274
208 217 222519964
160 218 472766967
184 219 399926478
160 220 418519795
199 221 946667043
178 222 463098483
196 223 419995967
185 224 302122025
217 225 170612604
209 226 174571101
218 227 264356799
171 228 49777824
218 229 938502850
216 230 41085721
222 231 365241992
173 232 203369314
163 233 639988250
224 234 225947129
218 235 784433829
180 236 429820533
209 237 315480598
187 238 59176862
201 239 476571833
188 240 995422204
220 241 857458957
241 242 421685905
180 243 261100495
189 244 426673464
182 245 735088152
191 246 581860588
209 247 669159480
202 248 723845347
234 249 501919749
216 250 470957333
223 251 617188213
187 252 241597183
214 253 358156233
187 254 742859665
229 255 931425441
253 256 199658299
218 257 823694111
222 258 776675499
223 259 592259030
220 260 81238592
221 261 958004005
206 262 326280465
195 263 462109510
197 264 216060826
214 265 173791066
232 266 334839935
217 267 953121097
239 268 824371716
247 269 875138890
222 270 675027718
251 271 145585905
260 272 252592217
239 273 795183348
273 274 547313364
225 275 905098694
229 276 770047442
212 277 827288941
277 278 414027926
229 279 301685140
269 280 278972950
215 281 319076357
216 282 86469214
277 283 176148732
274 284 470573391
262 285 613781357
280 286 800379460
239 287 643466780
278 288 932380706
235 289 146389844
288 290 998234765
255 291 26072103
239 292 561754585
266 293 56558913
228 294 813371862
277 295 273127301
239 296 128341295
255 297 46053972
256 298 951196723
292 299 938775702
250 300 891567853
243 301 975573189
248 302 180249783
268 303 530891514
291 304 162802366
256 305 225793762
277 306 117448920
273 307 48139015
257 308 250474161
259 309 363501051
271 310 308721971
290 311 861861134
260 312 156534986
283 313 42182495
309 314 5056400
294 315 97257702
262 316 709553595
263 317 36812615
254 318 167015816
276 319 100169622
277 320 803898730
319 321 595719894
295 322 663349727
304 323 62276352
259 324 376826806
267 325 75900292
289 326 56154394
325 327 495459005
322 328 876494089
324 329 878308972
262 330 575050211
262 331 972078722
288 332 166374383
265 333 475380479
320 334 131926359
300 335 378231907
274 336 543563229
281 337 48532744
299 338 623273277
281 339 40223853
299 340 845740849
291 341 110540765
285 342 730861507
290 343 171887380
301 344 927821898
324 345 246648533
289 346 847521613
277 347 719667209
310 348 58506665
314 349 979677100
331 350 138275752
293 351 784476343
345 352 168718947
309 353 31539824
310 354 518510709
351 355 436111207
309 356 86492230
290 357 87464610
297 358 742275218
291 359 565337227
347 360 454341161
312 361 951054789
342 362 615362627
307 363 283809678
356 364 55673739
337 365 363531586
297 366 663405706
350 367 224562724
343 368 555087296
318 369 568300106
363 370 598876635
320 371 529894794
369 372 151725177
328 373 847500010
373 374 78772664
343 375 779160808
373 376 933699789
360 377 841160773
346 378 534575050
358 379 421043840
342 380 36153416
315 381 307478041
375 382 972696492
371 383 968442290
326 384 442526867
325 385 937446541
355 386 425337964
337 387 137860093
372 388 981937819
372 389 353838485
323 390 715389321
371 391 758404198
348 392 295675790
329 393 190447784
352 394 857063454
390 395 841371921
364 396 203881754
345 397 365348538
327 398 776915725
355 399 344976579
387 400 122567398
399 401 841890663
338 402 753228178
390 403 257330608
363 404 961756541
376 405 271694513
342 406 490299588
355 407 81282795
399 408 723094104
375 409 804963672
349 410 838268269
400 411 15012531
367 412 144242920
369 413 79522758
390 414 816100740
381 415 173659989
406 416 95756833
355 417 423605943
411 418 145698509
369 419 864291409
367 420 670291548
401 421 326004503
418 422 402018869
416 423 539946869
398 424 138549823
393 425 847043482
383 426 289679578
357 427 386617119
372 428 29704645
382 429 163156612
404 430 968957153
362 431 856946676
378 432 424492784
429 433 164211643
431 434 205743735
375 435 437804920
389 436 831908038
400 437 483573798
428 438 192162303
418 439 462746465
417 440 641324211
382 441 370539790
388 442 628382567
395 443 962870099
420 444 422695352
389 445 449879276
430 446 909077581
378 447 197574955
442 448 437573550
416 449 342668155
385 450 850144164
420 451 215279588
444 452 760256868
438 453 851925505
424 454 263041781
411 455 76843451
395 456 723673591
421 457 423782567
423 458 75427044
419 459 330052515
424 460 770194197
394 461 20151870
429 462 738384500
402 463 26252809
457 464 595369495
411 465 868151585
460 466 632729221
463 467 548323773
466 468 501224983
453 469 962242216
399 470 321697920
429 471 132400117
426 472 686101858
472 473 545291702
453 474 127015160
416 475 248957220
428 476 629603711
438 477 337569307
445 478 100852960
441 479 380147734
458 480 173203034
480 481 992827308
439 482 77121349
473 483 548476281
450 484 894108101
480 485 710338617
468 486 632524289
466 487 395926577
452 488 590376104
469 489 76969510
420 490 168121403
425 491 963335638
461 492 230769827
437 493 326425402
461 494 64770960
475 495 525127829
440 496 950297853
452 497 194084479
448 498 428769676
486 499 819640163
442 500 477887321
438 501 692152575
480 502 302579359
495 503 900786829
439 504 851921269
471 505 967877204
476 506 110731543
472 507 686059915
503 508 835199487
491 509 79155402
453 510 236159467
491 511 111043441
491 512 241347413
501 513 84077249
466 514 692554829
450 515 201780055
470 516 621328311
457 517 268370046
488 518 542894505
499 519 276643122
451 520 785207582
471 521 561335146
515 522 46493117
458 523 743693799
511 524 197485317
498 525 56164229
496 526 281698220
477 527 484578428
477 528 61087893
471 529 131894825
525 530 586689301
508 531 336246480
526 532 44624723
464 533 354354344
468 534 133035985
518 535 189001541
534 536 922723705
528 537 256117045
484 538 721932949
481 539 824982944
537 540 592600460
493 541 286432874
483 542 950488474
493 543 153542214
527 544 377214188
517 545 200030272
488 546 286943193
504 547 119194098
479 548 326432342
545 549 353426778
535 550 592996094
517 551 208922086
486 552 376715104
524 553 60966084
486 554 938482606
539 555 494091175
511 556 661162322
547 557 595258398
557 558 468100518
553 559 543854215
492 560 146924633
494 561 304073757
550 562 158304271
515 563 472427165
561 564 718752109
564 565 474985413
506 566 400611983
524 567 218237357
539 568 460970222
522 569 483300851
529 570 387540861
566 571 243706174
539 572 472353501
559 573 167143487
539 574 354229853
526 575 983030420
524 576 282004874
531 577 365745003
534 578 570436476
509 579 796379070
571 580 320275694
517 581 175471413
528 582 947328708
570 583 245278427
573 584 804850112
533 585 818510460
546 586 47666089
564 587 645245537
586 588 451997250
530 589 30304573
539 590 422449932
581 591 125175385
539 592 71341914
523 593 190930089
537 594 575480559
560 595 214104568
566 596 252997816
593 597 45095895
534 598 454141104
540 599 937054791
574 600 327605067
580 601 685334226
590 602 831014554
551 603 853325274
579 604 867604571
596 605 377532072
570 606 138902043
537 607 25935249
545 608 716236195
578 609 362457499
545 610 542984925
604 611 88445114
597 612 464251198
585 613 79164706
579 614 959215905
589 615 685099427
585 616 746384546
600 617 272905038
600 618 471654972
567 619 153238290
600 620 1466353
557 621 795473624
575 622 132494316
592 623 582714955
582 624 580696674
577 625 177179464
602 626 834490109
599 627 782624379
622 628 909865851
570 629 413182601
621 630 389361627
562 631 763914427
566 632 885591786
596 633 981563026
621 634 76889040
614 635 799606315
585 636 453103952
630 637 341707722
612 638 540527471
622 639 948613930
571 640 14776506
594 641 417788615
593 642 106734124
582 643 3248443
642 644 697500449
604 645 673656265
625 646 410718882
612 647 337795062
585 648 529670893
625 649 690119325
584 650 243948982
594 651 339055836
607 652 98104425
639 653 843833540
591 654 56557043
612 655 126495231
630 656 457617960
628 657 33689869
611 658 76017620
641 659 679919552
655 660 518569713
646 661 575896065
635 662 896939583
657 663 620249045
654 664 3520391
634 665 60553847
625 666 473194446
645 667 832644854
635 668 361530658
642 669 438486711
606 670 144922503
645 671 629959771
601 672 277092377
658 673 127324798
650 674 343321731
663 675 918565374
665 676 834223495
612 677 496678267
618 678 51579454
673 679 962653080
666 680 646005025
656 681 670381282
656 682 508557219
642 683 977434386
659 684 897869000
670 685 639344332
672 686 766598121
623 687 944995729
619 688 590793428
662 689 310511870
668 690 953563678
663 691 798521115
653 692 112372882
676 693 350938195
625 694 907724999
651 695 54253368
649 696 551412688
686 697 246610112
688 698 472257821
657 699 859903293
677 700 218409730
666 701 704724185
687 702 972421090
662 703 365793481
648 704 404498592
700 705 76084813
703 706 203930108
686 707 494540078
665 708 898187383
685 709 857901391
700 710 750814995
643 711 939003065
699 712 233684503
668 713 884877114
674 714 9991306
648 715 838553969
708 716 896136321
668 717 404789384
686 718 944480471
718 719 397257107
679 720 990481533
669 721 820649755
699 722 546064578
657 723 814639763
723 724 683027207
721 725 783501795
680 726 840826304
721 727 35731872
726 728 49022657
658 729 586554439
719 730 212022604
697 731 100995218
661 732 935414988
718 733 454436335
695 734 515944006
721 735 726223569
672 736 285863212
681 737 154170429
714 738 196919155
677 739 12373266
681 740 312407970
682 741 49486551
694 742 678720876
736 743 658563636
676 744 98469314
681 745 14104229
679 746 760820184
681 747 113442782
702 748 902478483
693 749 203221105
686 750 777669169
686 751 749550273
715 752 699871924
712 753 51015447
745 754 127909744
730 755 934701445
696 756 905367405
700 757 362777339
719 758 25160373
744 759 119965080
714 760 793803142
692 761 414661801
755 762 637973016
745 763 826538568
729 764 338327020
753 765 791942523
737 766 948379399
707 767 433545325
705 768 194907154
740 769 474582764
718 770 493571053
723 771 961370525
755 772 267450307
748 773 866270991
719 774 620916681
740 775 55942894
773 776 577034070
711 777 431369751
740 778 74629946
736 779 534646044
764 780 31238913
720 781 277023747
737 782 296575481
754 783 93809886
714 784 54019740
732 785 54909391
765 786 273195218
772 787 620569724
765 788 760216470
720 789 511518821
774 790 228472282
725 791 915745009
776 792 477446856
758 793 739563852
789 794 52357527
768 795 125094233
766 796 97196979
767 797 921915285
791 798 287701773
767 799 749996677
757 800 45621243
783 801 300965095
742 802 420716092
776 803 524216523
777 804 190373544
792 805 2158708
771 806 379842160
803 807 317918908
765 808 200458649
739 809 219052601
745 810 972818422
764 811 142723185
761 812 479469873
759 813 762935194
759 814 326265317
814 815 609065830
799 816 65807628
782 817 419777478
774 818 10653664
776 819 641258472
817 820 92640916
810 821 18418906
770 822 177902376
770 823 627715056
768 824 280892511
806 825 635185092
816 826 382099279
806 827 603619678
793 828 573565832
759 829 167775431
788 830 336195780
810 831 367575674
818 832 924550756
810 833 996113912
815 834 691972770
774 835 108578746
774 836 602813218
786 837 825139294
821 838 527586327
793 839 649198015
772 840 628229450
821 841 517286290
782 842 433115519
838 843 59337616
838 844 881476601
818 845 622488942
803 846 897414146
800 847 522888974
820 848 880907813
783 849 516571327
831 850 887452209
803 851 212437892
839 852 29752792
846 853 316468524
790 854 697048197
793 855 946326498
851 856 889390923
831 857 334937801
800 858 990411074
818 859 799140264
840 860 127546903
836 861 686069005
801 862 251910193
810 863 265840105
837 864 313375950
825 865 412517312
852 866 185410162
802 867 144507661
853 868 495195516
808 869 959908794
827 870 575028284
814 871 273637255
820 872 48518785
856 873 819731514
872 874 268901823
815 875 852817221
849 876 262427253
839 877 204260712
877 878 716504706
837 879 141300712
876 880 692804872
870 881 583445419
859 882 509733585
867 883 44936247
869 884 92133063
862 885 50986251
846 886 791744215
865 887 944258735
852 888 434811494
841 889 753063192
849 890 169151291
829 891 194424378
853 892 553933737
823 893 128539843
844 894 851122885
874 895 186092140
842 896 857705322
837 897 680342654
894 898 981179667
859 899 339054324
890 900 363440778
843 901 997584460
841 902 633561431
870 903 414632532
899 904 560343543
875 905 645542158
893 906 280490760
906 907 179699945
903 908 697994541
883 909 817485139
902 910 361999458
842 911 456701603
861 912 769132239
907 913 749423505
863 914 137203319
914 915 835371200
899 916 5806141
878 917 584387499
903 918 148190125
899 919 567386034
883 920 560643864
899 921 716523264
911 922 448224442
882 923 207166495
872 924 285734863
858 925 261004765
900 926 170797579
872 927 451160703
881 928 122600770
877 929 663670178
919 930 45147318
867 931 255473212
909 932 298846553
888 933 539919503
907 934 611922336
891 935 259577794
930 936 821565703
892 937 874833357
886 938 371334454
931 939 959046358
871 940 689120326
906 941 233909628
874 942 380302277
890 943 284019077
884 944 696773272
941 945 274002396
892 946 101924861
929 947 55614601
913 948 84803944
911 949 177750629
887 950 77600394
888 951 882059670
897 952 201169836
942 953 336933721
921 954 636469368
945 955 91127994
950 956 1059965
917 957 971749719
950 958 511411443
931 959 29992664
910 960 38986243
925 961 488755790
912 962 605926188
928 963 791495227
897 964 471456138
899 965 394509617
908 966 875782894
919 967 817678649
914 968 192235073
935 969 905430579
923 970 96466927
938 971 682167184
945 972 68927410
941 973 53368758
963 974 646150934
912 975 689664619
924 976 606496037
954 977 69062744
933 978 520518801
923 979 141504786
953 980 921594458
959 981 81340611
923 982 666713370
948 983 966581907
961 984 122519460
979 985 645754423
940 986 687739480
960 987 22224502
978 988 758440
976 989 687826736
938 990 98577928
985 991 901387154
921 992 907862788
947 993 809994671
976 994 503187918
928 995 495396868
934 996 73013920
966 997 543001311
953 998 839642472
937 999 859019173
962 1000 895961330
939 1001 910574011
977 1002 385803697
1001 1003 751744768
934 1004 416589207
997 1005 180875098
975 1006 860668480
965 1007 62243765
974 1008 3433294
976 1009 266015164
963 1010 947284028
982 1011 757408511
985 1012 40650190
966 1013 349704118
967 1014 416836571
963 1015 118008496
996 1016 439205957
1016 1017 861987793
984 1018 765062966
959 1019 696841789
986 1020 642080524
1004 1021 518347228
976 1022 77148909
960 1023 784394301
961 1024 667135219
971 1025 946040311
995 1026 885092375
962 1027 563645569
970 1028 980876040
970 1029 258384246
1013 1030 818867342
976 1031 425841248
1017 1032 397649662
986 1033 976660977
1016 1034 127046790
991 1035 26180299
995 1036 269763979
967 1037 750756696
1021 1038 135061448
988 1039 740340735
992 1040 234579175
1020 1041 636153538
972 1042 33932992
1005 1043 172923781
1013 1044 996818527
989 1045 795012851
1019 1046 811141422
988 1047 124794332
1047 1048 187376765
1000 1049 948826687
1002 1050 977398343
990 1051 45087471
1006 1052 46620634
1017 1053 435581506
1002 1054 493246593
998 1055 94375893
1054 1056 201290112
1008 1057 248523659
1055 1058 274932652
1054 1059 603325264
1054 1060 599807753
1047 1061 621409098
1020 1062 23916944
1004 1063 729966924
1044 1064 664356421
1018 1065 846860162
1032 1066 568264615
1030 1067 746393181
1025 1068 221974902
1021 1069 928080260
1045 1070 662377478
1037 1071 72416292
1010 1072 721262993
1010 1073 616391361
1072 1074 516654752
1021 1075 190842221
1014 1076 310094851
1033 1077 200465632
1041 1078 394198695
1057 1079 141685342
1069 1080 734777394
1024 1081 181733662
1077 1082 220767416
1066 1083 62364648
1078 1084 255317945
1029 1085 324300904
1052 1086 781624292
1067 1087 212163524
1066 1088 295975449
1056 1089 66129343
1078 1090 743923063
1038 1091 258579693
1091 1092 987979534
1026 1093 217002825
1071 1094 31378230
1080 1095 85199279
1036 1096 910741904
1081 1097 227484928
1052 1098 928026584
1066 1099 160519246
1082 1100 295762298
1068 1101 10616970
1086 1102 533478875
1076 1103 235421577
1051 1104 639319316
1066 1105 457145680
1073 1106 810632962
1047 1107 524941012
1080 1108 636591228
1066 1109 715301975
1089 1110 23000685
1084 1111 236252504
1041 1112 259310907
1089 1113 254978181
1082 1114 471840050
1047 1115 906229168
1055 1116 336008923
1060 1117 902295876
1049 1118 186421480
1114 1119 215884999
1062 1120 373592015
1081 1121 994736423
1118 1122 331539095
1078 1123 866445704
1115 1124 572714878
1120 1125 743963149
1073 1126 91076643
1100 1127 990205168
1073 1128 54983890
1087 1129 226237357
1095 1130 776118760
1112 1131 547090547
1071 1132 946418631
1068 1133 281334249
1106 1134 58479955
1116 1135 173271216
1133 1136 694292032
1129 1137 611837960
1109 1138 184521942
1083 1139 493052024
1136 1140 479478481
1123 1141 853322262
1074 1142 765794332
1139 1143 471527989
1111 1144 242287101
1131 1145 326617872
1123 1146 955042376
1126 1147 366442693
1139 1148 760371001
1090 1149 566539605
1127 1150 516303931
1123 1151 431259873
1104 1152 295891954
1087 1153 809038086
1087 1154 873816578
1089 1155 723131870
1131 1156 14211383
1125 1157 628985957
1140 1158 701895438
1115 1159 587247060
1093 1160 373559907
1155 1161 378360127
1111 1162 784605748
1127 1163 830283057
1118 1164 822991348
1135 1165 39995848
1125 1166 675904507
1145 1167 635131506
1111 1168 183579874
1149 1169 157814584
1169 1170 705361176
1101 1171 652268124
1107 1172 272450275
1137 1173 315652555
1160 1174 199576498
1132 1175 154152057
1170 1176 835693194
1162 1177 448101250
1145 1178 13327398
1122 1179 54723992
1128 1180 914045349
1174 1181 643116584
1127 1182 287949534
1137 1183 128596562
1160 1184 125689106
1161 1185 589494674
1182 1186 7055182
1136 1187 49205380
1168 1188 956040625
1175 1189 667664145
1124 1190 20132785
1179 1191 65265301
1138 1192 595155211
1158 1193 416544861
1176 1194 820948953
1185 1195 773791427
1178 1196 871220992
1159 1197 464383924
1157 1198 195138599
1181 1199 428409507
1164 1200 259863134
1156 1201 301480554
1175 1202 606727536
1148 1203 594013572
1200 1204 3468719
1186 1205 71116520
1180 1206 803374726
1196 1207 113672588
1196 1208 388063469
1191 1209 251514511
1201 1210 420872076
1202 1211 600287861
1154 1212 498604825
1186 1213 705288678
1184 1214 386750071
1157 1215 173692677
1176 1216 558392240
1202 1217 136443656
1182 1218 919582229
1205 1219 718604807
1189 1220 398017167
1179 1221 622376419
1209 1222 605538092
1194 1223 322265296
1162 1224 740802893
1209 1225 979442860
1171 1226 388896499
1208 1227 434834765
1219 1228 98736326
1189 1229 823762812
1189 1230 940197121
1171 1231 498546129
1230 1232 473144026
1189 1233 126540823
1210 1234 219829310
1175 1235 893201899
1229 1236 659942379
1229 1237 955533052
1172 1238 412117024
1199 1239 496886821
1171 1240 787648880
1203 1241 189662125
1194 1242 889202982
1199 1243 271694212
1225 1244 114409160
1200 1245 486280992
1203 1246 297516830
1242 1247 173227504
1178 1248 514049508
1180 1249 85142674
1246 1250 180670810
1233 1251 684925879
1215 1252 631375953
1220 1253 965780214
1220 1254 345217004
1241 1255 441330912
1199 1256 208390224
1248 1257 138072277
1226 1258 613406419
1222 1259 289509514
1252 1260 81666974
1228 1261 503451407
1260 1262 513720679
1224 1263 976728206
1219 1264 531506547
1220 1265 427985707
1222 1266 222862177
1239 1267 851676474
1254 1268 268389054
1250 1269 661777918
1200 1270 418686342
1270 1271 272492217
1253 1272 873763623
1265 1273 448532319
1238 1274 65238695
1216 1275 549302980
1210 1276 822203166
1223 1277 712295693
1207 1278 844165184
1261 1279 307376346
1277 1280 729829748
1214 1281 874734069
1279 1282 940959020
1264 1283 402280300
1253 1284 973638048
1265 1285 518073304
1229 1286 205318631
1251 1287 710032559
1250 1288 163493334
1253 1289 630192792
1231 1290 402908516
1247 1291 142039843
1221 1292 198604621
1222 1293 985043134
1249 1294 862555294
1241 1295 495987624
1275 1296 372781694
1296 1297 315095369
1237 1298 515628352
1290 1299 400538407
1298 1300 994164525
1236 1301 3907507
1248 1302 854228680
1287 1303 283586934
1298 1304 123316732
1250 1305 87393885
1304 1306 930255356
1238 1307 287241271
1249 1308 287340115
1293 1309 510279587
1261 1310 34003131
1306 1311 679454148
1311 1312 824551900
1266 1313 135562164
1288 1314 659315741
1283 1315 69623491
1257 1316 928271171
1281 1317 500433256
1279 1318 40319560
1279 1319 239355526
1308 1320 503509111
1270 1321 974863800
1275 1322 396537392
1316 1323 919917520
1271 1324 229555379
1300 1325 984150892
1306 1326 95987365
1268 1327 56306769
1294 1328 885841380
1280 1329 510734822
1268 1330 934472927
1317 1331 758133148
1271 1332 472914509
1297 1333 616654552
1273 1334 112507764
1322 1335 926131891
1300 1336 965689373
1297 1337 272694891
1293 1338 535069314
1270 1339 720158436
1282 1340 240304256
1274 1341 398012364
1293 1342 717369331
1274 1343 536200266
1327 1344 495394360
1288 1345 355985919
1336 1346 104508183
1312 1347 321498020
1335 1348 40346938
1325 1349 144555768
1312 1350 276503455
1297 1351 671018913
1324 1352 545876655
1335 1353 302958112
1317 1354 464062935
1312 1355 986935202
1344 1356 130337371
1313 1357 235419411
1323 1358 738341329
1309 1359 335858960
1310 1360 161169321
1302 1361 255028814
1309 1362 815769240
1342 1363 562941994
1351 1364 258397229
1335 1365 146589525
1356 1366 457678140
1362 1367 221724299
1306 1368 727234693
1336 1369 829861931
1322 1370 148114958
1306 1371 272457573
1334 1372 730715514
1358 1373 827860559
1341 1374 285825220
1365 1375 202451096
1323 1376 112095283
1362 1377 267961752
1316 1378 510281770
1322 1379 788221963
1356 1380 782330670
1355 1381 972341092
1370 1382 459133589
1327 1383 714815832
1330 1384 719032468
1377 1385 869634189
1379 1386 381274764
1371 1387 88282098
1322 1388 86247434
1341 1389 819483978
1343 1390 482749833
1379 1391 913504425
1331 1392 156347963
1368 1393 440799630
1352 1394 41386912
1366 1395 693377955
1390 1396 965426510
1326 1397 357610145
1342 1398 782040844
1344 1399 873620604
1388 1400 845928519
1359 1401 776731885
1384 1402 223461917
1392 1403 50319965
1351 1404 727029805
1366 1405 317115745
1370 1406 714452272
1337 1407 392549246
1395 1408 365535550
1347 1409 800986080
1348 1410 19154951
1367 1411 696775129
1349 1412 112623518
1357 1413 280504760
1400 1414 321203108
1394 1415 31828560
1347 1416 205337476
1394 1417 775435099
1369 1418 976658904
1352 1419 522429502
1402 1420 596619890
1390 1421 174619529
1376 1422 73730267
1414 1423 251673432
1369 1424 246841979
1418 1425 363985174
1379 1426 299143574
1384 1427 296917238
1384 1428 847534985
1416 1429 407670031
1376 1430 286092791
1396 1431 784360160
1426 1432 305569132
1427 1433 807044036
1419 1434 239724113
1410 1435 246067110
1394 1436 450681071
1371 1437 940339487
1375 1438 198233451
1374 1439 978106701
1429 1440 320930325
1396 1441 272229533
1382 1442 741282429
1384 1443 631201233
1422 1444 970395251
1393 1445 765031970
1431 1446 557095944
1416 1447 96490833
1421 1448 734299104
1412 1449 990655168
1415 1450 478274588
1387 1451 892345186
1381 1452 604862744
1384 1453 106863980
1403 1454 653849621
1434 1455 529182074
1432 1456 385813772
1411 1457 707480896
1403 1458 330369934
1448 1459 642177566
1444 1460 201451259
1399 1461 493688937
1409 1462 182659317
1445 1463 218471522
1418 1464 689368560
1434 1465 597719195
1448 1466 303492217
1420 1467 933635423
1412 1468 557507070
1451 1469 482345019
1401 1470 362456029
1407 1471 75553147
1443 1472 34541591
1459 1473 251222223
1413 1474 243498959
1410 1475 727772447
1454 1476 21715898
1449 1477 20682317
1445 1478 902218280
1411 1479 651843326
1443 1480 836002838
1474 1481 566554300
1477 1482 585842417
1457 1483 954021255
1466 1484 548392707
1428 1485 403867336
1420 1486 261617523
1455 1487 168948355
1424 1488 688043138
1461 1489 356464868
1438 1490 994784443
1472 1491 983040164
1447 1492 833220041
1490 1493 19994311
1475 1494 200512051
1468 1495 43798061
1447 1496 290860101
1454 1497 204273255
1476 1498 29615367
1474 1499 375901961
1435 1500 60584418
1447 1501 609016156
1451 1502 591859152
1481 1503 923859596
1484 1504 429818357
1444 1505 558818080
1456 1506 824231638
1497 1507 411817676
1485 1508 116106640
1487 1509 71425920
1479 1510 840554678
1473 1511 631461002
1453 1512 329854436
1510 1513 652501757
1483 1514 905372200
1498 1515 286579224
1497 1516 41056245
1469 1517 275580216
1447 1518 211705623
1505 1519 794467796
1460 1520 271155781
1470 1521 228368822
1503 1522 385993730
1462 1523 962512552
1469 1524 835664023
1501 1525 192001622
1473 1526 888440452
1507 1527 789348585
1519 1528 3969048
1498 1529 121446890
1485 1530 125654080
1483 1531 840176101
1473 1532 372854375
1498 1533 758034497
1463 1534 691517358
1464 1535 116906025
1484 1536 311456533
1489 1537 591829040
1472 1538 701018887
1470 1539 700560025
1515 1540 175707726
1483 1541 800429896
1485 1542 313273621
1511 1543 366552130
1479 1544 136096864
1484 1545 146269343
1537 1546 72862358
1494 1547 79591028
1528 1548 45787456
1519 1549 456695031
1503 1550 692964966
1530 1551 472880872
1510 1552 551310192
1524 1553 837718214
1532 1554 789807846
1516 1555 79787254
1488 1556 886911777
1534 1557 221505519
1535 1558 41447877
1530 1559 756722510
1520 1560 493788910
1548 1561 246273112
1513 1562 981092762
1501 1563 97382327
1494 1564 293409638
1549 1565 191849992
1503 1566 98881676
1556 1567 929795686
1508 1568 275861920
1519 1569 507420492
1519 1570 836282810
1545 1571 265242243
1506 1572 873222290
1555 1573 806842010
1539 1574 212498481
1504 1575 381687968
1556 1576 746189636
1507 1577 25467457
1523 1578 48035039
1543 1579 846484891
1552 1580 914337307
1529 1581 781225829
1543 1582 58285740
1559 1583 944432299
1578 1584 108978371
1570 1585 44895779
1553 1586 317625126
1528 1587 85428667
1554 1588 803056704
1550 1589 415060204
1583 1590 954474211
1590 1591 229676610
1538 1592 115868762
1588 1593 622895795
1538 1594 66528890
1594 1595 72197973
1554 1596 435523369
1550 1597 644241484
1559 1598 231198728
1593 1599 10742424
1541 1600 10934573
1549 1601 211672546
1546 1602 239692010
1588 1603 148622801
1582 1604 992324392
1541 1605 859454877
1580 1606 808220763
1539 1607 586207009
1556 1608 112749084
1544 1609 362727519
1585 1610 331973607
1580 1611 265875479
1570 1612 310945487
1608 1613 148900087
1575 1614 956782748
1546 1615 5068330
1612 1616 142730234
1555 1617 826720473
1565 1618 927968714
1615 1619 411835397
1582 1620 452035630
1591 1621 726980833
1599 1622 258410856
1612 1623 225064988
1618 1624 718061487
1578 1625 656577093
1593 1626 269650042
1577 1627 63804016
1596 1628 147000025
1569 1629 110007099
1605 1630 325015230
1623 1631 161362457
1598 1632 610905773
1613 1633 511380666
1601 1634 157597740
1573 1635 588432614
1571 1636 253697311
1615 1637 236217161
1610 1638 252036202
1620 1639 497383612
1602 1640 763540507
1638 1641 428070134
1634 1642 836570528
1591 1643 580036175
1608 1644 481723770
1621 1645 158948282
1615 1646 394008592
1582 1647 633795026
1640 1648 414497699
1601 1649 764795133
1610 1650 370064254
1623 1651 653871854
1585 1652 150042145
1628 1653 328299583
1611 1654 142826615
1641 1655 392715752
1619 1656 216512271
1593 1657 4901150
1596 1658 281639968
1596 1659 618440975
1634 1660 812827251
1609 1661 931868050
1615 1662 401685599
1638 1663 679014781
1610 1664 858477651
1660 1665 904847205
1597 1666 868388761
1625 1667 135268971
1652 1668 897583755
1604 1669 86744859
1623 1670 74831894
1668 1671 736145930
1627 1672 49800951
1623 1673 202837348
1644 1674 883635138
1640 1675 230379419
1640 1676 194022506
1636 1677 596207403
1665 1678 46862647
1627 1679 634454660
1668 1680 823675265
1647 1681 910122817
1652 1682 741515856
1668 1683 123720613
1616 1684 785690764
1640 1685 60063123
1628 1686 995262296
1624 1687 530730730
1630 1688 331100863
1629 1689 816228755
1622 1690 10913570
1644 1691 282721970
1624 1692 192542474
1670 1693 493748744
1647 1694 254526018
1675 1695 802411238
1670 1696 930552685
1677 1697 994947528
1633 1698 836906699
1674 1699 816043407
1683 1700 940306342
1645 1701 617174944
1685 1702 753188322
1639 1703 476953867
1687 1704 962885740
1658 1705 996383609
1662 1706 938829766
1645 1707 508237667
1707 1708 31730284
1673 1709 226667370
1660 1710 115694856
1680 1711 249412563
1702 1712 654335025
1645 1713 50990740
1652 1714 124609116
1668 1715 433906007
1668 1716 255167331
1677 1717 121015515
1673 1718 847721062
1677 1719 209475903
1688 1720 417230409
1714 1721 959161001
1709 1722 257787351
1652 1723 101334510
1679 1724 36927017
1686 1725 187956973
1725 1726 767517271
1677 1727 814503507
1677 1728 869869224
1660 1729 84425316
1681 1730 723771182
1660 1731 782772569
1722 1732 210530895
1690 1733 840686964
1719 1734 992076179
1719 1735 691828617
1711 1736 433921675
1717 1737 461646303
1727 1738 158955181
1687 1739 527800700
1728 1740 732574071
1694 1741 588771824
1684 1742 424901600
1714 1743 539988170
1735 1744 374111312
1707 1745 20953870
1733 1746 420295930
1741 1747 1128184
1690 1748 354544409
1684 1749 89478668
1731 1750 807173556
1689 1751 14362850
1728 1752 80102224
1720 1753 244704236
1734 1754 679183476
1718 1755 339389269
1703 1756 334289625
1754 1757 188896034
1710 1758 77954306
1698 1759 310230419
1703 1760 69200336
1759 1761 19661138
1726 1762 236290777
1754 1763 14576820
1723 1764 326904001
1724 1765 630250999
1736 1766 771641634
1747 1767 785172387
1761 1768 148911906
1759 1769 658909688
1718 1770 96449260
1760 1771 169556802
1756 1772 481344897
1744 1773 223404341
1752 1774 734406611
1726 1775 269871185
1761 1776 789445725
1761 1777 975177193
1773 1778 276640094
1747 1779 911488795
1734 1780 614206944
1711 1781 374417959
1719 1782 389256345
1754 1783 821919399
1721 1784 17448701
1721 1785 707320200
1774 1786 84550262
1756 1787 655205178
1732 1788 6199725
1783 1789 365959871
1779 1790 421948371
1779 1791 521467890
1771 1792 935208202
1775 1793 296347089
1763 1794 770121327
1733 1795 402681344
1761 1796 878493744
1766 1797 142103927
1771 1798 55730363
1789 1799 213048451
1796 1800 562820840
1765 1801 206714576
1745 1802 250616795
1763 1803 13721854
1770 1804 822974865
1771 1805 561502969
1753 1806 360606414
1759 1807 84790932
1751 1808 970182015
1758 1809 618812442
1745 1810 912396081
1747 1811 357077877
1769 1812 885867513
1795 1813 794586618
1811 1814 936650457
1781 1815 348590738
1805 1816 218999051
1795 1817 758256487
1778 1818 560407265
1787 1819 404631359
1819 1820 934046846
1779 1821 724034320
1770 1822 102486857
1794 1823 77301125
1754 1824 345233065
1806 1825 717108139
1779 1826 306742155
1800 1827 612349192
1778 1828 837395850
1800 1829 408230016
1783 1830 48116993
1761 1831 798248399
1812 1832 542326340
1795 1833 22787071
1772 1834 235195892
1768 1835 74066045
1829 1836 75638932
1769 1837 714382077
1767 1838 389099889
1834 1839 419408505
1796 1840 145842666
1823 1841 766941854
1800 1842 299924695
1784 1843 292383083
1790 1844 179726389
1836 1845 473774887
1827 1846 990839265
1838 1847 547306664
1806 1848 981747009
1833 1849 308645441
1833 1850 14071049
1782 1851 965765087
1813 1852 852629839
1815 1853 926241470
1812 1854 928564372
1827 1855 368588115
1829 1856 484883920
1795 1857 53935954
1817 1858 239303627
1812 1859 987448975
1791 1860 243870707
1833 1861 882288641
1813 1862 319529940
1819 1863 277182081
1800 1864 83977736
1858 1865 811860808
1860 1866 79196114
1820 1867 38365658
1825 1868 605185052
1812 1869 887184950
1839 1870 718982900
1832 1871 419533674
1810 1872 246434532
1814 1873 63572002
1803 1874 221170400
1832 1875 252194593
1859 1876 361781817
1836 1877 618422920
1828 1878 92156583
1872 1879 156215165
1859 1880 122416432
1869 1881 980982299
1842 1882 807649547
1850 1883 443139350
1822 1884 772587258
1831 1885 499565341
1857 1886 94456160
1871 1887 749516941
1823 1888 145225983
1880 1889 497880067
1865 1890 578601737
1820 1891 970637897
1847 1892 355787709
1840 1893 682630139
1887 1894 289657514
1866 1895 850544789
1842 1896 197759985
1842 1897 398325246
1889 1898 504670505
1838 1899 550132159
1870 1900 726922927
1838 1901 332468847
1864 1902 342640324
1881 1903 795868399
1860 1904 742694111
1859 1905 109036499
1838 1906 666237403
1879 1907 439456406
1865 1908 12528662
1844 1909 206070319
1885 1910 802981615
1850 1911 109637801
1868 1912 312296526
1896 1913 152483924
1894 1914 91220774
1848 1915 624972631
1882 1916 827665883
1881 1917 867795810
1850 1918 396447630
1901 1919 239406361
1898 1920 704625261
1863 1921 185458056
1859 1922 798045631
1889 1923 182896703
1913 1924 356893330
1889 1925 97039621
1882 1926 68410697
1881 1927 680832349
1901 1928 97390786
1925 1929 539405440
1927 1930 873744006
1919 1931 975028128
1913 1932 430375744
1876 1933 553302103
1863 1934 97221852
1889 1935 710389623
1896 1936 358566240
1892 1937 745710659
1915 1938 552384465
1887 1939 229991537
1917 1940 489731962
1933 1941 852319655
1897 1942 341030477
1907 1943 332115266
1881 1944 58117340
1944 1945 458087184
1934 1946 331837843
1929 1947 736353515
1920 1948 655865538
1927 1949 743897288
1900 1950 659767678
1909 1951 283003045
1927 1952 777701264
1920 1953 11075004
1939 1954 431188646
1930 1955 160295117
1922 1956 211722599
1935 1957 907959433
1917 1958 157873802
1903 1959 422700912
1903 1960 321338728
1906 1961 801892441
1952 1962 980518350
1922 1963 36781952
1938 1964 785911582
1900 1965 138240983
1922 1966 396090050
1939 1967 666599934
1905 1968 229163182
1950 1969 455600438
1935 1970 771838867
1947 1971 294012218
1931 1972 301850662
1948 1973 640577613
1959 1974 721075360
1951 1975 550353892
1932 1976 98557391
1919 1977 150636146
1934 1978 543729290
1948 1979 338746220
1933 1980 546455031
1928 1981 678765548
1919 1982 164150362
1957 1983 36610227
1948 1984 318953371
1960 1985 870546873
1928 1986 802212849
1979 1987 115269846
1933 1988 262415362
1934 1989 568669179
1976 1990 976064015
1935 1991 574050387
1978 1992 247954478
1988 1993 919475256
1988 1994 393862228
1954 1995 683154201
1966 1996 647318407
1967 1997 888127850
1955 1998 550766140
1984 1999 781111359
1965 2000 72766418
1983 2001 202862155
1947 2002 360863418
1985 2003 93563765
1954 2004 569917625
1942 2005 894621521
1977 2006 467394535
1960 2007 254542754
1986 2008 962833364
1997 2009 532441957
1941 2010 395736481
1967 2011 2049856
1976 2012 726567360
1970 2013 942294522
1969 2014 174241606
1969 2015 323178928
2003 2016 141637895
2015 2017 290589912
1992 2018 225183184
2012 2019 79062900
1990 2020 596455158
1988 2021 378374385
1958 2022 403042760
1996 2023 421480684
2010 2024 762422348
1994 2025 684062996
1970 2026 218593163
1988 2027 329509440
1959 2028 454028233
1997 2029 930805695
2026 2030 581929357
1992 2031 117936300
2013 2032 546705730
2024 2033 921939317
2029 2034 263281827
2006 2035 220135404
2023 2036 57781072
1991 2037 711946782
2002 2038 611799808
2034 2039 859437582
2036 2040 546276188
2027 2041 891020020
2001 2042 203639792
1995 2043 672181799
2038 2044 492930428
2016 2045 148545674
2036 2046 460585886
1995 2047 674212932
2003 2048 130733423
2042 2049 686088248
2015 2050 168187437
2004 2051 70566062
2044 2052 808341911
2043 2053 307857337
2007 2054 787952968
1996 2055 275498079
1991 2056 578839635
2031 2057 874268950
2049 2058 179352903
2038 2059 444796170
2013 2060 22082529
2053 2061 670718554
2011 2062 475815918
1997 2063 449483662
2009 2064 675639948
2045 2065 584055878
2046 2066 162352678
2015 2067 9996282
2024 2068 809601365
2010 2069 661364799
2062 2070 863202219
2045 2071 277768550
2026 2072 417243874
2026 2073 704059658
2028 2074 144801162
2018 2075 26356236
2053 2076 705518554
2012 2077 650842675
2055 2078 99049270
2076 2079 123285493
2079 2080 137109691
2022 2081 968516104
2033 2082 297711456
2043 2083 566931035
2022 2084 952076803
2030 2085 626578994
2030 2086 423842918
2059 2087 468420744
2043 2088 259213670
2081 2089 916757730
2088 2090 17515399
2040 2091 352654875
2034 2092 91871707
2072 2093 502135632
2028 2094 749729385
2043 2095 581014468
2092 2096 970013845
2066 2097 653433884
2039 2098 245427249
2076 2099 976932892
2059 2100 407111539
2072 2101 173773139
2052 2102 551612310
2082 2103 669404350
2072 2104 975304800
2099 2105 61129339
2078 2106 506967291
2073 2107 544259389
2069 2108 840688916
2100 2109 847785929
2100 2110 732723758
2108 2111 139660147
2064 2112 972972101
2080 2113 357477650
2062 2114 173833977
2048 2115 256305147
2099 2116 847132550
2104 2117 519154276
2094 2118 393099558
2102 2119 687670824
2105 2120 712937590
2120 2121 422451608
2113 2122 103877162
2057 2123 923170204
2063 2124 730616597
2110 2125 302740241
2101 2126 183778583
2117 2127 554671299
2062 2128 982842255
2096 2129 262789133
2073 2130 471001200
2073 2131 252857371
2104 2132 689099190
2106 2133 608765335
2076 2134 464094450
2110 2135 180059864
2123 2136 131458932
2096 2137 586605379
2086 2138 362549376
2082 2139 218563990
2096 2140 505085157
2083 2141 838621851
2131 2142 261682799
2079 2143 178889811
2136 2144 819660
2137 2145 726568563
2093 2146 993179563
2142 2147 485957113
2138 2148 512981517
2097 2149 46902532
2089 2150 467687140
2106 2151 436332929
2147 2152 113664744
2151 2153 997086908
2091 2154 594648961
2126 2155 145002570
2101 2156 819144377
2102 2157 9022780
2153 2158 621343900
2135 2159 800317244
2104 2160 200117975
2146 2161 194288193
2140 2162 177249569
2123 2163 382402267
2149 2164 371629373
2098 2165 668683323
2133 2166 910779292
2155 2167 90342398
2129 2168 10006575
2098 2169 5117114
2159 2170 802843100
2157 2171 57872594
2153 2172 145671067
2122 2173 975456974
2126 2174 988048722
2126 2175 210940481
2137 2176 646525123
2106 2177 806050313
2108 2178 164598255
2131 2179 37808476
2141 2180 825508464
2167 2181 742093405
2166 2182 99654449
2159 2183 83848670
2146 2184 980210415
2143 2185 48598854
2141 2186 41914914
2186 2187 445562648
2146 2188 7116997
2157 2189 819991152
2156 2190 633914241
2130 2191 815992463
2172 2192 162076269
2156 2193 907958701
2175 2194 131991008
2143 2195 550121623
2172 2196 47133712
2166 2197 966150673
2185 2198 508320228
2184 2199 169506994
2169 2200 507878248
2141 2201 45909704
2191 2202 328401392
2187 2203 171187467
2160 2204 737952720
2168 2205 143737776
2143 2206 682319724
2197 2207 578372006
2148 2208 368515837
2142 2209 925528227
2148 2210 440796514
2181 2211 629634868
2143 2212 700749959
2183 2213 495861545
2166 2214 504646808
2160 2215 894779273
2214 2216 285106967
2183 2217 860200535
2217 2218 264347488
2157 2219 686214751
2173 2220 429883083
2191 2221 547791661
2220 2222 768920516
2205 2223 392125964
2169 2224 146059107
2197 2225 25826347
2165 2226 135487805
2214 2227 438475245
2224 2228 128850875
2172 2229 594946609
2187 2230 127187778
2179 2231 609720205
2210 2232 877506061
2206 2233 172162109
2229 2234 539166442
2200 2235 404942853
2168 2236 127460185
2192 2237 132052258
2193 2238 57178945
2221 2239 710206428
2208 2240 263055833
2199 2241 559384815
2212 2242 762382423
2176 2243 120502274
2188 2244 394552653
2207 2245 292348368
2183 2246 619433576
2230 2247 460652713
2221 2248 341489505
2190 2249 18925009
2226 2250 816354324
2234 2251 103315098
2237 2252 939851330
2190 2253 47610625
2219 2254 712047372
2210 2255 721658505
2250 2256 618621666
2250 2257 8693290
2248 2258 605229181
2210 2259 331303474
2241 2260 756042573
2241 2261 91579055
2203 2262 944737346
2197 2263 177529775
2226 2264 371252304
2258 2265 560096824
2265 2266 726187779
2239 2267 149657468
2244 2268 107486747
2237 2269 90990138
2236 2270 828424714
2237 2271 200650365
2211 2272 4956029
2249 2273 994601885
2261 2274 67977931
2241 2275 237661532
2229 2276 200866633
2223 2277 142901973
2262 2278 525639261
2215 2279 203155985
2266 2280 699588777
2280 2281 906260182
2237 2282 568837087
2220 2283 813426384
2257 2284 541278479
2241 2285 311252084
2267 2286 739483956
2223 2287 414445671
2254 2288 289889682
2252 2289 482862336
2257 2290 230889681
2238 2291 633004152
2246 2292 256922721
2225 2293 525144800
2265 2294 606654627
2251 2295 370389105
2227 2296 87863932
2261 2297 826957877
2273 2298 494046837
2298 2299 465705828
2284 2300 233722341
2253 2301 724783663
2298 2302 330253610
2258 2303 564711574
2294 2304 675918881
2235 2305 877047247
2296 2306 947205514
2278 2307 621208881
2302 2308 568683926
2267 2309 912656548
2246 2310 991368948
2247 2311 133195270
2277 2312 214014921
2276 2313 372093713
2272 2314 340969097
2262 2315 699005810
2283 2316 374878872
2310 2317 446061333
2308 2318 311111630
2259 2319 232200906
2287 2320 858295408
2260 2321 247025228
2312 2322 260473914
2260 2323 303667926
2269 2324 809735423
2264 2325 778153967
2301 2326 790033069
2291 2327 413054070
2302 2328 957335877
2312 2329 626215703
2305 2330 84574779
2264 2331 221218609
2316 2332 207750014
2325 2333 416760445
2308 2334 188038796
2301 2335 944696767
2321 2336 634813721
2334 2337 377566290
2279 2338 960952932
2285 2339 68029002
2298 2340 398714830
2299 2341 574089840
2272 2342 391779485
2274 2343 904605513
2298 2344 222065141
2309 2345 405382906
2284 2346 571612247
2332 2347 95405100
2338 2348 481526252
2337 2349 761217332
2286 2350 807826739
2340 2351 383001203
2349 2352 610188944
2339 2353 876072792
2307 2354 845039695
2345 2355 967853182
2295 2356 384731281
2329 2357 284499398
2316 2358 982602332
2319 2359 90064432
2293 2360 694102754
2342 2361 875328222
2354 2362 210751083
2361 2363 448626607
2302 2364 266603001
2295 2365 809041913
2354 2366 601228524
2351 2367 131920462
2301 2368 243877902
2366 2369 25649316
2359 2370 659860534
2318 2371 495092278
2357 2372 113362336
2323 2373 40227800
2318 2374 189835417
2327 2375 382930118
2306 2376 201365974
2347 2377 399597361
2321 2378 230971034
2324 2379 374359553
2345 2380 67244221
2331 2381 191281269
2361 2382 673416278
2355 2383 278118934
2346 2384 657452478
2339 2385 788635700
2372 2386 559333644
2344 2387 312991403
2374 2388 362586167
2382 2389 242119621
2356 2390 166610816
2366 2391 787747834
2368 2392 137262366
2357 2393 938493755
2393 2394 99096393
2354 2395 263204215
2332 2396 823154233
2377 2397 446818664
2330 2398 13053634
2330 2399 151875033
2347 2400 277019599
2383 2401 521432603
2360 2402 121459181
2390 2403 515221193
2390 2404 288826791
2395 2405 218404039
2359 2406 41697767
2337 2407 529528925
2354 2408 603163736
2339 2409 678662337
2345 2410 723271167
2352 2411 785889911
2362 2412 225513782
2375 2413 485220601
2358 2414 719512143
2395 2415 225094904
2370 2416 419421502
2416 2417 276846715
2389 2418 955959508
2359 2419 960091700
2380 2420 745428398
2361 2421 922558242
2356 2422 351374583
2395 2423 541913339
2360 2424 319700738
2400 2425 58278384
2406 2426 240238344
2393 2427 750239041
2395 2428 605335205
2394 2429 442303899
2427 2430 559489543
2365 2431 530285248
2427 2432 261071146
2408 2433 229277092
2385 2434 85123546
2402 2435 695453325
2399 2436 433677344
2366 2437 468250577
2410 2438 895638460
2432 2439 208931006
2398 2440 144178955
2433 2441 528538311
2406 2442 130090761
2398 2443 219425576
2391 2444 700405796
2408 2445 334359380
2424 2446 416441185
2406 2447 102321977
2436 2448 334842525
2419 2449 216084951
2383 2450 523461984
2411 2451 972936250
2432 2452 917763001
2414 2453 750776653
2433 2454 510950026
2411 2455 50052358
2437 2456 892804557
2409 2457 690861728
2416 2458 33087217
2455 2459 482976550
2421 2460 254273446
2398 2461 736160672
2428 2462 254672707
2421 2463 910446495
2416 2464 374936220
2433 2465 444766275
2434 2466 528159177
2434 2467 288616658
2445 2468 382586977
2403 2469 939602738
2448 2470 307705902
2422 2471 3482674
2447 2472 83070014
2468 2473 132061772
2428 2474 198704531
2424 2475 606768426
2426 2476 701231386
2406 2477 268325232
2453 2478 385822169
2432 2479 468166583
2431 2480 283990414
2416 2481 74144081
2417 2482 272648111
2435 2483 126243498
2472 2484 933914942
2455 2485 649608970
2423 2486 1603137
2469 2487 368923279
2440 2488 267326544
2432 2489 818109794
2427 2490 577484118
2485 2491 633352
2435 2492 974855678
2433 2493 21309944
2477 2494 997880200
2471 2495 580928726
2428 2496 966458721
2453 2497 501003639
2497 2498 345169164
2494 2499 15375512
2437 2500 426504047
2452 2501 557779746
2483 2502 247197388
2459 2503 715394081
2452 2504 889381340
2491 2505 43862833
2463 2506 903269999
2494 2507 323759848
2501 2508 316420916
2507 2509 832820783
2483 2510 190909408
2469 2511 797516703
2497 2512 602764135
2501 2513 340072802
2466 2514 33491845
2507 2515 435361911
2457 2516 632613829
2514 2517 484407439
2475 2518 929534146
2462 2519 859676144
2499 2520 702371895
2497 2521 206019043
2507 2522 217100767
2506 2523 863288072
2484 2524 241923245
2468 2525 551606981
2504 2526 863925354
2526 2527 119291823
2495 2528 704662097
2513 2529 824109195
2504 2530 43065385
2461 2531 298083395
2491 2532 417062617
2498 2533 489336203
2501 2534 518979271
2481 2535 189674424
2503 2536 360157305
2476 2537 87494413
2483 2538 28122974
2469 2539 928851
2527 2540 860146369
2523 2541 96632442
2481 2542 804836198
2522 2543 111419449
2483 2544 815832597
2483 2545 952310496
2526 2546 763034286
2525 2547 343267796
2514 2548 957654060
2516 2549 513235298
2520 2550 236379862
2532 2551 617336667
2522 2552 118990196
2486 2553 816720495
2543 2554 485388778
2512 2555 223763240
2514 2556 456371757
2548 2557 162345008
2522 2558 74450589
2520 2559 674693268
2501 2560 26548825
2528 2561 777812719
2530 2562 603690394
2509 2563 920011079
2545 2564 228708602
2534 2565 572750627
2552 2566 352745839
2558 2567 161327431
2555 2568 723399
2556 2569 87296039
2567 2570 662601640
2526 2571 167120822
2566 2572 236417897
2528 2573 229113777
2540 2574 197418380
2573 2575 247458622
2565 2576 306329876
2555 2577 626858017
2534 2578 278316207
2565 2579 81205498
2527 2580 432006430
2529 2581 948962939
2513 2582 341132986
2570 2583 311196650
2562 2584 466451174
2583 2585 948844955
2526 2586 26233055
2549 2587 99700614
2574 2588 37881205
2579 2589 913704375
2520 2590 876385323
2562 2591 93161662
2589 2592 953214812
2525 2593 913588533
2582 2594 501168362
2536 2595 693960752
2550 2596 99823830
2566 2597 33550157
2531 2598 466573416
2585 2599 629155293
2561 2600 607298689
2589 2601 257196723
2565 2602 759136065
2557 2603 22579951
2562 2604 559852293
2536 2605 423893824
2584 2606 260352189
2556 2607 945367450
2555 2608 796073662
2573 2609 71387052
2605 2610 477445521
2556 2611 130399644
2574 2612 146662834
2542 2613 241003754
2586 2614 35063733
2611 2615 177964175
2584 2616 490295618
2578 2617 891137101
2584 2618 468496370
2570 2619 360220711
2618 2620 131816476
2563 2621 809853557
2592 2622 918182569
2596 2623 60737284
2584 2624 233566204
2611 2625 311100048
2614 2626 690189213
2626 2627 888079316
2616 2628 76854371
2612 2629 310403372
2597 2630 656750595
2625 2631 416473686
2572 2632 714871786
2628 2633 123830734
2574 2634 575564600
2617 2635 599457612
2573 2636 295688323
2608 2637 281304120
2585 2638 137245685
2624 2639 563696768
2610 2640 450866975
2597 2641 722175359
2583 2642 42898424
2641 2643 538898768
2624 2644 652161253
2632 2645 492154939
2580 2646 560382627
2606 2647 19504701
2633 2648 86226427
2641 2649 289509642
2648 2650 429745753
2584 2651 14319503
2626 2652 561849252
2631 2653 664874522
2597 2654 543956252
2653 2655 129653480
2623 2656 78235541
2611 2657 332461549
2610 2658 536723440
2590 2659 189425039
2610 2660 986100204
2595 2661 163172825
2624 2662 218022575
2653 2663 209900526
2594 2664 17556524
2614 2665 55681337
2629 2666 593841352
2631 2667 900244093
2601 2668 532171712
2625 2669 155064159
2641 2670 228236116
2617 2671 861425058
2653 2672 189433843
2618 2673 631433773
2650 2674 790577409
2614 2675 620272612
2605 2676 92200991
2634 2677 750571049
2651 2678 555390119
2648 2679 395957547
2636 2680 280275320
2628 2681 892412209
2646 2682 736777363
2680 2683 386701467
2646 2684 31361905
2616 2685 907065459
2618 2686 614228512
2646 2687 994531025
2672 2688 564986126
2641 2689 101986616
2654 2690 366602109
2656 2691 246658185
2630 2692 285623609
2647 2693 332610117
2656 2694 374799391
2689 2695 407232543
2644 2696 985691588
2642 2697 309559849
2661 2698 890715614
2642 2699 745837420
2648 2700 421380375
2693 2701 755862361
2656 2702 220492122
2662 2703 35514047
2666 2704 185556787
2638 2705 248646615
2670 2706 481773997
2670 2707 970231029
2660 2708 535089509
2703 2709 441002246
2657 2710 514218385
2652 2711 848543864
2699 2712 106837895
2645 2713 411869753
2698 2714 36965998
2664 2715 255550859
2662 2716 493377592
2676 2717 872238079
2680 2718 722958107
2660 2719 415481523
2657 2720 188776701
2701 2721 275651507
2675 2722 839811244
2678 2723 56143730
2689 2724 126052083
2712 2725 477115822
2706 2726 36206529
2671 2727 666793478
2694 2728 543317351
2678 2729 719601040
2707 2730 131253673
2675 2731 249116389
2713 2732 580942855
2693 2733 351175198
2704 2734 834705251
2667 2735 542732496
2704 2736 694165432
2728 2737 182340597
2682 2738 644509044
2704 2739 584046080
2696 2740 606225636
2735 2741 44039034
2732 2742 600909169
2723 2743 491584753
2736 2744 777776973
2710 2745 100846432
2686 2746 108010892
2742 2747 970228030
2681 2748 151976942
2694 2749 93963820
2746 2750 758124517
2684 2751 989572142
2725 2752 263640084
2730 2753 722359957
2753 2754 44163463
2721 2755 568692829
2729 2756 59336321
2693 2757 4319860
2752 2758 473331970
2698 2759 407583624
2706 2760 163416133
2691 2761 651345848
2700 2762 407972592
2733 2763 31829346
2738 2764 294134762
2760 2765 755760629
2742 2766 701563845
2748 2767 434541857
2700 2768 175761475
2717 2769 772763191
2719 2770 401463470
2758 2771 625714211
2750 2772 132816013
2708 2773 28653753
2760 2774 48586310
2752 2775 99017430
2724 2776 814673864
2736 2777 14103958
2751 2778 803868220
2748 2779 152463733
2710 2780 255672263
2764 2781 793666029
2738 2782 769878970
2775 2783 691035421
2732 2784 579822278
2720 2785 935766326
2742 2786 137733027
2728 2787 126225275
2725 2788 352296135
2786 2789 9613659
2728 2790 437378556
2751 2791 191703636
2786 2792 399651286
2776 2793 64976028
2757 2794 432812315
2743 2795 576882590
2769 2796 479412009
2747 2797 169474158
2746 2798 494604964
2742 2799 251248697
2777 2800 216546739
2739 2801 237262347
2740 2802 439451102
2763 2803 57866741
2768 2804 583293493
2736 2805 580638532
2785 2806 145054908
2767 2807 39273896
2768 2808 148262020
2768 2809 523617
2771 2810 880888376
2795 2811 260790915
2787 2812 772378453
2790 2813 202940901
2770 2814 316228534
2763 2815 157716909
2746 2816 610817500
2808 2817 34685598
2747 2818 17028865
2760 2819 112336540
2764 2820 911573212
2777 2821 186477669
2805 2822 944316495
2787 2823 3598668
2754 2824 393926723
2794 2825 40076820
2793 2826 170518461
2801 2827 270952512
2761 2828 223782965
2801 2829 122109949
2829 2830 959347929
2816 2831 469385561
2795 2832 115515136
2792 2833 132858712
2777 2834 514097969
2769 2835 425664363
2797 2836 850949814
2780 2837 935985936
2777 2838 834825038
2836 2839 801467137
2779 2840 958065968
2823 2841 616440445
2819 2842 927446747
2836 2843 360960606
2822 2844 601171327
2794 2845 268707132
2844 2846 162871857
2793 2847 311001797
2844 2848 79937448
2788 2849 814630864
2793 2850 625570032
2780 2851 27461924
2794 2852 456135728
2852 2853 100702311
2801 2854 103422467
2843 2855 209025342
2852 2856 29615546
2845 2857 910485153
2795 2858 869042872
2852 2859 949950921
2845 2860 568963937
2837 2861 440028538
2804 2862 143361544
2860 2863 278707758
2826 2864 135277993
2837 2865 513875510
2804 2866 387210002
2836 2867 676503130
2827 2868 518998691
2845 2869 340612836
2865 2870 823215095
2845 2871 250362785
2837 2872 40950551
2819 2873 655158284
2837 2874 34037148
2823 2875 753820725
2850 2876 804327462
2866 2877 832276865
2875 2878 542772739
2814 2879 121165919
2872 2880 499520453
2876 2881 630926387
2813 2882 93922990
2812 2883 460185871
2818 2884 807281549
2840 2885 832609409
2817 2886 109596391
2839 2887 818705824
2830 2888 817777701
2852 2889 346088995
2835 2890 577509615
2864 2891 353754713
2890 2892 938693781
2840 2893 346605943
2857 2894 402749981
2865 2895 866970560
2846 2896 511286258
2845 2897 742125485
2841 2898 660014579
2878 2899 672517582
2885 2900 392175564
2869 2901 211128892
2886 2902 109326236
2868 2903 797335135
2859 2904 339859505
2853 2905 105606583
2894 2906 260812198
2843 2907 522607105
2899 2908 545221521
2843 2909 167467611
2851 2910 720555692
2884 2911 782244211
2876 2912 17615558
2894 2913 167746382
2892 2914 177089816
2909 2915 268013352
2910 2916 21643240
2889 2917 125260635
2847 2918 214988556
2848 2919 309782144
2860 2920 132770357
2906 2921 77449787
2905 2922 770889920
2887 2923 912533443
2892 2924 613260699
2898 2925 698740656
2873 2926 171365893
2858 2927 9159480
2883 2928 298695411
2906 2929 842551350
2926 2930 740624125
2874 2931 13048225
2889 2932 326601527
2868 2933 987655227
2922 2934 62488119
2908 2935 900362050
2895 2936 572013898
2924 2937 958631329
2901 2938 291488555
2908 2939 980130037
2911 2940 146626045
2905 2941 655772829
2908 2942 428916655
2909 2943 44363511
2931 2944 986631301
2878 2945 748374298
2885 2946 457282452
2878 2947 839857009
2907 2948 772848808
2880 2949 54717956
2927 2950 801852356
2921 2951 176257439
2932 2952 388734997
2891 2953 646159669
2889 2954 169748936
2899 2955 447893624
2895 2956 328834558
2900 2957 238835937
2933 2958 839989062
2894 2959 392904018
2917 2960 244740479
2958 2961 144312214
2931 2962 555967566
2908 2963 809702878
2914 2964 180593178
2926 2965 494792828
2905 2966 152806124
2950 2967 25054377
2925 2968 730731530
2932 2969 783115344
2964 2970 939908648
2929 2971 380842170
2951 2972 805324277
2914 2973 89692400
2917 2974 321662594
2948 2975 227258707
2970 2976 680042326
2941 2977 949865298
2944 2978 670248115
2928 2979 527659890
2960 2980 851100934
2952 2981 425687489
2919 2982 86709499
2947 2983 553444854
2915 2984 375440333
2952 2985 695828668
2916 2986 509064739
2963 2987 87770759
2921 2988 322826821
2958 2989 620621365
2925 2990 140542686
2973 2991 192954863
2942 2992 23087539
2977 2993 258847304
2993 2994 511284757
2991 2995 181415178
2990 2996 175176223
2967 2997 588154326
2965 2998 316238083
2972 2999 410690149
2997 3000 69257874
2933 3001 844699085
2990 3002 308489521
2950 3003 336083361
2952 3004 634509968
3004 3005 487238759
3001 3006 14181500
3003 3007 355054125
2969 3008 103540953
2945 3009 6130164
2951 3010 171566107
2944 3011 971434952
2980 3012 386107100
2948 3013 921460660
2966 3014 995702162
2951 3015 625122468
2959 3016 756399971
3006 3017 737994178
3007 3018 361847872
2996 3019 583116505
2976 3020 92783993
2965 3021 186785954
2981 3022 832539614
2989 3023 50205209
2994 3024 11063610
2971 3025 196901824
2967 3026 526589349
2987 3027 686942363
3011 3028 936646008
3008 3029 808083949
3022 3030 572541209
3028 3031 45963882
3028 3032 343472845
2984 3033 353157991
2979 3034 878539155
2976 3035 165095361
2976 3036 871628165
3001 3037 215222618
2992 3038 867222547
2969 3039 540592439
3016 3040 545087377
2971 3041 450506869
2973 3042 392425530
2985 3043 201367522
3037 3044 494390600
3036 3045 756642221
3008 3046 641249278
3018 3047 473329387
3044 3048 464225640
3035 3049 44739206
2999 3050 731144207
3050 3051 205131482
3047 3052 46049398
2982 3053 324894881
3050 3054 736223801
3039 3055 705312180
3048 3056 513974772
3000 3057 670892140
3012 3058 897410568
3038 3059 898159227
3042 3060 819028491
3013 3061 447288438
3015 3062 758968018
2999 3063 817784395
3001 3064 315081036
3000 3065 579296492
3023 3066 35401296
3009 3067 30586511
3060 3068 225500496
3003 3069 860667566
3024 3070 6438766
3040 3071 688749884
3049 3072 871751398
3057 3073 315596149
3066 3074 134391743
3037 3075 271036725
3038 3076 980799382
3049 3077 334497756
3036 3078 898491765
3055 3079 24799785
3022 3080 806039924
3078 3081 35547706
3042 3082 713752205
3077 3083 472594542
3078 3084 777948205
3044 3085 139685474
3066 3086 30656209
3071 3087 725806422
3080 3088 422637438
3031 3089 705324907
3038 3090 756120565
3087 3091 972955046
3032 3092 667877235
3022 3093 865725786
3040 3094 513681476
3057 3095 234742237
3094 3096 126807597
3067 3097 235176387
3084 3098 842380010
3064 3099 891907072
3077 3100 939893425
3065 3101 981661293
3039 3102 288516283
3076 3103 423912438
3096 3104 198909882
3074 3105 81131747
3101 3106 865214065
3059 3107 209320376
3104 3108 967438789
3103 3109 331698602
3077 3110 193813385
3104 3111 337438083
3076 3112 867187966
3066 3113 229794320
3103 3114 695084838
3075 3115 622893704
3055 3116 575905041
3113 3117 410132743
3066 3118 958110077
3113 3119 440679675
3063 3120 490193318
3120 3121 74678750
3084 3122 217847120
3100 3123 465237974
3056 3124 995352618
3106 3125 956184332
3088 3126 695169822
3097 3127 76335708
3089 3128 929314927
3122 3129 64624439
3067 3130 615301552
3130 3131 265221362
3084 3132 563675083
3128 3133 416430389
3102 3134 861693177
3096 3135 505775410
3103 3136 811990052
3078 3137 675276103
3125 3138 405716995
3128 3139 526874321
3075 3140 699857081
3115 3141 149432520
3080 3142 356205165
3114 3143 25205806
3089 3144 80320848
3136 3145 784828499
3108 3146 794667871
3128 3147 421938547
3084 3148 474935826
3133 3149 57438816
3149 3150 225547964
3087 3151 367588682
3151 3152 77639146
3141 3153 152491971
3123 3154 15665205
3108 3155 708824217
3113 3156 822525951
3136 3157 345481548
3142 3158 18928452
3108 3159 49952451
3114 3160 102582012
3102 3161 802852805
3121 3162 368984415
3148 3163 138451898
3112 3164 157026492
3144 3165 270061802
3126 3166 49721494
3132 3167 702106085
3138 3168 8457814
3098 3169 283421372
3117 3170 259358349
3165 3171 583400526
3162 3172 507946446
3110 3173 662620217
3154 3174 191510126
3105 3175 230220744
3134 3176 753366115
3154 3177 858887457
3149 3178 36570987
3144 3179 286750447
3137 3180 491841829
3133 3181 933180330
3147 3182 816229995
3165 3183 930779850
3137 3184 339430015
3184 3185 713068120
3120 3186 977378532
3137 3187 546271846
3151 3188 716883765
3130 3189 356804145
3179 3190 130370109
3125 3191 685094788
3145 3192 673245123
3184 3193 340922960
3132 3194 196857172
3168 3195 813092524
3162 3196 103632014
3138 3197 422129845
3177 3198 904543998
3178 3199 211283024
3133 3200 652357918
3141 3201 111341631
3173 3202 997994788
3163 3203 818142323
3168 3204 949218748
3177 3205 897079348
3174 3206 678408913
3177 3207 615545722
3178 3208 402631302
3152 3209 385204678
3141 3210 735945039
3141 3211 503896835
3188 3212 228439862
3205 3213 772066686
3146 3214 547818205
3183 3215 101782875
3208 3216 553775008
3178 3217 132086362
3214 3218 130191301
3180 3219 71731043
3162 3220 268783669
3170 3221 386310683
3209 3222 851256585
3172 3223 109994415
3187 3224 411136594
3196 3225 909166742
3191 3226 204533304
3224 3227 390744539
3205 3228 705353537
3197 3229 617142088
3216 3230 116863416
3175 3231 590614143
3163 3232 81340414
3206 3233 813875
3180 3234 46919353
3229 3235 989602035
3222 3236 598309994
3227 3237 448953382
3195 3238 448724671
3192 3239 607263330
3237 3240 165467069
3231 3241 476377388
3195 3242 245204402
3192 3243 397095651
3236 3244 163068138
3197 3245 533924733
3226 3246 397855642
3245 3247 29369176
3246 3248 55220007
3219 3249 415408823
3224 3250 230029730
3210 3251 382087794
3197 3252 977451543
3201 3253 113310737
3190 3254 26909998
3191 3255 625393221
3194 3256 468547814
3214 3257 933005240
3204 3258 272870486
3193 3259 685370848
3230 3260 743992689
3205 3261 106517276
3260 3262 139509002
3245 3263 635145276
3196 3264 732863310
3235 3265 355421570
3243 3266 900021423
3198 3267 258483633
3247 3268 46896745
3255 3269 168927125
3217 3270 219819512
3238 3271 447456508
3240 3272 413803442
3257 3273 303513893
3241 3274 583958265
3240 3275 265370626
3213 3276 27589586
3245 3277 870749434
3228 3278 839430067
3229 3279 752346289
3247 3280 296439981
3244 3281 591367180
3227 3282 34465884
3251 3283 356997178
3281 3284 850848414
3229 3285 313350915
3275 3286 313026126
3277 3287 734896971
3258 3288 325053618
3241 3289 91268905
3268 3290 511171889
3282 3291 601516635
3263 3292 379293971
3273 3293 654776837
3262 3294 975908081
3240 3295 361678438
3294 3296 636185103
3259 3297 383281055
3280 3298 313366678
3298 3299 885263371
3292 3300 309427722
3270 3301 951953167
3269 3302 962456030
3266 3303 469874655
3249 3304 448468979
3254 3305 988214466
3305 3306 677439850
3302 3307 95239322
3254 3308 605708976
3300 3309 101346642
3289 3310 285942911
3242 3311 661656080
3241 3312 40255242
3282 3313 752796329
3284 3314 921843954
3277 3315 327756161
3308 3316 465373113
3298 3317 700629493
3259 3318 739896392
3254 3319 468262572
3269 3320 102511157
3252 3321 586311028
3298 3322 534066358
3259 3323 274470933
3275 3324 310164911
3320 3325 221204652
3301 3326 415135325
3301 3327 36127320
3289 3328 966319143
3320 3329 854729945
3269 3330 358786555
3274 3331 214300616
3313 3332 418515670
3328 3333 301497864
3330 3334 962360718
3329 3335 676842699
3273 3336 644960421
3324 3337 341229962
3324 3338 595404626
3333 3339 162719278
3330 3340 977239659
3288 3341 712643750
3330 3342 66666504
3329 3343 719114113
3306 3344 164762976
3318 3345 425589024
3301 3346 448937596
3309 3347 374016786
3299 3348 553575080
3319 3349 573328507
3292 3350 146205244
3297 3351 46693482
3326 3352 467545475
3287 3353 510146968
3330 3354 568752432
3343 3355 208054792
3341 3356 493542604
3292 3357 945647679
3306 3358 400159972
3305 3359 849928163
3299 3360 65136005
3291 3361 417820310
3347 3362 493467833
3311 3363 79965852
3313 3364 241053898
3336 3365 704351424
3306 3366 461986817
3311 3367 504065869
3329 3368 311426975
3300 3369 494479085
3307 3370 87243305
3305 3371 379425975
3371 3372 290088885
3350 3373 942503846
3333 3374 28553718
3354 3375 755968085
3330 3376 13875127
3349 3377 810289327
3323 3378 900475388
3335 3379 672485636
3360 3380 779816505
3329 3381 760877388
3353 3382 539734437
3365 3383 143405449
3319 3384 317954815
3334 3385 58642429
3335 3386 203894871
3366 3387 5509352
3323 3388 839493609
3337 3389 98453237
3329 3390 262840429
3377 3391 266845311
3357 3392 983153770
3324 3393 443740846
3379 3394 170799038
3381 3395 656649426
3341 3396 242646735
3334 3397 921022464
3385 3398 225074076
3356 3399 189943201
3363 3400 567447423
3339 3401 374554286
3401 3402 218335900
3350 3403 44578011
3389 3404 15192065
3338 3405 860415784
3380 3406 775729668
3403 3407 765382386
3384 3408 456342897
3354 3409 198322709
3357 3410 728316998
3349 3411 682135240
3381 3412 235588728
3401 3413 181224619
3387 3414 96700888
3354 3415 117317257
3373 3416 266938550
3412 3417 424730822
3408 3418 797872382
3384 3419 269432788
3383 3420 656788765
3406 3421 72327912
3363 3422 808385503
3352 3423 494456161
3353 3424 38901417
3406 3425 367591488
3409 3426 911883706
3396 3427 179812567
3383 3428 121320576
3379 3429 896113624
3411 3430 924062013
3411 3431 897843878
3363 3432 985056310
3430 3433 81346615
3410 3434 474042514
3409 3435 764456214
3365 3436 36878155
3426 3437 782228115
3375 3438 133004444
3433 3439 706409622
3431 3440 591234911
3409 3441 863102222
3421 3442 384555017
3395 3443 738350585
3394 3444 495777266
3428 3445 50360089
3386 3446 963361691
3401 3447 345632697
3439 3448 85049107
3392 3449 429307342
3408 3450 770911451
3444 3451 893554399
3424 3452 411775935
3402 3453 475964021
3435 3454 329585156
3419 3455 580151125
3437 3456 477128282
3446 3457 250508754
3435 3458 532067661
3396 3459 173542964
3409 3460 518519224
3452 3461 779816397
3396 3462 745844270
3403 3463 292538828
3456 3464 458923127
3430 3465 709580188
3457 3466 97057990
3464 3467 135703795
3406 3468 440487770
3423 3469 938860078
3428 3470 337941414
3445 3471 203254451
3448 3472 149475526
3423 3473 274302582
3418 3474 550668072
3454 3475 868573277
3471 3476 510073011
3469 3477 507197565
3443 3478 836642744
3451 3479 505608417
3463 3480 843809621
3416 3481 541338493
3423 3482 470354360
3430 3483 182533491
3413 3484 921951386
3465 3485 527201989
3456 3486 95355755
3460 3487 942592676
3436 3488 842239070
3429 3489 549527288
3475 3490 152099618
3474 3491 204120048
3434 3492 664817184
3474 3493 86922875
3423 3494 350121862
3452 3495 257539744
3492 3496 845251878
3428 3497 939468027
3488 3498 184857443
3490 3499 582688914
3464 3500 138150289
3432 3501 179474081
3455 3502 771264219
3463 3503 625903090
3465 3504 91680943
3434 3505 668048497
3435 3506 327823020
3439 3507 446886458
3438 3508 276526265
3485 3509 109097723
3465 3510 801329169
3448 3511 144737760
3463 3512 168166275
3466 3513 792906384
3460 3514 32342285
3461 3515 855324137
3478 3516 700775532
3446 3517 155794002
3459 3518 723444638
3498 3519 232646056
3495 3520 336068754
3510 3521 589816271
3512 3522 171035091
3497 3523 86691654
3511 3524 598316130
3516 3525 292863008
3493 3526 543078422
3485 3527 38884331
3496 3528 668725382
3466 3529 119842
3482 3530 852682475
3519 3531 679041761
3469 3532 56999320
3498 3533 535540066
3508 3534 285103679
3508 3535 512900355
3517 3536 952395126
3493 3537 124358940
3492 3538 632851749
3516 3539 773558797
3509 3540 476570117
3487 3541 221292410
3536 3542 162065034
3508 3543 102545971
3475 3544 404336042
3508 3545 792586775
3529 3546 789379036
3498 3547 307464762
3530 3548 177848912
3488 3549 128943623
3518 3550 789234920
3515 3551 553717054
3511 3552 29818368
3547 3553 752981631
3525 3554 870023848
3488 3555 17081747
3496 3556 97236916
3503 3557 87590293
3540 3558 900323249
3546 3559 804706037
3510 3560 517084712
3531 3561 784743609
3546 3562 756670451
3518 3563 196256139
3545 3564 413495526
3538 3565 741017112
3547 3566 296792928
3552 3567 314451897
3538 3568 808175887
3552 3569 42787589
3557 3570 971396185
3559 3571 84085211
3518 3572 317592485
3559 3573 480643292
3503 3574 731179179
3529 3575 545748885
3508 3576 36526348
3541 3577 48603472
3552 3578 795628335
3525 3579 321458231
3546 3580 221086762
3516 3581 988584492
3544 3582 153987919
3546 3583 662147691
3564 3584 258194979
3574 3585 204274906
3532 3586 293204441
3522 3587 960921683
3533 3588 95027960
3543 3589 70019394
3534 3590 586195188
3529 3591 530597223
3582 3592 631190028
3536 3593 192157058
3592 3594 185662154
3534 3595 401162162
3543 3596 308989444
3594 3597 499386166
3573 3598 128962334
3565 3599 113654069
3559 3600 208395725
3579 3601 522258865
3581 3602 787905653
3554 3603 238320190
3594 3604 891454165
3561 3605 177241208
3575 3606 723690018
3560 3607 849267903
3572 3608 540501476
3549 3609 175990627
3591 3610 320516442
3589 3611 293501586
3570 3612 688128049
3568 3613 184108709
3558 3614 256350561
3560 3615 500415346
3607 3616 621252641
3614 3617 13753583
3589 3618 7573895
3589 3619 861932531
3610 3620 841193424
3595 3621 502409271
3579 3622 137638534
3611 3623 686743752
3615 3624 249197312
3557 3625 888729037
3577 3626 238653985
3568 3627 802752506
3608 3628 354038130
3588 3629 803085897
3625 3630 30517533
3590 3631 477592942
3583 3632 8903909
3572 3633 15516076
3620 3634 762070014
3634 3635 498980538
3587 3636 851815851
3579 3637 94503721
3593 3638 469157305
3619 3639 569350025
3590 3640 953116223
3605 3641 697508227
3617 3642 729845029
3610 3643 99312189
3625 3644 485187160
3583 3645 742976141
3642 3646 638991544
3615 3647 698432505
3624 3648 355469231
3585 3649 931562997
3592 3650 794986293
3583 3651 944775661
3621 3652 70617090
3609 3653 149612892
3626 3654 753945774
3638 3655 513027693
3618 3656 550923938
3589 3657 733080073
3615 3658 215402541
3593 3659 895070970
3607 3660 416837163
3655 3661 167499965
3657 3662 788932786
3633 3663 543923327
3622 3664 522046337
3649 3665 338003396
3611 3666 21797290
3624 3667 870279223
3614 3668 278164297
3659 3669 534792295
3651 3670 964903132
3662 3671 886077681
3625 3672 680134486
3663 3673 115161724
3635 3674 920803289
3610 3675 902075220
3663 3676 103656606
3612 3677 267211206
3671 3678 363288870
3631 3679 589450531
3630 3680 452459211
3663 3681 43796622
3623 3682 87543581
3645 3683 115142352
3623 3684 990269804
3642 3685 324000411
3652 3686 605209859
3673 3687 690388040
3679 3688 885919011
3618 3689 490748748
3650 3690 3550624
3648 3691 55175863
3680 3692 588624863
3688 3693 803973557
3681 3694 315127134
3632 3695 991949178
3674 3696 18548458
3626 3697 658812346
3689 3698 846094595
3644 3699 136577099
3679 3700 622940675
3656 3701 342738691
3642 3702 323395506
3657 3703 403434901
3675 3704 449079427
3640 3705 34686933
3636 3706 790345692
3648 3707 145477144
3686 3708 155810145
3654 3709 648234324
3676 3710 410601142
3653 3711 422275005
3706 3712 567488289
3673 3713 273372988
3683 3714 820348867
3684 3715 522188997
3678 3716 491396325
3701 3717 262934609
3659 3718 628620933
3674 3719 213856518
3713 3720 455308084
3656 3721 510828759
3713 3722 278759922
3680 3723 937567354
3653 3724 72874520
3667 3725 601276346
3664 3726 826533871
3704 3727 72648474
3720 3728 391723281
3706 3729 139303417
3724 3730 303443729
3724 3731 13211483
3683 3732 805026280
3699 3733 600932364
3729 3734 998292351
3725 3735 564122925
3726 3736 456506252
3713 3737 142252358
3721 3738 574797383
3693 3739 391345493
3727 3740 969700497
3706 3741 414257188
3712 3742 640115787
3677 3743 640836899
3680 3744 814008917
3674 3745 179687558
3707 3746 682564885
3733 3747 146938297
3684 3748 836567802
3711 3749 410828762
3748 3750 583236362
3700 3751 425284616
3690 3752 989491802
3732 3753 481967894
3715 3754 421050500
3700 3755 855802042
3736 3756 297470746
3755 3757 536184125
3744 3758 263213211
3690 3759 88473036
3728 3760 496367727
3741 3761 339822064
3737 3762 308809359
3734 3763 291907216
3755 3764 202871979
3746 3765 141020830
3697 3766 179404054
3758 3767 52186824
3730 3768 626467626
3736 3769 91811024
3712 3770 798483731
3733 3771 389894825
3734 3772 907782295
3765 3773 115520481
3771 3774 725975893
3722 3775 300175759
3710 3776 841874708
3719 3777 839736977
3709 3778 638728046
3753 3779 403056708
3747 3780 581187178
3775 3781 97434449
3714 3782 614499166
3743 3783 486451630
3767 3784 109673513
3751 3785 225893878
3770 3786 313244814
3751 3787 817378245
3774 3788 156926055
3733 3789 134188231
3750 3790 524126300
3741 3791 352607902
3772 3792 496927370
3731 3793 61983829
3748 3794 11883792
3745 3795 711999343
3781 3796 96619836
3761 3797 754223285
3738 3798 268892832
3786 3799 692687920
3748 3800 161991095
3760 3801 262682158
3786 3802 785217951
3759 3803 833928291
3764 3804 238539788
3797 3805 157537606
3758 3806 337474547
3743 3807 16090168
3756 3808 940542759
3758 3809 751755250
3799 3810 598382247
3757 3811 638247644
3791 3812 783289575
3781 3813 617742326
3772 3814 947396364
3761 3815 840553705
3796 3816 154175889
3766 3817 17896468
3799 3818 424515895
3757 3819 493366232
3770 3820 509393244
3817 3821 186478724
3805 3822 130280208
3763 3823 319282633
3820 3824 330769791
3769 3825 836729950
3767 3826 491946927
3807 3827 174223002
3774 3828 912673227
3798 3829 737780591
3818 3830 553554873
3793 3831 309039495
3815 3832 912652445
3780 3833 115671003
3802 3834 245414691
3768 3835 515467545
3791 3836 496116353
3792 3837 58775883
3829 3838 287540342
3790 3839 705664388
3782 3840 967400460
3771 3841 463971202
3771 3842 476527869
3805 3843 427785348
3785 3844 816826212
3792 3845 995977220
3783 3846 529556059
3824 3847 153859620
3783 3848 475545408
3807 3849 576605232
3840 3850 116999386
3839 3851 658950985
3796 3852 954151550
3806 3853 990405967
3805 3854 94380492
3827 3855 253181898
3840 3856 459285772
3836 3857 908300201
3845 3858 275816286
3832 3859 88598271
3829 3860 956219589
3838 3861 708801185
3843 3862 722755822
3845 3863 371681320
3838 3864 720337647
3822 3865 521599120
3863 3866 968872136
3863 3867 307097136
3820 3868 665224135
3859 3869 737970755
3848 3870 919351508
3826 3871 495866609
3837 3872 30393383
3802 3873 769557411
3863 3874 791031756
3853 3875 886358906
3853 3876 778988262
3850 3877 994143211
3808 3878 668650268
3863 3879 599366063
3834 3880 943684585
3857 3881 926108996
3851 3882 655569908
3845 3883 624012574
3823 3884 6625744
3844 3885 442379973
3836 3886 265441653
3824 3887 804240972
3820 3888 144157110
3854 3889 51124654
3852 3890 561504598
3842 3891 454197064
3838 3892 40636292
3869 3893 472125751
3858 3894 427251705
3886 3895 105406547
3863 3896 922072219
3892 3897 979107737
3830 3898 218574341
3886 3899 841900948
3842 3900 709019989
3834 3901 524564350
3836 3902 252287513
3859 3903 169127718
3835 3904 718494522
3885 3905 273127897
3884 3906 539250417
3843 3907 852677364
3855 3908 780523879
3872 3909 347292885
3866 3910 534786102
3867 3911 354601201
3841 3912 677936384
3877 3913 281459104
3901 3914 735390358
3892 3915 686417207
3876 3916 370703770
3855 3917 801822341
3879 3918 239366810
3858 3919 168890585
3912 3920 192481765
3863 3921 144245
3915 3922 278445270
3910 3923 122968875
3863 3924 753825051
3887 3925 315175330
3884 3926 554213730
3899 3927 940212925
3894 3928 958071117
3893 3929 77075022
3904 3930 965094641
3915 3931 979039028
3896 3932 567628094
3878 3933 20021771
3865 3934 764656625
3916 3935 244460546
3872 3936 63599833
3873 3937 305790716
3878 3938 136553660
3932 3939 95388457
3870 3940 53025014
3888 3941 579121181
3933 3942 841506256
3910 3943 891489927
3942 3944 578037883
3876 3945 4391872
3888 3946 550186297
3890 3947 234477675
3941 3948 26790627
3903 3949 182804301
3905 3950 867178350
3890 3951 6622878
3892 3952 258575466
3903 3953 639267175
3916 3954 122427047
3940 3955 695937434
3948 3956 100268317
3947 3957 813025546
3935 3958 404365174
3945 3959 890290701
3902 3960 917270672
3909 3961 241764758
3893 3962 685769290
3898 3963 163900646
3899 3964 289870949
3925 3965 390076258
3952 3966 834907812
3949 3967 497637462
3908 3968 807581640
3944 3969 610163057
3941 3970 180132204
3960 3971 451398039
3912 3972 102415889
3933 3973 843622246
3926 3974 278475211
3919 3975 439479964
3931 3976 117831456
3923 3977 929523281
3961 3978 661310881
3920 3979 965305624
3947 3980 287831810
3973 3981 904813019
3956 3982 738720389
3946 3983 257457384
3939 3984 572651904
3960 3985 275477188
3946 3986 513121352
3925 3987 89294635
3955 3988 823578974
3923 3989 933740674
3944 3990 185003093
3922 3991 253764625
3935 3992 704787080
3991 3993 743855525
3952 3994 55016930
3981 3995 291886419
3928 3996 972650116
3948 3997 545735176
3989 3998 378567447
3951 3999 229169903
3968 4000 681027065
3998 4001 211452825
3975 4002 876239288
3988 4003 166908472
3934 4004 469463946
3942 4005 118329121
4003 4006 205761740
3997 4007 290045570
3992 4008 80029993
4008 4009 769137072
3955 4010 633328716
3971 4011 466498282
3978 4012 334627309
3996 4013 522927653
3965 4014 239492375
3953 4015 356878222
3974 4016 809821597
3986 4017 789704162
4002 4018 685672475
3990 4019 609007972
3975 4020 636041154
4005 4021 779664435
4001 4022 397968144
4010 4023 568831673
3991 4024 118994992
4002 4025 963347760
3983 4026 928911468
4013 4027 679347472
3993 4028 192738805
4015 4029 933964747
4017 4030 230080900
4012 4031 778275680
4025 4032 11415590
4015 4033 381052111
4019 4034 874503441
3968 4035 149173231
3968 4036 246632320
3993 4037 557380369
4023 4038 182331661
3973 4039 7165511
4030 4040 52814575
3985 4041 952779456
4008 4042 47041081
4019 4043 287858566
3983 4044 318040394
3994 4045 152684063
3995 4046 563012944
3990 4047 867309209
3987 4048 866317834
4010 4049 854710515
4027 4050 220241956
3992 4051 147115966
4005 4052 716635655
3984 4053 766210646
4026 4054 273514248
3996 4055 924365792
3986 4056 934786452
3992 4057 209335279
4046 4058 562018643
4009 4059 117049921
4008 4060 190329254
4008 4061 224045941
3996 4062 175856838
4004 4063 544404339
4041 4064 420908548
4043 4065 189064383
4008 4066 423367895
4066 4067 408007297
4058 4068 35476315
4028 4069 206643646
4027 4070 451455252
4027 4071 970939393
4022 4072 988874432
4066 4073 823546324
4050 4074 825918188
4024 4075 212242579
4011 4076 939952247
4076 4077 803599822
4026 4078 669183330
4021 4079 34798255
4043 4080 749414875
4034 4081 794715074
4070 4082 180483300
4019 4083 493962548
4079 4084 650910161
4035 4085 248539327
4029 4086 405050650
4048 4087 185497730
4072 4088 298142376
4063 4089 308250097
4054 4090 686092932
4036 4091 3325926
4045 4092 140682254
4088 4093 93530217
4059 4094 829668347
4077 4095 262385643
4086 4096 992515888
4085 4097 707457741
4059 4098 378127228
4040 4099 661340997
4038 4100 787975600
4038 4101 732650179
4078 4102 66692274
4043 4103 215137305
4103 4104 351176423
4075 4105 961182615
4047 4106 364222237
4041 4107 727614032
4059 4108 250779334
4064 4109 273206842
4055 4110 351075634
4100 4111 477813618
4063 4112 509137826
4062 4113 941142763
4096 4114 370171303
4069 4115 752672845
4096 4116 871820625
4108 4117 143879936
4047 4118 903691843
4060 4119 201587396
4095 4120 743601524
4075 4121 46342669
4112 4122 169232979
4064 4123 908497734
4103 4124 733132885
4093 4125 38083155
4068 4126 193203409
4126 4127 237538499
4057 4128 428915980
4128 4129 727768142
4063 4130 602937146
4089 4131 39553504
4112 4132 764194809
4098 4133 537981756
4126 4134 120411752
4099 4135 676620625
4118 4136 895327520
4133 4137 170279173
4081 4138 863693329
4080 4139 286279785
4070 4140 388212456
4103 4141 971435261
4125 4142 308196179
4133 4143 121280327
4126 4144 511480001
4081 4145 854775695
4139 4146 410457286
4077 4147 592848708
4131 4148 911853238
4113 4149 371342641
4093 4150 204254398
4115 4151 954858812
4127 4152 381234384
4085 4153 685950027
4121 4154 950572567
4100 4155 999429687
4121 4156 444750891
4115 4157 771795813
4149 4158 508788490
4120 4159 266760385
4154 4160 896891810
4144 4161 732755451
4096 4162 436524507
4151 4163 411665223
4139 4164 69963318
4139 4165 257777437
4157 4166 679088733
4152 4167 964554888
4135 4168 432164847
4158 4169 184364231
4139 4170 800337516
4155 4171 984542752
4143 4172 956586197
4129 4173 174751832
4115 4174 734553864
4115 4175 132248353
4139 4176 871809289
4156 4177 825975466
4143 4178 673006741
4115 4179 671983564
4171 4180 67124704
4147 4181 633682325
4117 4182 173606372
4125 4183 870654305
4157 4184 959644883
4135 4185 465840677
4182 4186 274176735
4167 4187 205570042
4166 4188 944565495
4137 4189 966641765
4178 4190 199492403
4124 4191 831152764
4191 4192 765715760
4166 4193 197213233
4166 4194 246696168
4189 4195 419385039
4184 4196 243938912
4163 4197 339205537
4171 4198 707480920
4197 4199 893078755
4133 4200 156241172
4161 4201 247599199
4146 4202 105130841
4137 4203 677133387
4155 4204 239997677
4173 4205 677069742
4184 4206 212216611
4162 4207 523285122
4183 4208 400779313
4148 4209 956589273
4168 4210 97427039
4175 4211 276755004
4172 4212 759732556
4209 4213 220071144
4158 4214 547657527
4160 4215 25270360
4163 4216 506858859
4147 4217 235323202
4189 4218 699197098
4184 4219 909338777
4201 4220 174003687
4171 4221 488938406
4221 4222 853000839
4211 4223 188756129
4221 4224 29896095
4188 4225 88143944
4173 4226 685879055
4173 4227 809456989
4198 4228 201897071
4185 4229 816328316
4173 4230 259255382
4202 4231 943542116
4163 4232 91751006
4181 4233 116579413
4206 4234 333202107
4179 4235 180887875
4175 4236 204416415
4168 4237 587206352
4171 4238 892436142
4190 4239 674266347
4209 4240 282863187
4198 4241 118002129
4175 4242 235735750
4179 4243 598010677
4190 4244 553537521
4198 4245 807692951
4181 4246 874750792
4181 4247 700635048
4197 4248 59748969
4183 4249 782511425
4238 4250 387130392
4207 4251 530860410
4227 4252 587740698
4182 4253 101506034
4195 4254 885386792
4203 4255 515347554
4251 4256 487722968
4230 4257 46590004
4256 4258 145641333
4243 4259 928028327
4259 4260 347530064
4218 4261 595840024
4200 4262 89861835
4192 4263 488374240
4251 4264 46158356
4226 4265 53658924
4239 4266 240297737
4211 4267 458834622
4197 4268 837839410
4253 4269 767879624
4257 4270 26789523
4211 4271 584326707
4218 4272 868448455
4237 4273 316257753
4261 4274 615415675
4254 4275 488806601
4238 4276 498418846
4258 4277 150531223
4272 4278 452950952
4229 4279 264293370
4255 4280 368088630
4220 4281 606897576
4264 4282 577490421
4219 4283 503771829
4272 4284 509326308
4252 4285 483224016
4282 4286 82063342
4233 4287 141637219
4239 4288 620857357
4270 4289 652402672
4223 4290 754037
4262 4291 682935713
4237 4292 300060018
4287 4293 447868554
4273 4294 784416196
4273 4295 926103567
4249 4296 829647850
4239 4297 252509468
4251 4298 343113430
4279 4299 895083156
4261 4300 263315881
4257 4301 139736314
4268 4302 650974844
4282 4303 168921184
4300 4304 960391892
4289 4305 320948998
4281 4306 338011054
4296 4307 57235134
4260 4308 650437825
4298 4309 101719731
4307 4310 16554766
4278 4311 649799102
4243 4312 230324782
4304 4313 430067433
4309 4314 510081169
4249 4315 773151374
4283 4316 1144007
4250 4317 178138712
4280 4318 130984331
4290 4319 865843299
4274 4320 53270439
4285 4321 987645612
4288 4322 517828592
4295 4323 431580892
4299 4324 419760745
4293 4325 45811550
4269 4326 593128566
4301 4327 60882158
4263 4328 466326041
4282 4329 584570003
4268 4330 785120535
4324 4331 487329280
4296 4332 389151792
4292 4333 397998926
4299 4334 68037412
4304 4335 802534599
4266 4336 913984778
4318 4337 529316918
4313 4338 756314400
4304 4339 627415717
4320 4340 256359671
4305 4341 966054653
4321 4342 866967327
4317 4343 868988761
4282 4344 861409236
4344 4345 455391214
4280 4346 465772258
4304 4347 49121772
4314 4348 239959511
4327 4349 398612274
4286 4350 214133826
4281 4351 613607933
4288 4352 690570025
4343 4353 227306005
4291 4354 15925263
4303 4355 106526635
4336 4356 855539956
4287 4357 951851000
4289 4358 249040972
4353 4359 639631605
4345 4360 757986820
4327 4361 385209830
4322 4362 680557750
4313 4363 792446239
4323 4364 628608062
4296 4365 513570691
4299 4366 194842299
4326 4367 309193492
4307 4368 119225897
4335 4369 666287051
4302 4370 216684170
4304 4371 781334715
4306 4372 367393018
4310 4373 634588295
4373 4374 568043828
4342 4375 781803468
4305 4376 764921742
4314 4377 113908667
4323 4378 907680104
4364 4379 288401387
4358 4380 231794704
4358 4381 388817170
4359 4382 467990044
4312 4383 937864160
4348 4384 124666164
4361 4385 363028520
4340 4386 346025676
4318 4387 560410892
4382 4388 394674722
4326 4389 286592555
4338 4390 728948268
4352 4391 109467489
4357 4392 850222046
4359 4393 740187591
4373 4394 201916509
4393 4395 919138294
4360 4396 516298046
4346 4397 961225112
4393 4398 72342598
4382 4399 824553412
4353 4400 805568377
4363 4401 452860249
4372 4402 132085880
4336 4403 529596311
4336 4404 751887492
4398 4405 135846400
4393 4406 209397208
4375 4407 949449522
4384 4408 883982367
4372 4409 949137662
4344 4410 184008645
4383 4411 847234959
4356 4412 502892797
4342 4413 84194480
4368 4414 358249252
4347 4415 434859433
4355 4416 425011235
4367 4417 202235787
4388 4418 123059327
4399 4419 504815031
4406 4420 530420866
4393 4421 126001868
4395 4422 511676548
4401 4423 955784073
4406 4424 238193086
4361 4425 286460103
4420 4426 273975689
4394 4427 908654090
4397 4428 771766708
4369 4429 932451524
4370 4430 781708945
4378 4431 842129351
4422 4432 676130582
4381 4433 554204923
4397 4434 507986826
4378 4435 32238416
4419 4436 859439513
4425 4437 79063757
4370 4438 453787972
4424 4439 309145836
4399 4440 572825967
4402 4441 445812667
4425 4442 260817055
4393 4443 786205458
4415 4444 768761196
4402 4445 692990565
4391 4446 524819096
4397 4447 141780378
4401 4448 491687447
4382 4449 877757483
4422 4450 125705571
4386 4451 128739901
4415 4452 582664313
4440 4453 147830944
4407 4454 359458607
4431 4455 372072910
4430 4456 38115549
4405 4457 588283736
4449 4458 258129576
4457 4459 327006474
4400 4460 948957509
4400 4461 94066093
4422 4462 225449912
4453 4463 766240002
4407 4464 28336225
4433 4465 50460680
4437 4466 276626661
4447 4467 393442827
4444 4468 585736821
4403 4469 173426276
4453 4470 423762455
4404 4471 81568341
4437 4472 332097792
4411 4473 204875540
4445 4474 6406915
4406 4475 547861387
4470 4476 305603780
4437 4477 603686023
4411 4478 583127300
4449 4479 481661038
4471 4480 332294037
4473 4481 517246318
4457 4482 330446572
4435 4483 949122525
4459 4484 273085500
4454 4485 877325450
4425 4486 218549605
4447 4487 490759359
4487 4488 213425828
4488 4489 132700699
4468 4490 459541431
4476 4491 920092943
4447 4492 947855087
4472 4493 968337656
4447 4494 826728319
4467 4495 325473213
4430 4496 474839222
4429 4497 468253100
4497 4498 502564368
4431 4499 569585034
4471 4500 112856310
4446 4501 72978457
4495 4502 752261044
4463 4503 224466625
4460 4504 817005447
4439 4505 64994234
4497 4506 772008053
4464 4507 777254032
4482 4508 887497083
4481 4509 588489642
4455 4510 968120784
4474 4511 244473483
4454 4512 532053230
4467 4513 263884262
4497 4514 481818260
4489 4515 112815274
4454 4516 539147816
4481 4517 21737594
4460 4518 478104074
4512 4519 106435887
4516 4520 935200595
4499 4521 961728138
4515 4522 622025178
4500 4523 35636746
4485 4524 48369394
4507 4525 268779142
4496 4526 204772933
4477 4527 736022384
4510 4528 517097574
4510 4529 264935278
4527 4530 415048559
4471 4531 764478298
4495 4532 368941976
4523 4533 851201047
4492 4534 141886
4482 4535 421720140
4484 4536 272636759
4500 4537 259776298
4522 4538 943325377
4494 4539 731285916
4489 4540 941120960
4489 4541 377584876
4538 4542 953841041
4480 4543 397347915
4473 4544 248209711
4494 4545 908870879
4488 4546 624592901
4498 4547 828662094
4535 4548 182517699
4543 4549 425412212
4527 4550 668326932
4525 4551 355713234
4531 4552 699957444
4489 4553 567452837
4540 4554 477875049
4517 4555 166442237
4510 4556 902549751
4552 4557 278951653
4524 4558 53851954
4510 4559 233450428
4530 4560 567391754
4513 4561 337805087
4516 4562 46199029
4496 4563 23772901
4501 4564 749020949
4562 4565 974149116
4547 4566 256329450
4516 4567 541951841
4504 4568 465764909
4542 4569 981383740
4514 4570 690354772
4513 4571 191565185
4541 4572 706388581
4567 4573 953053705
4522 4574 714213500
4525 4575 373965621
4521 4576 220590448
4575 4577 202755836
4509 4578 489588085
4571 4579 427112933
4557 4580 196304153
4529 4581 185081131
4558 4582 414402577
4535 4583 25561024
4541 4584 670850105
4524 4585 332206028
4546 4586 885342326
4525 4587 600421468
4528 4588 368381227
4563 4589 367040018
4528 4590 878932369
4552 4591 63886383
4567 4592 962397977
4541 4593 819827864
4530 4594 226249870
4567 4595 24987612
4552 4596 760071237
4572 4597 478374937
4589 4598 309129519
4571 4599 477326459
4572 4600 611726082
4543 4601 561695737
4573 4602 41130358
4571 4603 988000127
4565 4604 486689853
4599 4605 342005988
4603 4606 270676582
4545 4607 212933925
4580 4608 441600537
4593 4609 144691230
4606 4610 253845493
4540 4611 891215710
4561 4612 782126108
4586 4613 570818999
4552 4614 472625076
4569 4615 211821009
4592 4616 268049333
4546 4617 568759885
4616 4618 441520361
4549 4619 788104782
4590 4620 279031194
4592 4621 568800352
4607 4622 995468191
4555 4623 401564888
4600 4624 645895177
4578 4625 131646925
4571 4626 997511407
4579 4627 495052439
4624 4628 975601677
4562 4629 102031380
4622 4630 783425372
4630 4631 835259625
4631 4632 327445813
4576 4633 758608149
4594 4634 360276582
4615 4635 836094939
4621 4636 211221842
4636 4637 984429480
4634 4638 838267665
4580 4639 139934940
4606 4640 757245846
4605 4641 340331944
4629 4642 120186452
4575 4643 778532767
4591 4644 911726550
4590 4645 674897159
4601 4646 415550906
4643 4647 22621248
4595 4648 988972433
4585 4649 544519793
4638 4650 673694293
4626 4651 318332945
4628 4652 575399944
4619 4653 294187123
4648 4654 329644844
4636 4655 459603731
4622 4656 415811900
4587 4657 259749219
4621 4658 637931057
4639 4659 657527564
4604 4660 254199900
4596 4661 495716886
4634 4662 856339562
4647 4663 27102006
4593 4664 319113524
4650 4665 165125572
4631 4666 796591410
4626 4667 725935742
4604 4668 8030410
4631 4669 989738138
4658 4670 671836813
4668 4671 428398433
4646 4672 671510642
4620 4673 613322904
4624 4674 341908793
4658 4675 351856191
4622 4676 76144659
4663 4677 274554000
4611 4678 280987281
4628 4679 679024667
4628 4680 294870775
4650 4681 330615804
4647 4682 590736235
4656 4683 176994937
4622 4684 146293532
4663 4685 89663216
4650 4686 129904852
4654 4687 551698499
4651 4688 639902172
4624 4689 125033917
4687 4690 308477694
4640 4691 373015819
4658 4692 380315743
4678 4693 949551982
4660 4694 925508496
4654 4695 242624334
4660 4696 826140723
4629 4697 1192597
4651 4698 149841252
4648 4699 604318496
4683 4700 855278183
4694 4701 387275203
4686 4702 385932046
4697 4703 767917465
4699 4704 363858521
4634 4705 198456930
4647 4706 119225017
4668 4707 584105690
4650 4708 6287511
4699 4709 214539750
4691 4710 743899108
4710 4711 135982150
4697 4712 542409916
4677 4713 836732751
4691 4714 154624635
4666 4715 357593757
4658 4716 201621989
4708 4717 966149566
4704 4718 968331935
4672 4719 642975750
4711 4720 931842915
4664 4721 371484527
4687 4722 213136327
4722 4723 583955002
4699 4724 53082264
4703 4725 997857393
4716 4726 675772932
4691 4727 493296976
4727 4728 755305940
4705 4729 576156973
4708 4730 757482672
4698 4731 704120995
4678 4732 144962407
4729 4733 518391544
4709 4734 430692350
4666 4735 851529975
4665 4736 778994853
4673 4737 206957215
4694 4738 244095267
4726 4739 814215301
4685 4740 825670337
4720 4741 187414254
4684 4742 242482653
4740 4743 691363911
4724 4744 173769167
4681 4745 922669129
4679 4746 254854251
4718 4747 466853933
4682 4748 373650468
4714 4749 927365008
4730 4750 66192649
4695 4751 812622280
4719 4752 174724480
4738 4753 875914641
4683 4754 121303174
4699 4755 187486513
4725 4756 226261884
4704 4757 952840240
4731 4758 75097027
4720 4759 132538600
4693 4760 697337014
4751 4761 51395923
4755 4762 971082601
4706 4763 442929556
4740 4764 529879213
4749 4765 258018093
4718 4766 406211940
4705 4767 145769125
4756 4768 597497211
4750 4769 352363035
4702 4770 603324893
4745 4771 209828285
4740 4772 158376423
4727 4773 799269114
4707 4774 122337918
4733 4775 292471112
4735 4776 519121373
4744 4777 272795585
4720 4778 35148829
4763 4779 732050511
4725 4780 167548831
4767 4781 858535840
4740 4782 373831830
4775 4783 330531264
4728 4784 19685199
4773 4785 496262289
4771 4786 233367959
4761 4787 269132954
4779 4788 28912873
4731 4789 926921003
4774 4790 256762377
4749 4791 249965343
4749 4792 257554570
4776 4793 201451116
4780 4794 25531783
4775 4795 311637747
4784 4796 572670422
4738 4797 27673946
4751 4798 107583269
4731 4799 114839431
4742 4800 207128390
4778 4801 462493382
4765 4802 724382082
4792 4803 281209923
4783 4804 887845816
4775 4805 984167165
4749 4806 916289616
4766 4807 163869928
4757 4808 448355906
4799 4809 187949220
4769 4810 329576005
4756 4811 985133311
4791 4812 216613228
4810 4813 925068735
4811 4814 48729469
4759 4815 847379244
4779 4816 365545043
4778 4817 360442431
4790 4818 501314250
4786 4819 113741695
4797 4820 340793792
4804 4821 71815089
4791 4822 593874310
4782 4823 510698050
4766 4824 216796608
4816 4825 167931247
4777 4826 839488958
4800 4827 843396594
4781 4828 265895394
4763 4829 918173872
4810 4830 11400246
4800 4831 527121709
4789 4832 190242139
4809 4833 818063786
4790 4834 305640793
4797 4835 340235002
4830 4836 818235219
4784 4837 615337060
4826 4838 89597960
4787 4839 251264731
4775 4840 154325451
4781 4841 441554206
4828 4842 205928668
4813 4843 393298993
4829 4844 996037204
4801 4845 222270965
4787 4846 509315925
4812 4847 265610282
4836 4848 895560489
4794 4849 167075278
4833 4850 554040630
4822 4851 139921978
4835 4852 525989272
4782 4853 570932388
4811 4854 746541452
4808 4855 551101995
4844 4856 385394811
4800 4857 786808204
4807 4858 927867244
4791 4859 206603510
4842 4860 538661714
4825 4861 484439687
4840 4862 181136436
4847 4863 510693326
4844 4864 576187583
4856 4865 226944926
4831 4866 81914699
4796 4867 528463613
4823 4868 28296538
4854 4869 596650085
4855 4870 438994635
4818 4871 719929858
4801 4872 222060816
4837 4873 551662212
4832 4874 413494473
4865 4875 789767208
4843 4876 423684761
4871 4877 304070833
4815 4878 771679875
4814 4879 373799939
4853 4880 887788538
4877 4881 270415735
4874 4882 43448079
4882 4883 35028536
4856 4884 90363563
4855 4885 339568493
4818 4886 50452592
4871 4887 460178057
4876 4888 754728223
4844 4889 80899067
4841 4890 964225297
4863 4891 109464769
4832 4892 993445113
4862 4893 407872698
4850 4894 323703502
4834 4895 259019617
4873 4896 346134957
4849 4897 917452656
4862 4898 169713518
4895 4899 486379320
4875 4900 452418650
4841 4901 503419375
4835 4902 714106237
4861 4903 476101100
4881 4904 515004992
4896 4905 181542228
4844 4906 80488002
4860 4907 780295421
4902 4908 579757312
4869 4909 58491262
4876 4910 872395631
4860 4911 75032520
4878 4912 675958427
4860 4913 260722190
4850 4914 168287669
4852 4915 748061156
4869 4916 530628600
4885 4917 50693562
4867 4918 318857802
4850 4919 220735369
4867 4920 745289989
4907 4921 883227390
4887 4922 966242240
4903 4923 188412049
4894 4924 320655002
4900 4925 462831211
4898 4926 49092642
4902 4927 754916106
4884 4928 293287381
4861 4929 804908390
4869 4930 191330346
4927 4931 194289568
4866 4932 664184965
4899 4933 292042590
4922 4934 666884115
4887 4935 657189792
4904 4936 430754959
4902 4937 91417849
4921 4938 274156894
4876 4939 578319534
4885 4940 576382607
4901 4941 108460017
4932 4942 100134987
4893 4943 98338327
4926 4944 643343362
4941 4945 158189668
4932 4946 950154042
4898 4947 988470437
4941 4948 710952436
4932 4949 481109970
4933 4950 983814450
4921 4951 252673858
4918 4952 380431167
4939 4953 924056859
4902 4954 34648594
4895 4955 482925870
4902 4956 177166873
4949 4957 555897748
4921 4958 101648752
4957 4959 574967714
4890 4960 968673960
4903 4961 889087640
4946 4962 578722854
4898 4963 397890120
4922 4964 260552309
4911 4965 319949173
4947 4966 838320028
4936 4967 689407329
4922 4968 814801745
4913 4969 648869176
4905 4970 286246116
4928 4971 857199880
4925 4972 309537718
4927 4973 513322917
4950 4974 515159466
4908 4975 367187904
4919 4976 257809753
4915 4977 798368487
4915 4978 623574577
4933 4979 919514381
4909 4980 892125127
4968 4981 177467195
4940 4982 274568886
4913 4983 128825210
4959 4984 927321983
4917 4985 31897060
4931 4986 861396096
4948 4987 486454022
4966 4988 727124458
4921 4989 243045992
4938 4990 129809641
4940 4991 886787188
4939 4992 517366800
4980 4993 470705000
4937 4994 682543716
4932 4995 270235103
4934 4996 729421500
4928 4997 79446836
4993 4998 237063077
4930 4999 293104038
4961 5000 699040460
