5000 100 76
3551 497 3471 1014 2965 419 116 3441 4388 2684 2349 2997 195 2962 1570 1255 68 4081 1371 4898 2805 3716 3278 366 179 1388 1073 1772 1096 2452 4601 864 1132 1099 1070 2181 1908 2655 3276 4628 3133 1279 2420 1678 4034 1373 4904 3168 3254 4269 4328 4976 1986 4365 2551 3624 417 332 1204 1321 4630 4788 4367 2487 2709 379 2826 3046 2279 3744 259 49 2338 974 641 2261 601 3484 2841 3467 2741 2974 649 2067 3762 3301 117 4281 4153 4464 1300 1935 134 762 1221 1574 513 4130 2911 2070 
1 2 568757952
2 3 708678346
3 4 357855178
4 5 892322851
5 6 440778560
6 7 251851120
7 8 360839025
8 9 238037147
9 10 801010908
10 11 931434556
11 12 499574957
12 13 494759704
13 14 183619223
14 15 980226234
15 16 290000897
16 17 930206463
17 18 518432345
18 19 620804282
19 20 840276190
20 21 117306157
21 22 863529683
22 23 212380296
23 24 153399579
24 25 575601415
25 26 899869349
26 27 832936031
27 28 412505361
28 29 63835393
29 30 276570188
30 31 350626474
31 32 177150700
32 33 64298451
33 34 808071567
34 35 721074630
35 36 7794224
36 37 548965758
37 38 656892034
38 39 501740223
39 40 717888991
40 41 269812591
41 42 998626174
42 43 787437370
43 44 272496536
44 45 913411894
45 46 249450899
46 47 380891290
47 48 778546947
48 49 105396627
49 50 378127247
50 51 44844796
51 52 679711957
52 53 262228453
53 54 519347881
54 55 307474963
55 56 197302797
56 57 898383605
57 58 750252343
58 59 670460203
59 60 539617030
60 61 564230734
61 62 757548599
62 63 149391741
63 64 455455120
64 65 622061311
65 66 750076873
66 67 520347204
67 68 396197316
68 69 199803007
69 70 198146919
70 71 618885489
71 72 343741089
72 73 488920137
73 74 225482496
74 75 566337796
75 76 749871404
76 77 754766224
77 78 574864112
78 79 544481642
79 80 174319144
80 81 251385146
81 82 940514589
82 83 143367575
83 84 67527218
84 85 85542767
85 86 549532144
86 87 286404909
87 88 820983381
88 89 375859048
89 90 207404550
90 91 1507755
91 92 108737621
92 93 792387278
93 94 1063020
94 95 475127989
95 96 582848034
96 97 230007565
97 98 81556039
98 99 129622081
99 100 905327429
100 101 381078134
101 102 164997986
102 103 358191647
103 104 773489023
104 105 537201617
105 106 323951773
106 107 21446563
107 108 892104601
108 109 241499505
109 110 221900414
110 111 554443026
111 112 756410993
112 113 703870447
113 114 911481729
114 115 606272424
115 116 464427320
116 117 365712699
117 118 42060006
118 119 973782158
119 120 529139234
120 121 635250815
121 122 763845999
122 123 584419202
123 124 567911598
124 125 254980234
125 126 916062092
126 127 224913066
127 128 354582807
128 129 767491341
129 130 235532278
130 131 468870938
131 132 387360039
132 133 281644405
133 134 275893326
134 135 203283346
135 136 587417239
136 137 352250476
137 138 152788544
138 139 55172721
139 140 159059659
140 141 797977553
141 142 725533628
142 143 79697064
143 144 174148486
144 145 271274075
145 146 225312445
146 147 673036803
147 148 906931616
148 149 377437454
149 150 584922784
150 151 99673524
151 152 898699971
152 153 224905650
153 154 387805986
154 155 92635469
155 156 105503787
156 157 533187730
157 158 844467319
158 159 122399001
159 160 633098086
160 161 366244962
161 162 30813056
162 163 262553861
163 164 117779435
164 165 192796275
165 166 915458240
166 167 926178927
167 168 808142366
168 169 82231674
169 170 895985364
170 171 19312420
171 172 381420518
172 173 102078996
173 174 667633939
174 175 947562752
175 176 626387355
176 177 552464787
177 178 547200247
178 179 130551862
179 180 658169901
180 181 238769896
181 182 207062894
182 183 729488508
183 184 219112524
184 185 338332892
185 186 411398660
186 187 971041106
187 188 884129466
188 189 193157878
189 190 386390465
190 191 33883395
191 192 615486022
192 193 348418728
193 194 559376095
194 195 50127791
195 196 649103145
196 197 208435976
197 198 232478527
198 199 253177694
199 200 397806876
200 201 194084968
201 202 59924781
202 203 930628366
203 204 33913980
204 205 300869639
205 206 673017521
206 207 76407648
207 208 167979279
208 209 804164916
209 210 2404955
210 211 995703889
211 212 493111459
212 213 751799544
213 214 91712095
214 215 364622021
215 216 727037243
216 217 134002092
217 218 525650914
218 219 764211951
219 220 823984563
220 221 739334946
221 222 615897854
222 223 793084784
223 224 532092809
224 225 180584502
225 226 434454973
226 227 577919799
227 228 193170536
228 229 513718229
229 230 472404116
230 231 745559904
231 232 828651043
232 233 553481219
233 234 272530389
234 235 125650600
235 236 598782395
236 237 274298660
237 238 954560313
238 239 396391422
239 240 235611600
240 241 348482962
241 242 847700056
242 243 200686845
243 244 229011177
244 245 724463383
245 246 716905368
246 247 271053512
247 248 443694933
248 249 612749449
249 250 61303252
250 251 237776830
251 252 832713443
252 253 104886309
253 254 808693235
254 255 101854493
255 256 184990135
256 257 682765208
257 258 695329536
258 259 362785776
259 260 296396794
260 261 684174817
261 262 556410599
262 263 346424947
263 264 398982809
264 265 798169827
265 266 310467857
266 267 104684088
267 268 494969882
268 269 276935654
269 270 942598574
270 271 873334284
271 272 289102261
272 273 830178969
273 274 275438705
274 275 503448484
275 276 171192849
276 277 105305103
277 278 716958217
278 279 558281470
279 280 45268863
280 281 961953966
281 282 333845688
282 283 491280818
283 284 182745728
284 285 369512712
285 286 470843002
286 287 378719458
287 288 721854291
288 289 265934241
289 290 560808454
290 291 660567014
291 292 366892028
292 293 343757201
293 294 937953122
294 295 545917604
295 296 795388755
296 297 558465115
297 298 141731522
298 299 109163587
299 300 575338188
300 301 739028838
301 302 442750851
302 303 38638773
303 304 576556266
304 305 740685231
305 306 551993151
306 307 738106311
307 308 392619020
308 309 985318607
309 310 28887863
310 311 961869559
311 312 435027249
312 313 787717191
313 314 413623710
314 315 472331805
315 316 583195525
316 317 294893535
317 318 635115839
318 319 647467073
319 320 80538823
320 321 512460381
321 322 78401776
322 323 562694155
323 324 4060143
324 325 192854387
325 326 965707040
326 327 541296302
327 328 728485865
328 329 38131016
329 330 170840813
330 331 309088850
331 332 678970285
332 333 94012701
333 334 949282651
334 335 260193348
335 336 996849320
336 337 95685178
337 338 10823042
338 339 895575066
339 340 970410846
340 341 342492376
341 342 502459600
342 343 461224590
343 344 271025494
344 345 498145881
345 346 347872243
346 347 362252000
347 348 316892772
348 349 470335619
349 350 256427685
350 351 476603908
351 352 656162221
352 353 882697285
353 354 22014656
354 355 795030115
355 356 992040242
356 357 993244539
357 358 192059600
358 359 129223755
359 360 217297767
360 361 261043552
361 362 348710395
362 363 904782842
363 364 104596207
364 365 88187304
365 366 294564290
366 367 179047610
367 368 327042415
368 369 536520494
369 370 190584218
370 371 349449980
371 372 990001058
372 373 316231471
373 374 800483111
374 375 396189633
375 376 136097181
376 377 546367036
377 378 219366120
378 379 326778874
379 380 825943648
380 381 125921965
381 382 68323512
382 383 400220921
383 384 235379571
384 385 890812550
385 386 589098571
386 387 627147553
387 388 910743983
388 389 430822356
389 390 931642283
390 391 22625906
391 392 957082407
392 393 690415894
393 394 679902165
394 395 137010835
395 396 154083423
396 397 733493945
397 398 204420528
398 399 28197788
399 400 828819496
400 401 867716428
401 402 918291030
402 403 738115881
403 404 258434831
404 405 382418889
405 406 266264232
406 407 46900046
407 408 407438472
408 409 204648993
409 410 72589118
410 411 848416279
411 412 276324082
412 413 163379386
413 414 56750177
414 415 128004222
415 416 462314322
416 417 715242024
417 418 497517703
418 419 943933174
419 420 712904430
420 421 980446410
421 422 889183127
422 423 125056086
423 424 731331688
424 425 123051893
425 426 32940936
426 427 556218349
427 428 99185065
428 429 586601317
429 430 536353906
430 431 228959246
431 432 897208386
432 433 226935164
433 434 429690485
434 435 146552041
435 436 772683159
436 437 534768929
437 438 707435056
438 439 562282876
439 440 746682392
440 441 397719540
441 442 512280401
442 443 413853583
443 444 229092233
444 445 264150889
445 446 424028588
446 447 161823429
447 448 614501984
448 449 230169962
449 450 1250697
450 451 844476633
451 452 974060597
452 453 134221926
453 454 45883259
454 455 906043246
455 456 987616189
456 457 471983211
457 458 916966795
458 459 660131106
459 460 873659644
460 461 378954646
461 462 643758352
462 463 649050505
463 464 10380884
464 465 690852507
465 466 734806484
466 467 11573038
467 468 341590429
468 469 107313869
469 470 931631345
470 471 661470951
471 472 534524316
472 473 18696645
473 474 930301626
474 475 531423257
475 476 472041503
476 477 63967816
477 478 355119569
478 479 30316489
479 480 93863190
480 481 829819679
481 482 564664168
482 483 514333646
483 484 599457163
484 485 768055643
485 486 905008046
486 487 646642244
487 488 56632898
488 489 395983996
489 490 364429417
490 491 300340562
491 492 788603375
492 493 737663979
493 494 637126019
494 495 463006748
495 496 908804604
496 497 541168686
497 498 696154053
498 499 6408512
499 500 191235632
500 501 281596109
501 502 637521639
502 503 162709934
503 504 21537385
504 505 446833749
505 506 443249992
506 507 900716830
507 508 751291197
508 509 847069531
509 510 100695049
510 511 857602270
511 512 391318015
512 513 765784753
513 514 301554222
514 515 982668259
515 516 426590787
516 517 350575616
517 518 819249936
518 519 102695384
519 520 265670689
520 521 219201094
521 522 242546109
522 523 33851563
523 524 609665006
524 525 363888880
525 526 65823820
526 527 148004994
527 528 724817319
528 529 966633058
529 530 101607987
530 531 47524988
531 532 415194039
532 533 522226822
533 534 478640739
534 535 142297137
535 536 35413073
536 537 20276889
537 538 221374041
538 539 828587978
539 540 307605578
540 541 443364225
541 542 365898868
542 543 332235786
543 544 294171639
544 545 882748680
545 546 601701508
546 547 281738836
547 548 10496102
548 549 616164987
549 550 217843293
550 551 42489502
551 552 679642761
552 553 234816469
553 554 394660603
554 555 987466425
555 556 751477286
556 557 290184504
557 558 273220502
558 559 369147568
559 560 118374335
560 561 94131159
561 562 877549536
562 563 64671046
563 564 939390782
564 565 541975782
565 566 357621340
566 567 965185046
567 568 358889603
568 569 849061453
569 570 674771626
570 571 106578478
571 572 253168480
572 573 208268609
573 574 831859104
574 575 20856744
575 576 961612918
576 577 280109257
577 578 252041065
578 579 786151406
579 580 700106050
580 581 666713558
581 582 539243833
582 583 348536791
583 584 355922910
584 585 901740770
585 586 63178891
586 587 734607802
587 588 91091024
588 589 133702761
589 590 369608288
590 591 10260274
591 592 406251499
592 593 32046809
593 594 909054831
594 595 753919571
595 596 926437798
596 597 661652628
597 598 841551288
598 599 283881021
599 600 861015505
600 601 70133962
601 602 765081760
602 603 592666233
603 604 46829551
604 605 838810721
605 606 740081992
606 607 965066074
607 608 672225670
608 609 819955939
609 610 345702816
610 611 471373495
611 612 12199653
612 613 754929920
613 614 319498527
614 615 815690271
615 616 824703919
616 617 801144194
617 618 252582530
618 619 723933375
619 620 13210921
620 621 226953751
621 622 771137053
622 623 920594092
623 624 377035634
624 625 449645407
625 626 665073860
626 627 64341594
627 628 734353235
628 629 33034974
629 630 492362158
630 631 897429161
631 632 109868358
632 633 474475132
633 634 135292338
634 635 460879519
635 636 283867556
636 637 140452687
637 638 497616864
638 639 885913985
639 640 774116940
640 641 23636919
641 642 874159264
642 643 500111094
643 644 251719254
644 645 323251173
645 646 287632344
646 647 215844034
647 648 292658453
648 649 331588705
649 650 723010324
650 651 573092644
651 652 616951427
652 653 835922743
653 654 652297907
654 655 119614555
655 656 961681065
656 657 632239050
657 658 845767181
658 659 396934970
659 660 246072786
660 661 635701243
661 662 576361347
662 663 327288661
663 664 620227968
664 665 573795931
665 666 215063664
666 667 462797017
667 668 285044940
668 669 329693497
669 670 115804407
670 671 153946508
671 672 560669528
672 673 114240625
673 674 427058198
674 675 872149507
675 676 686632118
676 677 416182103
677 678 163732946
678 679 839652208
679 680 243542612
680 681 300030644
681 682 386149769
682 683 698948032
683 684 318125663
684 685 227540137
685 686 630053492
686 687 330389182
687 688 25255762
688 689 413241649
689 690 70112756
690 691 708000074
691 692 883121489
692 693 306828122
693 694 599210014
694 695 432370235
695 696 661787674
696 697 473488878
697 698 372678584
698 699 848701299
699 700 822867937
700 701 495211155
701 702 316240772
702 703 728544425
703 704 490432617
704 705 704681903
705 706 486306894
706 707 170420454
707 708 763341675
708 709 577296202
709 710 42367448
710 711 64142910
711 712 10900081
712 713 267786493
713 714 231596250
714 715 535506701
715 716 746194772
716 717 812960122
717 718 713523196
718 719 544991147
719 720 627302930
720 721 877940730
721 722 525187056
722 723 183033549
723 724 206407689
724 725 695498913
725 726 499778401
726 727 113524620
727 728 457180596
728 729 851784143
729 730 227393075
730 731 939735560
731 732 308154889
732 733 401128725
733 734 935334497
734 735 445205697
735 736 903754055
736 737 451305946
737 738 626345951
738 739 877458738
739 740 534961366
740 741 936906514
741 742 857074262
742 743 100877595
743 744 868202091
744 745 736940022
745 746 45208421
746 747 734136743
747 748 372899006
748 749 85004379
749 750 207845461
750 751 312201729
751 752 404964704
752 753 266523195
753 754 735893778
754 755 630695259
755 756 102728552
756 757 956901563
757 758 845774430
758 759 502219976
759 760 912376986
760 761 22032258
761 762 353807165
762 763 733738118
763 764 75297983
764 765 972050861
765 766 278916080
766 767 236920966
767 768 225120264
768 769 897362181
769 770 284491857
770 771 233983217
771 772 881939498
772 773 386653455
773 774 605120987
774 775 740168729
775 776 698845111
776 777 57192170
777 778 382729127
778 779 92345907
779 780 113299505
780 781 772419141
781 782 81729492
782 783 764910554
783 784 615954018
784 785 202332796
785 786 80917737
786 787 522764367
787 788 203625894
788 789 755785949
789 790 246939467
790 791 551495416
791 792 286456727
792 793 551199269
793 794 107774551
794 795 395186374
795 796 254215417
796 797 468430194
797 798 187146395
798 799 122971480
799 800 999919138
800 801 912434001
801 802 39047296
802 803 103837251
803 804 535859584
804 805 794923097
805 806 879212679
806 807 430945805
807 808 999461307
808 809 532688434
809 810 251322677
810 811 815100112
811 812 4887269
812 813 382652070
813 814 892896030
814 815 712508001
815 816 127287335
816 817 388057825
817 818 22292401
818 819 237803812
819 820 783406712
820 821 576166051
821 822 772521849
822 823 945226926
823 824 806186278
824 825 504118075
825 826 779762923
826 827 193135561
827 828 826410234
828 829 725088196
829 830 998888683
830 831 15659578
831 832 785610553
832 833 807720019
833 834 32083922
834 835 179726
835 836 516063506
836 837 664767380
837 838 441052590
838 839 347487039
839 840 816216108
840 841 873696988
841 842 903080966
842 843 165972802
843 844 880817538
844 845 954084965
845 846 24945985
846 847 595019261
847 848 123769976
848 849 499239677
849 850 294209754
850 851 221125387
851 852 443147306
852 853 691077547
853 854 972098654
854 855 909699592
855 856 582441706
856 857 855434418
857 858 328051389
858 859 374236413
859 860 528801967
860 861 510275956
861 862 236213577
862 863 434105260
863 864 901438550
864 865 93278121
865 866 371022105
866 867 576783549
867 868 957165165
868 869 813790855
869 870 262010139
870 871 317028865
871 872 716075774
872 873 854643530
873 874 983663424
874 875 646840694
875 876 301129267
876 877 576314104
877 878 250556753
878 879 880302213
879 880 431197911
880 881 372332720
881 882 82491090
882 883 29147159
883 884 419365559
884 885 846375127
885 886 24679511
886 887 885699096
887 888 870599114
888 889 390281086
889 890 782876526
890 891 869394864
891 892 222808744
892 893 196269462
893 894 937787718
894 895 218221594
895 896 855314360
896 897 27447579
897 898 306476179
898 899 473110330
899 900 106699881
900 901 901698360
901 902 273586922
902 903 167596650
903 904 750455064
904 905 351625322
905 906 481802388
906 907 991820871
907 908 84663624
908 909 307732884
909 910 669158264
910 911 131153173
911 912 824999757
912 913 146088558
913 914 293749028
914 915 8708362
915 916 464584378
916 917 731687980
917 918 30015474
918 919 750554511
919 920 127032995
920 921 664532694
921 922 695201079
922 923 423683889
923 924 124858919
924 925 36654895
925 926 891755914
926 927 314731450
927 928 289385082
928 929 49185384
929 930 820507853
930 931 88903190
931 932 40348285
932 933 948977946
933 934 92387460
934 935 306192485
935 936 986058339
936 937 626613523
937 938 457743785
938 939 445986829
939 940 673353731
940 941 107567198
941 942 252153435
942 943 772694239
943 944 847554983
944 945 620431912
945 946 757133039
946 947 21233885
947 948 91680361
948 949 203086166
949 950 551216120
950 951 345653379
951 952 171866004
952 953 206062599
953 954 914300710
954 955 246870783
955 956 434533356
956 957 320145181
957 958 489673517
958 959 991859379
959 960 81048153
960 961 449441714
961 962 434165416
962 963 58802360
963 964 538042026
964 965 772721700
965 966 173519659
966 967 788585519
967 968 516169248
968 969 526414864
969 970 455062819
970 971 312287453
971 972 132740858
972 973 437320678
973 974 612990808
974 975 990835468
975 976 909889393
976 977 198234041
977 978 353574839
978 979 132440856
979 980 455985518
980 981 930650898
981 982 691958564
982 983 646131930
983 984 565589557
984 985 102693064
985 986 168481141
986 987 553998086
987 988 241178681
988 989 252144735
989 990 558607452
990 991 177956299
991 992 409311921
992 993 152454281
993 994 589466494
994 995 809445967
995 996 42159193
996 997 412133112
997 998 735811513
998 999 228888575
999 1000 182259027
1000 1001 53159812
1001 1002 986253118
1002 1003 622958817
1003 1004 809017484
1004 1005 637726808
1005 1006 566054042
1006 1007 578844173
1007 1008 615869994
1008 1009 403325973
1009 1010 140356246
1010 1011 137918653
1011 1012 200579225
1012 1013 698937609
1013 1014 962184693
1014 1015 495750000
1015 1016 322487892
1016 1017 406781587
1017 1018 573659887
1018 1019 444141071
1019 1020 104921413
1020 1021 609837692
1021 1022 284119776
1022 1023 141923441
1023 1024 379101180
1024 1025 84452605
1025 1026 148017342
1026 1027 614988348
1027 1028 433117657
1028 1029 764029665
1029 1030 401081867
1030 1031 176625131
1031 1032 437277913
1032 1033 958226381
1033 1034 357977789
1034 1035 744265472
1035 1036 774312744
1036 1037 91233025
1037 1038 728451826
1038 1039 160969452
1039 1040 73659371
1040 1041 865231162
1041 1042 504850600
1042 1043 637277759
1043 1044 340701474
1044 1045 602074486
1045 1046 960927900
1046 1047 647564804
1047 1048 399077488
1048 1049 935200872
1049 1050 660796144
1050 1051 507054277
1051 1052 363522835
1052 1053 231927915
1053 1054 85918008
1054 1055 856660414
1055 1056 972117886
1056 1057 910995093
1057 1058 927497026
1058 1059 285754688
1059 1060 201347529
1060 1061 228003500
1061 1062 820950340
1062 1063 455793219
1063 1064 188082803
1064 1065 757265849
1065 1066 723062528
1066 1067 395024395
1067 1068 903797766
1068 1069 103300968
1069 1070 453151900
1070 1071 499921696
1071 1072 532057241
1072 1073 496180785
1073 1074 680404685
1074 1075 421753083
1075 1076 922720943
1076 1077 639217784
1077 1078 751107534
1078 1079 866871990
1079 1080 113883998
1080 1081 246817379
1081 1082 635505676
1082 1083 6848538
1083 1084 187093004
1084 1085 509298157
1085 1086 69034740
1086 1087 463491180
1087 1088 921857941
1088 1089 564666289
1089 1090 216437592
1090 1091 800068143
1091 1092 292704817
1092 1093 115211034
1093 1094 142917561
1094 1095 5902926
1095 1096 78432965
1096 1097 146651310
1097 1098 337071388
1098 1099 222180866
1099 1100 603594597
1100 1101 835960144
1101 1102 514219249
1102 1103 292582999
1103 1104 196774795
1104 1105 601821001
1105 1106 467389467
1106 1107 139726719
1107 1108 324513761
1108 1109 984067287
1109 1110 573712543
1110 1111 979952518
1111 1112 979348116
1112 1113 464485669
1113 1114 934262313
1114 1115 119509872
1115 1116 231392569
1116 1117 109627101
1117 1118 961392400
1118 1119 712403220
1119 1120 121932938
1120 1121 211065736
1121 1122 582783450
1122 1123 815675091
1123 1124 515277406
1124 1125 310067953
1125 1126 949503453
1126 1127 746914654
1127 1128 294098488
1128 1129 351015339
1129 1130 73519644
1130 1131 353968467
1131 1132 33536983
1132 1133 576039867
1133 1134 731105257
1134 1135 506248441
1135 1136 274315501
1136 1137 821258810
1137 1138 724611836
1138 1139 750817470
1139 1140 796916560
1140 1141 56636907
1141 1142 209918119
1142 1143 770156031
1143 1144 99174961
1144 1145 361550515
1145 1146 984532158
1146 1147 288937136
1147 1148 995956233
1148 1149 287401443
1149 1150 918411086
1150 1151 882443150
1151 1152 439143490
1152 1153 286861237
1153 1154 22052784
1154 1155 233946078
1155 1156 558650818
1156 1157 414106982
1157 1158 323750402
1158 1159 369755629
1159 1160 184089842
1160 1161 148023754
1161 1162 403866812
1162 1163 84592375
1163 1164 497291615
1164 1165 154039763
1165 1166 574681613
1166 1167 605768992
1167 1168 15283194
1168 1169 919402154
1169 1170 30729303
1170 1171 87440506
1171 1172 957114649
1172 1173 794095845
1173 1174 991151032
1174 1175 112037373
1175 1176 79859721
1176 1177 105382613
1177 1178 747538648
1178 1179 548568877
1179 1180 117445961
1180 1181 871793981
1181 1182 486895897
1182 1183 534958125
1183 1184 305891555
1184 1185 954712554
1185 1186 210841118
1186 1187 66394536
1187 1188 168219303
1188 1189 574417173
1189 1190 533702995
1190 1191 43578097
1191 1192 108841672
1192 1193 538513778
1193 1194 934879213
1194 1195 880893147
1195 1196 818959610
1196 1197 909167530
1197 1198 259241153
1198 1199 672513273
1199 1200 161982231
1200 1201 827452616
1201 1202 96184552
1202 1203 935217066
1203 1204 641723760
1204 1205 486084406
1205 1206 937323723
1206 1207 8772465
1207 1208 992330750
1208 1209 362866655
1209 1210 899432757
1210 1211 93653941
1211 1212 224795722
1212 1213 153222670
1213 1214 388652426
1214 1215 754194897
1215 1216 792567476
1216 1217 535790594
1217 1218 870016466
1218 1219 236815285
1219 1220 290895687
1220 1221 556925630
1221 1222 366768186
1222 1223 294992308
1223 1224 138484401
1224 1225 223451224
1225 1226 807183055
1226 1227 226999746
1227 1228 541748669
1228 1229 273721245
1229 1230 160691643
1230 1231 719568041
1231 1232 900912925
1232 1233 467342118
1233 1234 733736224
1234 1235 557078801
1235 1236 744748902
1236 1237 229444212
1237 1238 613781910
1238 1239 631059979
1239 1240 116064207
1240 1241 800087663
1241 1242 411388900
1242 1243 513661508
1243 1244 723183165
1244 1245 787880431
1245 1246 808093768
1246 1247 838619545
1247 1248 195063049
1248 1249 205567108
1249 1250 433818072
1250 1251 257592569
1251 1252 223765820
1252 1253 122506127
1253 1254 90074874
1254 1255 713970733
1255 1256 716947602
1256 1257 66587575
1257 1258 474894128
1258 1259 80037643
1259 1260 147878951
1260 1261 169016768
1261 1262 927401556
1262 1263 109721737
1263 1264 739100836
1264 1265 952757907
1265 1266 282358865
1266 1267 23008204
1267 1268 306916300
1268 1269 713301805
1269 1270 150428505
1270 1271 539276885
1271 1272 117985982
1272 1273 293471550
1273 1274 306930815
1274 1275 661599498
1275 1276 499092391
1276 1277 100001677
1277 1278 483330936
1278 1279 803682606
1279 1280 109463008
1280 1281 492848939
1281 1282 303830443
1282 1283 343600777
1283 1284 358122821
1284 1285 342107410
1285 1286 9733180
1286 1287 406422306
1287 1288 695180614
1288 1289 219290875
1289 1290 319753761
1290 1291 672621761
1291 1292 307674248
1292 1293 207379696
1293 1294 52169174
1294 1295 230264143
1295 1296 73200397
1296 1297 372486774
1297 1298 976702959
1298 1299 333499203
1299 1300 861650665
1300 1301 579814431
1301 1302 120115185
1302 1303 292442089
1303 1304 133769484
1304 1305 810707675
1305 1306 338325862
1306 1307 874591554
1307 1308 927605827
1308 1309 474961724
1309 1310 816687743
1310 1311 480054882
1311 1312 322709396
1312 1313 561337902
1313 1314 795734610
1314 1315 810699202
1315 1316 862734056
1316 1317 159788252
1317 1318 165009605
1318 1319 365804366
1319 1320 337047385
1320 1321 480105828
1321 1322 714715878
1322 1323 739033
1323 1324 766607204
1324 1325 70147701
1325 1326 947709141
1326 1327 333316684
1327 1328 160802032
1328 1329 247267756
1329 1330 731767546
1330 1331 780267605
1331 1332 232365119
1332 1333 466425355
1333 1334 798023889
1334 1335 663949193
1335 1336 271828363
1336 1337 948825779
1337 1338 699387428
1338 1339 686448961
1339 1340 68297539
1340 1341 535789294
1341 1342 260542849
1342 1343 221804527
1343 1344 950182030
1344 1345 529691854
1345 1346 557466428
1346 1347 560845638
1347 1348 450208012
1348 1349 851259176
1349 1350 78035149
1350 1351 119436278
1351 1352 690284623
1352 1353 489702111
1353 1354 683760448
1354 1355 569841156
1355 1356 650861401
1356 1357 262439801
1357 1358 709170441
1358 1359 340964465
1359 1360 733212649
1360 1361 14891646
1361 1362 50005990
1362 1363 452789167
1363 1364 688764255
1364 1365 793654994
1365 1366 616562985
1366 1367 614622246
1367 1368 671100766
1368 1369 463539991
1369 1370 470161771
1370 1371 140381952
1371 1372 798648079
1372 1373 521910238
1373 1374 978344660
1374 1375 35874360
1375 1376 116538139
1376 1377 792882042
1377 1378 536972544
1378 1379 319985354
1379 1380 895461758
1380 1381 552441206
1381 1382 294912077
1382 1383 194417778
1383 1384 306009219
1384 1385 270560500
1385 1386 854419206
1386 1387 542865648
1387 1388 518388822
1388 1389 789644454
1389 1390 118365610
1390 1391 54103130
1391 1392 395048654
1392 1393 51312056
1393 1394 698201724
1394 1395 505846892
1395 1396 617221033
1396 1397 315756455
1397 1398 979046492
1398 1399 797583662
1399 1400 809197440
1400 1401 114629222
1401 1402 701302508
1402 1403 167914418
1403 1404 151418534
1404 1405 544962951
1405 1406 93309865
1406 1407 177222120
1407 1408 160435378
1408 1409 504868399
1409 1410 417740733
1410 1411 622791536
1411 1412 185911196
1412 1413 504885756
1413 1414 81030964
1414 1415 424727118
1415 1416 847025741
1416 1417 195506655
1417 1418 798051008
1418 1419 868745044
1419 1420 423904617
1420 1421 906486899
1421 1422 754237044
1422 1423 337747774
1423 1424 686344558
1424 1425 485313504
1425 1426 299873144
1426 1427 1500032
1427 1428 263608458
1428 1429 16791108
1429 1430 938148189
1430 1431 67422734
1431 1432 878986767
1432 1433 175609876
1433 1434 728015007
1434 1435 760939447
1435 1436 7177939
1436 1437 519740641
1437 1438 983107223
1438 1439 228025873
1439 1440 127619012
1440 1441 876072873
1441 1442 302692542
1442 1443 106878415
1443 1444 923266352
1444 1445 740315899
1445 1446 535062693
1446 1447 204771085
1447 1448 26577756
1448 1449 432620972
1449 1450 900161577
1450 1451 474799709
1451 1452 210045274
1452 1453 209874115
1453 1454 709742589
1454 1455 368472240
1455 1456 935755500
1456 1457 7073048
1457 1458 309240568
1458 1459 510540766
1459 1460 703328369
1460 1461 405548287
1461 1462 429648783
1462 1463 262456798
1463 1464 544036851
1464 1465 255044261
1465 1466 52692714
1466 1467 844316952
1467 1468 476504325
1468 1469 801189746
1469 1470 122194494
1470 1471 95324495
1471 1472 354996776
1472 1473 32052152
1473 1474 498665863
1474 1475 181985348
1475 1476 405967255
1476 1477 673501777
1477 1478 922627867
1478 1479 227742261
1479 1480 227983701
1480 1481 747886144
1481 1482 568744361
1482 1483 698985677
1483 1484 659307726
1484 1485 71730949
1485 1486 990478921
1486 1487 96897240
1487 1488 172564773
1488 1489 638336437
1489 1490 1751933
1490 1491 10208340
1491 1492 372759957
1492 1493 183346186
1493 1494 282018487
1494 1495 452594444
1495 1496 888625551
1496 1497 166235300
1497 1498 133049933
1498 1499 261262654
1499 1500 369544483
1500 1501 905720430
1501 1502 577808172
1502 1503 760670009
1503 1504 712788341
1504 1505 816243780
1505 1506 902074386
1506 1507 7171953
1507 1508 114025463
1508 1509 875546882
1509 1510 836728183
1510 1511 177013562
1511 1512 316827570
1512 1513 822218231
1513 1514 502903147
1514 1515 726745237
1515 1516 262264888
1516 1517 344540607
1517 1518 65268310
1518 1519 740486907
1519 1520 346085749
1520 1521 395173416
1521 1522 689167281
1522 1523 229598421
1523 1524 274001946
1524 1525 243164608
1525 1526 173326566
1526 1527 575742397
1527 1528 37004109
1528 1529 174615806
1529 1530 126497237
1530 1531 955399731
1531 1532 193788858
1532 1533 554918381
1533 1534 626692482
1534 1535 553921589
1535 1536 259004659
1536 1537 525272103
1537 1538 255252041
1538 1539 203367392
1539 1540 179008271
1540 1541 601015433
1541 1542 825954171
1542 1543 697507236
1543 1544 676945
1544 1545 128840074
1545 1546 249492441
1546 1547 37562166
1547 1548 371264058
1548 1549 837608450
1549 1550 465102081
1550 1551 890466329
1551 1552 597562535
1552 1553 375741142
1553 1554 698149681
1554 1555 914035145
1555 1556 726506341
1556 1557 442423635
1557 1558 222677270
1558 1559 191855269
1559 1560 842258481
1560 1561 692964817
1561 1562 55074965
1562 1563 254385340
1563 1564 214158096
1564 1565 778213694
1565 1566 572008245
1566 1567 113967248
1567 1568 713122413
1568 1569 444753081
1569 1570 582488758
1570 1571 431572191
1571 1572 479629676
1572 1573 13545257
1573 1574 766830347
1574 1575 58738136
1575 1576 386763207
1576 1577 833116117
1577 1578 907442844
1578 1579 65675082
1579 1580 743235663
1580 1581 219367760
1581 1582 372684879
1582 1583 757788140
1583 1584 237617449
1584 1585 576216140
1585 1586 877930857
1586 1587 819161389
1587 1588 265338446
1588 1589 169582558
1589 1590 895882176
1590 1591 214323835
1591 1592 29003888
1592 1593 30724906
1593 1594 61046696
1594 1595 859128514
1595 1596 299331755
1596 1597 839090322
1597 1598 774223649
1598 1599 939021902
1599 1600 131947543
1600 1601 120509302
1601 1602 960170022
1602 1603 45216485
1603 1604 597811554
1604 1605 647269379
1605 1606 72666369
1606 1607 791852764
1607 1608 665061223
1608 1609 515469863
1609 1610 308743869
1610 1611 537132320
1611 1612 668722388
1612 1613 271179275
1613 1614 215715952
1614 1615 138977269
1615 1616 100519315
1616 1617 807626777
1617 1618 833921450
1618 1619 345356405
1619 1620 46895618
1620 1621 436930359
1621 1622 127668369
1622 1623 405181211
1623 1624 809777808
1624 1625 819028276
1625 1626 579691440
1626 1627 157497861
1627 1628 606526850
1628 1629 111936420
1629 1630 69399276
1630 1631 332432486
1631 1632 492854422
1632 1633 432687330
1633 1634 874648087
1634 1635 307969113
1635 1636 940270585
1636 1637 546652855
1637 1638 407147371
1638 1639 238114727
1639 1640 390809900
1640 1641 332681418
1641 1642 10846203
1642 1643 510878063
1643 1644 141025698
1644 1645 229864529
1645 1646 288115298
1646 1647 187249212
1647 1648 264460711
1648 1649 686655930
1649 1650 11538317
1650 1651 982626952
1651 1652 293396941
1652 1653 684240509
1653 1654 358860287
1654 1655 72995294
1655 1656 140272708
1656 1657 71622254
1657 1658 757455378
1658 1659 197233643
1659 1660 293053862
1660 1661 907787322
1661 1662 609870735
1662 1663 516514309
1663 1664 233368830
1664 1665 329934525
1665 1666 571052994
1666 1667 480345079
1667 1668 40664540
1668 1669 979226031
1669 1670 114976140
1670 1671 481800596
1671 1672 906585961
1672 1673 32548438
1673 1674 360614638
1674 1675 118853536
1675 1676 483559095
1676 1677 907455692
1677 1678 970407764
1678 1679 702030288
1679 1680 447302494
1680 1681 923851047
1681 1682 916210150
1682 1683 278815280
1683 1684 609486833
1684 1685 289874813
1685 1686 512251799
1686 1687 416913696
1687 1688 469329669
1688 1689 614629853
1689 1690 139498698
1690 1691 396064440
1691 1692 209759276
1692 1693 154377295
1693 1694 14115157
1694 1695 647622437
1695 1696 376150405
1696 1697 296696599
1697 1698 179309936
1698 1699 761782733
1699 1700 995505611
1700 1701 782710046
1701 1702 755135743
1702 1703 450791852
1703 1704 101088294
1704 1705 5099698
1705 1706 436316486
1706 1707 587502438
1707 1708 83408
1708 1709 257283014
1709 1710 339511466
1710 1711 252404649
1711 1712 627483150
1712 1713 92285259
1713 1714 179025494
1714 1715 152303738
1715 1716 189328211
1716 1717 171734819
1717 1718 805145180
1718 1719 806298955
1719 1720 838762045
1720 1721 815804209
1721 1722 182777039
1722 1723 988188417
1723 1724 889748941
1724 1725 176911244
1725 1726 9625721
1726 1727 972681173
1727 1728 811700175
1728 1729 349662032
1729 1730 199144325
1730 1731 495537921
1731 1732 648957348
1732 1733 148515398
1733 1734 732931002
1734 1735 811774385
1735 1736 329958786
1736 1737 769798838
1737 1738 895143888
1738 1739 273119934
1739 1740 314902259
1740 1741 76029509
1741 1742 159707635
1742 1743 280099332
1743 1744 90264203
1744 1745 208163686
1745 1746 346631104
1746 1747 483108454
1747 1748 560071968
1748 1749 641221673
1749 1750 597004899
1750 1751 621800930
1751 1752 88765635
1752 1753 792083631
1753 1754 221969970
1754 1755 182046703
1755 1756 616596089
1756 1757 647442240
1757 1758 59816499
1758 1759 628131911
1759 1760 543295648
1760 1761 170118959
1761 1762 977209278
1762 1763 673181471
1763 1764 305572462
1764 1765 321225038
1765 1766 734300303
1766 1767 90455287
1767 1768 861212294
1768 1769 562606534
1769 1770 223699744
1770 1771 690346765
1771 1772 122594124
1772 1773 826914772
1773 1774 714252114
1774 1775 17391288
1775 1776 419153392
1776 1777 402788689
1777 1778 778021261
1778 1779 638446688
1779 1780 294652811
1780 1781 79583396
1781 1782 320041362
1782 1783 248988583
1783 1784 368282034
1784 1785 294252133
1785 1786 167383591
1786 1787 354832488
1787 1788 599752187
1788 1789 277345753
1789 1790 182811325
1790 1791 929828517
1791 1792 185716221
1792 1793 174509411
1793 1794 282588992
1794 1795 896964817
1795 1796 930216555
1796 1797 297701746
1797 1798 63289672
1798 1799 431954382
1799 1800 292346024
1800 1801 861614680
1801 1802 800415852
1802 1803 708300589
1803 1804 529906055
1804 1805 157166473
1805 1806 505524574
1806 1807 279673727
1807 1808 302446980
1808 1809 147938536
1809 1810 520522646
1810 1811 228661750
1811 1812 292621448
1812 1813 232244996
1813 1814 751743260
1814 1815 470648297
1815 1816 48166258
1816 1817 120520219
1817 1818 75786510
1818 1819 722846073
1819 1820 569854636
1820 1821 73488332
1821 1822 716905694
1822 1823 981546098
1823 1824 364151875
1824 1825 844193633
1825 1826 485060174
1826 1827 73325392
1827 1828 595737155
1828 1829 674403920
1829 1830 430301941
1830 1831 639501
1831 1832 940964413
1832 1833 523900985
1833 1834 739696850
1834 1835 502340971
1835 1836 45380733
1836 1837 792451141
1837 1838 563713739
1838 1839 578309474
1839 1840 793963471
1840 1841 668608913
1841 1842 442325365
1842 1843 79376218
1843 1844 903814074
1844 1845 186220829
1845 1846 774602190
1846 1847 404042232
1847 1848 656689936
1848 1849 194894134
1849 1850 605398805
1850 1851 673956224
1851 1852 307582501
1852 1853 3075719
1853 1854 121880161
1854 1855 989513930
1855 1856 90617581
1856 1857 504140981
1857 1858 466266252
1858 1859 136320247
1859 1860 946415429
1860 1861 225427924
1861 1862 187982899
1862 1863 975427958
1863 1864 229063257
1864 1865 789007893
1865 1866 486099398
1866 1867 84754868
1867 1868 940668906
1868 1869 961896092
1869 1870 13446911
1870 1871 223095512
1871 1872 958880538
1872 1873 287960375
1873 1874 704287298
1874 1875 661319475
1875 1876 522631880
1876 1877 573537569
1877 1878 370507543
1878 1879 464182053
1879 1880 905416800
1880 1881 470428128
1881 1882 412491680
1882 1883 355121687
1883 1884 735646004
1884 1885 187181029
1885 1886 790495453
1886 1887 440338522
1887 1888 333858147
1888 1889 660629598
1889 1890 240223622
1890 1891 163221806
1891 1892 598040489
1892 1893 397057221
1893 1894 350089613
1894 1895 777966533
1895 1896 402000
1896 1897 5177977
1897 1898 464588200
1898 1899 541329337
1899 1900 517807623
1900 1901 953607841
1901 1902 455990019
1902 1903 67800654
1903 1904 438060150
1904 1905 292257874
1905 1906 715562750
1906 1907 383215705
1907 1908 717694515
1908 1909 861198620
1909 1910 102166903
1910 1911 395141638
1911 1912 396348582
1912 1913 64452325
1913 1914 635109147
1914 1915 55814529
1915 1916 244514453
1916 1917 666908568
1917 1918 267491728
1918 1919 62766936
1919 1920 193770473
1920 1921 382722563
1921 1922 625192902
1922 1923 106218252
1923 1924 287638749
1924 1925 455431344
1925 1926 864828560
1926 1927 860181153
1927 1928 217781883
1928 1929 686143289
1929 1930 734731038
1930 1931 227922397
1931 1932 349348606
1932 1933 73111966
1933 1934 50088556
1934 1935 130144549
1935 1936 356973
1936 1937 836787766
1937 1938 70870074
1938 1939 50039297
1939 1940 111857490
1940 1941 956853402
1941 1942 84312276
1942 1943 563247320
1943 1944 294833250
1944 1945 581798054
1945 1946 462113852
1946 1947 853924977
1947 1948 845530255
1948 1949 277935923
1949 1950 656201968
1950 1951 41848250
1951 1952 852853403
1952 1953 743296816
1953 1954 241560143
1954 1955 609365902
1955 1956 102125991
1956 1957 518228472
1957 1958 533494323
1958 1959 66266220
1959 1960 173358103
1960 1961 487206812
1961 1962 875645647
1962 1963 32963366
1963 1964 188041969
1964 1965 783444235
1965 1966 27024267
1966 1967 483538568
1967 1968 75663217
1968 1969 458042584
1969 1970 418089295
1970 1971 953418048
1971 1972 972072570
1972 1973 252186191
1973 1974 148326632
1974 1975 273164449
1975 1976 98866743
1976 1977 471014008
1977 1978 887221953
1978 1979 766308780
1979 1980 547327426
1980 1981 60962249
1981 1982 509035446
1982 1983 803507203
1983 1984 989813470
1984 1985 554757961
1985 1986 632672514
1986 1987 484189083
1987 1988 711249507
1988 1989 24541744
1989 1990 175631034
1990 1991 864903912
1991 1992 7325687
1992 1993 154213348
1993 1994 296371353
1994 1995 278534396
1995 1996 231498188
1996 1997 975783999
1997 1998 952975297
1998 1999 427176332
1999 2000 149625219
2000 2001 801953506
2001 2002 209076073
2002 2003 8111450
2003 2004 572565327
2004 2005 817658102
2005 2006 462080503
2006 2007 582211691
2007 2008 139916307
2008 2009 681138016
2009 2010 577623604
2010 2011 618556641
2011 2012 283880688
2012 2013 274695064
2013 2014 231408671
2014 2015 738639799
2015 2016 277595611
2016 2017 388355768
2017 2018 427904475
2018 2019 157879395
2019 2020 471081918
2020 2021 644376907
2021 2022 535662745
2022 2023 943758848
2023 2024 746192584
2024 2025 458703702
2025 2026 67998876
2026 2027 671094955
2027 2028 112645569
2028 2029 33758959
2029 2030 150353138
2030 2031 790059203
2031 2032 770992337
2032 2033 850639362
2033 2034 922243060
2034 2035 30634941
2035 2036 528502122
2036 2037 409069354
2037 2038 261924938
2038 2039 525857011
2039 2040 875260322
2040 2041 716434666
2041 2042 279393786
2042 2043 319854435
2043 2044 567865071
2044 2045 39809317
2045 2046 608204238
2046 2047 97750485
2047 2048 78633487
2048 2049 66329997
2049 2050 633319093
2050 2051 524980696
2051 2052 526230333
2052 2053 617543050
2053 2054 79305067
2054 2055 735143412
2055 2056 158820041
2056 2057 675092352
2057 2058 779403211
2058 2059 936079866
2059 2060 97807691
2060 2061 860432050
2061 2062 200989624
2062 2063 512692751
2063 2064 225685986
2064 2065 254565999
2065 2066 45445678
2066 2067 317644471
2067 2068 944391878
2068 2069 489300783
2069 2070 77008910
2070 2071 188301805
2071 2072 327998275
2072 2073 453684726
2073 2074 967937256
2074 2075 809174844
2075 2076 28093248
2076 2077 448613007
2077 2078 955365513
2078 2079 54240445
2079 2080 461807197
2080 2081 54703927
2081 2082 539697762
2082 2083 803994489
2083 2084 641507084
2084 2085 437788435
2085 2086 894606946
2086 2087 374922324
2087 2088 615230138
2088 2089 813593899
2089 2090 192638853
2090 2091 278145628
2091 2092 683330682
2092 2093 307609869
2093 2094 402797182
2094 2095 481982440
2095 2096 522821703
2096 2097 190963657
2097 2098 880262965
2098 2099 81609300
2099 2100 450525998
2100 2101 162305619
2101 2102 1554307
2102 2103 655132454
2103 2104 240268925
2104 2105 434648482
2105 2106 591473447
2106 2107 243874955
2107 2108 462430078
2108 2109 638394320
2109 2110 854038677
2110 2111 334513090
2111 2112 555852873
2112 2113 913437575
2113 2114 42445455
2114 2115 763322843
2115 2116 146159613
2116 2117 885859737
2117 2118 911752188
2118 2119 386605082
2119 2120 707087864
2120 2121 278129012
2121 2122 797690862
2122 2123 105015319
2123 2124 218768192
2124 2125 663687712
2125 2126 738968681
2126 2127 231741628
2127 2128 194120640
2128 2129 268286223
2129 2130 925339630
2130 2131 579947293
2131 2132 358609930
2132 2133 322113935
2133 2134 40910945
2134 2135 140065431
2135 2136 680098976
2136 2137 809790092
2137 2138 406746282
2138 2139 209670819
2139 2140 54961771
2140 2141 683061792
2141 2142 205537890
2142 2143 424891835
2143 2144 408070101
2144 2145 367657611
2145 2146 399132822
2146 2147 253501873
2147 2148 455390403
2148 2149 448255968
2149 2150 151368903
2150 2151 157854285
2151 2152 988401442
2152 2153 165330381
2153 2154 23903386
2154 2155 24142846
2155 2156 374893814
2156 2157 777434751
2157 2158 330889208
2158 2159 82509073
2159 2160 627775402
2160 2161 929048471
2161 2162 779353439
2162 2163 245963035
2163 2164 990989675
2164 2165 286200210
2165 2166 661512903
2166 2167 495913752
2167 2168 398815939
2168 2169 776881617
2169 2170 288330289
2170 2171 255288054
2171 2172 848001322
2172 2173 29204906
2173 2174 877911010
2174 2175 225530224
2175 2176 426759404
2176 2177 706128694
2177 2178 279174403
2178 2179 747485995
2179 2180 155809666
2180 2181 825251860
2181 2182 791540209
2182 2183 916704577
2183 2184 325660345
2184 2185 431736363
2185 2186 589699734
2186 2187 575188529
2187 2188 832505816
2188 2189 57500994
2189 2190 107434205
2190 2191 532906648
2191 2192 168168934
2192 2193 15198985
2193 2194 254682748
2194 2195 809677666
2195 2196 798979577
2196 2197 306138434
2197 2198 725472502
2198 2199 946779679
2199 2200 485533611
2200 2201 966024262
2201 2202 145696424
2202 2203 356651870
2203 2204 689319526
2204 2205 280542405
2205 2206 120793289
2206 2207 62836654
2207 2208 829397138
2208 2209 122829369
2209 2210 575205668
2210 2211 784167812
2211 2212 219215178
2212 2213 344376950
2213 2214 449923243
2214 2215 240875193
2215 2216 114506884
2216 2217 728521409
2217 2218 122516855
2218 2219 27065917
2219 2220 583261546
2220 2221 433838967
2221 2222 570875152
2222 2223 951918499
2223 2224 985253585
2224 2225 597284873
2225 2226 92427466
2226 2227 817062320
2227 2228 967583327
2228 2229 282834910
2229 2230 59693276
2230 2231 118383913
2231 2232 548232768
2232 2233 739271837
2233 2234 139600164
2234 2235 442863644
2235 2236 80593879
2236 2237 899566972
2237 2238 654155121
2238 2239 323848158
2239 2240 841423810
2240 2241 965796687
2241 2242 317264598
2242 2243 426243306
2243 2244 187511393
2244 2245 11496128
2245 2246 810303299
2246 2247 512039530
2247 2248 68402735
2248 2249 680903219
2249 2250 444519677
2250 2251 802995169
2251 2252 936454757
2252 2253 687036158
2253 2254 784538825
2254 2255 554995538
2255 2256 104537395
2256 2257 111008387
2257 2258 944805886
2258 2259 517413133
2259 2260 40841922
2260 2261 851671395
2261 2262 77531230
2262 2263 171718345
2263 2264 695252939
2264 2265 299082118
2265 2266 834804136
2266 2267 156902692
2267 2268 649643110
2268 2269 164765579
2269 2270 243388034
2270 2271 821031972
2271 2272 344740122
2272 2273 165816699
2273 2274 777283805
2274 2275 466904830
2275 2276 360222435
2276 2277 365586088
2277 2278 618341893
2278 2279 623208075
2279 2280 791601544
2280 2281 396880975
2281 2282 196453814
2282 2283 635813782
2283 2284 870536061
2284 2285 546995292
2285 2286 448035140
2286 2287 680326999
2287 2288 405340791
2288 2289 215231460
2289 2290 92345305
2290 2291 982042270
2291 2292 883915720
2292 2293 645649775
2293 2294 315332095
2294 2295 926564660
2295 2296 654751962
2296 2297 344325622
2297 2298 729270688
2298 2299 760359152
2299 2300 721560857
2300 2301 946997004
2301 2302 587637584
2302 2303 298033904
2303 2304 821309151
2304 2305 580328418
2305 2306 171845884
2306 2307 106478868
2307 2308 255039723
2308 2309 123259451
2309 2310 204315343
2310 2311 226129709
2311 2312 22709587
2312 2313 857867884
2313 2314 932571283
2314 2315 525469220
2315 2316 216517588
2316 2317 190209340
2317 2318 133221884
2318 2319 543329575
2319 2320 536558040
2320 2321 24582599
2321 2322 307170025
2322 2323 352391417
2323 2324 853963380
2324 2325 169622190
2325 2326 70641630
2326 2327 893103304
2327 2328 473550144
2328 2329 871389308
2329 2330 411581455
2330 2331 476224457
2331 2332 344143894
2332 2333 66226815
2333 2334 58761479
2334 2335 16530698
2335 2336 759659707
2336 2337 382082412
2337 2338 912923435
2338 2339 860392978
2339 2340 137213260
2340 2341 243559010
2341 2342 33381503
2342 2343 236055317
2343 2344 558765365
2344 2345 396084676
2345 2346 981853975
2346 2347 218582593
2347 2348 860056223
2348 2349 657149294
2349 2350 205260358
2350 2351 682809889
2351 2352 578966233
2352 2353 520424384
2353 2354 269513317
2354 2355 765989897
2355 2356 142200306
2356 2357 968666831
2357 2358 625408977
2358 2359 94209870
2359 2360 402306567
2360 2361 72877368
2361 2362 47573808
2362 2363 560493399
2363 2364 876193978
2364 2365 142628540
2365 2366 730588456
2366 2367 493496930
2367 2368 343976316
2368 2369 941697497
2369 2370 583202477
2370 2371 816834301
2371 2372 585247644
2372 2373 81023455
2373 2374 994670458
2374 2375 111807917
2375 2376 543202110
2376 2377 744762943
2377 2378 628507333
2378 2379 495241068
2379 2380 602688129
2380 2381 912778163
2381 2382 522675576
2382 2383 788976291
2383 2384 122942679
2384 2385 720201497
2385 2386 748695495
2386 2387 576465524
2387 2388 265458575
2388 2389 112777651
2389 2390 387568714
2390 2391 252244572
2391 2392 368083487
2392 2393 203813046
2393 2394 770636694
2394 2395 667784551
2395 2396 657408305
2396 2397 406619654
2397 2398 681740658
2398 2399 170430167
2399 2400 614479747
2400 2401 774269616
2401 2402 996428967
2402 2403 914607039
2403 2404 850657885
2404 2405 169340684
2405 2406 766050117
2406 2407 594098119
2407 2408 580384530
2408 2409 174042658
2409 2410 562295211
2410 2411 1222549
2411 2412 316550732
2412 2413 226901876
2413 2414 570381223
2414 2415 375306690
2415 2416 678200296
2416 2417 92002771
2417 2418 996246804
2418 2419 269696395
2419 2420 261332382
2420 2421 371153212
2421 2422 373448298
2422 2423 263900710
2423 2424 700115342
2424 2425 366835763
2425 2426 681094972
2426 2427 172743684
2427 2428 835270687
2428 2429 337929529
2429 2430 448474057
2430 2431 218258060
2431 2432 566757834
2432 2433 668761665
2433 2434 579362181
2434 2435 295316473
2435 2436 682457601
2436 2437 253935658
2437 2438 573902584
2438 2439 414422615
2439 2440 516267115
2440 2441 682413054
2441 2442 44506947
2442 2443 711208396
2443 2444 147151301
2444 2445 756759242
2445 2446 98491183
2446 2447 775254163
2447 2448 329085419
2448 2449 953132326
2449 2450 485371247
2450 2451 557645943
2451 2452 265878522
2452 2453 158798581
2453 2454 245603271
2454 2455 760915226
2455 2456 756531893
2456 2457 920221133
2457 2458 217414469
2458 2459 480485845
2459 2460 692030742
2460 2461 447418812
2461 2462 8593983
2462 2463 382318156
2463 2464 834463497
2464 2465 585476488
2465 2466 16456505
2466 2467 895235355
2467 2468 270715295
2468 2469 194586531
2469 2470 787592968
2470 2471 685458562
2471 2472 316971317
2472 2473 890024223
2473 2474 433619786
2474 2475 191227349
2475 2476 715993047
2476 2477 691283327
2477 2478 736873452
2478 2479 722437972
2479 2480 846563457
2480 2481 319100652
2481 2482 312170120
2482 2483 897513046
2483 2484 429169787
2484 2485 163556011
2485 2486 100445887
2486 2487 272437696
2487 2488 367290674
2488 2489 184583357
2489 2490 246130128
2490 2491 950122041
2491 2492 226206185
2492 2493 527295439
2493 2494 281697407
2494 2495 505037555
2495 2496 50049637
2496 2497 762700780
2497 2498 101565434
2498 2499 890567565
2499 2500 648312190
2500 2501 668589200
2501 2502 537889212
2502 2503 545067068
2503 2504 372121390
2504 2505 804691447
2505 2506 591326888
2506 2507 29938294
2507 2508 236143084
2508 2509 81657788
2509 2510 64113553
2510 2511 587800134
2511 2512 664395678
2512 2513 648230083
2513 2514 152021146
2514 2515 228431744
2515 2516 491071708
2516 2517 176171545
2517 2518 504738492
2518 2519 30501274
2519 2520 830485118
2520 2521 43235835
2521 2522 679354683
2522 2523 836653145
2523 2524 834086343
2524 2525 235645018
2525 2526 713469267
2526 2527 520519657
2527 2528 770495977
2528 2529 249510347
2529 2530 421853330
2530 2531 238437828
2531 2532 758405141
2532 2533 322958054
2533 2534 135692920
2534 2535 684641268
2535 2536 489584763
2536 2537 97516539
2537 2538 773501392
2538 2539 611461471
2539 2540 186615757
2540 2541 19577675
2541 2542 393499233
2542 2543 599983805
2543 2544 666056657
2544 2545 703052888
2545 2546 767799350
2546 2547 809528360
2547 2548 824099141
2548 2549 490335460
2549 2550 917557321
2550 2551 798623475
2551 2552 631298830
2552 2553 985168345
2553 2554 285050294
2554 2555 600729712
2555 2556 49842191
2556 2557 698507050
2557 2558 741849092
2558 2559 174318565
2559 2560 724278241
2560 2561 835848510
2561 2562 127834108
2562 2563 435293893
2563 2564 354303717
2564 2565 878559109
2565 2566 530372260
2566 2567 504022559
2567 2568 68322824
2568 2569 416143665
2569 2570 559008811
2570 2571 977115830
2571 2572 569838039
2572 2573 248811435
2573 2574 425605919
2574 2575 530389315
2575 2576 201382606
2576 2577 971209470
2577 2578 460085861
2578 2579 585367676
2579 2580 134336906
2580 2581 277425386
2581 2582 713431849
2582 2583 241167682
2583 2584 745001703
2584 2585 414827046
2585 2586 462210109
2586 2587 201985638
2587 2588 740299102
2588 2589 288469120
2589 2590 153793686
2590 2591 916037769
2591 2592 522955357
2592 2593 794335194
2593 2594 734991252
2594 2595 172241333
2595 2596 939642401
2596 2597 868646715
2597 2598 532164214
2598 2599 325691405
2599 2600 236679724
2600 2601 960226627
2601 2602 520686788
2602 2603 994202343
2603 2604 199734104
2604 2605 924857820
2605 2606 34079753
2606 2607 28439006
2607 2608 634166583
2608 2609 137787103
2609 2610 475774924
2610 2611 923397716
2611 2612 974748034
2612 2613 685666252
2613 2614 530844471
2614 2615 787817735
2615 2616 147249161
2616 2617 476640996
2617 2618 135217739
2618 2619 311741734
2619 2620 678221354
2620 2621 699954809
2621 2622 378080142
2622 2623 882786820
2623 2624 670066134
2624 2625 771924596
2625 2626 921623330
2626 2627 817589528
2627 2628 856317930
2628 2629 971949746
2629 2630 647659699
2630 2631 436826357
2631 2632 502907935
2632 2633 178396836
2633 2634 142867598
2634 2635 560876459
2635 2636 26472207
2636 2637 409168916
2637 2638 652608367
2638 2639 177189909
2639 2640 35866141
2640 2641 314226079
2641 2642 45236648
2642 2643 685812506
2643 2644 338783687
2644 2645 954813324
2645 2646 116978210
2646 2647 828403804
2647 2648 731488157
2648 2649 648987519
2649 2650 139286878
2650 2651 910360009
2651 2652 490908144
2652 2653 324187916
2653 2654 776216164
2654 2655 254756938
2655 2656 322273753
2656 2657 521003201
2657 2658 466553949
2658 2659 891868682
2659 2660 49202472
2660 2661 201140012
2661 2662 656060885
2662 2663 425096534
2663 2664 287542143
2664 2665 366972119
2665 2666 60954655
2666 2667 135303338
2667 2668 568037199
2668 2669 636178696
2669 2670 47584322
2670 2671 534054758
2671 2672 938033302
2672 2673 148450934
2673 2674 501123229
2674 2675 128277675
2675 2676 696350084
2676 2677 98112112
2677 2678 408609117
2678 2679 499442786
2679 2680 273360559
2680 2681 673140936
2681 2682 209935245
2682 2683 670784506
2683 2684 834231355
2684 2685 430786829
2685 2686 621542414
2686 2687 812715295
2687 2688 774039160
2688 2689 241176988
2689 2690 257304363
2690 2691 567345217
2691 2692 696586216
2692 2693 285599884
2693 2694 84291506
2694 2695 746641683
2695 2696 784462863
2696 2697 998581172
2697 2698 166163432
2698 2699 825481877
2699 2700 686917655
2700 2701 266204251
2701 2702 115012253
2702 2703 509863845
2703 2704 400491892
2704 2705 512774818
2705 2706 472427133
2706 2707 87393471
2707 2708 227304206
2708 2709 720285969
2709 2710 4704282
2710 2711 63128014
2711 2712 945387350
2712 2713 21895854
2713 2714 433703237
2714 2715 334300385
2715 2716 696006706
2716 2717 839164152
2717 2718 47484549
2718 2719 676284753
2719 2720 37617357
2720 2721 113766150
2721 2722 116362475
2722 2723 601653587
2723 2724 894260748
2724 2725 435580241
2725 2726 620234977
2726 2727 112390861
2727 2728 291789275
2728 2729 428762260
2729 2730 362290699
2730 2731 21256748
2731 2732 914507262
2732 2733 514534646
2733 2734 629438643
2734 2735 642356655
2735 2736 283163109
2736 2737 962962392
2737 2738 201489077
2738 2739 896284917
2739 2740 661652324
2740 2741 735845272
2741 2742 441116207
2742 2743 862753050
2743 2744 711225068
2744 2745 447924538
2745 2746 545487073
2746 2747 211666250
2747 2748 77352001
2748 2749 318923920
2749 2750 136302847
2750 2751 74555671
2751 2752 496421226
2752 2753 353133924
2753 2754 564366936
2754 2755 45228183
2755 2756 878631794
2756 2757 614711776
2757 2758 78088293
2758 2759 466946889
2759 2760 285600464
2760 2761 861195895
2761 2762 499945475
2762 2763 829772630
2763 2764 214821247
2764 2765 359884198
2765 2766 132722070
2766 2767 855838121
2767 2768 434105966
2768 2769 491175454
2769 2770 426937268
2770 2771 438939590
2771 2772 78576681
2772 2773 28604857
2773 2774 897551582
2774 2775 846983573
2775 2776 588805986
2776 2777 775180965
2777 2778 229298044
2778 2779 873684091
2779 2780 195803504
2780 2781 62569571
2781 2782 368094599
2782 2783 967329711
2783 2784 408415320
2784 2785 787775123
2785 2786 489891842
2786 2787 979483147
2787 2788 835313850
2788 2789 832148022
2789 2790 998203155
2790 2791 799304666
2791 2792 918953312
2792 2793 198355326
2793 2794 365509377
2794 2795 839664218
2795 2796 294018168
2796 2797 282215070
2797 2798 602148902
2798 2799 857055155
2799 2800 922887374
2800 2801 870178816
2801 2802 299942816
2802 2803 763979816
2803 2804 246875739
2804 2805 303269646
2805 2806 888329501
2806 2807 639721223
2807 2808 247076103
2808 2809 523797419
2809 2810 122992256
2810 2811 768739954
2811 2812 999586695
2812 2813 601102965
2813 2814 241848896
2814 2815 76232286
2815 2816 282056340
2816 2817 775197502
2817 2818 486037894
2818 2819 392585304
2819 2820 785588462
2820 2821 676877274
2821 2822 621540672
2822 2823 32395876
2823 2824 154947918
2824 2825 422101579
2825 2826 829098546
2826 2827 316612392
2827 2828 250054103
2828 2829 686748732
2829 2830 713206796
2830 2831 227781651
2831 2832 755485542
2832 2833 338487258
2833 2834 136996121
2834 2835 218143701
2835 2836 674788870
2836 2837 310049306
2837 2838 55950738
2838 2839 210225118
2839 2840 343256890
2840 2841 419435176
2841 2842 112273254
2842 2843 346935451
2843 2844 704280673
2844 2845 91807133
2845 2846 281292994
2846 2847 482729713
2847 2848 942976440
2848 2849 374653801
2849 2850 81731139
2850 2851 810142906
2851 2852 890830429
2852 2853 910662649
2853 2854 604325596
2854 2855 958089571
2855 2856 220873916
2856 2857 795347083
2857 2858 682905408
2858 2859 254041931
2859 2860 584094969
2860 2861 199533552
2861 2862 602783287
2862 2863 8659406
2863 2864 284549145
2864 2865 990264039
2865 2866 445027218
2866 2867 525941279
2867 2868 451217131
2868 2869 278589818
2869 2870 57187145
2870 2871 543080633
2871 2872 644346239
2872 2873 155234055
2873 2874 358956751
2874 2875 955323073
2875 2876 475374517
2876 2877 440871729
2877 2878 855485819
2878 2879 40205086
2879 2880 135814019
2880 2881 30229838
2881 2882 367542330
2882 2883 492446808
2883 2884 913467617
2884 2885 996802762
2885 2886 783957419
2886 2887 305325702
2887 2888 136237458
2888 2889 508962468
2889 2890 381972982
2890 2891 507767160
2891 2892 431347528
2892 2893 195478321
2893 2894 544131545
2894 2895 238518378
2895 2896 43841710
2896 2897 718299960
2897 2898 734451944
2898 2899 707623218
2899 2900 230779332
2900 2901 967531302
2901 2902 936508018
2902 2903 760277884
2903 2904 483159160
2904 2905 44378104
2905 2906 950511482
2906 2907 238788664
2907 2908 120776807
2908 2909 838532240
2909 2910 549809128
2910 2911 947167160
2911 2912 751500044
2912 2913 581091202
2913 2914 547470365
2914 2915 821105296
2915 2916 713698671
2916 2917 193862075
2917 2918 856485914
2918 2919 155151786
2919 2920 591819274
2920 2921 209247031
2921 2922 584178303
2922 2923 92520479
2923 2924 65525278
2924 2925 834190075
2925 2926 814619763
2926 2927 156931972
2927 2928 879164018
2928 2929 981009920
2929 2930 682374082
2930 2931 8854002
2931 2932 918857700
2932 2933 346449035
2933 2934 864920172
2934 2935 804830895
2935 2936 105952463
2936 2937 341663327
2937 2938 498506815
2938 2939 225102337
2939 2940 880939945
2940 2941 483856471
2941 2942 552037982
2942 2943 311771498
2943 2944 349952997
2944 2945 174022217
2945 2946 413759361
2946 2947 964226154
2947 2948 950034801
2948 2949 136730786
2949 2950 115648028
2950 2951 4711522
2951 2952 644606579
2952 2953 86555472
2953 2954 548197701
2954 2955 912986742
2955 2956 828228587
2956 2957 264230184
2957 2958 658300216
2958 2959 928718476
2959 2960 525292615
2960 2961 776256815
2961 2962 335973396
2962 2963 169955768
2963 2964 684104925
2964 2965 430621451
2965 2966 308137883
2966 2967 102230685
2967 2968 772602222
2968 2969 567475181
2969 2970 975248158
2970 2971 635023868
2971 2972 142018382
2972 2973 883417282
2973 2974 796120498
2974 2975 88003239
2975 2976 83296617
2976 2977 569617531
2977 2978 706518725
2978 2979 676175603
2979 2980 667100487
2980 2981 632933977
2981 2982 221845791
2982 2983 752952637
2983 2984 543712710
2984 2985 25971245
2985 2986 739996581
2986 2987 768383994
2987 2988 731939188
2988 2989 55731059
2989 2990 970456353
2990 2991 204693778
2991 2992 348021259
2992 2993 255039116
2993 2994 667017418
2994 2995 337543584
2995 2996 262396705
2996 2997 578186138
2997 2998 81263262
2998 2999 770978555
2999 3000 693050422
3000 3001 142764501
3001 3002 515359855
3002 3003 375792503
3003 3004 42534364
3004 3005 780814033
3005 3006 289799804
3006 3007 454782564
3007 3008 136767919
3008 3009 30766824
3009 3010 175850120
3010 3011 28817518
3011 3012 258175630
3012 3013 906894185
3013 3014 226573267
3014 3015 974983934
3015 3016 457770322
3016 3017 499458803
3017 3018 857851392
3018 3019 911671614
3019 3020 787805473
3020 3021 179327696
3021 3022 969831901
3022 3023 727761176
3023 3024 563015296
3024 3025 700387167
3025 3026 299095813
3026 3027 210592836
3027 3028 622023725
3028 3029 880541903
3029 3030 364141734
3030 3031 448530778
3031 3032 731575792
3032 3033 71837249
3033 3034 12473252
3034 3035 418674045
3035 3036 656022242
3036 3037 882513381
3037 3038 820329671
3038 3039 62191219
3039 3040 12673934
3040 3041 683595170
3041 3042 646669636
3042 3043 252499666
3043 3044 7318917
3044 3045 449249675
3045 3046 853765988
3046 3047 242984962
3047 3048 244594569
3048 3049 46553644
3049 3050 382667899
3050 3051 19880885
3051 3052 954723319
3052 3053 600766334
3053 3054 864649475
3054 3055 137250593
3055 3056 308836986
3056 3057 819136046
3057 3058 988747772
3058 3059 96691614
3059 3060 675654951
3060 3061 681451634
3061 3062 58093756
3062 3063 924813063
3063 3064 929245621
3064 3065 78006218
3065 3066 35527079
3066 3067 531520876
3067 3068 677460568
3068 3069 196507249
3069 3070 564666242
3070 3071 318263940
3071 3072 300330108
3072 3073 906287325
3073 3074 601354178
3074 3075 591237511
3075 3076 283028880
3076 3077 830887129
3077 3078 873997236
3078 3079 513516023
3079 3080 756960868
3080 3081 145401021
3081 3082 970054104
3082 3083 177732947
3083 3084 556677324
3084 3085 49547483
3085 3086 795246325
3086 3087 805936513
3087 3088 473413323
3088 3089 373155661
3089 3090 53615247
3090 3091 888533377
3091 3092 470808406
3092 3093 358953168
3093 3094 360689984
3094 3095 91116888
3095 3096 308673711
3096 3097 776829551
3097 3098 413279537
3098 3099 710679502
3099 3100 43457499
3100 3101 926329703
3101 3102 527018493
3102 3103 146578194
3103 3104 913729299
3104 3105 642381309
3105 3106 755107297
3106 3107 998992548
3107 3108 717876039
3108 3109 556107963
3109 3110 133029847
3110 3111 240997051
3111 3112 670920456
3112 3113 300710056
3113 3114 460035699
3114 3115 930468219
3115 3116 335302187
3116 3117 967287497
3117 3118 983228938
3118 3119 25475955
3119 3120 431871557
3120 3121 173383355
3121 3122 349586355
3122 3123 147130428
3123 3124 218629974
3124 3125 92694671
3125 3126 175144931
3126 3127 616543204
3127 3128 188800797
3128 3129 338980808
3129 3130 168703621
3130 3131 372320757
3131 3132 847655882
3132 3133 570286190
3133 3134 723272289
3134 3135 92884171
3135 3136 317531712
3136 3137 307058
3137 3138 561855873
3138 3139 925247084
3139 3140 825038498
3140 3141 316705718
3141 3142 80568094
3142 3143 122698407
3143 3144 304966533
3144 3145 9113893
3145 3146 953224229
3146 3147 518186549
3147 3148 575422035
3148 3149 619810077
3149 3150 22094507
3150 3151 952844786
3151 3152 192942548
3152 3153 694312672
3153 3154 277326525
3154 3155 571329413
3155 3156 721976093
3156 3157 113756044
3157 3158 692951918
3158 3159 14770471
3159 3160 65366473
3160 3161 177641326
3161 3162 126224479
3162 3163 457941055
3163 3164 826648281
3164 3165 847438302
3165 3166 213654210
3166 3167 529220449
3167 3168 261798982
3168 3169 557805108
3169 3170 913452547
3170 3171 52856847
3171 3172 615249301
3172 3173 7341581
3173 3174 591548427
3174 3175 810539888
3175 3176 483954397
3176 3177 873278094
3177 3178 182104318
3178 3179 641881002
3179 3180 53208955
3180 3181 578191402
3181 3182 704104345
3182 3183 111008257
3183 3184 915772146
3184 3185 49646312
3185 3186 336631349
3186 3187 860606014
3187 3188 679802450
3188 3189 159756494
3189 3190 927656599
3190 3191 707474525
3191 3192 27170684
3192 3193 663644794
3193 3194 711607351
3194 3195 499893964
3195 3196 921790171
3196 3197 142192208
3197 3198 72483572
3198 3199 215058862
3199 3200 545522866
3200 3201 474062780
3201 3202 889041708
3202 3203 193328655
3203 3204 542224701
3204 3205 216849290
3205 3206 15591482
3206 3207 265714876
3207 3208 451412664
3208 3209 178831720
3209 3210 103459172
3210 3211 88003754
3211 3212 879833157
3212 3213 395880329
3213 3214 239181084
3214 3215 532505618
3215 3216 470741276
3216 3217 417599055
3217 3218 688705525
3218 3219 268820839
3219 3220 719853866
3220 3221 122972991
3221 3222 639026927
3222 3223 29718746
3223 3224 414092972
3224 3225 156539561
3225 3226 846849570
3226 3227 473702331
3227 3228 22445654
3228 3229 277830715
3229 3230 38675141
3230 3231 190527803
3231 3232 255174752
3232 3233 723741564
3233 3234 222363392
3234 3235 889313774
3235 3236 805213354
3236 3237 967431535
3237 3238 106319939
3238 3239 369717487
3239 3240 172636112
3240 3241 645581353
3241 3242 17981804
3242 3243 284482933
3243 3244 239311523
3244 3245 198116233
3245 3246 129900346
3246 3247 146571248
3247 3248 246743656
3248 3249 644380867
3249 3250 667898294
3250 3251 77182959
3251 3252 898933176
3252 3253 337979630
3253 3254 419130322
3254 3255 886138187
3255 3256 727517121
3256 3257 507040024
3257 3258 822797187
3258 3259 52180691
3259 3260 382362208
3260 3261 557215927
3261 3262 167696982
3262 3263 257829723
3263 3264 4526357
3264 3265 860829611
3265 3266 117514754
3266 3267 126068926
3267 3268 892701370
3268 3269 326568549
3269 3270 969498659
3270 3271 871949336
3271 3272 899111342
3272 3273 522138391
3273 3274 765865929
3274 3275 304239078
3275 3276 920976074
3276 3277 73667757
3277 3278 273600153
3278 3279 68300528
3279 3280 510095215
3280 3281 998941663
3281 3282 250877909
3282 3283 796145299
3283 3284 186826553
3284 3285 943500847
3285 3286 690321121
3286 3287 701490197
3287 3288 514818071
3288 3289 143004239
3289 3290 179074338
3290 3291 869464714
3291 3292 405068803
3292 3293 592077964
3293 3294 135043260
3294 3295 279825320
3295 3296 72137521
3296 3297 955008314
3297 3298 850251734
3298 3299 649132671
3299 3300 146065570
3300 3301 792510447
3301 3302 163952776
3302 3303 238745456
3303 3304 369327599
3304 3305 204240824
3305 3306 29178902
3306 3307 446581767
3307 3308 148721301
3308 3309 368607434
3309 3310 33816805
3310 3311 412786339
3311 3312 849436625
3312 3313 341210507
3313 3314 5187758
3314 3315 433276849
3315 3316 385745135
3316 3317 625570269
3317 3318 931437048
3318 3319 148333817
3319 3320 408904406
3320 3321 486635570
3321 3322 221384628
3322 3323 474969492
3323 3324 814280335
3324 3325 210501391
3325 3326 108704487
3326 3327 694638823
3327 3328 186351756
3328 3329 383096091
3329 3330 77825172
3330 3331 531801615
3331 3332 654508274
3332 3333 884976431
3333 3334 85502005
3334 3335 382170167
3335 3336 865511709
3336 3337 301627942
3337 3338 637097164
3338 3339 286983894
3339 3340 2307003
3340 3341 10280148
3341 3342 232505826
3342 3343 637632307
3343 3344 256384659
3344 3345 368388207
3345 3346 305564204
3346 3347 675148720
3347 3348 789798104
3348 3349 84818275
3349 3350 483816524
3350 3351 220709288
3351 3352 415429919
3352 3353 532030378
3353 3354 5825291
3354 3355 388304336
3355 3356 148326653
3356 3357 107705783
3357 3358 853744870
3358 3359 534176401
3359 3360 290429424
3360 3361 120738399
3361 3362 408539244
3362 3363 312237945
3363 3364 586828965
3364 3365 778377125
3365 3366 42389439
3366 3367 745993224
3367 3368 615947346
3368 3369 644713740
3369 3370 646277911
3370 3371 391241262
3371 3372 723116782
3372 3373 434719723
3373 3374 418003950
3374 3375 894897735
3375 3376 945688709
3376 3377 457217457
3377 3378 576448204
3378 3379 693388798
3379 3380 696419883
3380 3381 746472186
3381 3382 950981767
3382 3383 229959040
3383 3384 282838463
3384 3385 296452984
3385 3386 282783714
3386 3387 522662483
3387 3388 726715974
3388 3389 126740806
3389 3390 406864186
3390 3391 688047365
3391 3392 912542846
3392 3393 612516095
3393 3394 177714504
3394 3395 177135417
3395 3396 125846505
3396 3397 219437344
3397 3398 942268080
3398 3399 47215427
3399 3400 187640461
3400 3401 991997337
3401 3402 859951654
3402 3403 12700081
3403 3404 196934304
3404 3405 529244551
3405 3406 88044057
3406 3407 704883110
3407 3408 419815916
3408 3409 923738575
3409 3410 431234710
3410 3411 675151550
3411 3412 753891425
3412 3413 821585925
3413 3414 625731668
3414 3415 257538902
3415 3416 546979810
3416 3417 443039798
3417 3418 906943812
3418 3419 417095572
3419 3420 124237044
3420 3421 153561403
3421 3422 268571836
3422 3423 206740089
3423 3424 160549277
3424 3425 203230328
3425 3426 139583680
3426 3427 369147517
3427 3428 765812919
3428 3429 763234580
3429 3430 474441141
3430 3431 109841172
3431 3432 403162399
3432 3433 31564952
3433 3434 362303132
3434 3435 488292658
3435 3436 378441736
3436 3437 595259666
3437 3438 574026438
3438 3439 592958645
3439 3440 51550415
3440 3441 296533072
3441 3442 345538954
3442 3443 353677444
3443 3444 755803968
3444 3445 110251380
3445 3446 176761162
3446 3447 607492865
3447 3448 964142255
3448 3449 156779217
3449 3450 712545317
3450 3451 363104474
3451 3452 899697528
3452 3453 280320403
3453 3454 288834083
3454 3455 451516620
3455 3456 334781605
3456 3457 398048476
3457 3458 848762882
3458 3459 474916036
3459 3460 876435291
3460 3461 389566188
3461 3462 774949701
3462 3463 851118500
3463 3464 234056331
3464 3465 781582439
3465 3466 42024337
3466 3467 267317130
3467 3468 646561814
3468 3469 924185585
3469 3470 20371618
3470 3471 696618431
3471 3472 320742286
3472 3473 145779264
3473 3474 884343229
3474 3475 559830597
3475 3476 84974119
3476 3477 359283470
3477 3478 336788533
3478 3479 656253837
3479 3480 410513712
3480 3481 287913770
3481 3482 293876080
3482 3483 974506050
3483 3484 924865772
3484 3485 268995584
3485 3486 179031782
3486 3487 822846209
3487 3488 501910766
3488 3489 507891068
3489 3490 615032846
3490 3491 374915024
3491 3492 156594498
3492 3493 452940852
3493 3494 871142246
3494 3495 789754008
3495 3496 705733630
3496 3497 391541258
3497 3498 483246916
3498 3499 136576868
3499 3500 306127600
3500 3501 17095614
3501 3502 410246981
3502 3503 705299638
3503 3504 791043327
3504 3505 844545256
3505 3506 440244400
3506 3507 947053262
3507 3508 240060231
3508 3509 385232321
3509 3510 489123733
3510 3511 983774733
3511 3512 198188718
3512 3513 825125242
3513 3514 583645288
3514 3515 134121900
3515 3516 951996619
3516 3517 194241241
3517 3518 186210465
3518 3519 439290273
3519 3520 73752069
3520 3521 762759424
3521 3522 548167931
3522 3523 500648091
3523 3524 833298995
3524 3525 81571182
3525 3526 951959604
3526 3527 626928925
3527 3528 212610813
3528 3529 9415801
3529 3530 913162723
3530 3531 344078988
3531 3532 791207008
3532 3533 988411293
3533 3534 916433222
3534 3535 245108780
3535 3536 659977574
3536 3537 94873879
3537 3538 967419118
3538 3539 776890617
3539 3540 918532591
3540 3541 174826174
3541 3542 546947250
3542 3543 848648023
3543 3544 800076431
3544 3545 59940652
3545 3546 313230149
3546 3547 216156321
3547 3548 363437355
3548 3549 913680345
3549 3550 245617274
3550 3551 325609979
3551 3552 137673890
3552 3553 779321048
3553 3554 632958856
3554 3555 988659558
3555 3556 999390397
3556 3557 454164924
3557 3558 758047682
3558 3559 53842871
3559 3560 108879421
3560 3561 537800686
3561 3562 417845615
3562 3563 841234520
3563 3564 880282581
3564 3565 150893806
3565 3566 9553879
3566 3567 310739076
3567 3568 682119760
3568 3569 505022069
3569 3570 284170460
3570 3571 852301555
3571 3572 555332270
3572 3573 71609761
3573 3574 586268927
3574 3575 62587483
3575 3576 594687931
3576 3577 773171245
3577 3578 172579938
3578 3579 6061234
3579 3580 341624736
3580 3581 955507346
3581 3582 289077677
3582 3583 317908948
3583 3584 797313841
3584 3585 465966887
3585 3586 418112886
3586 3587 289043081
3587 3588 306968102
3588 3589 104716058
3589 3590 933725946
3590 3591 632742259
3591 3592 970247053
3592 3593 574699358
3593 3594 527172380
3594 3595 872229069
3595 3596 782446930
3596 3597 234524240
3597 3598 563035989
3598 3599 693907206
3599 3600 935875341
3600 3601 470184265
3601 3602 408749739
3602 3603 565687490
3603 3604 532422821
3604 3605 871428462
3605 3606 263143634
3606 3607 680814187
3607 3608 49955136
3608 3609 307430114
3609 3610 515707466
3610 3611 107887410
3611 3612 756704997
3612 3613 607130761
3613 3614 148748276
3614 3615 878922073
3615 3616 136264152
3616 3617 193682620
3617 3618 624784104
3618 3619 850821356
3619 3620 684879118
3620 3621 273723768
3621 3622 914956290
3622 3623 156913265
3623 3624 471402222
3624 3625 558816776
3625 3626 817471158
3626 3627 875206814
3627 3628 506576904
3628 3629 971110526
3629 3630 771474085
3630 3631 831849285
3631 3632 851703060
3632 3633 544209374
3633 3634 519437718
3634 3635 397531178
3635 3636 72963570
3636 3637 566433308
3637 3638 313833483
3638 3639 277130309
3639 3640 371448875
3640 3641 174273007
3641 3642 28413146
3642 3643 263178737
3643 3644 308130588
3644 3645 637106390
3645 3646 704265957
3646 3647 620505522
3647 3648 368901941
3648 3649 876045530
3649 3650 267562245
3650 3651 724056833
3651 3652 312255572
3652 3653 350777016
3653 3654 600521488
3654 3655 254952377
3655 3656 238945723
3656 3657 730852811
3657 3658 594841241
3658 3659 483828861
3659 3660 968018532
3660 3661 394777992
3661 3662 757001624
3662 3663 305367855
3663 3664 88631910
3664 3665 134804151
3665 3666 855691688
3666 3667 262425178
3667 3668 254599102
3668 3669 990630619
3669 3670 778660915
3670 3671 267558386
3671 3672 961855219
3672 3673 627639840
3673 3674 963750562
3674 3675 25759321
3675 3676 980138497
3676 3677 174918546
3677 3678 167149187
3678 3679 758406269
3679 3680 541511319
3680 3681 754331516
3681 3682 729006545
3682 3683 996802420
3683 3684 729713134
3684 3685 135495197
3685 3686 938953907
3686 3687 903478699
3687 3688 716242682
3688 3689 136888556
3689 3690 123947246
3690 3691 434710211
3691 3692 864110084
3692 3693 241331089
3693 3694 465333527
3694 3695 457420058
3695 3696 608238
3696 3697 854685137
3697 3698 417209184
3698 3699 177741855
3699 3700 937577049
3700 3701 2691261
3701 3702 503313251
3702 3703 814291140
3703 3704 431682874
3704 3705 560719733
3705 3706 280997397
3706 3707 197859888
3707 3708 65529747
3708 3709 83189816
3709 3710 274643370
3710 3711 105149870
3711 3712 276487195
3712 3713 643778049
3713 3714 946265777
3714 3715 270982515
3715 3716 489483877
3716 3717 14287642
3717 3718 430511265
3718 3719 172060106
3719 3720 905941348
3720 3721 25386732
3721 3722 228450845
3722 3723 931057608
3723 3724 440805386
3724 3725 874371337
3725 3726 476569534
3726 3727 548691009
3727 3728 737311778
3728 3729 315104711
3729 3730 730637114
3730 3731 38671615
3731 3732 673494806
3732 3733 559673662
3733 3734 280774992
3734 3735 557632873
3735 3736 809546992
3736 3737 258538551
3737 3738 532137443
3738 3739 722013886
3739 3740 642926902
3740 3741 999671425
3741 3742 552206961
3742 3743 892044676
3743 3744 983545212
3744 3745 558535777
3745 3746 185483981
3746 3747 280603711
3747 3748 603722085
3748 3749 788549116
3749 3750 209131299
3750 3751 709941691
3751 3752 447275833
3752 3753 369522883
3753 3754 67681548
3754 3755 129287387
3755 3756 122692965
3756 3757 989359829
3757 3758 808788594
3758 3759 873085473
3759 3760 660597077
3760 3761 447063292
3761 3762 856938308
3762 3763 689212174
3763 3764 94933987
3764 3765 909679124
3765 3766 770831626
3766 3767 432707089
3767 3768 314361336
3768 3769 399784822
3769 3770 78600984
3770 3771 964304152
3771 3772 854710096
3772 3773 586315653
3773 3774 962754605
3774 3775 937977152
3775 3776 880225081
3776 3777 275715125
3777 3778 118084141
3778 3779 36212551
3779 3780 370327785
3780 3781 727170607
3781 3782 821200516
3782 3783 127384936
3783 3784 101961974
3784 3785 899727338
3785 3786 321194076
3786 3787 880916121
3787 3788 900349502
3788 3789 188926073
3789 3790 988909002
3790 3791 911534170
3791 3792 653419068
3792 3793 1756916
3793 3794 193407030
3794 3795 59212230
3795 3796 57429698
3796 3797 917760026
3797 3798 281375785
3798 3799 329991773
3799 3800 903927838
3800 3801 686148767
3801 3802 913074324
3802 3803 3545742
3803 3804 280385455
3804 3805 200039888
3805 3806 697002779
3806 3807 922899707
3807 3808 359710466
3808 3809 131121848
3809 3810 942878017
3810 3811 358498682
3811 3812 741395527
3812 3813 756868710
3813 3814 914699987
3814 3815 69545327
3815 3816 492470886
3816 3817 3996164
3817 3818 246150908
3818 3819 853468639
3819 3820 787093193
3820 3821 202934909
3821 3822 123240947
3822 3823 552777646
3823 3824 391402129
3824 3825 715585271
3825 3826 164030420
3826 3827 758612578
3827 3828 928740079
3828 3829 763224943
3829 3830 914349676
3830 3831 382304757
3831 3832 635761521
3832 3833 926142167
3833 3834 484518428
3834 3835 281404250
3835 3836 964465647
3836 3837 981025607
3837 3838 828522682
3838 3839 145921677
3839 3840 895595518
3840 3841 652942750
3841 3842 467364560
3842 3843 947074
3843 3844 542380193
3844 3845 399328083
3845 3846 806142880
3846 3847 229763938
3847 3848 68790106
3848 3849 303274325
3849 3850 507099517
3850 3851 312237750
3851 3852 685519338
3852 3853 336997132
3853 3854 770313065
3854 3855 159468422
3855 3856 336235799
3856 3857 806134535
3857 3858 700442429
3858 3859 247763444
3859 3860 678415883
3860 3861 246286567
3861 3862 167875280
3862 3863 607430731
3863 3864 695532210
3864 3865 462252853
3865 3866 810640480
3866 3867 933975446
3867 3868 331618760
3868 3869 41946856
3869 3870 481002220
3870 3871 60059626
3871 3872 791735568
3872 3873 138299120
3873 3874 29687245
3874 3875 835701283
3875 3876 609296560
3876 3877 688900575
3877 3878 108911667
3878 3879 689490732
3879 3880 318228444
3880 3881 897628990
3881 3882 693264226
3882 3883 632082115
3883 3884 240019324
3884 3885 398348703
3885 3886 764083750
3886 3887 788500142
3887 3888 131636644
3888 3889 840018145
3889 3890 97840532
3890 3891 635078767
3891 3892 17683033
3892 3893 891575307
3893 3894 677236202
3894 3895 547381409
3895 3896 229788943
3896 3897 774917341
3897 3898 251823840
3898 3899 539226123
3899 3900 575299313
3900 3901 858099456
3901 3902 872552390
3902 3903 135447276
3903 3904 855756525
3904 3905 227795030
3905 3906 47789912
3906 3907 560562201
3907 3908 28628191
3908 3909 223742432
3909 3910 448091842
3910 3911 551474419
3911 3912 209966362
3912 3913 312778705
3913 3914 392691095
3914 3915 138334773
3915 3916 207057074
3916 3917 846858564
3917 3918 226188223
3918 3919 869653364
3919 3920 874529828
3920 3921 264743871
3921 3922 995354638
3922 3923 586233052
3923 3924 285593849
3924 3925 488031113
3925 3926 933701335
3926 3927 99091936
3927 3928 213379181
3928 3929 227274805
3929 3930 77761800
3930 3931 839337094
3931 3932 213862000
3932 3933 947855616
3933 3934 546618415
3934 3935 723666522
3935 3936 956661730
3936 3937 380708583
3937 3938 409787664
3938 3939 710310003
3939 3940 696635223
3940 3941 991266347
3941 3942 675763946
3942 3943 770430234
3943 3944 294486150
3944 3945 77577466
3945 3946 948501581
3946 3947 210196888
3947 3948 511331696
3948 3949 417373466
3949 3950 495200008
3950 3951 528039616
3951 3952 590077746
3952 3953 4964843
3953 3954 94925166
3954 3955 435352032
3955 3956 79837083
3956 3957 309739105
3957 3958 896351740
3958 3959 505840849
3959 3960 581165819
3960 3961 232552664
3961 3962 198012054
3962 3963 74498995
3963 3964 424096870
3964 3965 849860359
3965 3966 812042277
3966 3967 670501924
3967 3968 475436464
3968 3969 267771718
3969 3970 501193987
3970 3971 807348513
3971 3972 139705205
3972 3973 557090473
3973 3974 543078167
3974 3975 714911190
3975 3976 272789575
3976 3977 648329354
3977 3978 913789202
3978 3979 361407002
3979 3980 302247850
3980 3981 813643816
3981 3982 611082297
3982 3983 97555133
3983 3984 328125068
3984 3985 544995630
3985 3986 677844705
3986 3987 630480579
3987 3988 235501127
3988 3989 855557529
3989 3990 301141433
3990 3991 322848199
3991 3992 289034051
3992 3993 105266548
3993 3994 390013089
3994 3995 508736966
3995 3996 196473099
3996 3997 372372537
3997 3998 50821240
3998 3999 57246873
3999 4000 804721493
4000 4001 820319187
4001 4002 68011031
4002 4003 221472674
4003 4004 206058820
4004 4005 12066645
4005 4006 894653930
4006 4007 685462067
4007 4008 170376898
4008 4009 619660488
4009 4010 781837026
4010 4011 360563298
4011 4012 534057034
4012 4013 335582239
4013 4014 663131522
4014 4015 624535139
4015 4016 786956179
4016 4017 556076840
4017 4018 376175545
4018 4019 465839249
4019 4020 81696629
4020 4021 115884705
4021 4022 857204487
4022 4023 503193448
4023 4024 978760299
4024 4025 508419329
4025 4026 712047596
4026 4027 514576101
4027 4028 601565688
4028 4029 594673870
4029 4030 706094178
4030 4031 215543965
4031 4032 323315126
4032 4033 941043127
4033 4034 252850693
4034 4035 210722840
4035 4036 110265401
4036 4037 360486538
4037 4038 902253187
4038 4039 450257787
4039 4040 325421903
4040 4041 47206660
4041 4042 543706727
4042 4043 844543081
4043 4044 854326858
4044 4045 48350524
4045 4046 407109013
4046 4047 387894950
4047 4048 49508490
4048 4049 720731214
4049 4050 793913560
4050 4051 946159479
4051 4052 285785956
4052 4053 730284303
4053 4054 635785442
4054 4055 664775387
4055 4056 819748043
4056 4057 573441423
4057 4058 640184363
4058 4059 491126619
4059 4060 969145763
4060 4061 741921928
4061 4062 29843299
4062 4063 154491021
4063 4064 16837339
4064 4065 684976272
4065 4066 208584527
4066 4067 66284143
4067 4068 626805141
4068 4069 317031003
4069 4070 981008454
4070 4071 557664952
4071 4072 443883658
4072 4073 417079763
4073 4074 120107695
4074 4075 69272465
4075 4076 691770918
4076 4077 560323257
4077 4078 94659678
4078 4079 296430450
4079 4080 382383455
4080 4081 855502863
4081 4082 576395445
4082 4083 484638542
4083 4084 886089221
4084 4085 392591930
4085 4086 592074328
4086 4087 584516671
4087 4088 398787549
4088 4089 293409690
4089 4090 391927544
4090 4091 290278624
4091 4092 233309492
4092 4093 259992962
4093 4094 590970434
4094 4095 411824117
4095 4096 186035151
4096 4097 898846682
4097 4098 829129093
4098 4099 519891466
4099 4100 333871381
4100 4101 363322172
4101 4102 374091814
4102 4103 177881304
4103 4104 149098045
4104 4105 173522118
4105 4106 941618384
4106 4107 934899605
4107 4108 350118229
4108 4109 589144596
4109 4110 67285089
4110 4111 297693890
4111 4112 523179226
4112 4113 205448355
4113 4114 77363686
4114 4115 682235878
4115 4116 279866354
4116 4117 192779077
4117 4118 529455285
4118 4119 617731350
4119 4120 120158310
4120 4121 942137859
4121 4122 129903034
4122 4123 989035550
4123 4124 224629732
4124 4125 219893789
4125 4126 168702279
4126 4127 239437705
4127 4128 4202494
4128 4129 340955456
4129 4130 592406703
4130 4131 13742882
4131 4132 928239836
4132 4133 42750519
4133 4134 278523258
4134 4135 140254545
4135 4136 201211445
4136 4137 5547301
4137 4138 289293752
4138 4139 231257125
4139 4140 218382989
4140 4141 973667818
4141 4142 981180068
4142 4143 339033151
4143 4144 202633662
4144 4145 789137649
4145 4146 592629676
4146 4147 421639522
4147 4148 746305545
4148 4149 682912133
4149 4150 730915044
4150 4151 492781104
4151 4152 48919872
4152 4153 292575436
4153 4154 88827975
4154 4155 256716625
4155 4156 210036203
4156 4157 926599226
4157 4158 422506320
4158 4159 300057578
4159 4160 923634720
4160 4161 252941574
4161 4162 825410460
4162 4163 312620744
4163 4164 278492470
4164 4165 656690753
4165 4166 251809586
4166 4167 295895142
4167 4168 840532142
4168 4169 77682228
4169 4170 878529856
4170 4171 752762781
4171 4172 397882821
4172 4173 732492975
4173 4174 749249751
4174 4175 386362626
4175 4176 260687520
4176 4177 161281852
4177 4178 874382399
4178 4179 536819967
4179 4180 704241719
4180 4181 268566663
4181 4182 146234151
4182 4183 535899838
4183 4184 383750115
4184 4185 799822195
4185 4186 265675970
4186 4187 934769221
4187 4188 204012405
4188 4189 178236840
4189 4190 299265717
4190 4191 891734497
4191 4192 156637861
4192 4193 264666290
4193 4194 894376133
4194 4195 687789845
4195 4196 209757639
4196 4197 535758008
4197 4198 8844205
4198 4199 762546963
4199 4200 856630577
4200 4201 987716212
4201 4202 128089108
4202 4203 195931030
4203 4204 790294689
4204 4205 574800220
4205 4206 202078502
4206 4207 799996374
4207 4208 815996146
4208 4209 102851451
4209 4210 770074857
4210 4211 166260342
4211 4212 654701968
4212 4213 833203544
4213 4214 64020382
4214 4215 689802742
4215 4216 170392377
4216 4217 306412820
4217 4218 757689481
4218 4219 673883862
4219 4220 865250228
4220 4221 271150671
4221 4222 780686279
4222 4223 483640545
4223 4224 800075238
4224 4225 174673335
4225 4226 500666204
4226 4227 803505615
4227 4228 677149446
4228 4229 251314770
4229 4230 672814788
4230 4231 276376852
4231 4232 89324439
4232 4233 686584959
4233 4234 454022486
4234 4235 887481571
4235 4236 285574307
4236 4237 683683431
4237 4238 857352023
4238 4239 933270040
4239 4240 735615340
4240 4241 462774388
4241 4242 93138185
4242 4243 369703627
4243 4244 327315410
4244 4245 1066187
4245 4246 570021639
4246 4247 883392165
4247 4248 195283251
4248 4249 538440330
4249 4250 243742217
4250 4251 933807854
4251 4252 237901159
4252 4253 522321756
4253 4254 617301362
4254 4255 308167886
4255 4256 840682897
4256 4257 305797441
4257 4258 363294644
4258 4259 966044394
4259 4260 121302020
4260 4261 935807681
4261 4262 864641927
4262 4263 532953952
4263 4264 366122947
4264 4265 492544059
4265 4266 343444575
4266 4267 982877532
4267 4268 885589296
4268 4269 301070871
4269 4270 48075851
4270 4271 577479031
4271 4272 162385413
4272 4273 266463571
4273 4274 734947836
4274 4275 676869198
4275 4276 100712527
4276 4277 248270457
4277 4278 858138037
4278 4279 186833780
4279 4280 410505549
4280 4281 210482879
4281 4282 197254352
4282 4283 423019667
4283 4284 218865512
4284 4285 178046871
4285 4286 81982655
4286 4287 85364586
4287 4288 313274034
4288 4289 82734896
4289 4290 750769041
4290 4291 919141999
4291 4292 934851763
4292 4293 856461158
4293 4294 706944723
4294 4295 686849828
4295 4296 161669975
4296 4297 426538670
4297 4298 262008307
4298 4299 46022434
4299 4300 352210926
4300 4301 717259117
4301 4302 451703453
4302 4303 45401319
4303 4304 354981794
4304 4305 388610475
4305 4306 794862344
4306 4307 379731297
4307 4308 270536683
4308 4309 298996650
4309 4310 123529931
4310 4311 921879851
4311 4312 522745585
4312 4313 556949945
4313 4314 963428278
4314 4315 685608943
4315 4316 121770432
4316 4317 714230243
4317 4318 725929986
4318 4319 874903858
4319 4320 771259019
4320 4321 743860408
4321 4322 257803781
4322 4323 781509291
4323 4324 208577071
4324 4325 402883624
4325 4326 239652089
4326 4327 923983348
4327 4328 325468970
4328 4329 221623225
4329 4330 721424915
4330 4331 660946375
4331 4332 547841269
4332 4333 343319000
4333 4334 157433854
4334 4335 663579454
4335 4336 431961118
4336 4337 473065899
4337 4338 955193881
4338 4339 875099574
4339 4340 370929672
4340 4341 851316309
4341 4342 905268619
4342 4343 587199076
4343 4344 375297186
4344 4345 181999507
4345 4346 274081626
4346 4347 229008207
4347 4348 852086956
4348 4349 541046840
4349 4350 385988114
4350 4351 86545010
4351 4352 770068790
4352 4353 308860539
4353 4354 816502966
4354 4355 719150322
4355 4356 87221902
4356 4357 626331666
4357 4358 148147997
4358 4359 421046252
4359 4360 490524898
4360 4361 86407482
4361 4362 309973855
4362 4363 40698946
4363 4364 578496173
4364 4365 633122843
4365 4366 5407634
4366 4367 998370195
4367 4368 311194736
4368 4369 118605534
4369 4370 301048165
4370 4371 666510635
4371 4372 206470352
4372 4373 288791621
4373 4374 405649588
4374 4375 913267209
4375 4376 572862562
4376 4377 243506562
4377 4378 39244063
4378 4379 609689817
4379 4380 507189441
4380 4381 793878720
4381 4382 235675843
4382 4383 300155552
4383 4384 557073292
4384 4385 926349160
4385 4386 251607949
4386 4387 261691649
4387 4388 766761745
4388 4389 177456030
4389 4390 143736435
4390 4391 207626214
4391 4392 534161764
4392 4393 260791845
4393 4394 357521684
4394 4395 622046986
4395 4396 815243800
4396 4397 984080222
4397 4398 360258849
4398 4399 842601190
4399 4400 772688895
4400 4401 133491062
4401 4402 620619884
4402 4403 253332683
4403 4404 187575796
4404 4405 653105912
4405 4406 528733983
4406 4407 160985072
4407 4408 773472748
4408 4409 383204076
4409 4410 718107358
4410 4411 855741606
4411 4412 352362693
4412 4413 673162126
4413 4414 490625942
4414 4415 24926908
4415 4416 98245331
4416 4417 976447598
4417 4418 299500865
4418 4419 686193139
4419 4420 747792331
4420 4421 210789182
4421 4422 768508793
4422 4423 277913225
4423 4424 545323885
4424 4425 721162275
4425 4426 389151295
4426 4427 75253850
4427 4428 223417258
4428 4429 378697289
4429 4430 107354734
4430 4431 365335088
4431 4432 708304943
4432 4433 319992979
4433 4434 39365684
4434 4435 853220764
4435 4436 416417045
4436 4437 924975572
4437 4438 148591181
4438 4439 866301824
4439 4440 78717612
4440 4441 330036953
4441 4442 333786247
4442 4443 546494181
4443 4444 895524877
4444 4445 648450804
4445 4446 169717535
4446 4447 963199919
4447 4448 957264252
4448 4449 950639508
4449 4450 655478164
4450 4451 222027594
4451 4452 222931482
4452 4453 541458631
4453 4454 873530039
4454 4455 862395958
4455 4456 473476630
4456 4457 930461805
4457 4458 138016476
4458 4459 682568815
4459 4460 675924363
4460 4461 697802659
4461 4462 70305406
4462 4463 436676175
4463 4464 258470664
4464 4465 596386637
4465 4466 971964506
4466 4467 749867447
4467 4468 829802873
4468 4469 838052290
4469 4470 484275015
4470 4471 776436786
4471 4472 915267214
4472 4473 408867843
4473 4474 436239189
4474 4475 396650721
4475 4476 564777709
4476 4477 680224987
4477 4478 21589779
4478 4479 649194257
4479 4480 689178446
4480 4481 167681011
4481 4482 789149009
4482 4483 53519980
4483 4484 288692849
4484 4485 49901315
4485 4486 771843633
4486 4487 656954876
4487 4488 882953868
4488 4489 376475677
4489 4490 51118894
4490 4491 509661791
4491 4492 884223524
4492 4493 252603348
4493 4494 635648251
4494 4495 366243509
4495 4496 743851443
4496 4497 937684617
4497 4498 273287754
4498 4499 469713780
4499 4500 925397473
4500 4501 701885510
4501 4502 324567184
4502 4503 274540389
4503 4504 314346933
4504 4505 170079850
4505 4506 308492321
4506 4507 241906215
4507 4508 919062239
4508 4509 777883390
4509 4510 868491067
4510 4511 629833102
4511 4512 792681407
4512 4513 241750145
4513 4514 287490924
4514 4515 272770336
4515 4516 501879332
4516 4517 2229504
4517 4518 813392345
4518 4519 457197510
4519 4520 966151800
4520 4521 589133939
4521 4522 342232633
4522 4523 964230785
4523 4524 145667403
4524 4525 592893882
4525 4526 910020449
4526 4527 814174918
4527 4528 108581866
4528 4529 201622173
4529 4530 608834905
4530 4531 100302975
4531 4532 539258128
4532 4533 7064752
4533 4534 1691098
4534 4535 912742663
4535 4536 787702601
4536 4537 669490314
4537 4538 325624912
4538 4539 601096449
4539 4540 751342809
4540 4541 471748767
4541 4542 748155084
4542 4543 497786961
4543 4544 657101014
4544 4545 898052031
4545 4546 112726219
4546 4547 142925323
4547 4548 624308066
4548 4549 676322757
4549 4550 771490201
4550 4551 36980359
4551 4552 362237846
4552 4553 314488900
4553 4554 487165446
4554 4555 749094927
4555 4556 355473965
4556 4557 13212199
4557 4558 320505212
4558 4559 301507480
4559 4560 629541486
4560 4561 852912213
4561 4562 33294437
4562 4563 783098761
4563 4564 188357216
4564 4565 437861991
4565 4566 6887866
4566 4567 299585445
4567 4568 594377536
4568 4569 987385372
4569 4570 954969381
4570 4571 595098655
4571 4572 447732221
4572 4573 576539727
4573 4574 84715232
4574 4575 965624320
4575 4576 360368586
4576 4577 762234190
4577 4578 39886886
4578 4579 883101109
4579 4580 370270827
4580 4581 196657390
4581 4582 873634455
4582 4583 309744411
4583 4584 132064674
4584 4585 341524348
4585 4586 85257022
4586 4587 141770946
4587 4588 893774325
4588 4589 993529914
4589 4590 258161218
4590 4591 238567311
4591 4592 686746012
4592 4593 95280329
4593 4594 55424486
4594 4595 199709434
4595 4596 3811093
4596 4597 256617178
4597 4598 951103122
4598 4599 696184816
4599 4600 910177312
4600 4601 931823116
4601 4602 867789273
4602 4603 578211538
4603 4604 453821278
4604 4605 600340922
4605 4606 768207936
4606 4607 858079524
4607 4608 914297094
4608 4609 549464358
4609 4610 34742279
4610 4611 967093460
4611 4612 969025419
4612 4613 169104687
4613 4614 879745749
4614 4615 620096552
4615 4616 21653717
4616 4617 48068207
4617 4618 328364819
4618 4619 430394314
4619 4620 282703978
4620 4621 572693933
4621 4622 968070331
4622 4623 743056667
4623 4624 613450456
4624 4625 289553349
4625 4626 684940351
4626 4627 209215943
4627 4628 24712662
4628 4629 916771800
4629 4630 447872808
4630 4631 113478591
4631 4632 266775440
4632 4633 899812256
4633 4634 967513514
4634 4635 86353679
4635 4636 755912059
4636 4637 661388195
4637 4638 402934191
4638 4639 65879353
4639 4640 705212314
4640 4641 672237019
4641 4642 971196861
4642 4643 150184286
4643 4644 780134383
4644 4645 1936262
4645 4646 554495451
4646 4647 942838137
4647 4648 654797194
4648 4649 405863684
4649 4650 80783002
4650 4651 272235940
4651 4652 403820358
4652 4653 690802850
4653 4654 869412927
4654 4655 243157288
4655 4656 567545255
4656 4657 296851989
4657 4658 896957730
4658 4659 633394259
4659 4660 613390905
4660 4661 912358845
4661 4662 154813382
4662 4663 80577948
4663 4664 701630930
4664 4665 541461820
4665 4666 286456740
4666 4667 68561699
4667 4668 46057207
4668 4669 392210071
4669 4670 195178304
4670 4671 647492389
4671 4672 434726815
4672 4673 609898396
4673 4674 991310160
4674 4675 602794197
4675 4676 972652641
4676 4677 680571030
4677 4678 622213583
4678 4679 431184021
4679 4680 585386624
4680 4681 438260855
4681 4682 959548585
4682 4683 842130965
4683 4684 975847741
4684 4685 984009090
4685 4686 918990116
4686 4687 210467737
4687 4688 401985905
4688 4689 537557613
4689 4690 625603056
4690 4691 181862298
4691 4692 339557852
4692 4693 469210043
4693 4694 243511842
4694 4695 750835185
4695 4696 325875633
4696 4697 712175276
4697 4698 332087377
4698 4699 680015673
4699 4700 437579488
4700 4701 29760617
4701 4702 502390699
4702 4703 14807056
4703 4704 531448938
4704 4705 207518232
4705 4706 298732864
4706 4707 831933049
4707 4708 241831791
4708 4709 633154574
4709 4710 150201081
4710 4711 63733688
4711 4712 66576940
4712 4713 71158147
4713 4714 629388969
4714 4715 477609533
4715 4716 391231952
4716 4717 562595524
4717 4718 615236391
4718 4719 371318248
4719 4720 430761865
4720 4721 51240110
4721 4722 922281193
4722 4723 305621097
4723 4724 345348064
4724 4725 990951133
4725 4726 291626182
4726 4727 313139922
4727 4728 774072583
4728 4729 866323011
4729 4730 102148229
4730 4731 942217403
4731 4732 734134567
4732 4733 344722558
4733 4734 234890467
4734 4735 715817231
4735 4736 265722012
4736 4737 147007064
4737 4738 488790226
4738 4739 815190174
4739 4740 945541561
4740 4741 905170447
4741 4742 660427362
4742 4743 679249197
4743 4744 681251222
4744 4745 792252423
4745 4746 348294370
4746 4747 499556573
4747 4748 498419265
4748 4749 270116124
4749 4750 637653356
4750 4751 841102948
4751 4752 405160845
4752 4753 834184689
4753 4754 59331458
4754 4755 335006494
4755 4756 898737111
4756 4757 516846139
4757 4758 139937019
4758 4759 757893133
4759 4760 793087423
4760 4761 161988131
4761 4762 563940101
4762 4763 81966833
4763 4764 24485260
4764 4765 642879023
4765 4766 610688778
4766 4767 741981804
4767 4768 718685467
4768 4769 121680503
4769 4770 120537239
4770 4771 349304123
4771 4772 369886742
4772 4773 627755775
4773 4774 511040149
4774 4775 12024593
4775 4776 766357252
4776 4777 18036646
4777 4778 100069420
4778 4779 657226822
4779 4780 290551055
4780 4781 399817470
4781 4782 895749739
4782 4783 83806765
4783 4784 239305482
4784 4785 189647072
4785 4786 798521686
4786 4787 840250292
4787 4788 934675212
4788 4789 996489746
4789 4790 601376180
4790 4791 483070087
4791 4792 313110836
4792 4793 439427265
4793 4794 258019750
4794 4795 588711396
4795 4796 98687746
4796 4797 60055632
4797 4798 67713311
4798 4799 104311098
4799 4800 842825000
4800 4801 191623178
4801 4802 131487909
4802 4803 476939341
4803 4804 584738147
4804 4805 862734922
4805 4806 40215635
4806 4807 406176860
4807 4808 438886895
4808 4809 102592875
4809 4810 997154672
4810 4811 100394942
4811 4812 66656828
4812 4813 758276295
4813 4814 495729794
4814 4815 604837716
4815 4816 695318219
4816 4817 674096339
4817 4818 256711795
4818 4819 34432414
4819 4820 907085240
4820 4821 104244292
4821 4822 414807347
4822 4823 259054315
4823 4824 542035382
4824 4825 182540117
4825 4826 989802150
4826 4827 289955762
4827 4828 283029571
4828 4829 35156037
4829 4830 686809240
4830 4831 595482430
4831 4832 823414876
4832 4833 547247314
4833 4834 809756771
4834 4835 92712414
4835 4836 910574351
4836 4837 236305179
4837 4838 916727066
4838 4839 819276857
4839 4840 289645295
4840 4841 150901555
4841 4842 696365306
4842 4843 131261773
4843 4844 781681814
4844 4845 369669682
4845 4846 817265398
4846 4847 156253798
4847 4848 622215298
4848 4849 499434504
4849 4850 116147995
4850 4851 594379689
4851 4852 544941315
4852 4853 94820657
4853 4854 724486262
4854 4855 275889898
4855 4856 154649482
4856 4857 755437227
4857 4858 144187181
4858 4859 964914991
4859 4860 942135279
4860 4861 919514419
4861 4862 577309772
4862 4863 133022573
4863 4864 978686597
4864 4865 454423997
4865 4866 693621212
4866 4867 356867241
4867 4868 621692585
4868 4869 732912030
4869 4870 129610405
4870 4871 51474443
4871 4872 926802487
4872 4873 934988818
4873 4874 268350358
4874 4875 820324108
4875 4876 185767289
4876 4877 918190818
4877 4878 811304474
4878 4879 161004310
4879 4880 227568307
4880 4881 903131778
4881 4882 745905846
4882 4883 728050614
4883 4884 335872315
4884 4885 627437134
4885 4886 633098676
4886 4887 875293960
4887 4888 541259533
4888 4889 107669429
4889 4890 913982649
4890 4891 914258298
4891 4892 570836789
4892 4893 980278690
4893 4894 566518683
4894 4895 156879728
4895 4896 132434014
4896 4897 57671433
4897 4898 561396019
4898 4899 718876972
4899 4900 179985893
4900 4901 307382212
4901 4902 267571974
4902 4903 912403058
4903 4904 724816265
4904 4905 249736422
4905 4906 232691116
4906 4907 195430030
4907 4908 554247964
4908 4909 209172040
4909 4910 845623484
4910 4911 458036739
4911 4912 541459685
4912 4913 891217355
4913 4914 321494164
4914 4915 356528955
4915 4916 11836471
4916 4917 649673229
4917 4918 161883531
4918 4919 219284905
4919 4920 9335338
4920 4921 835399564
4921 4922 917885077
4922 4923 838598097
4923 4924 75685526
4924 4925 227918280
4925 4926 181348747
4926 4927 416653277
4927 4928 101550793
4928 4929 467668814
4929 4930 58528835
4930 4931 962936117
4931 4932 451295929
4932 4933 493913216
4933 4934 829743749
4934 4935 752470073
4935 4936 730576303
4936 4937 921626410
4937 4938 129346323
4938 4939 633622835
4939 4940 663689118
4940 4941 539170541
4941 4942 286576342
4942 4943 794191284
4943 4944 873168389
4944 4945 14970722
4945 4946 391105338
4946 4947 27498442
4947 4948 36124593
4948 4949 844843283
4949 4950 231424874
4950 4951 955718892
4951 4952 591295278
4952 4953 929845289
4953 4954 157685158
4954 4955 469176866
4955 4956 107592028
4956 4957 935498771
4957 4958 13050647
4958 4959 791569346
4959 4960 371468821
4960 4961 356820456
4961 4962 233709926
4962 4963 190719100
4963 4964 39868856
4964 4965 28150227
4965 4966 118826585
4966 4967 325339152
4967 4968 50905609
4968 4969 565095451
4969 4970 515209578
4970 4971 290489577
4971 4972 235689522
4972 4973 910643567
4973 4974 191183738
4974 4975 494830480
4975 4976 892488707
4976 4977 354823661
4977 4978 789254741
4978 4979 633336639
4979 4980 595027587
4980 4981 410725927
4981 4982 536744967
4982 4983 152729486
4983 4984 331998468
4984 4985 31666346
4985 4986 43585813
4986 4987 659617522
4987 4988 721125121
4988 4989 889430742
4989 4990 781437032
4990 4991 191806115
4991 4992 321175750
4992 4993 303359171
4993 4994 275340557
4994 4995 261133585
4995 4996 371394595
4996 4997 856522967
4997 4998 296808461
4998 4999 952000660
4999 5000 906802453
