278 1968 261
256 126
198 256
217 198
227 217
219 227
202 219
71 202
266 71
36 266
35 36
156 35
251 156
263 251
32 263
25 32
158 25
220 158
188 220
92 188
136 92
148 136
221 148
61 221
241 61
238 241
231 238
273 231
7 273
111 7
11 111
240 11
267 240
138 267
226 138
225 226
214 225
272 214
100 272
84 100
153 84
27 153
37 27
13 37
255 13
110 255
196 110
63 196
9 63
29 9
106 29
116 106
228 116
174 228
69 174
41 69
194 41
271 194
252 271
157 252
149 157
107 149
233 107
180 233
249 180
48 249
216 48
51 216
258 51
189 258
49 189
237 49
212 237
113 212
224 113
103 224
89 103
60 89
24 60
43 24
207 43
250 207
162 250
78 162
97 78
257 97
30 257
12 30
59 12
165 59
176 165
160 176
91 160
75 126
204 126
65 126
79 126
184 126
206 126
223 126
98 126
8 126
31 126
4 126
247 126
39 126
243 126
177 126
53 126
155 126
242 126
123 126
152 126
95 126
236 126
54 126
99 126
82 126
205 126
96 126
166 126
129 126
179 126
83 126
211 126
195 126
33 126
17 126
248 126
193 126
253 126
137 126
88 126
182 126
230 126
260 126
72 126
28 126
40 126
191 126
119 126
105 126
128 126
269 126
187 126
38 126
58 126
104 126
229 126
20 126
264 126
172 126
15 126
199 126
185 126
62 126
55 126
50 126
5 126
145 126
22 126
118 126
175 126
274 126
122 126
112 126
142 126
115 126
210 126
3 126
87 126
190 126
10 126
203 126
93 126
21 126
121 126
68 126
186 126
70 126
245 126
125 126
169 126
81 126
135 126
208 48
209 210
42 84
213 3
239 145
1 27
141 8
181 193
80 63
173 227
171 257
6 226
52 136
235 69
246 257
131 252
109 219
268 162
183 20
218 81
265 24
117 87
146 227
73 210
108 36
197 136
16 175
94 100
277 208
275 246
46 247
90 117
127 193
215 157
276 162
133 179
2 107
102 99
34 188
161 9
23 51
167 213
270 123
143 35
67 3
178 113
26 90
19 41
57 214
234 270
139 178
85 198
262 252
259 6
45 97
154 19
14 176
150 245
261 57
77 14
140 166
200 202
66 72
44 251
144 37
101 266
201 105
114 110
130 154
124 153
254 11
64 94
244 67
132 169
170 132
232 180
18 184
192 64
76 264
151 271
47 80
120 177
147 273
159 255
134 102
163 225
222 227
86 125
56 277
168 143
164 109
278 55
74 231
75 1227 19 126
171 17 4 219
98 1353 20 149
119 2 3 126
3 94 7 126
270 3 1 126
216 14 19 126
172 19 33 126
231 18 1202 126
72 12 1 217
93 19 5 126
166 9 24 126
40 40 16 126
260 1597 24 126
273 25 7 100
131 47 6 252
100 91 1937 100
180 1836 1 180
87 50 6 35
81 6 1 217
213 25 85 126
176 17 5 60
123 4 1068 126
186 52 942 126
197 4 12 136
227 2 105 227
146 528 437 227
219 681 4 219
60 6 21 11
155 11 19 126
35 2 1563 35
83 591 21 126
249 128 14 126
165 12 516 255
234 1463 4 126
23 21 1555 11
38 7 42 126
6 713 1 217
275 1445 26 153
72 1479 16 11
270 126 82 13
17 21 26 11
275 6 14 35
119 10 20 126
70 1 22 126
121 9 27 126
275 105 24 110
216 11 1325 156
214 2 79 138
29 8 16 29
208 1531 10 126
191 5 595 7
106 10 23 35
134 16 8 11
28 12 21 11
29 20 96 29
173 24 2 126
136 17 10 219
257 6 1174 272
129 53 6 35
32 786 22 126
32 2 23 35
276 17 9 219
120 1 13 217
114 684 988 100
71 4 14 126
269 816 111 126
163 8 20 107
139 520 14 126
145 90 17 219
107 58 1942 71
171 14 94 126
188 10 15 35
212 112 87 212
151 374 1034 36
80 21 897 11
230 104 23 126
125 20 17 219
247 20 4 126
181 17 1437 126
137 15 4 126
96 16 15 35
233 8 8 2
165 3 17 219
39 27 20 126
80 1 18 217
271 24 91 271
217 3 10 126
275 1152 59 48
191 2 1244 126
127 18 1032 126
117 9 6 126
38 1469 24 126
18 1 79 217
13 16 12 13
241 6 12 241
110 4 529 126
133 85 81 126
64 1 85 217
173 82 3 227
66 1249 38 126
250 5 4 60
63 60 8 63
41 112 59 9
266 22 8 266
149 25 644 51
155 23 5 35
86 15 662 126
84 53 16 11
276 908 24 126
212 8 115 212
31 14 20 126
33 95 20 126
159 17 25 255
277 131 5 48
77 1708 71 89
15 22 1158 126
5 27 26 126
43 1422 33 126
90 21 23 35
198 4 20 198
253 3 2 126
134 27 7 126
207 1628 7 100
122 201 44 126
215 9 1482 157
216 23 6 35
39 12 2 126
253 1747 63 126
22 76 25 37
233 22 104 126
19 17 2 219
61 3 22 126
187 98 1375 126
172 17 78 219
206 1 1203 217
28 1615 8 13
135 6 783 126
224 16 1183 37
37 1572 101 37
29 937 8 29
114 1708 7 100
141 8 27 126
181 14 12 126
88 11 40 126
120 57 23 219
85 99 13 198
216 517 13 224
134 433 121 99
243 26 118 153
193 98 102 126
229 5 348 51
135 31 21 126
226 19 14 126
82 20 131 126
191 620 1441 158
128 2 12 126
81 5 1944 60
216 58 7 100
197 22 2 126
10 16 1 217
16 64 25 63
130 12 2 255
110 25 61 110
66 1909 9 126
113 39 19 255
158 15 4 35
99 10 5 126
200 14 96 126
162 14 23 35
154 32 55 41
194 5 110 194
167 123 1311 126
178 5 1 113
247 1858 24 126
102 11 15 227
102 7 22 126
85 1726 852 219
117 1911 17 126
195 12 20 255
193 6 18 126
127 104 1 126
248 7 24 126
10 10 101 126
173 4 171 173
185 23 17 219
114 54 17 13
132 870 31 126
163 18 8 225
93 384 15 126
147 10 1576 273
120 1167 1849 227
85 10 84 126
26 17 59 219
112 750 5 238
149 19 16 11
123 11 5 227
230 27 16 126
69 7 247 100
97 9 25 51
273 28 17 219
96 506 5 92
95 27 131 126
107 31 3 126
23 1241 1510 126
27 14 27 126
211 14 2 126
143 77 126 35
269 27 91 126
137 2 7 126
67 13 85 126
112 19 93 126
83 21 3 126
210 16 21 11
271 22 267 32
229 1554 1 217
91 27 4 126
243 15 14 126
148 56 114 100
181 89 67 227
158 1744 24 158
104 19 16 126
70 815 5 126
55 27 27 123
55 2 16 126
180 1017 7 100
189 9 287 37
42 8 26 153
120 11 123 227
271 14 21 11
240 118 19 240
92 25 20 233
91 48 662 126
277 80 13 48
165 280 65 41
20 48 100 126
150 2 454 126
146 23 4 227
95 14 2 126
172 54 4 126
108 3 101 126
49 3 23 35
37 122 1567 71
225 16 9 11
96 25 11 227
49 1492 26 153
109 13 18 219
132 11 9 126
183 95 8 126
78 13 10 78
227 2 21 227
228 8 2 228
112 12 1597 126
51 106 17 51
272 21 16 11
230 49 5 126
203 857 27 126
251 22 1143 126
252 16 5 252
139 17 17 219
229 22 11 126
