1612 8 1847
61 1011
1015 61
1437 1015
310 1437
838 310
1509 838
940 1509
1607 940
659 1607
1516 659
1500 1516
1211 1500
570 1211
573 570
1400 573
263 1400
913 263
1117 913
915 1117
1265 915
983 1265
887 983
1004 887
407 1004
982 407
1005 982
430 1005
1600 430
742 1600
871 742
201 871
925 201
316 925
741 316
305 741
958 305
609 958
431 609
1038 431
577 1038
90 577
75 90
362 75
1572 362
1161 1572
783 1161
364 783
578 364
1449 578
1540 1449
895 1540
1297 895
176 1297
218 176
86 218
1029 86
346 1029
1294 346
798 1294
1146 798
898 1146
976 898
781 976
677 781
449 677
652 449
1244 652
1206 1244
1375 1206
286 1375
237 286
1193 237
427 1193
598 427
1418 598
1234 1418
363 1234
723 363
1368 723
320 1368
388 320
756 388
284 756
217 284
540 217
963 540
1583 963
1571 1583
1322 1571
542 1322
1095 542
763 1095
1073 763
952 1073
1590 952
602 1590
641 602
791 641
501 791
482 501
1404 482
1342 1404
1184 1342
1192 1184
1490 1192
181 1490
572 181
1304 572
1092 1304
1387 1092
1049 1387
153 1049
920 153
1204 920
1423 1204
903 1423
1154 903
922 1154
650 922
45 650
290 45
1110 290
996 1110
1454 996
134 1454
1078 134
1160 1078
289 1160
767 289
575 767
945 575
1028 945
1442 1028
529 1442
900 529
261 900
515 261
831 515
133 831
1506 133
1427 1506
175 1427
1542 175
1408 1542
322 1408
1340 322
1553 1340
590 1553
1080 590
513 1080
472 513
1363 472
516 1363
1174 516
420 1174
143 420
1091 143
587 1091
1356 587
812 1356
349 812
297 349
1519 297
1261 1519
5 1261
166 5
1009 166
1230 1009
1063 1230
902 1063
353 902
1579 353
1522 1579
1426 1522
309 1426
308 309
961 308
1083 961
1523 1083
1563 1523
238 1563
317 238
65 317
1071 65
413 1071
595 413
288 595
808 288
816 808
1526 816
968 1526
1358 968
630 1358
1052 630
236 1052
162 236
2 162
332 2
1416 332
948 1416
1321 948
1259 1321
1008 1259
1013 1008
1448 1013
1373 1448
817 1373
1417 817
1459 1417
1159 1459
729 1159
1050 729
1059 1050
137 1059
510 137
1079 510
1327 1079
860 1327
608 860
1023 608
206 1023
1498 206
399 1498
1209 399
1324 1209
1276 1324
272 1276
459 272
617 459
1012 617
28 1012
653 28
379 653
442 379
63 442
1564 63
909 1564
857 909
535 857
806 535
584 806
161 584
259 161
713 259
348 713
743 348
1222 743
255 1222
1285 255
498 1285
1462 498
18 1462
94 18
1360 94
485 1360
732 485
1556 732
764 1556
1274 764
136 1274
340 136
637 340
210 637
786 210
517 786
274 517
329 274
1058 329
1428 1058
777 1428
314 777
1548 314
1138 1548
738 1138
706 738
1270 706
301 1270
460 301
452 460
568 452
278 568
1403 278
1139 1403
370 1139
1243 370
1467 1243
536 1467
1076 536
1585 1076
772 1585
605 772
1020 605
277 1020
956 277
841 956
813 841
1172 813
492 1172
88 492
633 88
467 633
648 467
647 648
753 647
518 753
170 518
853 170
32 853
453 32
296 453
1551 296
1593 1551
313 1593
1512 313
890 1512
771 890
1499 771
234 1499
80 234
683 80
221 683
567 221
1552 567
1379 1552
306 1379
649 306
1045 649
196 1045
1570 196
506 1570
1054 506
163 1054
523 163
737 523
562 737
1334 562
1604 1334
921 1604
1114 921
1439 1114
847 1439
495 847
145 495
1177 145
603 1177
142 603
1357 142
389 1357
1599 389
981 1599
9 981
1140 9
1478 1140
1382 1478
874 1382
531 874
711 531
1018 711
1096 1018
139 1096
923 139
258 923
333 258
804 333
279 804
358 279
78 358
1461 78
973 1461
222 973
114 222
248 114
864 248
752 864
643 752
1127 643
1451 1127
544 1451
951 544
700 951
1339 700
600 1339
1125 600
862 1125
1072 862
969 1072
1491 969
69 1491
1064 69
675 1064
423 675
550 423
1330 550
1043 1330
939 1043
96 939
1543 96
834 1543
220 834
1420 220
425 1420
376 425
418 376
120 418
285 120
1338 285
1389 1338
227 1389
189 227
1574 189
870 1574
1002 870
1037 1002
936 1037
193 936
1165 193
892 1165
1305 892
1354 1305
919 1354
666 919
197 666
828 197
955 828
138 955
1557 138
1218 1557
672 1218
324 672
1190 324
1090 1190
1248 1090
410 1248
843 410
867 843
1223 867
1286 1223
580 1286
178 580
1609 178
10 1609
596 10
644 596
1239 644
106 1239
276 106
82 276
383 82
985 383
1391 985
476 1391
336 476
283 336
1292 283
331 1292
1099 331
1121 1099
640 1121
385 640
1431 385
111 1431
1288 111
22 1288
1397 22
1227 1397
113 1227
1241 113
256 1241
330 256
1055 330
1415 1055
681 1415
1361 681
146 1361
406 146
1455 406
470 1455
280 470
989 280
556 989
1365 556
980 1365
412 980
805 412
408 805
1026 408
1103 1026
1405 1103
563 1405
1610 563
1246 1610
493 1246
1536 493
357 1536
1480 357
761 1480
775 761
447 775
439 447
987 439
904 987
1316 904
1056 1316
53 1056
400 53
527 400
1123 527
205 1123
341 205
173 341
879 173
953 879
1069 953
1307 1069
794 1307
868 794
51 868
549 51
1326 549
1348 1326
231 1348
1065 231
20 1065
1463 20
445 1463
13 445
486 13
1562 486
840 1562
1151 840
328 1151
911 328
126 911
1001 126
1429 1001
642 1429
1484 642
1393 1011
1232 1011
694 1011
849 1011
1180 1011
967 1011
758 1011
465 1011
33 1011
1464 1011
1581 1011
34 1011
684 1011
1473 1011
394 1011
1033 1011
1158 1011
115 1011
1303 1011
618 1011
252 1011
669 1011
49 1011
60 1011
1345 1011
747 1011
1156 1011
1236 1011
1343 1011
810 1011
950 1011
240 1011
886 1011
1422 1011
769 1011
724 1011
1475 1011
858 1011
728 1011
488 1011
1573 1011
98 1011
191 1011
1341 1011
132 1011
497 1011
122 1011
776 1011
269 1011
623 1011
457 1011
1612 1011
559 1011
1143 1011
50 1011
1359 1011
343 1011
249 1011
208 1011
530 1011
455 1011
882 1011
621 1011
337 1011
1220 1011
25 1011
718 1011
1137 1011
454 1011
1299 1011
1587 1011
1468 1011
883 1011
899 1011
112 1011
1153 1011
597 1011
1216 1011
1057 1011
1472 1011
417 1011
1164 1011
674 1011
130 1011
999 1011
1569 1011
338 1011
947 1011
1173 1011
116 1011
876 1011
1329 1011
689 1011
102 1011
386 1011
960 1011
917 1011
30 1011
610 1011
1605 1011
1119 1011
1081 1011
594 1011
390 1011
1169 1011
512 1011
543 1011
1088 1011
1595 1011
444 1011
1366 1011
959 1011
70 1011
415 1011
1325 1011
1545 1011
1120 1011
57 1011
1544 1011
1524 1011
1592 1011
355 1011
793 1011
537 1011
168 1011
1290 1011
46 1011
1301 1011
664 1011
54 1011
335 1011
1067 1011
628 1011
748 1011
414 1011
1487 1011
1142 1011
1565 1011
773 1011
671 1011
311 1011
293 1011
62 1011
942 1011
1271 1011
528 1011
566 1011
384 1011
932 1011
533 1011
1315 1011
1588 1011
40 1011
499 1011
67 1011
344 1011
825 1011
281 1011
299 1011
893 1011
593 1011
1380 1011
746 1011
809 1011
1293 1011
663 1011
877 1011
680 1011
1309 1011
229 1011
247 1011
211 1011
92 1011
1576 1011
760 1011
154 1011
1419 1011
792 1011
801 1011
532 1011
287 1011
676 1011
1314 1011
1496 1011
918 1011
881 1011
807 1011
434 1011
11 1011
202 1011
209 1011
1533 1011
243 1011
421 1011
1310 1011
745 1011
503 1011
1369 1011
21 1011
81 1011
12 1011
58 1011
292 1011
1486 1011
1136 1011
852 1011
141 1011
55 1011
254 1011
396 1011
192 1011
1201 1011
232 1011
339 1011
1514 1011
1077 1011
1582 1011
685 1011
1228 1011
241 1011
1424 1011
257 1011
1036 1011
1537 1011
1328 1011
1311 1011
522 1011
736 1011
1535 1011
1385 1011
1332 1011
403 1011
558 1011
27 1011
359 1011
1277 1011
995 1011
1269 1011
466 1011
135 1011
629 1011
446 1011
1 1011
207 1011
1458 1011
802 1011
475 1011
1042 1011
95 1011
1254 1011
1262 1011
1508 1011
994 1011
1122 1011
848 1011
171 1011
275 1011
1421 1011
1019 1011
1384 1011
1441 1011
1346 1011
1371 1011
1401 1011
228 1011
1477 1011
1457 1011
714 1011
1107 1011
698 1011
502 1011
174 1011
282 1011
334 1011
1255 1011
245 1011
688 1011
83 1011
402 1011
658 1011
225 1011
1199 1011
1214 1011
448 1011
52 1011
1240 1011
1124 1011
1273 1011
613 1011
908 1011
483 1011
1319 1011
368 1011
64 1011
1561 1011
429 1011
625 1011
914 1011
734 1011
1250 1011
250 1011
837 1011
1066 1011
1087 1011
820 1011
1525 1011
1113 1011
195 1011
172 1011
1349 1011
519 1011
1586 1011
1466 1011
768 1011
975 1011
1213 1011
1112 1011
733 1011
662 1011
954 1011
1567 1011
592 1011
1452 1011
1318 1011
1252 1011
397 1011
829 1011
1203 1011
1597 1011
1386 1011
755 1011
1370 1011
800 1011
591 1011
1155 1011
727 1011
110 1011
1148 1011
312 1011
1101 1011
1566 1011
374 1011
260 1011
246 1011
1229 1011
1550 1011
751 1011
456 1011
599 1011
157 1011
555 1011
1527 1011
716 1011
589 1011
1280 1011
1425 1011
1596 1011
109 1011
91 1011
319 1011
19 1011
156 1011
826 1011
1513 1011
1198 1011
1208 1011
1485 1011
1035 1011
85 1011
1044 1011
551 1011
632 1011
971 1011
354 1011
930 1011
1374 1011
520 1011
1157 1011
916 1011
1205 1011
1062 1011
160 1011
1188 1011
1518 1011
1460 1011
1443 1011
1515 1011
1267 1011
836 1011
487 1011
1226 1011
79 1011
464 1011
1546 1011
509 1011
190 1011
612 1011
1308 1011
1352 1011
966 1011
863 1011
215 1011
1470 1011
1235 1011
398 1011
198 1011
437 1011
661 1011
17 1011
866 1011
1568 1011
1377 1011
1440 1011
1283 1011
1195 1011
1555 1011
839 1011
622 1011
944 1011
928 1011
350 1011
780 1011
199 1011
937 1011
1507 1011
1237 1011
150 1011
38 1011
108 1011
541 1011
391 1011
1489 1011
140 1011
1396 1011
104 1011
1560 1011
66 1011
1528 1011
678 1011
943 1011
382 1011
583 1011
121 1011
77 1011
72 1011
859 1011
1344 1011
1145 1011
1141 1011
1000 1011
360 1011
304 1011
1085 1011
1100 1011
634 1011
461 1011
682 1011
869 1011
1497 1011
159 1011
891 1011
880 1011
1003 1011
194 1011
511 1011
1105 1011
1520 1011
235 1011
93 1011
660 1011
1166 1011
796 1011
200 1011
1219 1011
239 1011
295 1011
710 1011
785 1011
1176 1011
1075 1011
1399 1011
1168 1011
865 1011
884 1011
905 1011
428 1011
668 1011
851 1011
782 1011
1388 1011
395 1011
158 1011
494 1011
1521 1011
1495 1011
1048 1011
707 1011
704 1011
183 1011
1559 1011
1094 1011
1191 1011
369 1011
665 1011
1217 1011
1047 1011
699 1011
1549 1011
687 1011
1207 1011
1531 1011
73 1011
691 1011
31 1011
574 1011
646 1011
855 1011
223 1011
1061 1011
576 1011
1300 1011
504 1011
1185 1011
1197 1011
71 1011
873 1011
1287 1011
656 1011
1302 1011
693 1011
375 1011
1394 1011
15 1011
393 1011
821 1011
265 1011
1025 1011
1171 1029
1351 1222
505 192
1320 609
835 1047
107 1582
23 1563
125 562
26 699
8 475
1504 950
1109 248
35 454
1476 1255
797 53
1608 78
3 1531
300 437
514 18
39 389
638 680
744 461
784 502
545 728
906 116
907 1423
179 364
1282 733
1413 574
89 1338
548 1001
1372 337
692 1397
553 1122
1433 88
477 1273
117 1088
552 237
1084 608
547 1292
1272 261
233 909
450 51
818 661
779 1283
155 191
100 1560
819 1124
670 572
323 920
719 55
426 1025
68 575
910 1431
569 106
964 777
123 192
1189 562
702 751
1479 940
795 1425
606 574
1594 570
105 510
924 837
875 106
127 499
184 810
1503 63
1260 553
789 952
1152 1555
703 886
1331 134
392 884
149 235
815 1091
655 1345
1469 30
787 578
957 53
1179 857
1111 956
1126 282
147 1366
1231 1548
626 1240
424 728
581 1294
979 1065
1444 1455
1266 1213
1053 162
750 1466
1245 1120
99 519
1182 547
267 1346
1383 156
1432 606
1517 132
846 859
129 461
1163 573
186 1056
48 638
59 284
7 66
103 1425
557 27
1098 1226
850 1377
611 1280
1233 1600
1118 1049
701 1340
651 592
1253 112
438 1292
1093 202
302 876
74 1572
654 1058
37 173
1034 1330
1295 71
1611 852
490 1415
1435 925
856 568
1017 1295
872 1019
101 755
1453 647
326 1343
463 186
84 1329
1298 873
1317 816
500 1168
740 1123
720 886
524 1320
440 1484
1242 968
878 176
76 385
219 925
342 477
854 1354
765 155
268 743
507 760
686 583
1591 1596
709 884
657 330
1249 1078
405 1299
1412 516
1575 775
1275 209
43 1401
993 1208
216 1098
1089 1386
1187 259
356 1332
1032 905
474 1219
534 892
416 1307
627 1379
842 590
1082 105
1471 787
1170 350
345 297
1584 247
554 555
151 21
803 570
1016 760
1128 312
811 794
203 50
188 192
749 812
1086 1345
1445 499
1281 864
458 993
912 268
1355 1211
754 714
823 1228
351 825
1450 274
373 1105
933 768
1284 694
44 1159
366 732
1030 964
926 100
1039 649
479 1088
1589 348
1167 492
1402 629
508 911
762 2
844 1204
1225 979
1212 633
888 1168
1060 470
1278 744
1247 1209
897 953
697 77
624 1520
1434 312
1279 1460
1313 83
824 21
997 625
1200 1499
1178 1564
1196 846
270 394
1051 1389
722 883
6 472
901 767
352 261
1510 1441
1606 1057
1296 1315
1238 1156
253 867
1306 1599
1410 146
1291 80
560 572
266 253
41 341
164 987
367 1477
365 19
321 918
1511 867
1007 170
717 363
387 1522
715 454
1538 510
378 644
152 997
1335 918
546 1038
1580 157
1456 874
1046 329
619 807
827 1079
1074 1388
496 170
538 285
480 71
1577 296
730 519
931 501
119 453
1323 1284
180 1596
1602 1551
291 1467
978 743
484 999
1446 1025
1070 455
380 1600
579 1240
1501 122
1392 1461
774 967
1598 90
1378 973
1150 1262
204 484
213 379
244 1164
315 1454
696 98
885 1412
1097 488
1175 400
1221 48
1601 924
165 1442
1407 1157
1337 913
1502 1182
451 1552
1264 841
481 715
1395 240
690 305
1186 1255
1353 517
1251 366
271 1567
607 1401
473 282
307 458
462 538
1010 442
635 1201
327 610
1539 1032
708 1327
588 1059
970 382
187 1328
1493 1380
214 1032
1603 1138
1041 1442
1102 1448
432 1478
833 750
489 1359
564 32
1024 1229
42 524
830 114
1162 1220
1106 1322
422 1191
1390 583
182 424
128 67
845 1385
586 1562
1488 1363
1312 175
1438 950
24 1026
1474 1571
1027 1559
1409 1175
441 1162
1534 738
1554 155
990 1322
1578 1609
16 479
1031 624
148 584
565 1044
381 103
757 643
177 511
1104 821
582 1207
294 177
614 659
725 1363
298 964
571 333
1414 298
29 482
991 1110
1532 126
988 1435
419 783
949 449
1014 1020
1130 1343
1147 1363
832 1303
1021 1318
986 1421
1129 259
491 944
212 1272
1224 1041
318 199
1558 285
478 1017
1362 1312
927 1224
185 971
645 1437
377 1461
679 871
526 782
631 237
433 883
561 736
131 849
1436 1026
790 637
36 472
1289 1581
739 1586
443 1329
766 1352
946 6
1465 389
469 882
525 940
1381 1120
4 650
124 1219
1183 1358
726 122
1144 79
1108 216
712 880
144 590
1006 1451
436 1568
471 1152
941 130
411 1228
14 1375
1149 1235
372 1355
972 1472
404 800
1202 192
814 709
1492 828
1529 1501
896 1497
705 1466
1258 455
770 1159
1541 987
1530 738
242 1025
735 1357
230 997
929 1568
759 1112
1398 855
935 594
1268 328
1132 1279
721 775
822 498
861 1608
1040 566
264 77
1022 1245
601 581
1482 249
1115 665
1364 1019
1135 781
636 1385
778 722
992 85
401 1164
118 1007
1133 869
468 729
1134 406
1483 1273
262 606
1215 1433
409 1501
1347 248
167 255
639 955
1547 4
224 1161
604 688
984 1440
1116 1174
934 385
169 384
47 838
889 787
667 319
974 1217
616 1583
361 952
585 1097
1194 1013
731 545
226 499
1350 1119
788 1067
1068 410
56 969
325 1578
620 899
1263 1527
1481 79
1131 444
962 1436
303 1174
938 220
1406 1177
1256 113
97 738
539 361
1411 973
251 235
371 734
1376 1175
695 458
521 1596
1336 992
673 987
799 1409
1430 335
273 881
977 107
894 1435
1447 1031
435 169
1494 1088
615 814
87 1584
998 1222
347 342
1333 135
1505 324
965 888
1257 1129
1367 849
1181 677
1210 137
1189 8 8 743
529 8 6 529
1474 7 1 1571
1492 2 8 743
792 2 4 1011
991 8 5 1110
1041 4 1 1442
290 7 8 743
1152 4 7 10
893 6 4 925
170 4 2 170
1574 5 5 1301
25 3 3 819
1529 2 8 1011
739 1 3 1011
519 8 7 743
505 5 4 1011
14 7 6 1375
1439 7 5 1439
444 2 3 1011
1571 8 4 743
949 6 3 925
604 3 6 1011
1590 5 7 1590
606 7 8 743
531 6 6 988
452 5 5 1301
1453 3 7 647
1564 2 2 491
1167 5 1 1011
1380 7 3 1011
1353 5 4 517
649 1 6 925
247 4 7 10
567 6 8 743
537 6 3 1011
1177 5 4 1177
1493 4 5 1011
1440 8 4 743
550 2 3 1011
857 1 1 402
352 2 8 261
996 5 1 1011
1597 2 4 1011
863 7 5 1011
1548 3 2 1011
340 4 2 340
907 3 7 1423
1210 7 3 137
761 6 5 925
752 5 7 752
863 2 6 1011
289 5 6 925
1146 6 3 925
1308 3 5 1011
1214 6 8 925
1292 4 1 1292
190 3 2 1011
755 1 4 1011
1081 2 8 1011
510 7 2 510
814 3 6 1011
296 2 6 925
657 5 2 1011
1123 8 3 743
1379 5 4 1379
1304 1 5 1011
593 4 3 1011
1008 5 3 1011
768 7 2 1011
911 3 4 1123
1512 2 3 1011
633 6 3 925
853 2 3 1011
60 4 3 1011
167 3 6 925
1005 5 4 1005
639 7 5 955
736 5 7 1011
221 4 4 740
730 5 4 1011
453 6 7 453
957 8 2 743
191 2 4 1011
946 3 1 1011
1161 5 5 1301
276 8 5 743
879 4 8 1123
1596 1 2 1011
269 6 4 925
878 4 1 176
874 2 6 925
1270 7 5 1270
1316 8 8 743
810 3 6 1011
778 2 1 1011
1465 5 3 1011
811 2 5 1011
625 7 3 1011
941 2 7 1011
1425 6 1 1011
222 2 7 222
158 6 8 925
1172 8 2 743
313 5 2 1011
1201 4 1 1011
946 3 7 472
1109 1 4 248
396 7 7 10
1056 7 3 10
1493 6 5 1011
491 7 5 1011
64 7 2 1011
555 7 5 1011
613 6 6 988
1463 4 1 1123
560 1 1 402
1100 6 1 1011
42 1 8 609
223 1 3 1011
897 8 7 10
223 7 6 925
112 2 2 491
1454 8 7 743
591 6 6 988
920 2 5 1011
501 4 7 10
1143 8 1 1011
1546 6 6 988
116 8 2 1011
94 2 1 1011
856 3 8 743
1535 2 6 1011
965 5 2 1011
598 5 6 925
760 7 5 1011
453 6 7 453
801 1 1 402
55 6 3 1011
1146 5 2 1011
675 4 2 675
716 4 5 1011
1556 2 6 925
956 7 6 956
1372 3 8 1011
1534 3 2 1011
244 3 4 1011
1104 8 6 925
1423 5 3 1011
1606 2 4 1011
346 8 5 346
1384 8 8 743
1264 6 2 925
680 8 7 743
1518 6 2 1011
1404 8 2 1404
134 7 4 10
596 6 3 925
785 4 2 1011
1350 7 7 10
198 5 2 1011
1600 1 3 1011
1524 2 5 1011
678 5 6 1011
566 5 4 1011
613 1 1 402
1123 8 6 743
135 8 1 1011
808 2 6 925
1610 7 1 10
240 4 6 925
631 5 8 237
1403 8 7 1403
1022 7 2 1011
521 1 2 1011
1322 6 7 1322
28 5 2 1011
274 6 2 925
905 2 7 1011
48 1 1 402
809 7 6 925
984 8 4 743
1190 3 8 743
1563 1 2 1011
1381 1 2 1011
975 2 2 491
684 6 1 1011
326 5 1 1011
956 6 5 925
390 3 3 819
658 7 7 10
360 3 7 1011
1307 3 4 1123
749 6 1 925
74 5 6 925
428 7 4 10
1491 8 8 743
695 2 8 1011
939 5 3 1011
846 5 2 1011
63 1 3 1011
870 6 6 988
1583 7 6 1583
372 4 7 10
731 1 1 402
693 1 3 1011
958 5 2 1011
1298 3 7 1011
1274 1 3 1011
823 7 7 10
1197 5 4 1011
40 7 4 10
44 3 8 1159
521 5 6 1011
814 5 5 1301
1028 4 4 740
1486 1 5 1011
469 1 6 1011
1017 8 6 925
1610 6 2 925
599 7 8 743
1149 1 8 1011
11 5 8 1011
1402 5 1 1011
826 2 7 1011
334 6 4 925
357 7 3 10
1388 6 1 1011
1044 8 3 1011
487 5 5 1301
101 1 6 1011
208 8 1 1011
1085 1 2 1011
1326 7 1 10
644 1 8 743
289 1 7 289
1307 8 6 743
742 2 4 742
1458 5 4 1011
63 4 7 10
1350 6 3 1011
1254 4 2 1011
574 7 2 1011
1189 2 7 562
697 7 3 1011
89 3 7 1338
244 1 6 1011
743 3 8 743
1348 2 5 1011
481 2 6 1011
711 6 3 925
257 4 3 1011
1200 3 8 743
1553 7 6 1553
903 2 1 1011
1502 1 4 1292
398 7 4 10
923 6 3 925
1277 1 7 1011
1051 5 7 1389
288 2 6 925
1298 2 4 1011
1041 3 6 925
254 4 2 1011
58 1 3 1011
699 3 6 1011
361 5 2 1011
1509 2 1 1011
371 4 3 1011
525 2 1 1011
179 7 2 364
1312 8 6 175
1351 1 2 1011
295 5 8 1011
23 4 6 1563
340 6 4 340
1037 4 3 1037
913 1 7 913
1064 5 5 1301
306 2 3 1011
324 8 2 743
733 6 2 1011
531 7 2 531
990 4 6 1322
257 2 7 1011
997 7 8 743
1401 1 1 402
48 1 5 1011
1490 2 8 1490
578 2 3 1011
252 1 8 1011
405 4 5 1011
1584 1 1 402
313 4 2 313
1411 7 7 10
245 1 6 1011
124 8 7 743
521 8 8 743
442 3 8 442
465 6 1 1011
445 4 1 1123
886 2 3 1011
1400 1 5 1011
1557 5 6 925
457 8 2 1011
309 8 8 743
649 4 2 649
531 3 3 819
1363 1 4 1363
1582 5 7 1011
627 7 3 1379
1565 2 5 1011
761 7 1 10
768 4 7 10
241 4 2 1011
971 7 4 10
1026 7 5 10
442 7 1 442
187 8 5 1011
702 1 5 1011
1569 5 8 1011
915 1 4 915
178 1 2 1011
1289 5 2 1011
525 5 4 940
286 3 1 1011
525 7 4 10
1483 7 7 10
1406 6 6 988
741 8 1 741
835 7 8 743
379 4 6 379
1610 6 3 925
1597 6 4 925
1497 4 3 1011
565 8 7 743
502 2 3 1011
1592 5 7 1011
1211 1 8 1211
912 6 7 743
1104 3 3 819
1222 3 5 1011
52 2 7 1011
1186 5 3 1011
386 4 6 925
1378 3 7 973
1388 3 2 1011
652 8 6 652
113 2 2 491
186 2 5 1011
1082 2 2 491
1085 1 4 1011
1327 8 3 1327
668 7 7 10
414 5 1 1011
655 3 2 1011
84 6 6 988
492 6 2 925
1379 8 6 743
827 4 2 1079
1019 1 2 1011
1523 8 6 1523
1105 6 5 1011
1283 8 2 1011
182 8 2 1011
446 8 4 743
493 8 7 10
374 3 7 1011
1433 6 5 925
366 3 8 743
1035 8 3 1011
1064 5 7 1064
1117 2 3 1011
346 6 4 346
1546 2 1 1011
1436 4 7 1026
360 2 5 1011
637 8 4 637
89 7 1 1338
1605 7 8 743
65 8 1 65
436 4 5 1011
1045 3 7 1045
402 6 2 1011
531 5 3 1011
899 7 7 10
462 8 5 743
1526 5 6 925
881 1 4 1011
840 8 7 10
1202 7 6 925
1509 5 5 1301
778 3 4 1011
854 2 6 925
189 6 4 189
873 7 1 1011
833 6 6 988
453 4 2 453
740 8 4 740
705 7 7 10
581 7 2 1294
1515 4 2 1011
956 6 8 743
1598 6 4 90
118 2 6 925
16 6 2 1011
1274 5 5 1301
1402 3 7 1011
560 3 2 1011
736 8 4 743
820 5 3 1011
1390 1 5 1011
116 8 5 1011
257 2 6 1011
550 1 1 402
313 4 6 313
668 1 1 402
747 2 5 1011
941 2 6 1011
918 7 5 1011
514 6 3 925
1320 3 2 1011
1484 5 8 743
1343 4 2 1011
117 6 3 1011
1156 8 7 743
434 5 1 1011
1013 6 6 988
1249 7 4 10
1349 7 2 1011
998 8 5 743
906 3 3 819
849 1 1 402
166 2 3 1011
601 3 6 925
539 5 5 1301
676 2 5 1011
285 6 6 988
745 6 6 988
1007 8 1 743
366 7 8 732
1020 8 1 743
632 4 1 1011
1253 2 4 1011
1059 6 3 925
1271 6 7 925
436 2 1 1011
1577 6 5 925
32 8 1 743
357 8 2 743
1406 7 6 1177
1592 6 7 925
827 7 1 1079
1586 7 4 10
252 1 8 1011
985 3 6 925
1254 7 2 1011
411 8 2 1011
376 3 1 1011
440 3 7 10
1027 2 2 491
729 4 6 729
770 7 1 1159
459 8 5 459
848 3 4 1011
133 2 1 1011
730 7 7 10
636 2 7 1011
1392 6 3 925
1290 6 2 1011
239 7 1 1011
252 7 7 10
1284 1 8 1011
1469 5 4 1011
476 4 3 476
855 4 1 1011
1514 1 6 1011
67 1 8 1011
184 2 1 1011
599 3 2 1011
298 3 6 925
139 1 8 743
7 4 5 1011
740 7 1 10
1418 8 2 1418
834 6 6 988
885 1 3 1011
904 5 6 925
880 4 5 1011
264 1 4 1011
886 4 3 1011
664 4 6 925
655 5 4 1011
1415 3 6 925
1064 2 3 1011
1435 2 1 1011
676 8 2 1011
788 6 1 1011
6 1 5 1011
402 1 3 402
825 4 5 1011
1468 3 3 819
970 7 5 1011
180 2 6 1011
530 2 5 1011
77 1 2 1011
206 2 7 206
705 1 5 1011
1060 8 4 470
86 2 2 491
251 2 7 1011
222 7 1 222
1047 3 8 1011
1558 1 2 1011
757 3 6 925
393 7 1 1011
442 5 2 1011
1296 6 7 925
725 2 8 1363
118 6 8 743
1088 6 3 1011
1571 1 5 1011
195 4 5 1011
643 8 2 743
48 5 7 1011
346 8 1 346
982 6 1 982
906 5 2 1011
1424 3 5 1011
787 5 8 578
724 8 2 1011
918 8 7 743
1177 1 4 1177
788 2 3 1011
668 5 4 1011
1536 7 4 1536
1399 1 6 1011
159 3 1 1011
1114 4 2 1114
860 4 7 10
670 2 6 925
1304 1 1 402
584 1 2 1011
857 1 6 925
99 6 2 1011
456 5 7 1011
1311 6 6 988
1415 2 2 491
1095 7 2 1095
1587 2 1 1011
1449 1 3 1011
1215 5 6 925
1561 5 4 1011
850 4 8 743
780 5 4 1011
43 4 8 743
2 7 1 2
86 8 5 86
300 8 7 743
383 4 7 383
1384 3 1 1011
1013 6 8 1013
1352 8 7 743
1096 3 5 1011
1148 4 4 740
916 4 2 1011
988 4 4 740
646 3 3 819
578 2 2 491
957 6 3 925
681 7 3 10
1228 7 2 1011
1579 7 2 1579
1170 4 2 1011
1426 3 7 1426
1388 5 6 1011
843 1 8 743
1190 7 1 1190
669 5 7 1011
222 6 4 222
880 4 8 743
1342 8 3 1342
1495 5 6 1011
564 1 1 402
522 2 3 1011
1323 1 5 1011
745 7 8 743
131 1 5 1011
389 8 1 743
610 5 4 1011
1593 6 6 988
205 1 1 402
1436 7 1 10
261 4 5 261
1389 8 1 743
979 7 1 10
228 4 7 10
303 2 8 1174
104 7 2 1011
1400 4 7 10
1483 5 4 1011
1580 7 6 925
1610 3 3 819
1314 6 4 925
602 1 6 925
416 8 5 743
730 8 7 743
425 5 5 1301
1072 2 6 925
1229 5 1 1011
1384 4 1 1011
1345 1 3 1011
762 4 2 2
1023 1 1 402
892 1 2 1011
1171 2 8 1029
343 7 2 1011
32 5 2 1011
1518 1 8 1011
1108 7 1 1011
808 8 8 743
1563 7 3 1563
1266 1 8 1011
1342 4 4 740
552 4 5 237
770 3 1 1011
725 3 5 1011
80 5 4 80
1057 8 5 1011
799 6 8 743
617 4 3 617
890 3 6 925
777 6 5 925
1262 3 6 1011
209 5 3 1011
495 6 3 925
907 1 8 1423
1104 4 1 1011
771 3 1 1011
1376 6 4 400
732 2 7 732
1539 5 5 1301
768 5 2 1011
756 7 1 756
637 3 3 819
1064 4 8 1064
1474 5 1 1011
417 8 5 1011
1063 7 2 1063
111 6 1 925
1481 6 8 925
28 3 7 28
766 1 1 402
551 7 7 10
1418 3 8 1418
1231 5 6 925
427 7 1 427
885 8 5 516
748 4 2 1011
482 7 4 10
317 2 5 1011
1010 6 4 442
1066 2 1 1011
189 7 4 10
523 4 4 740
1375 6 5 925
658 4 8 743
235 1 1 402
911 6 8 743
751 7 5 1011
620 1 3 1011
1050 3 7 1050
522 5 1 1011
642 6 8 743
535 5 6 925
1250 2 7 1011
1002 3 8 743
400 8 2 743
679 7 4 10
324 1 7 324
677 6 6 988
1109 6 8 743
746 5 6 1011
1250 4 8 743
1112 2 6 1011
1305 3 1 1011
1175 7 8 10
1457 8 5 1011
1397 4 5 1397
652 2 4 652
530 5 1 1011
1212 3 1 1011
358 1 7 358
1482 3 2 1011
1365 7 8 10
1285 2 8 743
577 4 7 10
612 3 7 1011
163 6 6 988
1385 8 7 743
370 2 4 370
385 3 3 819
257 8 6 925
265 8 4 743
87 4 4 740
314 2 1 1011
1003 2 1 1011
204 7 2 1011
1093 1 3 1011
732 5 7 732
27 5 4 1011
1125 1 8 743
263 3 2 1011
243 1 5 1011
1287 3 5 1011
418 6 8 743
1490 8 5 1490
501 5 6 925
604 5 1 1011
450 5 3 1011
1036 7 2 1011
1441 4 2 1011
1417 5 3 1011
175 2 6 925
1497 8 3 1011
1607 8 5 1607
481 4 5 1011
731 3 4 1011
1447 3 5 1011
1215 2 1 1011
78 1 5 1011
638 4 7 10
95 3 5 1011
1023 3 3 819
827 4 2 1079
734 5 3 1011
745 4 8 743
583 5 2 1011
653 2 7 653
1094 2 7 1011
1122 2 3 1011
979 5 3 1011
122 5 2 1011
1525 7 5 1011
284 5 5 1301
1301 1 5 1301
449 3 4 449
60 7 3 1011
1416 5 6 925
452 7 3 452
589 8 4 743
424 1 2 1011
849 1 4 1011
953 8 3 743
20 2 8 743
646 5 8 1011
469 1 8 1011
1590 5 8 1590
858 5 4 1011
1568 6 5 1011
1336 4 2 1011
1527 8 4 743
1238 7 6 925
172 4 7 10
850 4 5 1011
1314 5 1 1011
252 2 8 1011
1182 5 8 743
119 3 8 743
532 3 2 1011
1562 5 4 1123
1179 1 4 857
328 1 8 743
681 2 4 681
188 8 7 743
816 1 1 402
120 3 7 120
320 1 2 1011
210 5 2 1011
250 1 6 1011
778 8 2 1011
206 5 1 1011
441 2 4 1011
1327 5 6 925
1015 3 5 1011
862 2 1 1011
1486 5 5 1301
286 1 5 1011
598 2 8 598
1420 5 8 743
871 5 4 871
642 5 8 743
1416 3 4 1416
1428 4 7 10
1402 4 5 1011
1396 5 4 1011
1487 8 6 925
240 8 4 743
1391 6 3 925
48 1 2 1011
679 5 5 1301
170 2 1 1011
421 6 5 1011
1091 5 4 1091
626 3 3 819
1494 1 1 402
921 8 8 743
773 7 1 1011
920 7 3 920
432 7 2 1478
417 4 6 925
496 7 4 10
342 2 1 1011
643 5 1 1011
1091 4 3 1091
1063 4 2 1063
514 4 6 18
790 1 2 1011
1329 8 6 925
218 5 6 925
409 2 5 1011
1072 2 2 491
678 5 7 1011
238 3 2 1011
1051 7 8 1389
953 6 6 988
1122 2 3 1011
1408 1 2 1011
146 6 3 925
381 3 7 1011
277 1 3 1011
170 2 7 170
302 4 5 1011
312 1 5 1011
1102 5 2 1011
435 7 4 10
1509 1 1 402
1096 4 6 1096
350 5 7 1011
95 1 5 1011
487 2 7 1011
804 4 6 804
35 3 8 1011
934 4 7 385
399 7 5 399
790 4 1 637
437 8 2 1011
878 8 2 176
192 7 6 925
1141 8 2 1011
140 5 8 1011
1043 6 7 1043
879 1 4 1123
822 3 2 1011
159 2 7 1011
401 8 7 743
1432 7 4 10
750 8 6 925
429 6 7 925
1235 8 6 925
993 7 5 1011
277 6 4 277
248 8 7 248
1399 6 5 1011
1358 3 2 1011
1307 4 1 1123
651 6 6 988
140 2 8 1011
1507 3 1 1011
1374 5 6 1011
1223 5 4 1223
213 5 1 1011
996 3 6 925
65 5 7 65
1383 6 7 925
528 6 2 1011
732 7 2 732
803 6 2 570
942 2 2 491
1605 6 5 1011
1034 1 5 1011
1580 4 7 10
874 7 2 874
811 5 5 1301
1600 2 6 1600
134 7 4 10
829 3 6 1011
650 3 1 1011
295 1 2 1011
593 2 6 1011
1273 7 7 10
750 7 4 10
1416 2 8 1416
1117 7 3 1117
245 6 4 925
861 1 1 402
555 1 8 1011
190 4 4 740
1218 7 3 1218
114 4 4 740
1427 6 3 925
734 8 8 743
1200 7 5 1499
44 1 5 1011
244 6 4 925
149 4 4 740
261 4 2 261
228 3 2 1011
794 1 5 1011
471 1 6 1011
386 7 2 1011
1212 2 3 1011
903 1 6 925
189 5 8 743
462 3 8 743
788 6 7 925
523 7 7 10
1105 6 2 1011
1600 3 1 1011
1018 2 1 1011
108 7 5 1011
717 3 2 1011
462 2 8 743
1574 8 2 743
1131 4 1 1011
1207 6 5 1011
1262 1 8 1011
1446 8 4 743
1049 8 6 1049
1233 6 1 1600
913 6 5 913
257 7 1 1011
1229 5 8 1011
807 3 8 1011
1191 4 3 1011
893 4 3 1011
1120 5 5 1301
1362 8 2 175
1312 1 5 1011
1063 6 1 925
819 5 8 1011
593 5 4 1011
158 5 8 1011
881 8 8 743
258 8 7 258
558 1 3 1011
1178 1 4 1564
1138 4 4 740
1213 1 1 402
1316 3 3 819
1327 2 1 1011
531 8 4 531
1252 4 2 1011
586 4 7 1123
455 7 4 10
592 5 6 1011
253 5 5 1301
1044 3 1 1011
579 2 2 491
1386 1 5 1011
618 5 7 1011
1479 1 3 1011
1120 1 5 1011
1208 1 4 1011
81 5 8 1011
1434 6 3 1011
136 7 7 10
1151 3 6 925
1216 3 3 819
1161 2 5 1011
734 7 4 10
1278 4 1 1011
780 8 4 743
1331 8 1 134
1341 2 3 1011
1251 8 7 732
1488 8 8 743
335 1 8 1011
1234 4 5 1234
326 4 8 743
971 3 4 1011
1321 2 3 1011
415 5 3 1011
1580 7 4 10
440 3 5 1011
52 8 3 1011
537 3 6 1011
1580 5 3 1011
550 1 7 550
190 1 4 1011
1328 8 4 743
973 3 6 925
432 7 2 1478
1412 1 2 1011
35 4 4 740
1199 8 2 1011
58 2 1 1011
1485 5 6 1011
336 6 5 925
1182 4 7 1292
620 6 7 925
548 8 4 1123
1329 1 6 1011
1531 1 1 402
145 3 2 1011
571 4 2 333
514 3 1 1011
1546 5 6 1011
185 8 6 925
41 6 2 925
286 4 6 286
1105 5 3 1011
393 7 7 10
1558 8 3 743
1048 8 8 743
972 8 7 743
225 3 5 1011
841 7 4 10
1015 8 3 1015
1296 8 8 743
195 8 7 743
240 1 5 1011
1598 5 3 1011
956 3 1 1011
830 3 6 925
1575 6 8 743
962 8 1 743
974 5 4 1011
1510 3 2 1011
1390 5 6 1011
1368 1 7 1368
939 3 8 743
28 7 6 28
1294 4 1 1294
106 1 4 106
1092 5 8 1092
71 1 6 1011
1557 1 2 1011
470 6 3 925
1343 1 7 1011
867 2 1 1011
732 3 7 732
1308 3 7 1011
281 7 1 1011
1555 5 3 1011
600 3 5 1011
206 7 5 206
257 5 6 1011
845 4 7 10
1333 3 1 1011
252 4 4 740
202 5 1 1011
1 4 7 10
944 2 6 944
1256 4 7 113
843 6 1 925
10 8 5 743
834 8 8 743
1096 7 7 10
745 1 2 1011
194 4 2 1011
903 4 6 903
82 4 1 82
937 7 8 743
1597 8 4 743
500 2 8 1011
671 3 5 1011
810 4 3 1011
1379 5 6 925
950 8 4 743
519 4 7 10
1224 2 3 1011
11 6 7 925
714 8 6 925
698 7 4 10
539 3 5 1011
540 5 6 925
261 2 3 1011
913 1 6 913
693 7 8 743
1359 8 1 1011
386 2 5 1011
1492 8 2 743
990 5 4 1322
288 4 5 288
532 2 5 1011
1601 5 6 1011
1320 5 3 1011
10 5 6 925
129 1 8 1011
288 7 6 288
137 8 1 137
384 5 2 1011
1500 6 4 925
134 2 8 134
92 1 7 1011
295 5 1 1011
277 1 6 925
1295 5 2 1011
1032 2 3 1011
798 3 3 819
1172 3 3 819
548 4 5 1123
725 6 5 925
69 2 4 69
1106 5 1 1011
339 3 7 1011
1434 5 6 1011
165 6 6 988
1204 7 6 1204
595 2 8 595
222 7 3 222
1378 5 7 973
453 4 3 453
1258 2 8 1011
1468 5 3 1011
948 2 1 1011
644 6 5 925
1156 7 4 10
1516 7 1 1516
1283 5 6 1011
630 8 7 743
660 7 4 10
951 1 8 743
1339 6 6 988
1523 6 8 1523
372 8 1 1211
346 4 3 346
217 4 3 217
1282 7 2 1011
1588 4 5 1011
1328 5 7 1011
1390 6 6 988
1536 4 1 1536
237 1 5 1011
1328 4 3 1011
973 6 4 973
742 3 3 819
1357 3 3 819
292 2 1 1011
454 7 7 10
1226 8 4 743
389 1 3 1011
1006 4 1 1451
120 1 2 1011
288 7 2 288
810 6 7 925
147 6 6 988
1491 5 3 1011
339 4 5 1011
577 2 2 491
343 4 5 1011
479 7 1 1011
1283 4 3 1011
924 1 5 1011
1139 4 8 1139
378 8 8 743
1348 7 5 10
1029 4 2 1029
1560 3 3 819
8 7 7 10
1058 6 8 743
358 6 8 743
1598 1 3 1011
1013 1 1 402
94 8 1 743
1183 3 1 1011
965 3 8 1011
900 3 5 1011
691 8 3 1011
1314 1 4 1011
1187 1 4 259
928 4 5 1011
654 2 6 925
1421 8 4 743
234 7 2 234
1590 2 6 925
1192 2 1 1011
849 3 2 1011
283 1 2 1011
1176 1 5 1011
128 3 5 1011
1105 8 3 1011
379 4 2 379
780 3 5 1011
880 4 7 10
1431 1 4 1431
218 4 1 218
673 8 7 10
293 1 1 402
257 2 1 1011
632 7 4 10
1525 1 6 1011
56 3 2 1011
707 7 4 10
901 4 7 10
1543 7 7 10
582 8 2 1011
918 7 5 1011
17 7 7 10
1513 5 7 1011
907 7 3 1423
143 7 4 10
772 7 1 772
1113 3 8 1011
1059 1 5 1011
478 4 4 740
1082 4 5 510
350 6 2 1011
774 8 1 1011
311 6 2 1011
139 3 6 925
755 7 4 10
515 7 6 515
1133 1 8 1011
1442 4 1 1442
573 3 1 1011
7 5 8 1011
839 2 2 491
433 4 1 1011
1170 4 4 740
1369 1 2 1011
1024 7 5 1011
741 8 1 741
239 6 5 1011
452 8 6 743
109 3 8 1011
1288 1 7 10
1378 1 6 925
1288 7 5 10
730 7 8 743
560 6 5 925
785 7 1 1011
44 2 6 925
1591 6 5 1011
1142 8 4 743
691 5 4 1011
1211 5 3 1011
957 2 7 10
167 5 2 1011
654 4 3 1058
489 8 7 743
1472 7 7 10
188 7 3 1011
138 4 6 138
134 5 5 1301
577 4 7 10
564 8 5 743
1309 4 5 1011
667 2 1 1011
1265 8 5 1265
806 4 2 806
580 8 2 743
90 5 2 1011
278 1 7 278
14 3 3 819
553 1 1 402
1408 2 6 925
1357 6 8 743
448 2 8 1011
637 6 2 925
374 5 5 1301
1008 1 3 1011
435 4 5 1011
275 2 5 1011
948 6 5 925
1270 4 8 1270
762 6 3 925
392 8 4 743
845 1 6 1011
1195 5 2 1011
699 5 4 1011
727 7 2 1011
4 8 1 650
420 6 1 925
1147 4 4 740
74 5 6 925
1312 8 6 175
967 8 6 925
490 6 2 925
1233 7 8 743
106 3 2 1011
1580 4 4 740
85 8 4 743
1247 5 4 1209
586 3 5 1011
1599 6 7 1599
323 6 7 920
1352 5 2 1011
1332 5 1 1011
467 5 7 467
105 3 3 819
737 2 1 1011
613 5 7 1011
1419 2 7 1011
1044 4 4 740
792 8 1 1011
598 4 7 10
1459 3 1 1011
1318 4 5 1011
1132 6 2 1011
588 7 3 1059
1274 5 7 1274
356 8 1 1011
135 6 3 1011
1377 5 6 1011
1014 2 5 1011
418 2 7 418
877 7 3 1011
1397 6 2 925
1324 2 4 1324
1325 2 2 491
729 2 3 1011
1052 5 6 925
596 2 8 743
135 3 5 1011
1569 3 6 1011
607 8 4 743
1362 3 6 925
384 7 8 743
752 1 4 752
99 1 8 1011
927 4 6 1442
1159 5 5 1301
82 8 6 743
469 8 1 1011
1127 7 3 1127
41 4 8 1123
486 6 7 10
1467 2 3 1011
1037 2 5 1011
1586 7 7 10
474 5 1 1011
1356 5 7 1356
394 3 1 1011
1409 2 3 1011
219 2 1 1011
355 3 7 1011
1102 4 8 743
1094 6 3 1011
1455 7 3 10
552 6 7 237
575 6 3 925
1465 7 4 10
156 1 8 1011
415 8 4 743
394 1 4 1011
18 6 8 743
990 6 6 988
125 3 8 743
623 3 5 1011
584 8 3 584
827 1 4 1079
462 4 6 285
337 4 5 1011
209 2 1 1011
1416 3 8 1416
1359 2 7 1011
1401 4 8 743
552 2 8 237
969 1 6 925
1587 4 8 743
321 1 2 1011
748 4 5 1011
902 4 6 902
70 7 6 925
1418 4 6 1418
1340 8 8 743
1421 8 2 1011
528 3 2 1011
818 8 4 743
467 7 6 467
59 1 3 1011
776 7 1 1011
531 4 3 531
817 4 8 743
1135 4 8 743
945 7 1 945
215 4 7 10
1241 8 1 743
944 8 8 743
1035 2 7 1011
603 6 2 925
1092 1 4 1092
1516 1 3 1011
489 1 5 1011
825 7 6 925
1610 7 7 10
167 7 2 255
852 1 3 1011
362 8 6 362
909 7 6 909
519 1 2 1011
1481 5 8 1011
853 3 8 743
1308 2 2 491
1323 4 6 925
737 1 7 737
866 7 7 10
944 1 5 1011
272 8 1 272
898 4 8 743
48 4 4 740
1334 6 3 925
163 5 8 743
293 1 7 1011
1252 6 3 1011
1174 7 7 10
411 2 2 491
206 4 3 206
376 5 3 1011
1441 4 7 10
1084 6 4 608
1249 3 3 819
1219 2 4 1011
882 4 4 740
864 7 4 10
980 3 5 1011
1310 3 7 1011
1524 6 2 1011
609 1 3 1011
1561 5 1 1011
99 7 5 1011
587 2 7 587
225 3 1 1011
1385 3 7 1011
999 1 7 1011
477 6 8 925
1523 5 8 1523
1361 7 2 10
1255 5 3 1011
1294 4 6 1294
157 6 8 925
1418 3 6 925
421 3 5 1011
398 2 4 1011
809 7 4 10
962 6 5 925
1193 6 1 925
934 2 8 743
658 6 3 1011
108 2 5 1011
433 2 7 1011
341 6 5 925
434 5 7 1011
176 4 3 176
1343 4 4 740
1131 5 4 1011
1367 7 2 1011
932 1 5 1011
1442 3 1 1011
1217 1 8 1011
954 5 6 1011
845 6 5 1011
376 1 4 376
30 8 8 743
648 8 6 743
926 5 6 1011
879 2 7 10
57 1 6 1011
706 6 8 743
1574 2 4 1574
250 1 1 402
1583 3 6 925
399 2 1 1011
1603 4 5 1138
1269 8 1 1011
318 2 6 1011
110 8 3 1011
316 8 4 743
1239 8 3 743
1003 7 1 1011
1502 4 2 1292
1306 1 2 1011
820 6 1 1011
371 4 4 740
52 8 2 1011
1344 8 8 743
1317 1 7 816
1156 7 4 10
1493 1 8 1011
1339 3 2 1011
120 1 1 402
576 5 8 1011
130 2 5 1011
1599 2 3 1011
960 6 6 988
166 1 5 1011
809 8 8 743
1417 6 5 925
227 2 1 1011
354 1 3 1011
1153 8 8 743
187 5 2 1011
607 8 6 925
615 5 6 1011
15 1 4 1011
1410 5 3 1011
543 8 5 1011
263 3 4 263
1455 3 7 10
994 1 5 1011
577 7 6 577
227 1 8 743
236 6 2 925
1260 3 3 819
941 2 4 1011
883 2 7 1011
692 5 7 10
975 7 5 1011
1498 5 2 1011
334 3 2 1011
310 6 1 310
1127 2 3 1011
460 4 2 460
972 2 5 1011
850 1 5 1011
1005 4 3 1005
225 6 6 988
1305 4 5 1305
642 3 8 743
332 2 7 332
443 6 6 988
142 5 4 142
1517 6 8 925
334 1 1 402
349 8 3 349
1372 8 4 743
95 7 7 10
247 4 6 925
108 6 6 988
847 7 2 847
35 8 5 1011
1182 6 3 925
512 4 5 1011
430 6 2 430
1099 1 2 1011
113 3 8 743
229 8 8 743
1051 5 5 1301
1575 3 8 743
249 4 4 740
672 7 3 672
1030 2 3 1011
1595 3 4 1011
1538 1 1 402
509 3 4 1011
954 7 1 1011
77 1 1 402
583 7 5 1011
417 1 4 1011
77 5 4 1011
1089 1 5 1011
1539 1 1 402
947 6 1 1011
901 3 3 819
1568 7 3 1011
1567 1 7 1011
10 6 7 10
873 8 7 743
1408 8 7 743
1283 4 2 1011
1207 2 3 1011
1417 3 4 1417
1386 8 8 743
222 4 4 740
851 7 7 10
344 7 2 1011
1205 4 6 925
1012 1 7 1012
1459 8 8 743
488 7 7 10
217 3 5 1011
771 5 3 1011
1298 5 5 1301
1502 4 3 1292
725 4 5 1363
177 6 6 988
1543 6 7 1543
1147 6 5 925
290 5 8 290
973 2 8 743
866 3 8 1011
1541 7 4 987
523 5 8 743
1015 1 4 1015
555 2 5 1011
66 4 7 10
1192 5 3 1011
964 2 4 777
1311 2 3 1011
712 4 2 1011
1103 7 7 10
173 4 3 1123
811 8 8 743
960 1 7 1011
960 5 8 1011
734 2 8 1011
213 5 6 925
151 2 8 1011
406 7 6 10
1220 3 3 819
448 1 1 402
87 3 4 1011
1279 3 5 1011
1104 7 1 1011
674 6 8 925
1415 3 1 1011
586 8 2 743
343 3 6 1011
15 3 5 1011
216 3 7 1011
1234 1 1 402
1187 5 6 925
1592 8 7 743
1326 4 6 1123
966 6 5 1011
77 4 2 1011
241 1 3 1011
497 1 1 402
1495 3 5 1011
1290 8 8 743
32 6 1 925
285 6 3 925
527 4 3 527
933 8 8 743
1430 2 2 491
298 1 8 743
154 8 8 743
504 7 8 743
122 7 7 10
923 3 1 1011
660 8 4 743
597 5 2 1011
175 5 6 925
79 5 5 1301
551 5 4 1011
1562 5 5 1301
1084 3 2 1011
1115 3 7 1011
1368 7 4 10
1173 3 3 819
1245 5 2 1011
460 8 1 743
947 4 5 1011
869 6 8 925
374 8 7 743
582 3 7 1011
980 7 1 10
79 1 8 1011
1503 6 5 925
432 1 4 1478
1018 5 8 743
1308 8 2 1011
773 5 5 1301
839 7 1 1011
178 4 3 178
1286 5 4 1286
914 3 8 1011
681 8 2 743
1302 4 2 1011
1324 4 6 1324
1490 8 2 1490
158 8 8 743
648 6 2 925
395 4 2 1011
1149 2 5 1011
77 4 4 740
886 6 1 1011
118 2 7 170
1267 4 6 925
1149 8 8 743
1278 3 3 819
622 3 2 1011
1045 2 8 743
1611 3 4 1011
205 1 6 925
233 2 7 909
97 5 8 743
898 2 2 491
169 6 6 988
257 1 8 1011
791 6 4 791
397 3 7 1011
172 1 7 1011
1601 3 7 1011
216 2 2 491
965 7 1 1011
284 6 8 284
10 4 5 10
241 2 4 1011
471 8 2 1011
1456 2 4 874
786 2 8 743
1124 5 1 1011
184 3 1 1011
1493 5 3 1011
1216 8 8 743
1451 2 8 743
513 2 3 1011
1079 7 6 1079
1 1 6 1011
366 1 8 743
1324 8 2 1324
514 1 6 925
426 7 2 1011
917 8 5 1011
1443 4 2 1011
701 8 4 743
513 2 5 1011
1391 2 2 491
373 8 3 1011
1419 8 7 743
306 1 7 306
452 8 2 743
636 3 2 1011
268 1 8 743
559 7 5 1011
565 8 1 1011
867 6 7 867
1213 1 4 1011
1287 1 1 402
539 2 3 1011
710 7 7 10
67 6 4 925
533 8 2 1011
120 3 4 120
224 4 1 1161
406 6 3 925
1612 4 5 1011
819 1 7 1011
937 8 4 743
176 1 5 1011
315 6 6 988
848 8 2 1011
472 7 1 472
767 7 2 767
1113 4 7 10
417 8 3 1011
738 2 1 1011
201 4 1 201
129 4 7 10
1259 5 6 925
754 4 4 740
844 2 3 1011
1306 3 5 1011
1066 4 4 740
1487 2 4 1011
695 1 4 1011
941 1 7 1011
664 4 4 740
291 3 7 1467
1263 6 6 988
258 1 8 743
42 4 8 743
1199 8 2 1011
855 1 8 1011
653 5 1 1011
1208 7 4 10
932 5 4 1011
623 1 6 1011
549 4 6 1123
635 2 3 1011
397 7 3 1011
325 1 2 1011
443 2 6 1011
944 2 1 944
483 8 7 743
1020 7 2 1020
1377 7 2 1011
1279 1 3 1011
795 1 7 1011
779 2 5 1011
1515 3 5 1011
1271 6 3 1011
1148 1 1 402
1344 6 6 988
1599 7 4 10
1528 5 5 1301
1158 2 4 1011
178 4 4 740
266 5 2 1011
1368 8 2 1368
738 8 8 743
1358 4 6 1358
1201 4 1 1011
949 3 5 1011
1068 8 4 410
699 7 3 1011
200 3 6 1011
1343 5 3 1011
493 2 7 10
1107 4 2 1011
809 7 7 10
1347 5 4 248
1489 7 5 1011
1194 4 6 1013
1410 2 7 10
666 1 8 743
391 3 1 1011
1513 8 8 743
140 5 4 1011
1143 8 8 743
500 3 3 819
1279 1 6 1011
17 7 4 10
1189 2 6 925
1233 4 6 925
1413 2 4 1011
1580 5 7 1011
582 1 1 402
816 8 2 816
997 4 2 1011
1207 8 5 1011
291 5 3 1011
334 3 6 1011
1171 1 6 925
1233 8 4 743
947 1 4 1011
820 5 1 1011
251 6 7 925
922 2 1 1011
1176 7 1 1011
285 4 1 285
1105 2 7 1011
1200 3 2 1011
1425 6 8 925
318 7 6 925
444 7 7 10
353 1 2 1011
595 7 6 595
1609 7 3 1609
1078 3 1 1011
1583 5 8 1583
838 1 2 1011
220 6 3 925
693 8 8 743
890 8 4 890
820 1 1 402
396 5 3 1011
670 3 2 1011
730 8 1 1011
165 7 4 10
978 5 7 743
580 5 6 925
1186 5 4 1011
119 3 4 453
