1867 1929 1869
1641 1805
1104 1641
836 1104
95 836
528 95
735 528
158 735
45 158
21 45
1427 21
433 1427
57 433
961 57
1143 961
1622 1143
929 1622
1158 929
1349 1158
1766 1349
1442 1766
1543 1442
1702 1543
1205 1702
1180 1205
1742 1180
1664 1742
745 1664
1151 745
387 1151
921 387
60 921
210 60
1514 210
377 1514
22 377
408 22
1534 408
1042 1534
1596 1042
1478 1596
72 1478
1619 72
436 1619
920 436
39 920
1174 39
53 1174
569 53
220 569
396 220
1430 396
1772 1430
1854 1772
471 1854
810 471
672 810
503 672
552 503
1649 552
1324 1649
338 1324
428 338
65 428
1734 65
1160 1734
1086 1160
29 1086
378 29
285 378
1545 285
1285 1545
1500 1285
1576 1500
576 1576
999 576
607 999
371 607
1723 371
1573 1723
1668 1573
728 1668
416 728
894 416
998 894
290 998
1688 290
429 1688
189 429
1166 189
369 1166
941 369
318 941
235 318
1142 235
214 1142
621 214
388 621
1707 388
1024 1707
1558 1024
180 1558
78 180
1610 78
1369 1610
208 1369
884 208
1778 884
420 1778
1731 420
1719 1731
122 1719
357 122
1059 357
870 1059
692 870
1088 692
1021 1088
482 1021
226 482
1100 226
1440 1100
951 1440
760 951
617 760
1231 617
516 1231
1338 516
562 1338
1646 562
1490 1646
115 1490
1752 115
81 1752
137 81
1414 137
442 1414
653 442
703 653
1274 703
1600 1274
438 1600
802 438
107 802
1299 107
1699 1299
146 1699
295 146
1366 295
217 1366
1292 217
1156 1292
893 1156
1597 893
219 1597
970 219
1658 970
1670 1658
673 1670
990 673
1586 990
553 1586
506 553
1532 506
691 1532
1486 691
196 1486
194 196
507 194
1712 507
1743 1712
1141 1743
579 1141
876 579
1234 876
1128 1234
720 1128
709 720
1426 709
376 1426
983 376
1300 983
1330 1300
801 1330
10 801
1539 10
910 1539
1061 910
1553 1061
947 1553
1616 947
1115 1616
1563 1115
685 1563
1420 685
1735 1420
99 1735
1185 99
1487 1185
212 1487
341 212
415 341
1017 415
76 1017
35 76
1224 35
462 1224
384 462
13 384
487 13
940 487
195 940
198 195
1014 198
468 1014
816 468
233 816
751 233
1203 751
1681 1203
1695 1681
600 1695
814 600
853 814
1829 853
862 1829
665 862
1711 665
1110 1711
355 1110
260 355
239 260
488 239
736 488
1068 736
524 1068
422 524
1851 422
1097 1851
1043 1097
603 1043
328 603
549 328
1189 549
1370 1189
1820 1370
1537 1820
544 1537
1673 544
1632 1673
1846 1632
988 1846
1155 988
1089 1155
383 1089
311 383
181 311
177 181
1567 177
1386 1567
1194 1386
1033 1194
681 1033
767 681
1308 767
1032 1308
1637 1032
1472 1637
971 1472
733 971
597 733
1390 597
936 1390
1692 936
1344 1692
781 1344
168 781
1493 168
1798 1493
1087 1798
1162 1087
620 1162
63 620
1321 63
505 1321
1555 505
1628 1555
1190 1628
1136 1190
867 1136
1023 867
320 1023
997 320
509 997
4 509
1595 4
1674 1595
686 1674
1801 686
1408 1801
1824 1408
302 1824
1510 302
190 1510
1374 190
473 1374
231 473
648 231
258 648
1137 258
409 1137
1134 409
1235 1134
765 1235
730 765
1660 730
1001 1660
1297 1001
855 1297
1239 855
1599 1239
742 1599
583 742
1727 583
925 1727
426 925
1802 426
719 1802
1607 719
1341 1607
1034 1341
1009 1034
203 1009
753 203
1063 753
1382 1063
1072 1382
207 1072
1348 207
829 1348
943 829
272 943
1447 272
414 1447
614 414
1650 614
551 1650
1617 551
312 1617
1159 312
1572 1159
1003 1572
707 1003
883 707
694 883
281 694
1462 281
1501 1462
744 1501
317 744
43 317
1117 43
701 1117
1466 701
1129 1466
1073 1129
1109 1073
1831 1109
514 1831
938 514
1856 938
301 1856
1509 301
382 1509
75 382
987 75
1039 987
25 1039
957 25
1866 957
1837 1866
613 1837
1671 613
372 1671
1135 372
924 1135
407 924
1523 407
902 1523
1638 902
1784 1638
1684 1784
457 1684
808 457
657 808
91 657
636 91
294 636
458 294
1511 458
1867 1511
842 1867
1625 842
1794 1625
1419 1794
682 1419
1656 682
1026 1656
904 1026
1792 904
1685 1792
1044 1685
1469 1044
215 1469
360 215
1709 360
197 1709
643 197
773 643
560 773
750 560
538 750
1554 538
1055 1554
1365 1055
286 1365
1838 286
747 1838
1378 747
56 1378
1782 56
1227 1782
116 1227
1360 116
96 1360
1358 96
722 1358
1765 722
1488 1765
1421 1488
1272 1421
1729 1272
1687 1729
46 1687
1804 46
406 1804
266 406
358 266
1139 358
1343 1139
1479 1343
734 1479
799 734
19 799
1613 19
1242 1613
1755 1242
837 1755
1323 837
432 1323
1680 432
100 1680
1181 100
982 1181
499 982
160 499
15 160
1666 15
675 1666
1319 675
968 1319
1730 968
1551 1730
1098 1551
162 1098
950 162
726 950
1817 726
1806 1817
1606 1806
1029 1606
680 1029
1199 680
1163 1199
1481 1163
124 1481
1238 124
1790 1238
1677 1790
1536 1677
1212 1536
704 1212
611 704
1175 611
715 1175
1054 715
1402 1054
1262 1402
1653 1262
1849 1653
1036 1849
939 1036
822 939
1320 822
1416 1320
1182 1416
1228 1182
556 1228
1207 556
1291 1207
1278 1291
205 1278
832 205
443 832
254 443
641 254
1810 641
1002 1810
1542 1002
588 1542
1111 588
548 1111
1157 548
11 1157
638 11
772 638
47 772
1655 47
359 1655
769 359
1459 769
642 1459
1454 642
1435 1454
1221 1435
174 1221
1070 174
1113 1070
1495 1113
283 1495
1283 283
1691 1283
1456 1691
678 1456
234 678
1219 234
1482 1219
322 1482
1025 322
824 1025
926 824
762 926
933 762
908 933
776 908
587 776
774 587
481 774
1733 481
1834 1733
1588 1834
213 1588
1480 213
1764 1480
1396 1764
251 1396
1197 251
1498 1197
1468 1498
1633 1468
42 1633
768 42
1084 768
794 1084
1455 794
309 1455
677 309
889 677
1827 889
1409 1827
710 1409
1154 710
449 1154
820 449
399 820
873 399
1101 873
1410 1101
33 1410
1269 33
684 1269
826 684
1333 826
871 1333
1796 871
1760 1796
87 1760
1859 87
262 1859
1229 262
698 1229
1706 698
1725 1706
1608 1725
1437 1608
1051 1437
397 1051
1840 397
1149 1840
746 1149
679 746
1403 679
1769 1403
30 1769
1200 30
748 1200
114 748
993 114
1246 993
362 1246
923 362
1108 923
1131 1108
700 1805
479 1805
131 1805
101 1805
550 1805
591 1805
1105 1805
494 1805
1683 1805
1521 1805
582 1805
366 1805
1384 1805
492 1805
437 1805
1828 1805
129 1805
1557 1805
1011 1805
577 1805
16 1805
1255 1805
1287 1805
739 1805
1540 1805
856 1805
533 1805
3 1805
1584 1805
811 1805
1443 1805
179 1805
37 1805
453 1805
523 1805
112 1805
364 1805
849 1805
1747 1805
1294 1805
729 1805
1046 1805
1085 1805
1237 1805
1720 1805
895 1805
1517 1805
555 1805
1368 1805
881 1805
1215 1805
466 1805
1411 1805
1112 1805
1050 1805
1352 1805
1342 1805
8 1805
36 1805
879 1805
319 1805
650 1805
1007 1805
1015 1805
763 1805
1222 1805
697 1805
813 1805
771 1805
2 1805
411 1805
1393 1805
1193 1805
230 1805
1422 1805
1006 1805
447 1805
1857 1805
342 1805
778 1805
1012 1805
793 1805
930 1805
624 1805
410 1805
1362 1805
532 1805
1604 1805
912 1805
1465 1805
882 1805
1754 1805
890 1805
1797 1805
537 1805
1598 1805
1298 1805
825 1805
937 1805
454 1805
363 1805
1593 1805
1842 1805
1811 1805
26 1805
1675 1805
542 1805
139 1805
240 1805
953 1805
1718 1805
14 1805
1496 1805
1591 1805
649 1805
610 1805
303 1805
31 1805
1322 1805
1081 1805
337 1805
480 1805
183 1805
770 1805
639 1805
1716 1805
1226 1805
984 1805
702 1805
949 1805
1839 1805
978 1805
518 1805
1713 1805
222 1805
1192 1805
1559 1805
761 1805
1337 1805
809 1805
423 1805
1146 1805
847 1805
1841 1805
464 1805
12 1805
1254 1805
1844 1805
346 1805
1470 1805
622 1805
602 1805
1022 1805
1489 1805
93 1805
1206 1805
1245 1805
797 1805
1433 1805
831 1805
128 1805
632 1805
935 1805
441 1805
329 1805
256 1805
663 1805
1307 1805
1138 1805
877 1805
1629 1805
490 1805
1818 1805
1438 1805
1642 1805
891 1805
298 1805
661 1805
185 1805
1639 1805
625 1805
1186 1805
1223 1805
1809 1805
1418 1805
942 1805
1153 1805
445 1805
979 1805
513 1805
640 1805
559 1805
1853 1805
1280 1805
1529 1805
1125 1805
1214 1805
161 1805
775 1805
1705 1805
1413 1805
232 1805
511 1805
1815 1805
1527 1805
1741 1805
713 1805
1483 1805
134 1805
693 1805
535 1805
1208 1805
667 1805
705 1805
276 1805
1556 1805
1667 1805
1645 1805
221 1805
981 1805
501 1805
1379 1805
1460 1805
954 1805
1520 1805
1781 1805
1518 1805
708 1805
1311 1805
872 1805
1282 1805
604 1805
717 1805
1823 1805
815 1805
191 1805
948 1805
1776 1805
1076 1805
130 1805
1601 1805
1400 1805
97 1805
223 1805
1546 1805
135 1805
1630 1805
898 1805
187 1805
1441 1805
402 1805
725 1805
1314 1805
1286 1805
1648 1805
151 1805
1585 1805
225 1805
1436 1805
27 1805
1347 1805
1225 1805
1672 1805
852 1805
127 1805
1062 1805
1484 1805
1316 1805
892 1805
1363 1805
430 1805
1244 1805
1119 1805
1132 1805
106 1805
595 1805
1424 1805
627 1805
1217 1805
224 1805
74 1805
689 1805
405 1805
1474 1805
861 1805
391 1805
1717 1805
563 1805
1391 1805
1004 1805
1732 1805
82 1805
241 1805
236 1805
1289 1805
62 1805
1564 1805
1461 1805
1312 1805
606 1805
1780 1805
1589 1805
1257 1805
498 1805
1202 1805
1079 1805
1693 1805
247 1805
1373 1805
1634 1805
94 1805
1594 1805
543 1805
616 1805
335 1805
34 1805
828 1805
186 1805
628 1805
1268 1805
1121 1805
1265 1805
1354 1805
117 1805
188 1805
991 1805
558 1805
922 1805
1524 1805
605 1805
493 1805
68 1805
1783 1805
817 1805
1179 1805
1276 1805
1836 1805
351 1805
695 1805
557 1805
1353 1805
1306 1805
1644 1805
90 1805
209 1805
874 1805
1736 1805
1345 1805
59 1805
1371 1805
1519 1805
843 1805
1183 1805
589 1805
623 1805
389 1805
497 1805
1744 1805
92 1805
1116 1805
1133 1805
1331 1805
448 1805
79 1805
314 1805
1663 1805
1090 1805
785 1805
1508 1805
1737 1805
421 1805
66 1805
795 1805
1843 1805
345 1805
1611 1805
58 1805
395 1805
1010 1805
1763 1805
841 1805
282 1805
1250 1805
1715 1805
980 1805
350 1805
967 1805
985 1805
1788 1805
288 1805
830 1805
1795 1805
1657 1805
1852 1805
1361 1805
1325 1805
154 1805
483 1805
1476 1805
844 1805
1512 1805
393 1805
1041 1805
659 1805
1697 1805
619 1805
1095 1805
819 1805
721 1805
243 1805
995 1805
401 1805
1184 1805
1845 1805
1860 1805
676 1805
1587 1805
525 1805
1357 1805
1800 1805
859 1805
1173 1805
1281 1805
989 1805
927 1805
690 1805
574 1805
1188 1805
585 1805
446 1805
1679 1805
1458 1805
724 1805
1302 1805
1602 1805
472 1805
460 1805
84 1805
1296 1805
1304 1805
1635 1805
1770 1805
244 1805
851 1805
1169 1805
1652 1805
149 1805
571 1805
1439 1805
858 1805
658 1805
1651 1805
1249 1805
249 1805
340 1805
1091 1805
48 1805
1056 1805
313 1805
1251 1805
969 1805
764 1805
1494 1805
1037 1805
110 1805
1626 1805
182 1805
1614 1805
727 1805
1793 1805
1270 1805
1376 1805
1328 1805
758 1805
61 1805
470 1805
1787 1805
973 1805
109 1805
1696 1805
1064 1805
1758 1805
348 1805
1317 1805
529 1805
270 1805
1669 1805
1412 1805
1835 1805
98 1805
1574 1805
1682 1805
1398 1805
860 1805
71 1805
1568 1805
1028 1805
133 1805
1848 1805
459 1805
237 1805
992 1805
1429 1805
1516 1805
1525 1805
960 1805
1260 1805
171 1805
1288 1805
1428 1805
1785 1805
974 1805
140 1805
918 1805
1284 1805
199 1805
1620 1805
1392 1805
1662 1805
216 1805
67 1805
176 1805
324 1805
1415 1805
1049 1805
1813 1805
683 1805
327 1805
1074 1805
647 1805
353 1805
1704 1805
1812 1805
784 1805
1126 1805
1756 1805
404 1805
1485 1805
646 1805
252 1805
308 1805
570 1805
928 1805
854 1805
630 1805
1066 1805
827 1805
573 1805
1195 1805
380 1805
467 1805
1329 1805
567 1805
1751 1805
1506 1805
6 1805
259 1805
1377 1805
1497 1805
170 1805
1659 1805
1552 1805
1351 1805
118 1805
1740 1805
153 1805
786 1805
1118 1805
896 1805
1209 1805
1822 1805
192 1805
1491 1805
1821 1805
1708 1805
386 1805
1609 1805
803 1805
268 1805
1445 1805
1605 1805
265 1805
1057 1805
264 1805
779 1805
651 1805
1779 1805
1210 1805
1471 1805
633 1805
1583 1805
1030 1805
593 1805
1273 1805
865 1805
51 1805
759 1805
1547 1805
1791 1805
1615 1805
1724 1805
972 1805
520 1805
1241 1805
655 1805
455 1805
789 1805
1252 1805
297 1805
572 1805
1417 1805
38 1805
304 1805
1686 1805
1448 1805
1762 1805
1020 1805
1008 1805
931 1805
723 1805
564 1805
1045 1805
565 921
1232 171
1122 715
1858 93
229 778
1315 61
1150 101
1541 124
275 801
963 360
1266 1175
439 1688
111 1824
812 91
1018 1704
1094 1358
1038 1141
9 1634
104 1101
419 1026
367 939
1336 1280
846 589
777 683
1473 1500
1434 408
120 1090
1561 1200
885 1134
267 988
1387 1094
427 1724
696 705
73 1221
413 811
1176 705
962 1564
1405 1386
1467 1257
299 1784
1505 1510
132 1268
352 1797
1689 442
20 68
631 408
915 1848
17 1589
1816 695
336 817
145 1265
1432 1573
141 1641
164 1341
994 421
169 1063
1096 1163
1690 1680
1259 968
660 1568
1356 1601
1750 847
835 1402
629 1778
1171 457
368 20
1531 1781
502 516
450 180
1577 499
857 1460
1739 1348
1808 1497
86 1806
18 360
1161 1691
738 1434
1058 304
1570 1547
1775 470
144 1705
484 427
474 1458
392 15
403 162
476 232
1389 1769
608 603
1326 1473
886 224
934 1677
250 1545
1738 968
1152 1089
496 209
1694 1139
1425 1849
850 1852
49 1182
540 364
541 1020
1290 234
172 968
291 453
554 559
546 67
780 533
412 786
911 1189
1833 1430
315 46
83 1162
823 1531
1761 1658
1346 1704
138 1023
807 810
204 1555
1475 320
1757 926
580 520
486 1003
598 762
903 997
530 680
688 1356
1065 443
1749 1811
914 1604
906 195
718 1523
136 415
1196 600
461 217
77 776
175 595
1753 1391
1535 1813
1247 185
28 1360
1005 1711
356 1785
1748 498
435 593
1305 304
89 1854
166 694
1395 8
1526 304
349 1086
1767 1239
1318 453
839 650
102 270
1530 1681
1375 862
206 1788
292 960
1450 1171
325 1305
866 63
581 275
1102 496
1444 1010
615 1049
23 472
431 624
1230 655
791 931
1120 1302
1170 319
1397 403
1861 111
1774 1189
592 580
1340 733
668 312
806 1682
863 593
888 446
986 11
838 999
1263 1434
289 922
1623 1278
1507 1861
612 1600
804 850
105 179
515 1400
344 926
1052 1801
1218 1084
1865 153
959 233
1293 814
1167 1194
731 498
1850 559
1078 1755
375 1342
1267 937
1807 93
864 1448
1701 858
326 524
394 1701
113 457
178 1115
1789 1115
519 734
456 1724
1099 43
1700 812
88 780
662 1798
1825 685
1277 605
687 1379
1339 813
465 1371
1275 556
332 282
1631 393
757 1059
44 735
899 1081
1335 1672
1145 1494
1581 131
354 1699
1538 1174
790 53
834 154
1198 1441
424 378
70 104
339 1810
173 1856
495 92
1191 679
343 376
637 610
671 206
712 1436
143 1861
152 573
331 1735
148 1801
1092 795
1446 137
1513 1551
263 175
347 339
792 813
666 1419
932 1700
1310 614
1388 1382
1722 1792
504 100
1566 112
568 295
246 1471
1463 210
1492 1119
1847 1831
1213 1435
1271 1729
1106 1742
1367 1322
284 1239
293 768
956 1025
228 472
788 1427
1830 707
958 1805
1381 308
618 1286
1069 427
119 1519
1114 1462
1164 770
385 890
242 266
907 1818
534 1677
635 1221
964 457
330 847
1548 1310
126 324
1746 11
227 1255
374 1478
201 1474
296 1609
306 466
245 1108
425 1299
743 786
193 342
1621 738
1204 1001
848 1338
1000 154
323 1611
253 764
521 1146
279 1473
274 1023
1211 96
796 853
1864 1746
500 509
561 983
654 801
373 1221
945 985
1786 1572
944 313
1019 1694
1452 1020
255 764
664 593
975 87
55 33
749 1009
1404 1024
273 1854
1799 1345
1035 507
1721 748
271 639
1187 139
674 1770
1301 325
334 1746
365 520
913 971
566 4
1582 141
578 1864
1313 1753
1082 1374
1385 654
41 1561
489 1006
108 1774
85 1086
766 1098
754 1000
1745 1479
909 1435
125 1005
1714 1479
1279 1358
1560 1465
300 1099
1303 315
1060 1621
590 489
1819 1858
1406 777
316 120
741 1817
1449 234
868 295
1549 1754
833 1486
1768 1829
1048 903
485 841
1013 1426
869 279
1855 1756
878 691
157 1333
1826 1410
1372 138
1380 209
626 1081
202 819
1575 795
952 1096
584 671
1130 1823
965 41
1093 1641
491 1842
1236 1855
512 792
1590 196
261 857
599 97
333 1787
652 91
156 1775
1243 1549
1233 519
477 251
732 1445
901 864
434 1062
277 1108
531 1157
755 712
1047 854
1453 653
1077 692
1703 1135
1165 105
1579 225
670 346
123 262
1451 1179
440 239
400 183
594 245
1618 1167
1665 1486
897 1598
1503 405
1533 1740
5 1456
1177 1414
321 534
756 832
379 1406
1477 991
1759 1717
517 593
699 1402
1053 1019
1504 1785
1771 1110
1399 660
218 1855
900 84
147 566
818 95
167 246
1726 1362
976 1645
1123 1246
310 1527
714 1746
711 1787
1773 803
1 1382
184 436
1140 1137
40 472
1201 588
305 795
1522 414
1647 1224
1544 729
24 532
1814 1495
845 202
452 1685
1578 1182
1327 239
916 1535
782 157
211 193
307 668
1661 97
1603 308
159 1049
716 400
287 424
1457 1579
444 409
478 888
1710 1254
1240 1504
955 1793
1075 1452
1083 793
1863 1377
1832 591
1624 1044
609 768
1168 1645
1127 1776
787 833
1728 1849
887 400
1636 884
596 676
798 104
946 171
398 1511
752 1787
1502 1802
142 501
1332 1139
575 796
875 345
80 104
248 1405
1364 1088
656 1302
586 989
278 242
539 493
1698 1034
32 834
601 733
905 152
996 1317
165 1203
1401 447
469 114
805 838
1359 1391
645 757
1499 1300
527 1042
740 529
1678 1325
1309 23
1383 320
1676 680
1253 672
1124 1518
418 262
475 1863
370 1397
1071 1108
1654 984
522 503
508 890
1220 598
783 1157
1040 1557
1016 947
257 188
1571 1655
50 165
1178 1707
545 677
1550 771
280 299
1640 1161
1580 1838
977 955
1295 1017
1569 1513
1862 1741
121 685
1264 1487
1147 883
150 188
381 589
451 38
1515 1187
1464 50
1258 1602
155 1145
917 1367
1803 27
1355 74
1528 1718
840 1364
1562 865
634 253
1027 962
1334 780
163 1649
1107 803
800 164
1172 1480
1148 158
1431 609
64 801
269 1188
510 1602
669 1484
1031 182
966 697
1643 412
1592 568
1067 1481
1080 449
526 1763
1777 1486
1144 923
919 1457
1612 690
821 1837
238 712
1350 55
463 985
1394 668
547 230
536 1765
1407 851
737 1447
390 1377
1423 553
7 1042
1627 910
1256 788
1248 160
361 1768
1216 1304
880 373
200 76
644 973
1565 342
52 1657
103 1583
706 14
417 1429
69 32
1103 1681
54 1625
1261 117
1387 319 113 1378
1068 222 109 1805
82 156 123 1805
479 44 833 1805
1730 878 22 1573
820 71 329 11
1016 1651 12 1805
59 1734 141 1805
873 10 607 81
208 53 10 81
1388 88 267 765
1084 21 572 1805
432 160 369 1805
1078 1634 112 1805
368 390 113 1805
790 219 31 1805
1574 172 489 376
1098 667 1571 1189
897 144 105 1805
1230 81 162 1805
1708 42 770 1805
1838 42 102 1802
1094 12 222 1805
1342 1381 86 1805
16 54 15 1805
882 1338 914 1805
1590 42 426 1805
671 130 37 1805
1506 620 1861 1670
988 699 238 33
1558 168 272 1134
128 39 876 1805
1629 698 14 1805
1257 72 121 1805
729 133 973 1805
1184 97 1503 1805
1667 921 1170 1805
787 119 147 1272
379 118 1479 1805
618 154 103 1805
1078 163 268 1755
1780 49 16 1854
1134 145 52 1619
323 835 8 1805
28 389 5 1360
1553 1895 113 1646
1589 30 1701 1805
756 1107 991 415
668 1482 431 1235
1805 482 168 195
738 1 366 1174
1824 622 38 1824
629 733 83 1778
618 517 125 1059
1475 32 1798 1805
1599 724 783 694
197 818 67 197
548 118 633 1805
512 139 67 1805
772 1230 62 772
968 409 183 968
1867 38 29 1501
955 711 143 1824
1640 170 1808 1805
409 12 147 409
976 422 8 462
748 19 85 1805
636 168 843 1129
264 725 118 1805
661 604 1507 1805
96 152 104 96
170 10 139 81
279 390 353 408
1421 74 920 1685
1374 197 91 1374
1484 885 241 1854
813 66 1737 1805
459 35 510 158
348 105 164 1805
1566 83 1043 1805
1667 157 149 1805
702 491 5 1374
171 85 61 1805
810 24 844 810
1286 91 1917 1360
1314 914 182 893
889 5 889 1036
932 129 168 91
1234 66 185 1234
792 181 144 1805
1794 33 188 1805
875 173 186 1805
908 86 249 1633
1353 16 179 1523
2 148 185 1805
926 1463 648 1495
589 150 148 1805
1058 8 58 462
1035 1 33 1174
1250 42 313 1805
1435 177 861 406
185 30 1854 1805
1124 787 140 1805
946 53 692 1162
1518 61 530 1137
277 699 1652 33
1664 19 104 1664
1152 28 180 1805
1748 50 169 1805
859 43 838 1801
342 33 1846 1805
641 35 1690 158
31 154 137 1805
1521 26 106 1427
399 173 25 234
10 24 23 1203
375 11 297 408
1377 20 46 1805
1049 500 19 1805
914 1426 153 1805
1166 93 155 1534
1396 169 248 1805
640 307 708 1805
41 135 1802 1805
793 102 158 295
1220 1745 29 1017
903 136 28 1805
1580 98 109 1805
784 1048 1308 1805
948 66 634 1805
665 1670 428 665
153 760 34 1805
1534 23 7 1534
1797 35 258 1805
471 331 524 1805
1153 37 187 1805
1564 1156 179 1805
247 173 4 1805
1155 942 607 1155
1474 1 49 1174
1820 936 760 210
207 496 124 1805
1356 137 1670 341
1745 1 9 1174
735 1368 477 1805
1146 8 87 462
1195 59 183 600
1380 75 38 39
1421 45 456 1805
714 823 158 295
1500 605 23 1366
1363 1603 565 1805
1408 78 19 1440
497 132 74 1805
973 167 158 1805
270 137 236 341
1239 97 128 801
1688 119 152 1688
1777 42 744 1805
51 30 77 1805
1202 84 85 1805
1682 147 707 1341
1 55 180 1805
1438 1560 601 91
646 181 45 1805
754 830 111 1805
1189 97 759 801
1269 140 154 1805
466 577 32 1805
1027 826 927 1805
1806 881 852 217
463 295 152 1805
10 411 177 406
1717 897 88 1805
1630 26 152 1805
1801 134 1171 1801
1768 12 654 1805
812 56 54 91
1038 147 324 1063
205 94 8 1462
1625 460 34 1599
1571 1714 32 1805
1684 1089 34 1239
659 24 335 1805
448 169 1799 1805
348 169 108 1805
1479 38 16 1523
881 50 524 1805
1189 99 1358 1189
1842 16 21 1805
91 862 232 1024
1493 6 44 1115
1188 1114 107 1805
235 179 118 235
1460 58 15 1805
1613 82 1588 1613
1530 68 353 569
1459 164 908 1805
493 1358 807 983
474 689 99 1189
847 74 185 620
1843 20 115 1805
702 32 581 1805
398 1322 22 396
1189 32 131 1189
197 1813 66 207
1440 151 17 1440
1264 122 170 408
1718 109 135 1805
1466 128 272 1134
498 159 1823 1805
594 1476 133 1308
1338 2 751 1805
1616 1304 264 1616
1029 62 114 1029
586 119 1199 1650
1837 1687 133 43
369 42 128 1805
349 89 183 1086
882 167 32 1805
792 928 47 1805
163 100 104 75
388 85 1286 1805
1463 276 144 1805
115 165 902 1338
751 140 10 81
415 965 1364 415
211 1383 176 1805
768 85 1509 1036
419 10 503 1026
1089 503 1429 1459
1444 159 72 1805
439 1842 908 1805
924 88 140 765
690 1007 105 1805
375 1231 93 1534
636 133 17 320
1230 182 168 893
496 74 151 1805
1349 481 7 1349
1432 337 862 1805
636 165 4 1338
1629 36 77 1805
1546 150 118 1805
1763 469 246 1805
633 539 1380 1829
997 138 1239 1805
748 33 133 1805
1625 196 466 1805
1569 186 39 1805
272 61 29 272
1207 295 399 1805
1739 118 164 1805
1251 108 42 1805
998 64 8 462
543 166 128 1805
417 125 322 1805
1523 133 5 1523
191 149 34 1805
515 524 115 1805
455 202 25 1805
1692 126 917 1692
97 95 1119 1805
1285 1900 14 1285
1280 133 671 1805
745 170 91 745
1495 1498 1014 1805
130 90 102 1805
306 926 1698 1805
44 561 74 735
563 329 6 1805
48 35 206 1805
1196 122 533 408
279 526 106 1427
308 1797 113 1805
611 789 800 1805
726 727 88 317
1843 136 335 1805
1289 140 339 1805
1681 747 333 1658
465 568 170 1805
1791 753 32 1805
1760 405 227 1760
1269 1445 1463 266
1127 171 375 1805
458 6 421 458
264 124 206 1805
1476 314 11 408
1735 1183 151 1805
23 6 13 1805
1151 90 1 1151
252 15 73 1805
1702 159 137 341
1644 145 94 1805
1787 385 277 1805
531 28 213 1157
1495 208 87 1068
94 600 1053 1805
421 14 934 1805
572 105 179 1805
1057 138 1132 1805
1326 40 10 1500
17 1881 864 1805
593 18 95 1805
1769 174 71 260
1198 1308 185 1338
7 54 60 1599
1177 607 652 1805
656 734 825 1032
1223 432 1377 1805
431 142 1309 1805
660 277 108 1600
1864 98 61 11
1046 1 35 158
1562 555 142 1805
651 718 487 1805
218 1257 1440 1558
334 159 141 11
1147 1320 66 1427
1756 13 411 1805
1079 873 1295 409
371 199 38 1089
1174 89 23 1174
1416 80 43 1801
794 1157 171 509
1297 13 120 99
1538 67 179 1174
178 688 779 1369
393 77 41 961
1719 149 6 1805
150 1 100 1174
1232 744 681 1805
1279 98 186 1805
1444 70 124 1805
933 83 124 1711
963 23 26 1203
628 171 15 1805
282 181 150 1805
1381 25 28 1805
1212 141 164 1805
35 339 107 1805
1542 29 623 1805
1058 104 29 1805
848 1015 632 1500
1199 32 2 1805
152 114 725 814
1081 17 114 320
1147 97 726 801
970 790 45 1805
305 135 881 1805
588 1761 97 801
1782 38 81 1501
416 34 81 416
1610 64 153 876
1360 34 93 1239
698 112 77 961
607 1819 15 607
1377 894 33 1805
1169 6 876 1805
1796 179 590 926
353 144 144 1346
624 15 1277 1805
968 64 740 1382
381 31 890 1805
1831 9 127 685
844 902 23 1805
861 40 3 1805
1530 69 12 1681
1597 67 849 482
1681 20 92 1805
1544 454 498 1805
150 80 86 1805
1561 1 159 481
159 60 32 1805
1216 43 117 1805
722 552 84 1805
296 1747 136 1805
842 399 35 158
568 2 786 1805
1557 648 178 1817
1059 813 149 1059
230 160 109 1805
627 271 1360 1805
380 305 302 1805
309 226 154 1805
1598 6 8 1805
157 141 10 81
1184 148 731 1805
1778 174 759 1778
1594 11 649 1805
1736 1288 51 1805
446 125 245 462
808 788 101 1805
433 975 85 433
383 531 125 383
958 553 135 1805
1658 77 629 1658
1530 33 1542 1805
509 1198 35 158
1111 83 918 1711
595 890 1446 1097
1414 63 737 1059
501 775 156 1805
1340 894 160 1805
1238 803 19 680
1342 654 1125 1805
1184 22 94 396
1074 1119 74 210
678 164 3 1805
554 737 28 1805
1192 28 25 1805
1229 156 65 25
1753 796 133 1805
1762 1627 989 312
1535 151 199 1805
259 514 1086 1151
924 1301 873 680
98 907 82 1486
494 29 648 1805
1562 33 147 1805
795 14 52 1619
854 14 494 1805
86 532 1884 1806
996 134 1303 181
1273 79 136 1805
1842 78 87 1440
1246 5 184 1036
1399 116 134 936
1032 4 28 1805
887 138 915 1805
1116 119 1171 1272
1765 317 1364 1805
42 309 60 1599
1575 538 720 1805
1663 130 84 1805
1050 77 26 57
95 158 14 295
71 1668 1137 1203
254 548 92 1805
1391 832 1160 1805
1425 45 313 1805
1021 34 157 1239
432 43 724 694
640 917 180 1805
1302 183 151 1805
1704 539 408 1656
139 40 150 1805
900 820 832 60
1492 16 163 1805
861 172 164 1805
1717 87 855 1805
775 578 48 1805
1337 170 156 1805
894 181 933 894
211 148 53 1805
1812 1740 374 1805
1186 20 74 1805
444 98 198 1805
313 89 749 1805
1540 16 1171 1523
516 91 176 516
637 155 55 1805
474 113 25 1646
1064 167 1762 1805
901 788 34 1805
266 181 31 1805
1801 78 4 1440
1029 547 715 1026
1620 1583 690 1805
267 274 99 1189
231 40 53 1162
567 444 14 1160
1540 1298 111 1805
1094 93 1079 1358
268 173 1158 1805
678 20 171 1805
373 80 860 471
1280 184 334 1805
1206 36 129 1805
423 109 1766 1805
764 35 40 1805
1170 78 834 428
1461 25 305 1427
1099 32 127 685
1643 807 160 1805
969 20 161 1805
286 125 792 286
826 687 1263 1805
806 130 150 1023
611 184 143 1824
156 2 93 1805
1695 606 124 1805
314 114 167 1805
1103 90 1851 1805
495 187 1438 1805
207 313 518 207
1316 63 372 1805
581 157 1128 801
387 10 1851 387
1163 1544 35 158
59 35 1314 158
1034 743 345 1735
346 471 186 1805
874 688 56 1805
371 386 8 442
769 141 134 936
423 112 641 1805
28 132 174 260
47 28 143 1824
1350 132 13 1805
430 45 136 1805
176 623 42 1805
239 296 53 239
1287 558 104 177
1593 182 20 1805
960 25 1621 1805
651 599 1402 1805
1311 125 43 4
1420 120 176 1420
654 130 108 910
783 140 926 1805
1849 44 114 694
207 5 167 207
1825 295 85 1805
1521 408 30 1805
61 294 78 1440
1389 305 114 694
1490 599 132 1805
702 26 887 57
1442 1280 185 1442
1823 455 44 1115
1325 124 106 1805
140 137 458 341
1467 1283 761 1805
871 155 86 1101
1770 454 116 1805
1104 698 55 1805
1393 36 1801 1805
458 105 121 1501
41 1654 388 15
469 128 681 1805
926 111 531 1688
490 556 422 801
1528 37 136 1805
1347 807 30 1805
1715 879 871 1805
1393 915 49 1805
1610 151 171 1805
1656 101 11 408
1668 226 1056 1668
989 808 1737 1805
569 82 65 409
1433 712 114 76
572 73 372 1805
567 1017 556 1805
633 548 33 1805
1239 411 627 1239
1566 1664 78 1805
334 118 1736 1849
718 66 71 1545
1360 500 21 1024
711 103 78 1805
124 3 1376 1419
789 451 1680 1805
965 44 72 1115
421 34 87 1068
571 46 35 158
360 1302 335 1805
297 61 579 91
1052 556 849 801
1739 22 105 396
695 69 130 765
994 74 1347 620
1408 13 560 1805
1332 211 21 1805
1368 699 150 1023
1226 552 448 1805
716 16 28 1805
335 69 3 1805
641 51 36 1805
33 779 116 704
683 131 183 1341
1020 334 65 1487
283 1879 803 680
1633 678 147 1633
138 62 96 1023
776 256 11 318
192 1010 81 1805
828 142 44 1805
1600 601 954 1824
1100 652 42 1805
872 157 458 1003
1529 713 22 1805
455 126 56 1805
1480 127 5 1036
991 1828 7 1805
266 154 156 1805
505 120 63 99
988 95 153 876
1482 2 39 1805
1133 442 462 1805
1221 181 105 1805
20 340 117 1805
1739 1909 522 719
1767 1477 37 1239
1722 32 31 1805
1850 18 809 1805
643 163 150 1023
1204 80 973 1805
725 123 192 1805
703 439 1803 703
687 550 66 1805
309 2 3 1805
1496 739 386 1805
1248 155 124 1805
1207 265 87 1068
65 34 246 870
84 145 1656 1805
1588 1613 91 1360
563 7 8 1805
1223 162 33 1805
156 33 164 1805
1110 521 227 1110
61 25 40 1805
116 44 115 1115
1418 894 121 1805
1843 50 581 947
1689 1 144 1174
534 420 604 1805
257 10 149 1805
1461 154 32 1805
1578 138 38 1501
1557 391 62 1805
877 125 1452 4
128 10 47 81
1815 13 241 1805
629 332 363 1440
71 1253 109 1805
1670 72 389 1670
736 621 1175 499
1065 327 1431 1134
1390 101 93 1534
1270 1491 141 1805
400 1 126 1174
398 465 179 1810
899 505 568 1805
619 1 172 1174
216 146 116 1805
901 76 800 1805
754 169 38 1805
484 169 38 1805
762 883 3 1805
1299 1308 90 1338
503 103 9 1805
542 1745 46 1100
1429 694 26 1805
864 1856 143 1805
1201 37 35 158
276 496 16 1805
17 2 763 1805
568 786 68 569
546 86 4 1805
648 690 450 473
1527 20 495 1805
1838 176 178 1838
1439 164 573 1805
1197 47 1829 1139
1527 33 180 1805
548 1401 836 1486
151 169 26 1805
1568 71 451 1805
1389 930 15 1805
1298 42 167 1805
1666 160 1594 1805
940 809 1658 1805
1433 145 834 1805
1830 636 143 1824
249 51 11 1805
477 639 96 1707
743 862 812 1102
275 346 1322 1500
1217 4 41 1805
923 8 38 1501
1177 931 183 1414
1024 189 1 1024
1021 142 40 1805
1491 643 35 158
1163 828 517 1141
442 41 5 1043
1848 73 32 1805
95 35 1139 95
1039 865 122 1699
1420 12 9 1805
1425 33 137 341
761 1862 61 613
725 64 118 1805
1627 694 165 1338
1150 98 18 1805
1718 787 11 1805
1261 1091 445 1805
1712 323 899 680
1192 566 1710 1805
714 5 722 1036
896 786 3 1805
1018 257 656 1805
474 110 759 1805
1818 172 1804 1805
1365 44 103 1115
234 14 90 1792
828 3 1492 1805
1082 1 181 1174
481 444 87 1068
997 122 1817 408
1490 810 137 341
471 3 185 471
472 883 27 1805
898 38 942 1501
230 116 57 1730
975 66 262 1805
942 117 5 1805
1844 180 129 1805
399 370 35 158
299 54 156 1784
1397 1522 76 162
1158 921 67 1805
283 295 25 283
1335 567 465 1239
1225 1180 573 1805
1049 133 569 1805
1262 253 136 1674
266 29 16 1523
1622 191 337 1805
916 108 12 1805
1022 818 101 1805
670 1244 20 1805
358 21 108 910
735 1245 404 1805
1709 1078 52 524
1398 11 146 1805
1014 134 1750 1014
171 52 14 1619
1715 652 168 1805
50 177 86 406
489 5 1925 1036
349 66 30 1805
193 1165 926 1805
1698 107 60 1599
317 146 1096 1805
1367 100 884 75
1582 459 17 1641
672 112 53 672
1052 57 76 1730
1705 158 186 1805
315 1082 161 1539
906 1277 129 1495
1100 1381 433 1805
1567 88 1491 1567
1206 113 25 1646
313 112 97 1805
1487 1490 449 1487
196 161 136 1805
1397 157 31 162
1078 28 38 1501
404 636 70 1805
1225 69 382 1805
861 75 85 1805
734 116 1581 734
905 169 177 1805
1579 34 1864 210
30 860 55 471
300 721 24 1189
1574 6 1478 1805
733 20 500 1024
1809 56 35 1805
437 396 54 1805
270 21 641 1805
234 65 765 25
782 50 187 782
189 21 14 189
1773 44 187 1805
1577 647 355 1805
612 19 86 1600
760 121 8 462
987 40 170 1805
565 175 813 921
796 99 140 853
1644 141 10 1805
971 907 166 1486
1712 170 76 1712
1473 122 42 408
633 704 798 1805
823 82 163 1805
1549 1152 627 1805
984 1875 1515 1805
1371 120 91 99
1336 118 74 1805
631 36 22 408
1149 549 123 1149
205 177 540 406
1204 120 136 99
682 182 142 893
1549 122 850 408
1243 60 21 1805
355 23 59 600
1056 7 243 1805
240 54 18 1805
1744 148 441 1805
530 1 5 680
1559 17 5 320
257 149 137 1805
538 687 114 694
1245 302 156 1805
1664 595 68 569
1647 177 1140 1224
44 175 39 1805
332 160 168 1805
1835 9 99 1805
1303 162 766 46
1400 414 88 1805
1790 810 281 862
622 25 71 1545
1195 133 764 1805
338 1 129 338
1048 30 43 997
434 1036 486 1805
792 5 577 1162
345 89 616 1805
736 15 157 736
964 69 65 457
667 553 1910 1088
1019 1068 962 1532
160 854 888 160
979 177 832 406
1118 44 163 1805
232 605 1501 1805
1757 1510 164 387
883 609 10 988
1299 551 155 1805
84 166 850 1805
1483 165 31 1805
1074 7 112 1805
167 139 146 1805
389 77 147 961
1845 1585 1896 1805
818 24 158 295
1132 512 843 1805
806 496 41 1805
582 1081 124 1805
575 2 1834 910
899 135 112 1805
1322 109 1339 1805
469 17 13 320
1049 364 158 295
817 343 3 1805
195 38 451 195
591 406 1626 1805
203 54 170 203
54 1117 146 1805
476 42 33 1805
651 186 471 1805
266 9 624 1805
1198 57 180 1805
1086 9 581 1086
61 1062 455 1805
595 58 109 1805
1305 1 97 1174
1717 388 843 1805
881 87 6 1805
1766 26 93 1766
512 264 140 1805
1058 109 51 1805
1281 58 153 876
1839 102 333 1805
1388 572 285 1805
845 9 212 1805
814 29 1694 1805
805 1549 261 999
956 162 536 1408
678 44 13 1115
822 923 103 1805
23 80 928 1805
1721 14 601 1792
127 1528 79 1805
1867 14 1419 1867
792 819 7 1805
671 7 168 1805
959 12 184 1805
924 32 69 924
1811 27 30 1805
1733 28 203 1805
638 761 74 620
1163 367 48 1163
210 119 168 1129
1354 610 588 1805
748 114 86 1101
1353 66 48 1805
269 54 882 1805
1419 12 81 1805
518 105 26 1805
1660 11 36 408
876 87 31 876
1017 182 2 893
352 51 1571 1805
1289 19 104 1805
807 180 38 810
1136 688 139 1136
162 67 889 1805
857 528 52 1619
940 21 32 1805
1790 134 134 936
92 98 75 1805
1521 674 679 1805
688 461 1120 1805
1030 53 22 396
1354 140 81 1805
1795 36 539 1805
1069 198 73 1805
132 630 169 1805
319 351 24 195
1634 1715 75 1805
182 860 75 39
980 113 790 1805
1605 29 11 1805
244 516 72 1805
474 138 40 1805
971 10 161 81
893 361 16 893
708 123 1339 438
1473 1903 293 1500
988 39 16 988
1240 664 92 1805
1667 197 1631 219
313 57 116 1730
553 970 182 893
689 139 209 1203
57 53 60 1162
58 123 487 1805
1681 161 1157 1681
1866 90 364 1866
36 12 29 1805
1040 124 99 1805
987 169 44 1115
2 1485 270 1805
1477 274 1247 1805
54 102 28 1802
1097 111 173 29
962 934 87 1805
1831 2 705 1805
616 54 153 876
330 514 98 1805
951 143 606 951
1463 134 149 210
1672 864 40 1805
1232 30 174 1805
859 803 282 1805
869 129 1500 997
659 89 1529 1805
1741 614 72 1805
1753 27 886 1805
1760 185 119 46
1132 234 78 1805
503 165 788 503
1474 616 133 1805
1675 44 186 1805
514 1678 867 514
306 122 28 1805
106 606 834 1805
478 1836 677 1143
1542 118 869 893
1692 186 110 1021
1527 1465 11 1805
1695 69 710 1695
1345 129 118 1805
303 177 174 260
1541 743 146 1805
1832 170 117 1805
173 14 4 1856
1493 297 122 1285
1818 40 511 1805
855 76 809 855
1730 839 507 1386
1554 21 14 1792
132 1676 1626 1805
1117 141 870 1805
265 69 930 1805
877 1418 136 1805
1475 162 178 1408
970 115 828 970
1221 524 25 1221
1237 324 188 1805
836 64 327 1134
450 562 1695 180
561 199 21 983
1666 348 1204 1666
513 357 18 1805
1820 55 835 1805
837 36 20 1805
950 749 120 99
748 92 76 548
1332 63 36 1805
1675 1712 393 1805
1860 88 6 1805
1737 270 131 1805
1338 111 140 29
1649 41 248 1649
932 36 168 1129
1248 89 23 1203
824 734 178 1817
499 646 182 893
505 576 16 505
117 102 129 1802
142 26 180 1805
993 1467 360 553
390 33 1627 1805
1590 140 63 1805
1475 463 766 320
1041 153 179 876
1862 768 461 1805
1523 1677 25 1044
1275 866 36 1129
705 20 372 1805
1498 43 175 1801
1066 684 110 1021
841 483 116 1805
840 137 123 438
351 1604 219 1805
940 140 497 1805
962 23 98 1805
1369 287 62 1369
1575 9 608 1805
1286 1823 39 1805
1442 171 222 1805
386 45 10 1805
1125 126 44 1115
1634 69 961 1805
318 172 34 1239
84 110 85 1805
1110 190 48 1110
1617 540 13 1500
369 180 48 369
700 137 9 1805
1106 126 617 107
77 1747 15 1805
1812 129 43 1801
889 111 80 29
369 1067 294 1472
1676 32 1848 1805
1019 685 32 53
855 176 52 1619
1806 83 88 765
236 310 380 1805
857 897 1050 1805
857 915 179 1805
9 100 25 75
858 144 29 1805
210 80 177 210
454 18 182 1805
904 177 613 406
469 119 127 1272
937 552 83 1805
758 140 44 1805
402 66 162 1805
533 559 81 1805
419 67 93 1534
93 75 187 1805
662 498 2 1805
420 191 168 420
171 707 117 1805
1049 95 1299 1805
1110 82 371 1110
506 40 1855 378
1731 1105 1267 1731
1663 93 136 1805
959 126 52 233
812 664 80 1805
546 27 146 1805
204 423 1627 1555
261 339 1860 1805
1770 182 5 893
1212 105 3 1805
1351 4 57 1805
127 94 58 1462
474 127 17 685
757 154 934 1805
500 1690 737 1059
70 162 144 1408
1252 178 73 1430
656 644 120 1805
651 141 1113 1805
533 30 331 1805
616 89 280 1805
1441 141 19 1805
1410 27 182 801
1393 36 820 1805
1086 5 100 75
1418 40 1442 1805
403 15 610 1805
154 115 73 1805
111 48 32 1824
308 15 152 1805
627 453 129 767
340 742 101 1805
1139 173 126 1341
437 42 74 1805
1392 180 589 1805
274 66 748 1023
1409 971 583 1409
534 553 161 1088
366 210 99 1805
1736 144 132 1805
1049 1025 12 1805
1165 818 912 999
1446 281 30 1805
1470 53 537 1104
270 1235 30 1805
528 1735 1 1174
606 1067 34 1472
283 510 140 1142
1436 37 905 1805
326 70 28 1805
56 105 217 1805
478 142 61 1805
98 41 675 1043
472 12 171 1805
300 35 43 1801
1691 157 108 1691
1624 180 184 1805
1177 843 715 378
355 162 1295 1408
1604 283 614 1805
1295 563 1585 1017
1653 16 27 1523
1478 63 159 1478
1548 125 34 1239
57 31 263 57
15 18 925 1805
573 165 1407 1805
849 12 1329 1805
1568 150 121 1023
957 47 601 91
404 108 1757 910
1475 353 19 408
344 63 14 1792
342 576 121 971
1042 150 49 1854
547 119 725 814
845 3 1147 1805
1741 1027 10 81
64 92 7 1805
46 41 15 1043
65 1726 105 158
720 15 50 720
1832 10 60 81
482 5 174 260
1566 4 928 1805
514 822 342 312
741 137 159 1817
1851 176 5 1851
1450 81 490 457
1715 1332 46 1100
289 59 57 600
1503 126 1639 1805
99 501 304 1805
1042 741 111 29
1094 597 1144 1358
1117 136 653 341
969 796 55 1805
257 351 6 1805
720 7 90 1805
1672 60 92 1805
1290 33 5 1036
1450 4 456 1805
1650 660 54 1650
1543 137 62 341
887 79 62 1805
1770 135 152 1805
368 155 363 1805
866 366 44 63
335 23 639 1688
595 661 297 1854
1444 121 87 1068
1792 853 166 1805
1479 572 110 1021
147 2 15 1805
657 1188 72 1156
407 209 142 1203
327 19 502 1805
613 377 26 57
1623 60 185 46
1560 915 139 1805
1360 827 62 1360
1548 2 193 614
1145 136 730 1805
574 132 1690 1805
902 33 352 1805
176 9 103 1805
1040 173 85 1805
95 863 70 95
1429 16 112 1805
1395 163 18 1805
1324 142 96 1324
213 422 934 936
736 152 140 1805
1229 434 32 1805
753 397 19 753
1038 424 37 1805
167 925 14 1805
610 23 123 438
400 23 1076 195
366 101 44 1805
715 38 359 1501
1415 144 1704 1805
1276 104 201 1805
59 150 51 1805
1742 159 156 1742
1049 663 130 765
630 1750 1330 1805
1847 347 170 190
1790 1658 134 936
1163 54 128 1163
1030 14 496 1805
868 877 35 295
49 36 506 939
572 19 386 1805
427 362 155 1805
742 5 320 742
3 73 920 1430
1626 594 87 1805
1173 8 72 1805
361 179 337 1829
1721 124 104 100
948 35 248 1805
681 1070 1159 1805
1440 55 1778 1805
723 51 161 1805
888 1693 132 1805
1238 641 148 1805
1866 453 76 1866
415 33 1919 1805
1098 204 1 1098
695 1077 30 1805
885 75 11 39
1510 2 35 158
876 32 682 1805
1386 35 110 1021
344 27 25 234
755 1 24 1174
1319 1 36 1174
558 47 111 29
1487 312 116 1487
975 61 496 87
1476 967 237 1805
1451 12 177 1805
1324 37 101 1805
462 30 852 1805
37 43 28 1805
1455 145 3 1805
958 289 181 1805
892 386 1518 1805
1525 145 12 1805
22 187 941 22
1748 1714 366 1805
587 637 266 1098
1629 867 187 1805
948 1 762 1805
519 55 687 1805
432 125 93 4
1212 265 155 1805
1330 329 38 1501
1283 179 38 1283
1741 1075 432 1805
483 21 408 1805
592 1262 954 1824
1145 869 179 893
1814 604 147 1495
1638 67 162 1408
915 86 415 1649
358 84 140 1805
727 17 797 1805
1274 949 1415 4
1594 41 543 1043
1332 132 184 1805
733 2 71 1545
1790 694 417 1805
1547 15 101 1805
710 88 112 765
923 41 1507 820
985 1535 8 1805
771 759 324 1805
753 95 805 753
1704 900 11 408
1250 305 515 1427
1746 183 2 1341
1553 392 421 1553
1324 869 39 1324
1217 158 55 1805
1621 1799 27 408
1542 147 16 1542
727 382 15 1805
123 132 30 1805
1040 268 145 1805
1202 100 131 75
1334 14 185 1792
1228 18 576 971
966 1589 314 1805
1124 128 694 1805
449 90 535 1059
37 27 1147 1805
70 1375 399 462
1155 108 7 910
1037 168 126 1341
966 168 105 1805
1794 104 180 1794
929 1805 1788 929
35 170 181 1805
100 31 357 100
971 1447 167 1805
1125 145 88 1805
806 94 7 1805
976 387 158 1805
412 64 378 1382
523 1307 27 1805
1038 81 76 1141
1028 27 164 1805
896 176 383 1805
1326 926 173 1805
119 17 1909 320
541 199 4 1805
1039 1057 82 409
826 232 224 1632
704 151 16 1523
1191 462 31 1805
1520 1744 27 1805
1116 1660 381 553
1014 101 144 1805
8 719 45 1805
1184 5 7 1805
1644 17 7 1805
1063 15 68 569
92 14 538 1805
996 59 25 600
270 1194 528 1677
272 502 42 272
1660 599 90 1805
731 70 136 1805
130 1894 292 726
953 20 167 1805
655 34 43 1801
468 181 180 1805
110 52 467 1619
1841 97 162 801
1705 165 161 1805
87 155 6 1805
992 7 143 1805
1383 86 415 320
1526 24 36 1805
1343 44 182 1115
1329 662 172 318
421 51 5 1805
1317 826 257 1805
194 1427 39 1805
716 173 1623 1805
721 8 32 1805
572 617 44 107
264 82 149 1805
1364 14 122 1088
782 1353 153 1034
1290 1710 134 678
1008 154 608 1805
904 23 37 1203
947 448 16 947
323 1473 458 1805
419 122 7 408
1084 1 568 1174
943 14 776 943
215 521 901 685
75 1543 10 81
1781 63 631 1805
304 66 1685 1805
341 115 127 685
809 123 336 1805
1864 1307 110 1021
963 1512 383 1764
991 638 461 1805
1783 13 1218 1805
707 126 150 1341
162 168 770 1129
900 1483 266 1805
436 1634 451 1805
866 6 91 63
438 172 33 438
694 804 47 43
699 24 87 1189
787 1132 228 1805
1800 296 60 487
433 116 1882 433
1266 25 22 1175
1189 1170 33 1189
1819 1728 264 1805
1319 172 59 1319
1538 152 549 1174
314 370 26 1805
996 136 88 1805
1093 113 431 1646
723 36 30 1805
383 262 756 208
512 468 237 1805
148 53 28 1162
43 6 227 43
900 67 89 1805
904 29 518 904
485 1238 70 1805
1798 121 145 1798
657 1 628 1174
451 174 96 1707
148 28 143 1801
464 121 105 1805
957 83 112 1711
1768 479 117 1805
1189 115 499 1189
997 900 1396 997
1427 701 496 1427
1572 131 900 1572
399 1840 79 1805
1706 1428 75 195
1840 144 174 260
1360 146 25 1360
1212 31 39 1805
1813 79 95 1805
652 94 128 1462
1735 823 185 1735
1262 42 25 1262
1321 49 24 1189
386 39 782 1805
1073 1454 14 1073
41 304 43 1801
874 63 9 1805
1321 151 109 1805
665 89 710 1805
1562 45 115 1805
1813 415 43 1649
156 1761 349 1805
156 857 166 1805
982 129 786 982
1707 158 1578 1707
1110 328 128 1299
700 9 116 1805
1507 1296 193 1796
705 475 372 1805
1261 154 740 1805
1017 139 15 1017
595 667 2 1805
1441 860 94 471
1564 766 13 1805
1195 906 6 1805
1685 147 10 1685
588 767 354 1805
808 115 28 1805
1113 151 7 1805
1584 113 1701 1805
1438 21 1227 1805
673 173 1919 1805
231 49 37 1854
269 522 109 1805
1864 390 100 75
920 540 352 920
1330 99 1506 1330
1547 787 31 1805
914 323 133 1805
1540 62 9 1805
953 67 180 1805
1717 23 278 1059
912 171 143 1805
897 223 158 1805
793 46 117 1805
420 13 136 1805
1659 441 129 1805
1855 156 409 1805
199 158 32 1805
511 183 41 1043
777 7 266 1805
1619 1809 108 910
968 47 479 1139
1707 18 218 1805
1381 1491 922 1805
305 4 736 1805
1698 69 31 1034
252 82 149 1805
1000 42 563 1805
1695 96 123 438
217 7 142 1805
672 43 1524 1490
1461 606 854 1805
804 884 766 1655
1519 266 80 1805
1726 154 329 1805
1555 685 27 801
96 1274 43 1801
1403 1683 73 776
203 187 207 507
1090 131 183 1341
1387 16 120 1523
831 719 574 1805
1232 732 53 1805
107 638 68 569
239 321 33 239
177 1007 364 177
1042 13 128 1805
1655 98 576 971
1043 28 1620 1805
1636 416 158 884
1395 14 688 1369
1503 163 83 1805
1145 160 1883 1805
1858 107 13 1805
74 378 148 1805
1435 64 1082 1382
1765 136 345 1735
394 8 1017 1805
1119 94 843 1805
759 161 158 1805
1674 86 41 1674
1661 91 16 1523
1647 841 15 1224
1542 64 48 832
575 16 680 853
1269 785 17 320
1499 124 898 1805
770 101 526 1805
1766 68 1054 569
629 164 255 1854
1742 22 33 1742
1431 84 93 1534
855 6 1125 1805
462 669 161 462
646 32 40 1805
1270 714 135 1805
1444 1465 1268 1805
1712 15 323 1712
435 1642 2 1805
693 660 328 1299
1543 63 381 1543
453 587 412 1805
190 123 7 438
1408 109 164 1805
1175 335 31 1805
767 319 1110 767
1150 158 810 295
722 1326 113 1646
1808 44 115 1805
1034 9 160 1805
1531 803 681 1805
1039 36 524 1805
487 1448 130 487
294 1512 11 294
825 528 40 1805
1171 825 106 457
1808 504 604 1805
410 152 50 1805
1483 503 49 1854
699 40 6 1805
256 102 528 1802
446 794 164 1805
1610 39 367 1805
1417 163 937 1805
82 502 24 1189
736 26 8 462
693 125 74 620
647 1 12 1805
980 338 110 1805
336 23 914 1203
713 657 36 1805
1023 181 17 1023
618 469 117 1805
622 61 31 1805
1124 64 96 1707
508 70 653 1805
1388 79 157 1382
1856 113 185 1856
1124 562 1136 1805
357 313 565 1086
1565 101 164 1805
1803 161 128 1805
132 38 14 1501
1252 130 36 1805
699 4 102 1802
1314 152 15 1805
1030 99 32 1805
625 22 181 1805
364 107 19 1805
1527 1612 6 1805
1611 64 1068 1805
880 91 90 1360
551 470 177 551
1784 131 1287 1784
375 128 37 1805
1474 1 68 1174
1387 1301 24 1358
119 2 23 1805
1249 500 126 1024
2 163 6 1805
131 1435 13 1805
31 21 389 1805
1216 910 33 1805
337 486 604 1805
911 726 249 1189
147 166 783 4
575 158 476 853
786 30 1262 1805
900 421 1691 1805
316 124 1847 1805
835 151 1329 1481
113 877 53 1136
886 122 14 408
1802 125 424 4
1865 1734 595 1805
946 142 133 1805
1592 118 1 1174
1534 587 482 1534
1823 70 159 1805
1400 553 365 1088
110 147 183 1341
1516 641 519 1805
1501 35 95 158
1181 43 1075 1181
938 140 62 938
1451 662 156 1805
486 465 8 1003
1611 159 51 1805
178 14 531 1115
57 212 96 1707
1190 153 779 876
77 27 93 801
1553 131 126 1341
625 623 1560 1805
968 27 17 320
1624 284 182 893
1705 572 424 1805
438 76 130 765
870 780 455 406
1498 115 124 1805
1468 944 174 260
985 53 1925 1162
312 104 1683 100
1848 86 1898 873
1511 834 779 428
1567 40 35 158
1359 255 34 1854
1146 30 139 1146
362 37 17 320
935 594 12 1805
1670 817 74 620
1512 181 1609 1805
1447 836 7 1486
1242 183 91 1360
1394 686 178 1817
1383 177 25 406
1529 706 8 1805
1363 175 701 1805
1744 19 42 1805
449 149 25 234
1076 5 18 1805
234 18 99 1189
840 23 54 1203
1820 761 162 1820
191 3 11 1805
1014 100 57 75
240 111 642 1805
435 65 79 1805
609 1307 8 462
948 49 271 1854
979 71 671 1545
139 167 1130 1805
1223 1288 665 1805
450 108 96 180
946 86 652 1805
1704 1513 39 1805
636 369 800 1805
450 113 121 1646
923 751 244 11
229 111 905 29
1402 32 100 75
1380 126 1463 1805
988 8 1202 462
512 1631 1508 1805
1362 77 763 1805
894 6 95 1805
379 62 1864 210
1774 1910 460 1599
129 1260 1387 1805
1262 176 118 1805
626 135 72 1805
741 1901 573 1817
855 159 650 855
1508 173 104 1805
1677 148 769 1805
1706 81 26 57
887 551 53 1805
809 864 1084 1802
88 717 264 1805
459 131 23 1203
387 345 280 1668
87 2 77 961
237 19 33 1805
705 102 38 1802
14 594 54 1805
1403 1370 162 587
130 253 44 1115
1427 35 26 1427
566 57 4 4
840 265 13 1805
721 61 906 1805
1419 378 60 614
250 169 1642 1805
1084 560 182 893
603 24 22 603
1760 324 400 1063
949 149 1023 1805
1696 68 21 1805
1712 764 65 1712
1456 34 909 1456
103 1264 1140 1805
716 103 1705 1805
1401 366 691 1481
1441 295 130 1805
361 31 123 438
1469 604 158 295
706 25 648 1495
579 523 608 1805
620 90 804 620
628 185 412 1805
1324 75 111 1324
122 850 540 122
208 850 56 208
983 166 149 1805
1653 240 44 1115
468 498 183 468
618 151 111 1805
52 930 25 1805
1729 118 1728 1426
1457 102 107 1805
1492 98 87 1805
1040 1864 892 210
1733 6 129 234
808 86 4 808
774 30 1869 884
533 1732 537 1104
1607 1319 1628 442
1497 217 82 1805
1842 31 14 1805
206 29 915 1805
1865 85 104 1805
1374 42 809 1805
165 1548 899 1203
1620 453 371 1805
466 448 65 1805
1082 120 37 99
899 79 10 1805
1733 71 310 1545
1742 1396 1178 1730
1036 3 361 1805
1789 870 1906 1805
379 1793 81 1805
994 1167 661 1805
669 777 26 1805
372 2 77 961
1143 272 794 1143
1005 1 103 1174
38 54 2 1805
478 38 148 1805
1251 1689 853 1805
398 12 34 1239
1027 107 1784 1805
1563 35 170 158
803 773 162 1805
873 107 37 1805
620 12 714 620
1652 6 31 1805
155 323 344 311
1551 155 172 1551
1039 65 764 1039
1306 533 79 1805
413 33 151 1805
30 11 14 1792
1696 16 68 569
119 16 117 1805
1085 159 610 1805
1224 857 890 1224
1708 1346 74 1805
986 35 17 320
1336 156 893 1805
341 14 914 1792
1621 176 80 1805
343 1032 90 1805
1210 840 66 1805
1300 112 19 1805
342 133 676 1805
98 32 46 1805
529 8 617 107
1804 1067 46 1472
107 84 158 107
546 670 22 1805
1612 121 117 1805
470 82 131 409
898 323 311 1026
483 625 518 1344
959 169 1 1174
1294 140 43 1805
1295 1044 86 1017
1252 215 34 1014
239 1567 45 81
1173 677 531 1688
1490 673 107 1490
966 134 743 1805
1602 836 88 1486
1488 750 96 1707
1782 6 144 1805
1802 129 819 1802
163 96 857 1649
1525 68 826 1805
686 954 8 686
93 30 240 1805
765 25 116 704
1280 631 36 1805
803 912 168 999
599 1060 15 1805
919 722 50 744
472 1394 181 1805
998 165 809 998
498 620 960 1805
642 147 64 642
326 756 72 208
19 86 797 19
204 529 115 1555
1807 1323 152 1805
441 107 193 1805
1833 266 440 1805
328 102 1 328
1423 123 7 438
516 4 183 516
1826 445 846 1469
583 169 535 1059
951 105 8 951
1690 83 4 1711
1330 1454 342 1330
1808 878 22 396
1077 90 150 692
235 175 36 1805
529 1 123 1174
987 22 25 987
921 81 132 1805
985 146 125 1805
345 39 646 1805
1542 35 41 1043
1351 332 54 680
1188 187 678 1805
105 77 43 961
1529 131 66 1805
149 13 995 1805
1143 209 181 1143
1493 832 1042 1493
1253 1681 125 672
626 337 108 1805
1664 1427 16 1664
523 1114 711 181
645 84 143 1059
967 542 10 1805
716 968 1296 694
529 212 137 341
