1937 1960 1839
223 1365
780 223
1750 780
250 1750
421 250
703 421
1707 703
1880 1707
1564 1880
151 1564
68 151
122 68
1809 122
1534 1809
897 1534
601 897
1929 601
875 1929
207 875
1216 207
518 1216
655 518
1557 655
237 1557
1823 237
913 1823
681 913
1580 681
1246 1580
437 1246
1123 437
328 1123
1582 328
188 1582
683 188
1830 683
882 1830
394 882
1630 394
1049 1630
1497 1049
596 1497
1008 596
1043 1008
166 1043
1603 166
60 1603
478 60
76 478
871 76
1290 871
299 1290
1668 299
673 1668
750 673
1301 750
1138 1301
1708 1138
966 1708
66 966
1681 66
774 1681
1921 774
30 1921
378 30
1274 378
1076 1274
1766 1076
1912 1766
1833 1912
202 1833
514 202
16 514
1922 16
901 1922
752 901
304 752
1525 304
1114 1525
322 1114
1523 322
648 1523
580 648
567 580
730 567
702 730
538 702
413 538
1687 413
1581 1687
1070 1581
1933 1070
1563 1933
1832 1563
787 1832
600 787
661 600
1086 661
1326 1086
1385 1326
1602 1385
1905 1602
950 1905
1332 950
308 1332
1775 308
1116 1775
1466 1116
258 1466
521 258
1335 521
1926 1335
347 1926
1706 347
664 1706
484 664
1583 484
1408 1583
866 1408
1732 866
366 1732
475 366
825 475
375 825
1716 375
783 1716
1215 783
1519 1215
461 1519
1128 461
519 1128
744 519
840 744
637 840
236 637
205 236
1390 205
1937 1390
1544 1937
1858 1544
542 1858
144 542
1021 144
1344 1021
193 1344
696 193
1689 696
1898 1689
1362 1898
1627 1362
711 1627
1705 711
1760 1705
1741 1760
1655 1741
1169 1655
777 1169
994 777
594 994
1146 594
331 1146
26 331
246 26
1088 246
267 1088
1441 267
1626 1441
541 1626
645 541
925 645
390 925
1161 390
1010 1161
1752 1010
281 1752
895 281
1005 895
614 1005
1333 614
382 1333
1881 382
1089 1881
1895 1089
1641 1895
510 1641
785 510
146 785
497 146
641 497
88 641
249 88
922 249
1347 922
739 1347
453 739
298 453
474 298
1521 474
138 1521
1885 138
1142 1885
1656 1142
1213 1656
782 1213
48 782
418 48
329 418
1352 329
699 1352
1219 699
831 1219
119 831
1813 119
4 1813
1906 4
65 1906
124 65
248 124
1051 248
1493 1051
1395 1493
1440 1395
619 1440
1757 619
2 1757
1286 2
357 1286
1695 357
767 1695
809 767
1028 809
1247 1028
200 1247
1599 200
420 1599
1003 420
1035 1003
811 1035
203 811
928 203
1669 928
58 1669
341 58
359 341
1661 359
1504 1661
1201 1504
1737 1201
316 1737
133 316
262 133
918 262
747 918
1401 747
1060 1401
833 1060
443 833
1349 443
118 1349
1530 118
367 1530
726 367
671 726
1747 671
1686 1747
563 1686
676 563
1368 676
1107 1368
1893 1107
1422 1893
1186 1422
1727 1186
1000 1727
112 1000
863 112
216 863
511 216
554 511
1510 554
1404 1510
972 1404
1202 972
113 1202
1050 113
1864 1050
720 1864
1462 720
335 1462
36 335
791 36
165 791
1506 165
549 1506
602 549
1238 602
1209 1238
766 1209
684 766
523 684
1384 523
360 1384
1700 360
1149 1700
1173 1149
1012 1173
1020 1012
1608 1020
1320 1608
1639 1320
887 1639
1353 887
1467 1353
698 1467
1742 698
1187 1742
126 1187
1127 126
1672 1127
488 1672
1094 488
697 1094
1658 697
845 1658
1464 845
225 1464
260 225
353 260
1077 353
1619 1077
454 1619
140 454
1013 140
1400 1013
1261 1400
1786 1261
1394 1786
937 1394
1410 937
1081 1410
1856 1081
1756 1856
1334 1756
1289 1334
1016 1289
1783 1016
993 1783
1337 993
3 1337
731 3
114 731
1645 114
25 1645
1810 25
251 1810
83 251
1500 83
1592 1500
106 1592
1167 106
1245 1167
1935 1245
397 1935
704 397
1345 704
483 1345
1430 483
470 1430
419 470
1475 419
1651 1475
1269 1651
999 1269
814 999
799 814
182 799
1902 182
1527 1902
1570 1527
1698 1570
1452 1698
1371 1452
1312 1371
612 1312
848 612
302 848
1211 302
395 1211
1084 395
1801 1084
240 1801
403 240
879 403
471 879
987 471
128 987
314 128
850 314
1445 850
229 1445
1931 229
278 1931
1730 278
627 1730
1605 627
935 1605
1277 935
1798 1277
1600 1798
1072 1600
1484 1072
1715 1484
1470 1715
657 1470
1258 657
940 1258
1068 940
1744 1068
1033 1744
1693 1033
983 1693
1257 983
1101 1257
1184 1101
754 1184
904 754
120 904
338 120
1796 338
1717 1796
742 1717
1919 742
1556 1919
530 1556
481 530
1376 481
1336 1376
1255 1336
235 1255
1303 235
22 1303
718 22
380 718
920 380
255 920
127 255
722 127
902 722
1794 902
792 1794
933 792
1628 933
1871 1628
398 1871
1604 398
387 1604
504 387
712 504
898 712
1724 898
985 1724
486 985
8 486
1018 8
1314 1018
1743 1314
1164 1743
1136 1164
1892 1136
1492 1892
1739 1492
1275 1739
963 1275
1240 963
705 1240
805 705
477 805
1654 477
1241 1654
1828 1241
449 1828
1057 449
226 1057
1924 226
1006 1924
1192 1006
277 1192
1816 277
1586 1816
1808 1586
917 1808
658 917
955 658
1111 955
1059 1111
1644 1059
131 1644
276 131
1121 276
1920 1121
495 1920
1375 495
161 1375
625 161
1755 625
1135 1755
1155 1135
545 1155
1442 545
868 1442
1369 868
1711 1369
1208 1711
271 1208
1538 271
779 1538
1835 779
1469 1835
1721 1469
485 1721
204 485
1873 204
1120 1873
1909 1120
401 1909
1249 401
1851 1249
1620 1851
1280 1620
1330 1280
244 1330
487 244
1536 487
1340 1536
643 1340
1252 643
778 1252
1539 778
43 1539
553 43
1278 553
464 1278
15 464
765 15
1071 765
358 1071
1532 358
272 1532
346 272
1063 346
1891 1063
1282 1891
1722 1282
660 1722
19 660
371 19
264 371
1039 264
535 1039
1834 535
844 1834
49 844
125 49
156 125
1503 156
1618 1503
1487 1618
1163 1487
990 1163
1547 990
912 1547
489 912
1158 489
406 1158
361 406
1474 361
37 1474
633 37
1850 633
444 1850
1657 444
1061 1657
1548 1061
269 1548
92 269
867 92
956 867
1865 956
1594 1865
429 1594
1448 429
1263 1448
516 1263
1697 516
1027 1697
568 1027
700 568
1791 700
6 1791
573 6
168 573
1125 168
583 1125
1178 583
1137 1178
13 1137
97 13
1093 97
900 1093
1778 900
1235 1778
217 1235
1413 217
384 1413
794 384
1254 794
631 1254
29 631
1363 29
859 1363
1313 859
1918 1313
1777 1918
1453 1777
911 1453
1535 911
1358 1535
336 1358
129 336
755 129
1294 755
788 1294
400 788
28 400
776 28
1191 776
1561 1191
1633 1561
748 1633
1934 748
306 1934
1153 306
389 1153
1819 389
564 1819
214 1365
1612 1365
480 1365
21 1365
1350 1365
1381 1365
856 1365
869 1365
59 1365
1868 1365
1617 1365
691 1365
1560 1365
5 1365
557 1365
1307 1365
826 1365
24 1365
157 1365
888 1365
1272 1365
670 1365
1444 1365
997 1365
550 1365
1067 1365
1666 1365
534 1365
1533 1365
224 1365
426 1365
896 1365
830 1365
821 1365
293 1365
423 1365
1758 1365
365 1365
710 1365
842 1365
989 1365
1119 1365
1148 1365
582 1365
1486 1365
170 1365
1428 1365
1704 1365
586 1365
1108 1365
364 1365
1310 1365
433 1365
410 1365
45 1365
195 1365
652 1365
1331 1365
1770 1365
880 1365
915 1365
1861 1365
715 1365
1886 1365
115 1365
324 1365
111 1365
707 1365
1869 1365
1097 1365
1648 1365
973 1365
1015 1365
189 1365
438 1365
101 1365
1038 1365
472 1365
1624 1365
1029 1365
674 1365
903 1365
1774 1365
351 1365
183 1365
819 1365
1907 1365
451 1365
1714 1365
909 1365
233 1365
1217 1365
936 1365
12 1365
1853 1365
1879 1365
1040 1365
1899 1365
1468 1365
1683 1365
1424 1365
1205 1365
829 1365
1437 1365
756 1365
931 1365
228 1365
562 1365
1782 1365
1637 1365
930 1365
1105 1365
1691 1365
20 1365
1678 1365
1231 1365
1849 1365
303 1365
745 1365
1346 1365
363 1365
1276 1365
576 1365
1370 1365
1397 1365
1174 1365
1380 1365
647 1365
1373 1365
344 1365
110 1365
577 1365
473 1365
39 1365
370 1365
61 1365
1348 1365
1769 1365
949 1365
1726 1365
296 1365
585 1365
54 1365
1890 1365
307 1365
1667 1365
1317 1365
1670 1365
1802 1365
1438 1365
638 1365
1787 1365
839 1365
1780 1365
386 1365
1229 1365
290 1365
1664 1365
1388 1365
1745 1365
327 1365
608 1365
1402 1365
520 1365
1531 1365
1928 1365
1319 1365
1593 1365
1765 1365
1800 1365
820 1365
613 1365
1540 1365
1357 1365
1718 1365
1259 1365
620 1365
1052 1365
1338 1365
458 1365
1566 1365
287 1365
177 1365
1454 1365
1925 1365
55 1365
1761 1365
1168 1365
537 1365
878 1365
853 1365
1234 1365
345 1365
422 1365
716 1365
1364 1365
1429 1365
891 1365
44 1365
369 1365
1034 1365
1803 1365
621 1365
1496 1365
1754 1365
1524 1365
1356 1365
1513 1365
405 1365
1236 1365
1295 1365
1545 1365
1023 1365
1210 1365
1416 1365
176 1365
1374 1365
544 1365
650 1365
238 1365
381 1365
1660 1365
1790 1365
807 1365
737 1365
70 1365
597 1365
1411 1365
1110 1365
899 1365
227 1365
624 1365
62 1365
566 1365
1098 1365
874 1365
509 1365
1218 1365
1763 1365
317 1365
832 1365
1897 1365
708 1365
154 1365
1460 1365
971 1365
1075 1365
1124 1365
769 1365
1139 1365
1498 1365
1393 1365
1845 1365
498 1365
1904 1365
1640 1365
1131 1365
1699 1365
1515 1365
1079 1365
51 1365
916 1365
536 1365
333 1365
1609 1365
781 1365
569 1365
1207 1365
628 1365
1074 1365
988 1365
1822 1365
1386 1365
435 1365
945 1365
685 1365
1103 1365
547 1365
786 1365
1910 1365
713 1365
662 1365
1265 1365
1223 1365
208 1365
998 1365
448 1365
666 1365
446 1365
206 1365
1751 1365
11 1365
772 1365
1477 1365
1827 1365
590 1365
1499 1365
1055 1365
812 1365
1270 1365
1729 1365
815 1365
1597 1365
1476 1365
677 1365
78 1365
1550 1365
906 1365
749 1365
1256 1365
1459 1365
430 1365
1537 1365
1694 1365
196 1365
72 1365
1863 1365
1054 1365
181 1365
41 1365
1679 1365
33 1365
790 1365
525 1365
141 1365
603 1365
1646 1365
1575 1365
245 1365
827 1365
135 1365
1196 1365
1558 1365
1526 1365
1144 1365
881 1365
1372 1365
574 1365
1636 1365
313 1365
499 1365
689 1365
1233 1365
894 1365
801 1365
1198 1365
1431 1365
1160 1365
806 1365
1820 1365
1323 1365
611 1365
198 1365
482 1365
91 1365
572 1365
9 1365
1291 1365
841 1365
320 1365
910 1365
107 1365
185 1365
579 1365
884 1365
1166 1365
393 1365
1048 1365
1427 1365
1852 1365
215 1365
995 1365
1242 1365
818 1365
98 1365
763 1365
1759 1365
1414 1365
957 1365
1351 1365
242 1365
77 1365
981 1365
175 1365
1731 1365
709 1365
1143 1365
1204 1365
179 1365
565 1365
690 1365
404 1365
343 1365
1417 1365
976 1365
1396 1365
1746 1365
377 1365
960 1365
701 1365
174 1365
1764 1365
356 1365
254 1365
570 1365
1481 1365
1542 1365
1133 1365
1377 1365
740 1365
692 1365
1156 1365
1665 1365
479 1365
757 1365
221 1365
407 1365
212 1365
1031 1365
1115 1365
74 1365
725 1365
1450 1365
1817 1365
1900 1365
268 1365
1859 1365
1328 1365
644 1365
1175 1365
798 1365
1595 1365
1193 1365
1930 1365
1591 1365
1517 1365
883 1365
1772 1365
803 1365
81 1365
1749 1365
130 1365
496 1365
1812 1365
1112 1365
1680 1365
123 1365
1567 1365
1631 1365
1549 1365
1576 1365
1559 1365
508 1365
959 1365
1682 1365
668 1365
581 1365
816 1365
50 1365
654 1365
440 1365
94 1365
1327 1365
964 1365
73 1365
465 1365
1230 1365
143 1365
575 1365
1458 1365
139 1365
137 1365
270 1365
362 1365
1607 1365
954 1365
1085 1365
1635 1365
1611 1365
796 1365
284 1365
646 1365
1181 1365
52 1365
861 1365
873 1365
1176 1365
1824 1365
1042 1365
592 1365
1423 1365
1767 1365
1720 1365
256 1365
1066 1365
1382 1365
1529 1365
402 1365
616 1365
318 1365
1129 1365
741 1365
1806 1365
1171 1365
1361 1365
1145 1365
411 1365
219 1365
1044 1365
1546 1365
85 1365
1841 1365
105 1365
515 1365
1109 1365
409 1365
35 1365
1596 1365
513 1365
1650 1365
1589 1365
1172 1365
941 1365
1221 1365
942 1365
761 1365
18 1365
1587 1365
1842 1365
1403 1365
1305 1365
1793 1365
355 1365
82 1365
686 1365
1342 1365
257 1365
1316 1365
1157 1365
1642 1365
108 1365
90 1365
1501 1365
1807 1365
1099 1365
1831 1365
463 1365
1260 1365
1870 1365
1489 1365
155 1365
1456 1365
1300 1365
609 1365
1723 1365
348 1365
1610 1365
688 1365
1762 1365
1479 1365
321 1365
1443 1365
1684 1365
1562 1365
502 1365
1543 1365
962 1365
961 1365
1553 1365
1159 1365
1179 1365
639 1365
1225 1365
738 1365
1100 1365
1267 1365
1811 1365
1465 1365
1771 1365
172 1365
607 1365
1 1365
288 1365
651 1365
231 1365
1268 1365
865 1365
524 1365
1041 1365
1844 1365
921 1365
1304 1365
723 1365
1095 1365
1461 1365
425 1365
385 1365
305 1365
1712 1365
800 1365
1932 1365
491 1365
149 1365
136 1365
1203 1365
164 1365
396 1365
1150 1365
392 1365
858 1365
1588 1365
42 1365
849 1365
1483 1365
548 1365
1080 1365
735 1365
770 1365
714 1365
171 1365
1911 1365
505 1365
982 1365
1574 1365
103 1365
1838 1365
1568 1365
210 1365
100 1365
1585 1365
56 1365
1896 1365
656 1365
926 1365
734 1365
1343 1365
1673 1365
877 1365
1565 1365
1688 1365
724 1365
1473 1365
1572 1365
743 1365
808 1365
27 1454
1662 1276
197 1192
427 296
310 554
75 1656
1439 1427
1308 30
492 1928
1867 203
653 62
1638 1039
1325 1099
706 999
1491 1660
383 1093
663 449
943 1626
428 347
1674 1059
339 1809
1407 663
1415 888
263 426
457 1540
629 1806
376 1397
694 1028
456 1745
1923 631
1632 1277
1032 381
1804 1021
1748 212
1432 1390
1677 81
1629 597
315 175
1541 1274
746 36
1653 1320
1569 574
169 1267
1391 1204
1502 1629
732 783
604 364
1936 1111
1776 251
280 1368
187 538
975 331
442 290
445 1124
1875 999
148 722
213 1008
618 427
1298 1566
667 1193
1140 314
239 1934
332 1796
1901 237
1508 1345
297 830
1494 1724
727 1442
751 1902
951 1524
1829 1332
1507 664
1509 609
1579 573
665 385
1883 716
1092 1729
1064 428
117 513
543 563
447 429
1318 1119
374 1771
1847 203
593 214
595 407
1253 785
1573 861
1398 357
1622 1066
1805 1088
1516 1497
295 263
1482 1032
1860 1833
872 52
1518 360
948 139
99 1543
1634 774
1007 1597
494 118
1096 1786
1222 1139
31 1806
979 761
852 1048
1243 1150
1322 1711
1725 246
342 250
1916 406
323 1149
152 130
1825 1752
1659 400
1073 1203
802 651
167 92
1854 1820
934 92
1927 1064
379 1055
468 129
1405 1516
121 2
1113 769
1053 1108
1250 1803
234 825
1878 1103
96 164
938 1327
632 1108
771 324
1709 477
1866 867
1036 504
1315 963
728 117
1189 262
1488 497
507 1424
436 1867
1615 735
1152 1159
1857 1192
1789 691
1511 484
588 662
330 148
623 1667
1281 1629
1185 842
649 1335
71 1807
1768 840
163 185
1733 494
640 507
634 1440
285 1368
1471 110
1837 1127
265 581
1022 1637
1106 200
589 317
636 1776
546 1107
1652 1608
836 620
996 632
719 1798
241 1006
584 327
615 651
1874 1932
758 85
354 1022
391 930
452 1252
1436 1171
1676 1928
522 1250
432 1925
283 1012
493 410
1273 1059
450 1388
980 111
1180 1345
275 1246
1495 664
222 1791
854 39
147 980
939 1498
416 732
243 333
659 272
907 854
768 1372
1876 85
717 754
977 976
1026 465
1472 1898
1643 895
1014 1456
1872 91
434 1442
292 307
1836 434
1367 662
1425 129
965 1474
793 785
1455 377
1788 1153
1840 1543
1046 770
300 1504
311 1432
455 1641
843 1586
1239 666
1736 616
1554 1749
855 1798
1122 1438
695 264
1118 71
1584 156
289 752
1126 77
1069 222
34 888
1383 548
399 196
969 1240
753 75
1339 1809
784 237
1551 299
1894 200
1083 1169
1908 434
797 1524
927 318
1227 825
680 772
864 1218
531 966
1237 407
160 1377
555 1535
929 1233
630 133
326 1240
1311 1158
252 1712
1740 387
1623 922
1220 163
38 1866
102 366
1773 1095
675 207
1188 1432
764 1261
232 936
1264 1207
1571 250
1815 1461
186 418
1799 1630
760 1365
180 960
1601 1347
1170 1145
86 807
253 1423
259 1344
813 1747
1283 450
1917 1921
947 285
1194 1487
1047 1586
733 720
1621 378
991 1825
678 1676
1409 883
142 1274
191 1390
1846 1116
635 1481
209 589
944 1716
1887 144
1785 1576
1271 1254
558 1883
467 1061
352 875
892 564
1478 1783
1037 614
319 1257
1555 1095
540 821
159 170
1738 1020
64 1790
23 270
415 768
79 1876
1251 19
1162 113
824 359
1578 398
860 51
1418 1798
266 920
1522 825
1200 1067
89 289
693 550
1190 1241
1182 1822
1449 1615
1690 971
40 1075
908 23
1279 221
294 1337
184 1878
551 998
1004 1217
1132 988
804 1934
512 1240
1360 1207
132 1568
1359 1612
57 1436
309 154
587 1751
837 966
1284 1386
1451 1113
247 483
368 707
1378 1516
978 799
1710 1615
1753 317
134 396
1019 609
104 121
1134 1820
559 1589
610 179
417 41
1017 1213
1065 1928
946 1303
1781 1443
14 31
273 139
1024 1740
1647 1361
822 1422
109 1187
591 1430
759 1269
476 1546
1447 804
1387 374
870 562
373 524
93 1445
414 754
1228 414
460 816
1341 971
47 1716
932 1276
95 1897
261 1305
835 1766
1355 1610
890 1604
1848 295
857 939
1435 339
527 137
889 1205
1552 1280
1702 1849
279 633
606 591
905 1539
1889 1270
526 713
1009 1203
1001 618
1613 786
469 936
1884 1053
1285 737
500 1005
626 1682
1463 486
1288 666
1703 1187
923 403
10 1716
1528 1409
431 1325
1784 502
1045 1540
220 1646
116 14
517 623
1177 917
441 589
1821 734
642 1181
63 1205
340 1900
1701 1522
153 1892
1412 305
876 1524
1321 569
67 1867
1590 445
1675 415
173 671
1614 898
466 1854
503 1566
158 141
1244 9
578 419
1446 488
1485 714
7 1263
1419 769
682 289
1058 139
1797 444
556 1166
817 579
862 1158
528 213
846 55
1734 678
1002 1537
1104 889
1421 798
1366 714
1214 1750
1297 714
194 284
762 1921
1389 423
1392 374
1598 635
847 187
1197 1523
1309 631
312 241
914 938
1877 975
17 433
1056 1265
1649 1600
1426 138
412 948
773 983
1855 1672
533 1284
1130 1131
53 401
1324 888
729 1255
958 1044
968 1764
1862 1493
1354 1660
1406 1674
490 437
1025 1682
1826 1093
334 955
775 298
350 1284
984 696
532 1086
687 866
599 352
622 507
145 902
1915 816
885 1320
617 458
1616 1847
80 1566
1147 1627
1696 1590
1577 1002
1514 725
1165 156
201 1074
1062 1153
69 1342
1512 1711
1379 1268
1087 1129
1913 1547
838 1798
1692 920
218 1634
1420 278
1195 94
1306 1420
337 1230
1795 1110
1843 1861
150 641
953 416
1232 718
291 1146
1262 1081
388 150
462 1028
1030 1646
46 1133
87 1406
1206 160
810 1348
1226 1393
439 1781
967 1912
1625 425
501 1840
1011 1193
851 1695
286 733
1888 1086
1882 1362
1091 1518
230 1349
679 526
669 1887
190 1491
1792 1118
424 1568
1735 18
1685 1216
1117 389
823 1376
919 883
924 433
1606 1582
178 1454
408 1006
162 882
598 1723
1151 1508
1490 1735
1505 1566
1903 1439
192 1385
539 1731
211 359
1212 1066
301 1892
1266 681
886 530
672 921
199 852
1248 46
1779 281
986 796
1719 557
834 270
721 1027
552 253
1296 644
84 1831
506 1697
970 1562
1090 1910
1154 1175
459 279
32 1598
349 38
1078 1902
1839 956
1480 1152
1293 1616
974 1400
1141 1453
605 1440
893 211
1434 1477
1520 1321
1814 105
1302 224
571 1334
1671 401
1329 5
1818 1699
372 1124
1299 1145
1433 1247
828 581
1728 523
1287 1677
1292 1387
795 1577
1082 1469
1713 1105
560 254
282 518
992 675
1224 1155
952 2
789 5
1102 13
274 134
1457 1101
736 678
1914 581
1399 176
529 332
561 918
325 502
1199 483
1663 1301
1183 878
291 833 92 1146
849 170 94 1466
1757 182 167 1365
1192 139 1801 782
408 104 1395 1005
1018 218 104 1086
1888 147 33 1365
132 1902 182 1365
1323 338 31 1365
116 765 77 1365
1388 563 164 1365
566 1175 4 1345
1291 832 646 994
1276 23 12 1365
1561 54 21 1365
908 102 874 1365
1278 17 510 1161
52 169 1824 1365
1508 35 287 1655
1065 23 1248 1603
1494 27 955 1084
1403 52 605 1365
1121 528 145 752
1899 74 17 1365
378 1091 127 1365
980 630 15 913
1209 85 38 1209
85 87 22 1365
280 101 260 382
314 384 1921 314
563 167 68 730
1495 104 5 664
729 8 151 1365
1654 121 134 1365
1609 167 628 1365
1504 15 90 1898
908 170 558 1466
992 123 8 207
1905 102 99 1365
805 646 127 805
512 15 367 1470
935 778 322 767
14 812 100 1365
1598 148 119 1766
1649 6 42 1352
1308 156 7 1365
1544 200 39 1544
144 19 138 144
1043 97 36 1043
1872 278 35 1655
1890 142 309 1365
1807 93 22 1365
440 81 27 1365
667 595 642 1365
638 27 553 1365
1447 141 1392 1445
234 101 117 825
1019 9 1735 1365
1544 48 6 1365
218 74 99 1365
1251 437 326 1921
1896 103 45 1582
642 394 865 359
1073 179 1933 825
1467 97 465 1921
1795 1345 1682 1365
901 27 828 1365
1361 147 133 1365
1623 106 39 922
1091 166 15 360
140 155 375 1919
1566 341 22 1365
1884 767 683 1365
728 113 480 1365
907 359 4 1365
1528 170 59 1365
1594 491 170 1466
244 157 112 244
461 829 19 461
1692 1084 856 1077
776 1660 618 1474
1661 3 1579 1661
1677 1697 91 1365
1093 24 727 1365
1869 122 112 1213
310 41 1036 1303
395 173 25 497
1501 301 151 1365
633 454 290 1375
1640 487 2 1626
681 1181 649 767
1247 1934 478 1750
1065 28 432 1365
887 52 20 1365
1365 182 73 1365
1596 92 428 397
881 58 65 895
1055 43 125 1169
873 1 26 1365
1054 85 57 1365
1912 136 105 1365
1835 27 182 1365
260 48 71 1365
239 251 479 1376
2 610 725 1752
1338 21 35 1365
78 2 1 1365
45 1598 92 397
341 142 82 750
1374 20 156 1365
1430 1944 181 165
80 419 135 1365
1608 110 21 1365
392 234 128 1365
79 1443 102 1365
1235 93 568 1365
942 613 1951 1365
1827 24 104 1365
1104 142 146 1365
59 27 1609 1365
345 274 176 1365
1185 897 40 1523
813 23 6 1656
197 24 17 1365
309 760 368 1365
108 75 141 1365
949 18 138 133
842 13 6 1365
513 5 26 1365
1518 75 852 360
1730 141 360 1445
1300 69 534 648
333 232 21 1365
1376 565 882 1376
1336 26 24 1365
215 779 16 1365
136 474 51 1365
455 1796 167 1365
214 1706 30 1365
1380 1769 534 648
1077 100 791 1349
301 87 36 1365
414 56 145 752
301 28 105 1892
1279 173 1615 1365
1291 33 179 1365
1909 132 24 1365
301 30 150 1441
1142 11 54 1365
421 348 9 421
1107 650 28 1107
369 78 911 1365
18 890 39 1241
1497 3 676 1497
616 13 106 1365
1436 133 270 1365
182 14 102 1365
1004 4 873 1365
80 1171 115 1365
901 4 834 901
1226 75 358 1365
1804 369 615 1365
1196 41 172 1303
133 59 449 875
1520 28 70 1365
1317 5 1031 1365
904 9 44 1527
1921 143 714 1921
1438 1817 100 1365
64 872 66 1365
907 105 1401 1365
124 109 16 1365
792 599 79 1365
1083 98 9 1349
553 213 458 1441
881 774 755 1365
1144 897 479 1523
595 1289 775 1365
1845 249 142 1365
954 709 105 1365
233 62 58 895
552 182 304 1365
1375 50 1021 1365
1778 57 167 1365
279 128 761 1365
1018 1564 84 1018
1138 164 151 1365
289 47 361 752
1352 163 82 1352
657 403 97 1921
1602 121 368 1602
1761 155 140 1365
1259 168 157 1365
1701 327 1239 825
130 169 631 1365
1472 451 6 1365
1281 8 16 1365
390 633 708 390
1097 801 1408 1365
1898 9 105 1898
1859 156 410 1365
969 946 405 1240
248 760 376 248
372 176 150 1365
1246 155 767 1246
890 64 612 1365
853 849 906 1365
1354 19 149 1365
56 34 42 1365
295 33 109 1365
1143 386 108 1365
1709 12 156 1365
344 728 603 1365
567 462 1740 1365
1152 476 718 1365
1143 820 1929 1365
165 76 167 1365
1728 141 176 523
177 1419 64 1365
825 163 463 1371
1416 109 14 1365
1551 126 137 1365
893 696 1872 359
328 25 23 328
809 898 3 671
992 1 759 207
1755 128 57 1365
1467 185 186 488
1675 1768 65 1371
1494 109 165 1365
381 1045 88 1365
1449 43 401 987
1342 69 55 648
860 77 108 1365
172 74 9 1365
1239 153 160 783
1484 20 63 1365
399 27 176 1365
1572 1653 1327 1365
213 919 168 1008
527 12 186 1365
1399 17 63 1365
59 1458 1416 1365
728 573 13 1365
1820 178 523 1365
339 50 53 1365
1286 141 566 1286
1609 63 40 1365
1279 94 78 1365
941 82 8 1365
1620 1319 33 237
1712 70 7 1365
913 73 3 1261
1118 798 6 1365
775 571 132 1365
620 46 12 1365
901 121 1556 1049
659 372 142 207
290 107 125 1169
248 32 1241 248
1640 62 127 1365
960 629 17 1365
1316 412 862 1365
243 87 791 1365
1662 98 89 1365
1452 7 113 1365
80 797 608 1365
391 47 2 1365
1846 14 690 1116
478 437 837 478
400 897 672 1280
1110 32 97 1921
1226 9 1478 1527
1930 1836 219 1365
1338 122 8 1365
171 40 163 1371
1790 680 117 1365
904 1932 166 904
1413 62 154 699
1857 98 1835 1349
1615 368 364 844
538 764 11 1365
1132 710 107 1365
543 163 62 563
1818 184 916 1340
989 39 74 1365
1222 52 6 1365
1802 790 274 1365
1101 39 102 1101
998 485 42 1352
1348 502 180 474
851 19 182 1365
1457 698 362 645
1647 619 169 1365
1671 227 36 1365
782 1897 173 497
678 1516 79 1365
531 147 348 1365
226 125 276 1169
1174 103 166 1337
584 114 37 359
828 455 1902 1365
424 827 182 1365
611 538 232 1365
886 79 106 1365
470 835 39 470
277 357 91 1365
1424 1515 162 1365
1393 134 1523 1365
1428 26 162 1365
232 44 163 1365
33 31 845 1365
219 125 874 1365
1917 109 150 1365
446 168 1789 619
1147 42 536 1627
1935 18 384 1935
1470 748 57 1209
1494 124 122 1213
1026 21 109 1365
108 671 83 1365
291 627 28 1146
1757 1 339 1365
148 87 840 1332
244 78 539 226
1078 124 873 1365
20 210 94 1365
610 581 1 1365
342 895 818 250
1549 367 1564 48
1014 1666 1774 225
18 168 1528 1213
882 1009 28 882
1529 196 382 1365
585 1700 11 1365
22 86 276 1737
1261 118 283 497
1802 80 53 1365
772 109 596 1365
802 510 521 651
701 98 420 809
329 35 782 1655
1832 399 133 1864
828 29 248 1365
69 1128 121 1365
1109 1023 59 1365
1698 11 1925 1698
438 391 45 1365
989 720 553 1365
1241 1168 1461 251
1641 96 109 1641
472 301 72 1365
867 59 2 1626
1180 154 138 1187
1419 83 945 1365
1567 4 877 1365
1308 1898 33 1365
394 92 1033 378
1238 1 1828 1365
392 41 37 359
1811 804 47 1365
374 57 144 1365
925 178 1846 144
1555 83 123 1240
1773 875 956 1365
681 111 880 389
386 388 26 1365
350 168 30 1441
1658 60 1807 1365
540 170 210 1365
563 152 429 1833
1847 16 121 1365
836 388 900 1365
1105 39 40 1241
1330 53 559 1521
54 564 344 1365
254 192 965 1365
1124 132 52 1365
861 21 555 1365
162 21 167 1365
63 33 136 1365
1815 1025 179 1365
926 357 67 1365
102 1733 365 1208
1643 156 1603 895
1094 7 142 1365
1665 135 124 1365
1269 212 1 1269
1858 154 369 648
730 133 155 36
690 89 77 1365
837 71 516 966
1054 356 466 1365
709 1212 63 1365
884 6 322 1365
1927 84 292 347
1747 490 66 1365
1903 812 1051 1365
1581 6 141 1581
453 433 131 453
1682 126 1112 1365
1280 54 268 614
1578 134 178 1365
152 1621 42 237
542 12 21 1365
114 989 114 114
1453 786 138 1245
1313 1 444 1365
1769 37 8 1365
140 96 827 140
303 83 622 1365
1687 72 95 1687
655 165 457 655
1518 173 920 360
1913 551 104 660
1912 3 695 1261
1077 132 307 1365
658 812 163 1371
1067 42 107 1352
458 637 663 1333
1865 147 1279 1365
1590 1056 463 278
137 234 176 1365
546 118 520 1107
1032 114 13 483
1060 586 259 1060
795 38 554 1742
1469 847 690 26
1908 1541 1662 1586
1697 186 11 488
1042 1159 552 1365
1324 72 1887 1365
868 94 18 133
1024 136 547 387
1563 507 1353 1563
895 33 313 1365
219 113 58 1365
358 726 24 1365
668 114 91 1365
1094 60 995 1365
655 49 1869 1365
774 28 15 1898
1674 32 415 1871
1191 593 780 511
1700 711 176 203
1287 243 1881 1365
1173 744 104 1086
1523 66 62 1523
635 453 118 497
43 459 276 538
555 209 10 203
354 84 794 1627
186 9 122 418
553 63 19 1365
1178 35 16 1655
436 8 79 1365
570 86 1823 1365
855 754 825 1798
104 32 649 112
1911 422 10 1365
1094 18 105 133
1567 92 925 397
1029 671 95 1365
243 1326 35 1655
778 866 481 1365
1751 559 170 1466
459 870 1434 1213
316 818 540 316
273 4 108 1365
1906 175 21 1906
326 53 277 360
1862 1859 264 298
1538 767 32 1871
1396 498 92 1365
386 5 24 1365
815 99 1809 1365
1906 1038 1273 1906
1410 351 793 471
1028 143 114 1028
261 173 217 1365
373 23 433 1656
608 324 141 1365
893 42 657 1352
1478 180 13 483
1285 438 448 1365
133 85 18 133
651 21 792 1365
1507 417 139 777
105 601 2 1626
596 321 32 530
1298 40 574 144
1485 390 148 165
968 17 32 1365
239 1110 279 1365
1761 111 124 1365
1299 86 49 1365
1847 67 13 203
1394 56 151 966
723 38 61 1365
1361 48 838 1365
91 57 733 1365
891 164 777 1365
560 443 175 1365
1681 352 1116 1681
1152 102 545 1365
1464 148 326 165
1748 52 1314 1365
50 6 43 1365
835 598 44 1766
309 1819 58 1365
1268 184 77 1365
635 108 155 1365
1840 1958 528 1365
1786 272 178 1786
1424 33 9 1365
403 176 124 1365
897 473 410 1365
573 149 144 1167
1454 108 58 1365
1559 168 1462 619
1124 142 104 1365
345 211 476 1365
1203 2 146 1626
1286 632 899 600
1465 147 32 1365
732 169 148 783
475 1479 97 475
426 33 608 1365
220 172 177 118
1314 158 164 1314
220 1765 2 1365
66 31 39 66
1015 2 552 1626
1664 102 473 1365
724 161 1687 1365
1803 338 329 1365
889 61 120 1365
533 1170 54 1365
786 35 151 1365
1200 471 4 1127
585 1891 1195 1365
191 769 1471 1390
926 857 378 1365
1097 69 233 1365
449 18 27 133
1247 148 1035 1247
891 108 1911 1365
491 441 250 1365
715 537 126 1365
1079 159 145 752
964 1062 827 1365
1762 833 1019 1365
1718 509 94 2
1837 735 639 1127
878 849 10 1365
80 82 585 1365
831 7 408 831
134 20 707 1365
1317 679 11 1365
72 1865 590 1128
902 676 1573 353
1306 112 103 278
991 1156 1 1752
617 135 1584 1365
1077 387 75 1365
676 527 755 676
613 35 1637 1365
603 1073 57 1365
1189 24 879 1365
11 272 180 1801
369 187 162 1365
801 85 112 1365
33 35 105 1365
410 43 40 1654
1133 116 70 1365
94 26 79 1365
506 86 212 1618
1734 180 97 1921
1505 65 68 730
42 654 38 360
1148 271 889 1912
208 78 772 1365
141 263 87 1365
652 166 117 1902
1042 36 134 1365
473 458 80 1441
156 100 268 1349
149 34 162 1365
1102 7 20 1365
917 906 186 488
337 181 35 1655
613 1316 170 1466
1538 145 54 752
798 655 201 1365
1836 87 1957 999
1133 90 17 1365
1042 795 67 413
1145 356 24 1365
695 105 323 1059
373 94 184 2
1087 111 1492 1006
1699 205 58 1365
1339 220 197 1365
487 504 177 118
400 95 650 1158
939 149 36 1365
826 103 996 1337
243 1930 840 1365
1105 983 119 1766
1807 275 780 1365
746 471 94 36
545 31 566 1365
1469 62 190 1440
31 1838 795 918
1650 198 22 1627
562 1635 120 1081
1857 26 32 1871
588 339 131 1365
246 301 20 246
1033 338 1285 165
989 10 409 1365
1461 110 717 1365
1896 537 1299 1365
1083 161 591 1169
1147 196 6 1365
184 144 185 1365
728 89 103 1365
1790 361 1949 1365
1369 4 12 1369
1176 642 87 1365
20 21 1689 1365
321 153 194 1557
1650 15 851 1582
186 22 756 1627
235 1158 151 1365
1544 48 2 1544
13 1474 78 357
806 118 87 1365
1066 2 12 1365
1771 13 145 752
1093 147 1517 1365
489 19 58 895
1884 871 13 1880
541 139 5 782
440 1702 67 1365
226 814 395 1043
620 66 538 1365
1709 125 86 1737
1549 163 570 720
1672 1897 1908 1504
1151 86 372 1737
147 299 122 1365
389 143 268 614
1901 120 277 360
462 812 25 1365
1867 98 87 203
1824 95 725 1365
692 358 772 1365
792 23 1897 1656
885 64 3 1320
225 370 1540 1864
802 163 101 1365
1839 163 175 1469
444 554 122 1742
1925 49 143 1365
520 7 446 1365
1123 759 420 809
237 332 143 1408
441 183 280 523
1604 127 98 1349
900 123 82 1620
1223 109 950 1365
1704 35 454 1655
1604 39 36 1604
318 1221 179 88
620 1632 71 1365
1935 847 331 1365
622 696 559 1521
609 119 31 1365
378 168 116 619
967 141 127 1912
1123 377 68 1123
729 532 53 1365
1778 113 143 1005
1405 37 184 359
1721 32 138 1871
1936 33 849 1365
1855 715 49 1365
414 76 95 754
1173 733 108 1365
1824 742 1650 1365
800 1765 1127 1365
1760 103 33 1760
1318 139 790 1365
1328 5 405 1061
1523 352 64 1365
1840 175 891 1365
1928 246 180 730
536 36 820 1365
883 230 21 1365
1642 85 375 1365
1301 12 903 1365
25 552 422 1349
832 24 1906 1365
230 128 671 1365
1849 844 182 1365
351 28 177 118
1374 122 1941 1365
390 124 135 390
1906 31 25 1365
1320 1 90 250
59 164 488 1365
1829 27 133 1332
226 118 127 497
1205 105 732 1365
1240 69 8 1422
352 265 720 1365
1192 50 375 1192
1368 869 52 1365
1629 111 125 1169
287 169 32 1365
1195 8 1 1365
812 984 161 1365
897 135 90 897
1225 88 168 1365
837 1356 6 1365
1395 35 838 1395
1021 22 284 1021
340 20 55 1365
1110 199 185 1365
1573 47 31 1365
920 698 9 1527
1163 786 22 1245
508 97 80 1921
850 23 287 1656
1522 739 474 511
1249 125 64 1169
45 1109 1212 1365
686 137 150 1365
298 953 595 298
1035 343 97 1921
1680 486 603 1365
359 258 159 359
546 18 1828 133
1008 171 425 1008
1726 152 63 1365
1009 58 13 895
802 331 67 1365
983 15 137 1898
1255 95 33 1255
869 86 180 1737
562 247 92 1519
309 397 352 1365
1096 138 109 1187
1479 98 11 1365
212 876 27 1365
1853 9 329 1365
1841 117 118 497
596 462 376 596
1246 98 146 453
685 846 131 1365
482 432 460 1365
1826 804 75 1365
1345 150 11 1365
1557 453 132 1557
295 72 13 1365
1089 14 145 752
575 1648 232 1365
1316 322 158 783
1208 6 138 1187
1466 1534 21 1365
14 57 35 1365
1034 70 153 1365
1318 399 1 1365
1848 605 590 1365
382 132 23 382
1509 19 1793 1365
122 432 755 122
1619 99 37 359
1072 1262 57 260
706 1159 445 1365
167 98 852 983
818 473 1107 1365
1895 99 78 1365
1711 126 21 1365
435 500 716 1365
1516 4 725 1497
1529 715 26 1365
1799 53 101 1365
1720 367 358 1365
1767 706 116 216
485 33 36 1365
511 135 524 511
1041 588 144 1365
1810 76 349 1349
1884 80 156 1365
146 57 169 1365
1902 76 43 1902
1372 163 803 752
1679 107 267 1077
321 20 1096 1365
375 905 153 375
876 119 120 1766
479 162 66 1365
345 522 1956 1365
646 37 150 1365
1563 710 1679 1365
1192 4 161 1192
1025 19 1164 1365
217 103 16 1337
1652 1002 129 1608
1493 132 330 1365
1217 591 110 1365
299 4 1824 299
1601 180 237 1347
841 20 72 1365
1572 592 598 1332
585 27 1530 1365
820 235 245 1929
903 915 132 1365
155 34 17 1365
127 452 59 1365
1673 161 92 1365
466 94 109 1365
927 88 29 1365
255 140 5 255
210 144 25 1365
715 105 100 1365
783 660 142 1365
1062 263 359 236
982 2 74 1365
689 56 183 966
1084 749 828 1167
324 102 54 1365
796 117 1392 1902
1122 164 11 1365
380 62 79 699
403 519 168 619
774 654 149 360
1393 141 156 1365
121 759 906 2
643 60 44 1365
1593 59 598 1365
1775 20 283 514
1819 57 37 359
1641 360 29 1138
950 156 84 950
925 68 909 730
1384 130 9 1384
1247 86 33 1247
1930 1658 2 1365
934 99 28 92
1313 55 4 867
1509 75 106 1365
125 487 83 1240
1031 1769 1032 1365
437 199 212 437
865 140 112 1365
745 280 1185 1365
293 135 162 1365
287 1229 523 1320
827 65 775 1707
876 31 42 1365
480 1128 111 1452
210 439 70 1365
663 1235 13 483
1695 1413 860 1365
1461 87 1713 1365
1808 647 154 648
420 767 56 966
1512 362 7 645
186 137 376 418
118 657 139 782
235 240 769 902
1577 97 63 1365
1142 92 44 1142
988 1804 1887 1365
1347 764 709 1365
1795 11 170 1365
1655 70 765 1627
1845 421 130 1365
1065 19 53 1365
578 58 246 895
1100 278 841 1365
7 578 38 1717
339 175 565 1303
1372 192 286 1365
1701 822 181 825
329 536 259 329
1333 182 1696 1365
1398 26 1234 1365
300 124 959 1504
1797 22 99 1627
500 1313 141 1005
935 190 112 935
1650 163 1800 1570
1061 462 49 1365
1190 190 135 1856
1030 840 1719 1365
473 304 585 1365
271 37 127 359
1814 23 35 1655
705 304 42 1352
263 45 797 1582
6 846 439 895
1371 120 40 1371
844 179 1938 844
1076 6 179 1076
1144 115 47 1365
1454 19 15 1365
203 145 162 752
1526 1326 41 353
157 104 83 1086
1885 1476 93 1885
204 72 155 1919
1409 1114 25 1365
168 530 17 1441
832 55 4 648
1912 71 151 1365
1746 831 523 1320
1471 515 45 1582
62 586 92 1216
1746 37 48 1365
1925 166 52 1365
1068 16 77 1365
830 622 59 1365
75 12 50 1365
1507 70 42 664
621 4 595 1365
1423 40 169 1365
246 85 131 1365
1075 221 173 1365
55 23 79 1365
209 1022 720 1365
703 180 312 703
1621 72 346 378
500 57 19 1365
1346 285 27 1365
830 38 59 1365
1272 8 39 1365
161 72 474 161
605 1744 28 1828
785 98 782 785
577 1 2 1365
1489 307 462 1365
1405 180 168 619
835 1305 7 1365
615 280 136 1365
668 5 181 165
103 6 18 1365
1593 120 664 1081
1294 1843 9 1527
751 24 80 1902
1604 58 124 895
1217 850 297 1362
1315 571 87 1365
1444 454 1236 1705
116 765 700 1365
1126 143 620 1365
898 54 310 766
1579 64 159 504
1354 160 39 203
1154 633 29 1365
1480 708 147 1365
285 44 1942 1368
990 183 814 204
1046 327 637 530
1248 27 865 1365
515 13 56 966
506 66 29 1365
543 103 38 1337
1494 862 1456 1365
741 440 33 1365
621 563 41 1365
872 24 881 1365
1378 101 84 1497
1600 18 75 133
876 24 642 1365
1235 35 690 26
1679 37 274 359
749 644 171 1365
619 20 160 619
1737 490 179 88
397 113 172 397
59 151 1138 1365
635 167 1121 1365
438 920 86 1737
386 123 132 1365
50 252 520 188
112 150 62 699
1411 75 35 1365
1833 184 38 1717
1873 25 787 1365
519 312 252 188
808 341 20 1365
1004 1481 72 1365
717 173 118 497
1044 137 40 1365
138 390 27 138
982 581 173 497
694 131 67 413
1575 40 1351 1742
1231 92 108 1365
1931 34 375 1931
465 215 795 510
102 455 287 366
1007 121 107 1365
410 1880 29 1365
709 317 38 1365
1932 653 699 1365
1226 747 411 999
457 31 134 1365
549 632 113 1365
1415 63 81 1365
856 130 495 1365
83 20 936 1238
534 90 404 250
834 954 102 1365
646 786 49 1365
446 168 97 1921
1452 1878 734 1452
290 912 1381 1365
297 118 810 1365
630 292 730 1086
1835 910 93 1385
1502 732 49 1365
1705 495 409 1365
228 791 124 1365
1631 618 1499 346
521 216 135 1856
1220 1154 1470 1049
1660 302 5 871
288 6 18 1365
665 329 1727 1365
229 180 13 1801
1464 624 1448 1365
178 968 681 1365
34 1083 138 1695
285 1187 119 1766
176 166 781 203
196 157 124 1365
1858 63 924 1858
600 54 19 1365
293 140 172 1365
549 197 63 1365
663 47 154 648
955 17 8 1365
299 128 34 1365
166 66 34 1365
1262 15 86 1737
758 351 984 1365
42 68 803 752
1928 65 184 1371
1721 61 90 250
692 157 1162 1365
778 150 200 1365
1673 64 1326 1365
1303 155 7 1919
1632 38 99 1277
885 1814 38 1717
1047 440 111 1586
648 762 143 648
523 35 431 1655
1751 95 132 1365
562 113 18 1365
1796 164 507 359
1615 1649 673 151
1830 111 19 1830
792 1420 820 1184
1166 449 139 875
684 9 61 684
1861 1698 86 1641
1781 40 4 1059
1005 133 56 1005
1275 895 170 1275
544 174 156 1365
1784 1600 735 1365
1161 2 4 1161
1219 40 3 1261
1244 10 16 1365
43 210 556 845
364 76 110 1365
1496 36 180 1365
676 662 122 676
970 78 186 1365
1202 2 1027 1626
1923 161 76 1365
921 162 109 1365
1762 162 1951 1365
1756 45 148 165
556 125 377 1365
1328 104 37 1086
74 1252 161 1365
1391 177 114 118
204 27 1468 1365
1706 384 102 1706
1374 84 818 1365
1710 135 176 1365
939 658 126 1365
1388 82 14 1365
1289 96 608 1289
1832 1293 1 1365
1720 24 841 1365
1371 1917 82 750
1469 2 164 1626
371 154 33 648
815 45 1325 1365
1556 103 354 1337
166 167 1905 1365
733 741 177 720
1516 119 1608 1766
1637 57 779 1365
540 737 1125 1365
978 566 102 1365
33 181 153 783
1481 203 867 1750
1325 494 32 1365
1447 677 24 401
912 387 137 1365
880 1 1444 1365
204 38 1027 1717
888 120 1681 614
1354 141 845 216
473 136 123 1365
619 13 36 619
994 62 1082 699
1499 89 171 1365
291 20 1060 1365
1268 487 1071 1365
677 310 178 1365
840 181 4 165
1546 331 112 1365
273 11 25 273
1045 830 722 1365
515 24 261 1365
613 47 11 1365
69 1535 1360 1365
70 4 346 1005
1602 64 837 1523
992 808 703 207
327 162 931 1365
430 1312 479 1376
1605 104 779 993
192 18 186 133
1579 33 27 1365
259 920 26 1344
931 41 177 118
1544 46 394 1737
910 20 5 1365
1795 32 726 1365
1441 1679 99 1365
1243 146 145 752
1226 282 75 1365
542 896 1184 1365
1315 15 138 1187
768 724 132 1365
362 1410 4 1059
1246 876 33 1246
1777 830 673 711
1709 3 83 1240
441 1259 145 752
250 672 640 1280
1760 1335 110 1760
483 888 26 711
935 41 42 935
1886 70 906 1365
149 679 80 792
197 3 1894 1006
42 689 99 1365
872 179 32 88
956 875 125 1656
702 184 448 702
826 62 451 1365
574 146 1798 1365
1668 114 134 1668
311 532 852 1390
1720 1068 54 1365
1600 179 68 88
590 1253 105 1365
843 917 1586 1445
992 102 645 1365
1085 75 18 1365
1386 85 609 1365
385 637 146 453
1363 1449 19 1365
1888 147 521 1365
1590 130 151 1365
1279 38 183 1717
1757 208 1776 1757
479 1045 611 641
970 174 367 1365
1309 696 97 1375
1616 529 60 683
1474 137 94 2
515 17 67 1365
791 227 131 1365
1412 754 334 1365
1171 1834 131 1365
1498 474 5 660
1425 20 90 250
606 728 757 1365
1692 309 38 1717
827 5 386 918
719 385 673 1798
1459 892 1397 1365
1040 4 47 1365
344 128 162 1365
1500 822 146 453
966 442 38 519
646 15 907 1365
993 1393 113 1365
1420 124 850 1700
68 1020 25 1365
121 47 797 2
1733 99 741 118
469 57 13 1365
308 107 1169 308
605 14 415 1365
178 56 79 1365
662 949 889 1365
426 73 149 1167
1815 45 2 1582
1222 74 52 1365
1799 121 154 1630
843 558 83 1240
1863 81 13 1365
603 135 1361 1365
1273 156 68 730
616 103 104 1086
1385 134 643 752
287 482 73 207
1242 33 29 1365
1022 156 281 1365
618 7 75 1365
1768 100 879 840
152 103 474 1337
61 163 1161 1365
1534 1 20 1365
1459 1466 853 882
1582 9 71 1582
1534 198 140 1534
258 160 9 203
814 79 538 922
1459 449 152 68
1750 5 15 1898
1300 29 1381 1365
104 161 20 1365
1548 108 1948 917
823 27 108 1365
811 362 121 645
1521 137 58 895
666 1271 519 1365
1604 41 1 1303
122 1108 91 111
974 121 14 1365
1056 948 1710 250
1353 34 1198 1365
752 109 29 1365
904 533 19 866
64 101 1226 1365
1319 332 179 1408
820 100 27 1365
1309 1 349 1349
738 201 727 1365
334 724 49 1365
303 47 870 1365
1003 688 1148 144
1264 168 31 1365
1024 86 416 1737
1546 153 6 1365
974 463 77 1400
399 122 177 1213
1599 15 172 1599
1024 489 1673 1705
228 1155 133 1921
1615 51 1204 1365
800 266 1436 1365
1735 20 128 1365
1166 870 138 1213
1900 9 10 203
305 57 92 1365
1058 164 681 1365
1407 17 103 1337
1497 766 837 1497
949 803 438 1365
102 129 7 1365
1449 871 12 1365
1542 424 296 1365
1075 15 27 1365
1643 127 157 1365
1592 449 13 1592
1300 589 47 1365
1799 1259 1239 1630
938 22 183 1627
213 111 84 1252
431 72 805 1365
1316 185 650 1365
1395 329 909 1365
849 428 286 1365
585 168 147 1365
791 1705 425 1365
291 674 685 1365
1624 230 159 1365
868 83 41 1240
1414 30 95 1441
1071 135 3 1856
1561 150 615 1365
16 102 793 16
1658 134 116 216
1229 221 192 1365
1026 462 279 1365
1550 731 89 1365
933 103 184 933
1409 15 312 1365
1825 54 161 1365
1456 329 67 1365
1866 46 124 1737
291 419 37 1146
1166 599 184 1365
1349 14 15 1898
1683 31 94 1365
79 147 34 1365
1885 167 24 1365
1153 25 288 1365
293 26 122 1365
779 119 792 193
1346 552 279 1365
1453 853 137 1717
1809 42 7 1809
37 164 1116 1376
1796 1220 1231 329
350 59 1705 1365
14 1595 8 1365
935 56 1653 966
180 248 61 1365
1578 704 1549 203
1757 1226 1944 60
1055 2 169 1365
1271 390 148 1442
958 28 39 1241
1683 698 848 1365
1221 881 17 1365
1467 137 238 1467
668 81 28 1365
567 913 102 1365
194 508 35 1365
348 79 678 1365
173 362 179 88
1684 174 11 1365
358 1385 1021 722
15 7 26 1365
630 23 285 1656
1034 719 607 1365
338 50 917 1365
808 422 641 1365
1488 71 12 1365
1112 177 150 1365
729 94 184 1255
14 114 97 1921
1700 455 6 4
171 1027 590 1365
1156 1708 596 1365
1536 27 572 1695
1397 1735 10 1365
759 37 79 359
682 728 393 1365
264 74 147 1365
326 90 222 250
1492 708 883 731
1572 71 153 1365
582 382 131 1365
337 155 3 1261
109 129 57 1365
534 85 20 1365
1460 453 178 1365
265 99 22 1365
814 875 2 1656
1091 433 1093 395
80 758 19 1365
286 139 129 782
1678 275 1706 1365
906 644 69 1365
744 174 111 744
554 172 171 554
1508 804 871 1880
810 862 174 1365
43 83 779 1240
344 179 260 382
1747 126 129 1365
1617 400 14 1365
823 1047 599 1365
427 53 778 1365
1932 524 142 1365
1653 41 306 1320
1370 138 529 683
1522 135 15 1898
1646 147 49 1365
857 169 153 1365
1210 34 189 1365
365 11 19 1365
931 1432 93 1365
1787 110 136 1365
1263 8 7 1365
1325 7 581 1365
1516 578 11 1365
757 493 1154 1049
631 79 113 1365
561 388 1305 1365
1249 510 924 1161
1415 863 9 1365
80 23 20 1365
361 35 689 1655
696 832 392 994
999 137 698 1365
1906 57 91 1365
110 17 901 1365
666 874 630 1365
113 1791 450 366
415 737 38 1365
1247 139 232 782
1540 12 31 1365
1341 47 129 1365
1233 98 99 1365
392 45 107 1582
385 939 143 1005
475 2 697 475
66 38 631 66
781 1221 90 250
1890 1142 207 1365
105 563 459 1365
1694 70 247 1365
962 27 97 1365
772 115 204 1365
1438 57 13 1365
836 151 4 1365
935 404 27 935
493 1845 797 1365
986 96 179 88
746 121 613 1365
1615 1049 163 418
1131 121 1875 1365
544 552 1518 1365
909 34 149 1365
803 34 901 1365
631 1549 176 1365
1511 1561 284 484
1105 4 104 1086
1515 1919 149 1365
1907 1000 147 1365
1916 68 218 730
1731 946 177 118
617 28 29 1365
1525 320 146 1525
1664 155 198 1919
1454 39 121 1365
1859 617 182 1365
247 844 169 1365
1860 216 150 1833
1464 19 59 1365
1509 7 11 1365
1932 30 728 1365
1150 51 30 1365
735 2 46 1626
1659 1774 59 29
1922 141 1941 1922
1424 163 386 918
757 1102 24 1365
684 88 81 1365
1028 391 1447 1028
1695 655 842 1534
877 31 31 989
1862 870 14 1213
190 17 19 1365
688 1214 21 1365
1125 504 157 1365
428 49 31 1365
1836 102 37 359
606 604 42 1352
1896 503 853 1365
787 1798 1694 787
334 821 1191 1656
565 806 106 1365
917 1735 289 627
1932 1 137 1365
223 132 184 223
1309 45 153 783
16 36 153 16
1156 1699 74 1365
696 1290 5 917
1341 105 684 1365
192 446 27 1365
873 83 22 1627
1161 379 54 1365
970 384 319 1365
1653 205 40 1320
690 108 57 1365
142 90 132 250
1360 582 365 1365
146 31 3 146
238 104 24 1365
743 517 170 1365
1485 131 712 1365
1520 569 35 1365
1025 157 509 1365
1763 112 316 1365
812 26 58 1365
454 132 70 1365
1810 16 508 1365
43 67 305 1149
187 86 1315 538
323 49 44 1365
910 110 1579 1365
1480 119 1121 1365
1403 1573 42 1352
211 131 426 1365
1009 13 37 359
120 405 123 1620
1935 119 51 1766
1402 86 62 699
1466 51 1801 1365
1475 124 44 1365
111 98 155 1349
1698 124 805 1365
86 27 87 1365
34 68 72 1365
574 180 103 1337
1038 658 5 1365
725 17 10 1365
931 171 4 1169
1629 148 148 165
701 22 36 1365
1836 718 159 504
962 902 513 1365
422 376 1149 1365
213 13 476 483
477 573 143 1005
725 1264 359 1365
1677 23 806 1656
1512 71 18 133
1594 11 59 1365
845 112 888 845
384 69 74 1422
448 836 132 1365
55 1907 502 1076
1092 17 177 1365
456 1608 99 1365
838 734 184 1798
523 95 14 523
1354 111 600 1365
800 115 75 1365
1694 120 685 1365
617 1518 12 1365
1024 1098 115 387
939 670 362 1365
640 160 34 1365
1292 521 966 1365
1687 333 2 1687
109 1581 136 1365
759 64 33 1365
1292 24 852 1365
1357 140 1127 1365
1250 656 132 1365
950 1099 156 950
1612 661 39 1365
1693 1817 167 1365
1533 144 1655 1365
757 41 118 497
958 1631 75 1365
1665 1822 4 1365
559 178 255 1365
988 589 77 1365
816 26 1703 1365
326 151 700 1365
913 1346 1684 913
1798 743 441 1365
1490 151 813 1365
1533 64 131 1365
1380 390 450 366
759 51 115 1365
746 164 13 36
1643 26 452 1365
507 63 23 1365
890 38 17 1717
879 1070 149 1167
1031 1543 470 1365
1787 829 518 519
1474 160 125 203
335 233 1677 335
1535 37 58 359
18 30 135 1441
1019 733 88 1365
844 684 146 453
1452 158 100 1452
252 1455 510 1161
503 1876 3 1365
1458 81 38 1365
1815 59 24 1365
1731 25 3 1365
239 147 22 1627
393 850 766 1365
243 9 17 1365
1902 109 158 1902
1932 49 406 1365
1435 40 645 1809
731 67 176 413
1600 138 729 1187
1661 70 229 250
688 30 74 1365
165 122 13 165
451 142 1493 1365
1084 32 116 1084
963 77 128 1365
1497 1233 158 156
1017 1095 9 1028
1791 100 125 1349
1699 567 1201 1365
731 642 873 774
529 27 691 787
257 13 38 483
145 159 80 792
1150 1320 625 1365
1801 392 28 1801
708 899 307 1365
1009 6 398 1365
590 7 137 1365
461 65 637 1371
1267 690 1509 26
801 655 32 1365
1419 174 79 1365
1339 95 59 1809
1027 130 5 1061
1682 64 184 1365
899 363 122 1213
557 40 65 1371
634 7 39 1440
646 21 434 1365
158 47 180 1365
303 196 294 1365
644 31 54 1365
580 102 49 1365
1626 1622 79 1668
1817 274 1460 1686
1283 10 79 1365
1672 1041 617 1672
906 84 180 1801
1685 40 364 1059
124 36 805 1365
1243 149 134 1365
186 681 97 594
377 28 99 1365
71 334 164 1365
459 25 1142 1365
1903 33 190 1365
530 805 1036 530
1616 125 20 1169
384 180 875 1801
235 100 18 1349
1531 31 118 1365
469 7 13 1365
1386 947 19 1365
423 139 176 1365
14 758 38 1365
1641 59 832 994
1440 58 46 1440
773 510 238 983
818 96 180 1801
674 157 121 1365
692 83 133 36
1732 70 154 648
318 4 40 1059
370 367 1413 1365
1723 398 279 1365
1032 10 224 203
64 255 1534 1365
1145 3 24 1365
1022 326 71 1365
1878 96 30 1441
1392 44 23 1365
867 784 204 1094
776 39 21 1241
416 1658 768 783
1356 28 364 1778
1629 17 530 1365
1912 172 1447 244
792 34 66 1365
1160 27 1246 1365
1519 154 469 648
413 35 28 1655
184 376 32 863
334 1520 117 1902
1896 30 184 1441
914 97 1799 1921
1184 30 95 1184
996 131 1837 1365
69 1277 133 538
156 105 139 782
1392 416 22 1809
584 160 17 1365
625 37 110 359
630 794 1378 1627
1724 4 171 1724
1017 17 173 497
549 26 114 549
1094 179 325 88
409 34 1487 1365
1804 368 1221 1059
1628 90 196 250
703 739 31 703
164 743 305 1365
651 779 1115 1525
937 380 241 937
1351 96 921 1798
1816 25 84 1816
386 1732 638 166
641 1470 602 475
1793 510 40 1161
1415 316 34 1387
1372 27 76 1365
1822 792 607 193
1733 13 475 118
307 662 166 353
263 32 184 1871
202 35 37 1655
1856 50 138 1187
730 24 125 730
1523 38 1529 1401
1290 9 120 1081
366 38 24 366
375 447 91 375
1858 833 108 1365
1624 161 104 1365
1262 26 9 1081
1092 1238 1751 225
1523 14 205 1365
1211 296 61 1365
1755 905 61 1365
793 52 13 785
548 70 1810 1365
93 153 4 1445
1285 289 698 1365
874 1642 589 1365
1248 524 193 1365
796 62 157 1365
1898 24 86 1898
917 84 277 917
645 167 231 645
1044 169 2 1365
493 171 19 1365
1189 396 172 1107
443 97 368 443
1838 187 45 1582
1169 84 5 1252
503 146 290 1365
190 54 913 1365
688 604 136 1365
1271 823 77 1808
119 312 161 1365
334 143 96 1798
698 144 38 698
1543 11 486 1365
1629 129 718 1629
1019 53 759 1365
1827 21 17 1365
605 184 688 1440
1344 94 56 1344
602 99 659 1365
1114 161 1043 1365
746 178 175 36
237 100 227 237
306 53 1800 1570
456 24 79 1365
151 17 136 1365
1790 684 555 1365
916 725 586 1365
1590 13 50 1365
106 10 486 203
606 125 454 1430
356 42 523 1352
814 1216 26 752
1882 49 729 1362
757 172 1073 1365
430 503 64 1365
827 1950 96 1365
1230 41 532 1365
757 694 99 1365
1274 92 754 397
1241 137 175 1241
1825 324 492 1523
1549 285 42 1365
343 1311 782 1365
298 857 160 298
1663 75 1289 1365
1313 525 55 420
1051 114 1525 1051
1520 137 163 1365
326 142 668 1365
1034 143 46 1005
981 58 86 895
810 118 1121 1365
1593 753 38 549
841 97 764 1365
1362 1086 632 1362
1208 613 88 1365
731 163 1234 731
1277 1 382 1277
716 8 485 1365
1292 38 127 1365
766 398 14 1365
149 389 172 1035
1110 5 768 329
205 307 156 1365
67 146 1193 453
149 399 776 2
239 127 12 1365
272 447 61 1368
848 24 157 1365
1320 672 120 1081
965 306 467 1742
78 67 33 1365
699 66 166 699
1260 1359 183 1365
358 6 580 118
1872 395 419 1365
79 12 848 1365
1314 393 81 1365
1742 1310 150 720
788 1289 75 1365
1416 189 492 1523
1171 27 1593 1365
1782 167 200 1365
1250 874 39 1365
464 42 7 1352
1590 154 41 648
1348 133 79 1365
1715 1572 109 1365
1466 169 702 1466
1141 589 1922 1088
270 24 17 1365
1792 150 1596 1365
