500
873310176 1673008
997788861 1368709
498472624 9256
957031740 697545
876181690 16531730
97053450 23075
151187916 92244
411835984 554288
789779720 234356
863899374 303442
746805699 470577
925184728 2245594
366345552 1419944
331312822 1016297
521685640 64247
275465883 1192493
910725909 6459049
407777538 1142234
606825264 563964
944565050 854810
382883666 301246
178326720 57156
882100604 1218371
414533856 159008
844579768 159928
135065849 1195273
444420288 17093088
223578696 547987
4315824 479536
145048968 1790728
666244498 21491758
218399230 325969
143714164 1355794
633910973 5815697
800759364 745586
275637568 3724832
106092080 1326151
683623325 36575
854202360 9910
759861243 2723517
763286301 174147
661302570 22043419
399802262 289502
327712028 133924
518009344 8093896
606831470 153434
641243500 2564974
635919284 3762836
71412503 252341
114348156 8796012
518464240 660464
512463294 612262
481233128 1795646
907848886 2236081
126227504 606863
997962886 598658
341219784 352136
224397702 2770342
802039600 589735
435704000 1018000
1234728 112248
287427995 350095
579975452 3602332
179033420 11558
819592851 457107
158218794 2293026
543514634 216626
21932316 3133188
578134257 330153051
548586545 724685
851526312 1116024
450901899 776079
58381338 788937
428837570 2766694
643129770 512454
668053386 1007622
945294303 1307461
547813700 2883230
105211986 1783254
220061556 2222844
266127384 920856
306391128 539421
680345190 1170990
51688000 145600
599777255 168068961
983280935 635605
563742057 1038199
18984927 7087664
660392832 14762
417992134 356041
409566750 712290
457591000 915182
543424544 168556
365233986 989794
261178859 4927903
421199999 22168421
824592762 246958
802683307 231521
645253964 2272021
234693459 547071
660326550 1693145
137819192 761432
601543104 1634628
299179230 9972641
623373660 4687020
649296756 525321
851465825 1496425
475797987 1078907
497822220 272034
364715580 103027
676939797 1419161
61138719 754799
369180728 48937
888936906 2448862
22011138 2445682
86196324 1690124
478045824 1244911
867223125 1133625
97687338 2078454
285648144 1400236
430855674 1527857
713098456 4964
81412338 5815167
268317379 2217499
213927493 16455961
65833803 678699
219812094 24423566
113213240 521720
257156856 55374
535721616 6019344
66928252 2909924
173212329 57737443
785598800 265405
298455158 33158
452100153 11026833
127558432 3986201
893301088 964688
572753095 1613389
574030296 662088
169274615 33854923
927271253 112793
618784472 299944
47161983 1429151
801191478 796413
974655180 662580
42103012 553987
545338794 174174
625575825 661985
856391808 1346528
832988484 44348
247089152 241298
425038432 2043454
975934116 994836
51254063 326459
157748430 751183
528468280 1026152
461326188 894043
970356660 811335
735356520 18383913
973529580 2617015
182760914 767903
142312040 773435
658896525 74175
620129496 550248
490288322 904591
681923890 1502035
829812456 1473912
42229944 2346108
720826912 6931028
664323296 1092637
857136672 321748
102848200 14692600
268963012 890606
930067816 1198541
974279826 767754
602062500 528125
213438740 84031
179500096 1951088
426036324 625604
991265370 513609
804061566 1160262
203955986 101977993
203439528 316884
704664450 236862
154716653 22102379
635286090 630870
39064417 76447
470339541 288729
537754984 10341442
376227252 601002
752451210 311574
851753550 1670105
852465356 1430311
539828608 992332
447556480 799208
881916837 879279
796651586 780266
15109008 629542
684907800 2209380
623475424 6173024
752988608 832952
846322929 64917
601204856 905429
213861480 275240
748374720 377205
59223125 911125
772221387 1808481
656089928 2890264
969290214 1287238
227501649 1131849
80493920 773980
112850166 789162
561286268 1071157
531896289 59959
206422222 1266394
967945597 105060351
189606268 393374
42361676 1841812
259082012 1321847
722316126 69594
515393543 1113161
988518720 213780
658167696 875223
541528812 30987
560189945 2383787
975102444 1199388
101257632 3164301
274716288 86064
932937780 1654145
928361401 6678859
225472822 2068558
400676607 595359
567945312 1595352
184518500 7380740
837179875 281405
456327298 163793
885442560 576460
7754248 969281
85063560 1417726
800512028 345346
335010170 1098394
836597930 1624462
365368237 824759
914350780 109766
920226840 2440920
462737460 645380
891335480 3183341
528254385 3746485
547538992 353936
671928640 471860
262727472 153552
190345848 13596132
421288960 349949755
118135098 321894
801647768 359806
81028192 86384
312889318 2629322
695503515 46366901
528032682 652698
973249616 3201479
505633689 373713
185941683 925083
554235198 731181
481418760 4011823
210272235 433551
120142700 42725
45797940 763299
464366726 1041181
186295051 2551987
785482228 725954
959984220 868764
924501492 469052
550293183 1852839
935425866 9951339
979157477 680443
647183544 738794
452697309 689037
472946167 828277
179670660 1911390
710212262 532393
109019232 1514156
988292448 1143857
862093840 567167
376089164 740333
625964416 129976
596298285 558855
462178598 835766
760576971 2230431
36325804 2136812
710550428 1282582
882856863 609287
897054234 1330941
201182453 3298073
271467840 445760
986415872 335744
844842400 1056053
589046744 185702
629625375 2798335
433255776 9026162
536044320 2233518
821415401 913699
690755830 604865
797487904 1404028
736433040 3068471
127749555 946293
239485056 311424
643088740 1997170
886564007 1783831
558976590 1620222
681626010 2016645
374929230 2884071
765783040 543880
464449475 464449475
496474510 2683646
539347720 35780
494561718 1197486
111512920 5575646
32786400 81966
261204048 213402
229639594 561466
363847372 525791
334337522 316009
152309682 750294
52146127 249503
159291126 211542
72574500 483830
54386512 357806
7919391 2639797
912821751 1662699
319759612 1700849
828480690 634365
111356180 2101060
116153574 2037782
534554006 1139774
285196131 1864027
803422380 1161015
164100480 1282035
747182150 1358513
482514994 976751
951344565 615757
397286025 1355925
808048586 185984468
787324983 1801659
211145496 183164232
675354997 294529
853195545 661905
492856656 3242478
755907306 339581
136515875 5460635
242420068 1409419
261749375 2093995
426487269 941473
133406429 603649
951325182 263598
933340350 1072805
487825089 811689
883004125 1431125
92769420 3092314
338701894 370571
275502249 927617
152226720 845704
254799711 1163469
119114737 2430913
587998792 1551448
613605300 433950
374553771 2116123
730248732 437799
273794750 288205
307810920 10260364
370985564 1024822
975938502 836997
206694376 1283816
715760422 620243
2175988 1087994
837172800 1162740
534043288 1094351
971772024 2131079
951628928 953536
925593795 498435
236919330 1462465
964541382 18198894
189729687 934629
181555976 603176
99659448 630756
686782932 612106
800567145 416745
827396375 337025
298042332 25809
76260850 1525217
172039275 2293857
11464695 1042245
810302955 98637
829827428 300227
706813810 686227
388722480 38872248
821863584 951231
136426433 954031
190628907 688191
782529330 13491885
601087256 748552
972621792 293666
498018840 1509148
933232386 459042
386451751 630427
166471734 4268506
574630338 604238
27819744 4636624
479673630 183783
867876145 640499
798158466 1117869
593438707 731737
704596390 425738
627114264 2029496
584957896 400108
883771966 172007
810557330 529430
762124090 4733690
395365664 2707984
19080949 465389
499889084 21734308
204446394 22938
299680932 256796
963655176 25476
877721076 1681458
949523832 746481
682876083 1329
338445640 1191710
997902728 65462
303335424 2369808
596467968 776651
684614168 788726
634486160 515005
264814704 1719576
192643968 272096
829000590 3966510
213571017 1142091
599547179 2641177
320682440 119080
12010372 1091852
982948500 2184330
121817532 1149222
820882680 248376
746719596 2480796
410052454 240359
973367076 2011089
928734624 629224
256878684 7135519
84560708 899582
183603018 861986
750029280 84084
692095104 2848128
507249450 6763326
210006846 1428618
156605888 742208
239289877 816689
617496985 124873
891047388 1097349
53998681 288763
405827136 2401344
111674970 653070
510151110 830865
483034040 2100148
281613915 2086029
188779585 824365
610301964 2211239
32282550 430434
478920919 282883
769122135 289035
902236920 680420
109423429 40333
620551529 1186523
516847680 1435688
573255650 1042283
35736129 916311
769608441 3247293
205082607 205082607
45175072 2823442
808312708 13251028
421694702 1707266
185832380 133885
243872040 3933420
483197356 881747
828300400 963140
800384896 2211008
835455680 567565
802981137 6129627
630870916 933241
626314068 2046778
909696230 1124470
947481476 4960636
510494660 516695
773704512 877216
711916918 317962
987257740 7051841
891131650 2575525
189661680 317160
250102528 280384
663693938 1488103
688528797 82291
665005992 1408911
