2 100 1000 100
1 2 3 4 5 6 7 8 9 10 11 12 13 14 15 16 17 18 19 20 21 22 23 24 25 26 27 28 29 30 31 32 33 34 35 36 37 38 39 40 41 42 43 44 45 46 47 48 49 50 51 52 53 54 55 56 57 58 59 60 61 62 63 64 65 66 67 68 69 70 71 72 73 74 75 76 77 78 79 80 81 82 83 84 85 86 87 88 89 90 91 92 93 94 95 96 97 98 99 
7 2
38 2
92 1
83 2
56 1
49 2
1 1
57 2
29 1
94 2
61 1
73 1
65 2
69 1
1 2
75 1
91 2
67 1
74 1
46 2
59 1
36 2
32 1
60 1
15 1
72 1
26 2
78 2
37 1
16 1
23 2
81 2
24 1
73 1
47 1
34 2
86 2
11 2
75 1
93 1
69 2
39 2
34 1
47 1
29 1
14 2
34 2
43 2
59 2
74 1
68 1
84 1
78 2
99 2
51 1
57 2
26 2
73 1
88 1
18 2
92 1
57 1
33 1
13 1
53 1
45 2
16 1
7 2
97 2
3 2
18 1
12 2
79 1
100 1
24 2
30 2
1 2
54 1
84 2
6 1
64 2
89 2
86 1
99 2
50 2
81 2
41 1
10 1
100 1
17 2
3 2
5 2
48 2
3 1
9 1
50 1
63 2
78 1
95 2
56 2
86 1
70 2
2 2
100 1
9 1
55 2
11 1
29 1
79 2
24 1
34 1
35 2
30 2
66 2
99 2
80 2
77 2
78 2
9 2
8 1
54 2
53 2
45 2
6 2
71 1
64 2
67 1
40 1
75 2
65 2
5 2
45 1
34 1
60 2
76 1
15 2
51 1
70 2
16 2
36 1
30 2
14 1
68 2
7 2
79 1
71 2
20 2
81 2
42 2
59 2
20 2
57 1
56 1
24 2
81 1
9 2
14 1
91 2
12 1
2 2
25 2
59 1
26 2
59 1
88 2
29 2
91 2
76 2
47 2
11 2
26 2
78 2
8 2
13 1
54 2
97 2
71 2
16 1
81 1
66 2
15 1
48 1
5 1
15 1
45 1
63 1
86 2
14 1
93 2
87 2
63 1
44 2
70 1
62 2
96 2
40 1
53 1
95 1
49 1
53 1
44 1
37 2
35 2
79 1
100 1
76 1
55 2
25 2
12 2
34 1
47 2
88 2
60 2
2 2
98 1
16 1
60 2
59 2
70 2
92 2
19 2
30 1
63 2
19 2
83 1
10 1
62 1
76 2
21 1
84 1
3 1
60 1
52 2
7 1
35 1
5 1
57 1
20 2
54 1
93 2
26 2
94 2
57 1
48 2
53 2
35 1
32 1
53 2
31 1
23 1
16 3
88 7
7 7
51 9
82 3
84 7
25 6
11 7
58 8
72 4
71 1
24 7
85 1
95 5
63 9
84 4
28 1
85 8
90 1
11 10
74 7
74 5
91 9
1 2
92 9
89 10
8 8
71 7
4 2
59 7
84 2
26 1
75 1
2 8
64 4
17 10
84 3
1 8
50 8
74 4
20 4
81 3
33 6
58 2
78 10
46 10
16 10
53 3
59 6
97 9
40 10
47 8
7 4
11 3
27 4
18 7
84 10
76 3
43 3
2 2
42 7
41 2
13 8
29 6
3 1
65 4
62 3
31 3
20 10
37 6
39 9
87 3
55 7
49 7
65 10
56 6
19 7
88 2
46 10
99 6
63 9
15 10
50 3
93 8
39 1
67 10
71 6
64 1
40 7
60 3
67 3
95 10
34 2
38 4
41 8
95 3
28 5
36 7
43 7
95 3
70 2
68 5
51 4
88 10
28 8
53 8
2 5
39 6
36 7
15 10
70 4
95 3
74 7
24 10
95 5
6 2
64 4
5 6
62 3
48 8
73 7
55 6
16 1
64 2
44 2
9 10
70 8
30 3
9 6
23 10
27 8
3 7
85 6
14 8
62 5
53 10
89 2
96 7
50 2
52 1
50 5
54 2
37 5
23 5
77 1
37 7
31 6
53 2
43 3
73 9
67 7
90 8
74 3
1 8
27 10
24 6
17 7
42 6
25 10
98 5
91 10
51 4
13 1
99 1
23 4
35 3
100 7
84 2
98 9
32 8
51 4
7 1
89 1
58 10
100 10
4 6
18 4
30 3
16 6
28 9
88 9
44 4
40 2
12 9
17 4
60 1
57 8
7 9
69 8
6 10
46 5
41 7
23 9
13 3
55 6
40 3
52 6
13 9
84 1
34 3
82 6
34 2
62 5
50 5
47 3
3 3
24 3
73 4
16 4
72 7
56 6
57 3
68 4
27 1
82 6
83 1
95 6
53 9
15 8
20 2
48 5
23 4
1 6
30 6
12 7
16 2
90 5
17 9
95 7
11 10
78 8
25 10
94 5
79 8
79 5
53 9
76 9
37 4
16 3
90 2
10 7
88 1
2 9
21 9
51 7
57 1
40 2
21 8
44 6
20 9
4 10
38 2
62 8
9 3
27 4
70 9
77 10
88 1
93 7
72 1
63 7
77 3
39 6
14 1
49 5
49 3
46 7
51 7
15 3
68 4
94 7
62 2
70 4
99 1
33 10
60 5
16 3
12 5
52 1
18 2
69 3
84 3
12 6
26 8
1 5
10 7
87 9
1 5
50 3
62 5
14 6
70 2
10 8
60 3
5 2
90 3
44 1
14 6
94 5
27 3
30 4
41 9
46 1
19 4
26 3
11 2
91 5
17 9
33 4
82 3
69 1
44 10
35 10
96 9
28 2
2 6
13 3
41 8
76 2
87 4
94 4
28 7
19 4
84 3
50 3
9 7
38 10
32 6
96 1
20 6
67 6
22 1
22 8
10 6
25 9
68 2
30 1
54 10
7 5
24 1
53 3
30 10
93 7
24 9
61 2
41 4
7 2
36 5
23 1
3 4
27 8
11 9
43 10
1 7
19 8
55 6
47 10
96 2
89 1
59 10
92 6
92 9
56 3
91 6
38 3
3 7
92 7
78 7
17 1
83 4
90 5
9 2
76 4
82 5
99 4
80 8
90 2
5 4
46 7
7 2
31 5
14 3
41 10
88 8
35 7
99 10
65 3
66 3
36 9
38 8
12 7
19 5
25 9
14 5
60 7
61 1
38 6
22 2
99 7
13 3
18 9
10 9
25 4
26 3
97 7
32 1
7 4
15 4
21 4
22 6
90 2
87 7
17 6
9 3
30 3
88 5
28 9
55 8
36 2
36 8
81 4
1 3
13 9
61 2
3 8
91 4
23 7
37 9
76 10
73 10
66 1
70 10
77 1
54 1
13 2
13 2
59 4
91 10
20 4
91 5
71 1
11 9
48 4
72 10
82 10
81 10
81 4
88 3
60 9
82 8
90 6
19 3
6 5
14 9
77 1
36 2
26 6
71 9
49 8
71 7
22 10
22 9
59 10
34 2
91 7
12 7
79 1
77 1
84 2
6 7
77 5
67 7
24 9
15 1
22 8
20 3
29 8
81 4
72 1
16 9
62 9
70 7
25 4
19 8
6 5
3 6
89 8
62 7
91 4
96 1
6 2
57 6
11 1
9 8
70 8
57 3
58 6
93 2
40 3
61 5
43 9
63 11
37 42
11 12
58 29
5 14
95 47
49 36
9 4
24 37
25 31
33 19
85 50
49 27
44 50
28 16
95 12
58 34
97 43
50 7
62 28
1 24
20 25
6 47
27 31
37 35
21 43
18 33
86 8
80 27
14 35
66 11
3 23
5 44
71 18
95 29
71 41
63 12
56 25
71 36
30 10
85 44
87 2
2 43
79 11
1 45
17 7
65 20
15 33
50 1
72 18
68 47
78 35
56 49
60 38
14 11
18 30
49 28
65 39
73 9
22 47
27 13
30 17
54 44
100 8
85 12
21 19
38 12
75 13
61 4
50 1
93 43
58 22
35 3
59 30
22 32
82 42
42 23
25 43
66 5
62 44
54 19
64 16
100 17
28 11
59 32
44 24
25 50
57 8
48 42
72 1
67 3
47 46
40 37
77 22
77 8
16 41
11 25
5 8
98 5
5 46
26 23
82 40
91 2
48 31
40 15
98 35
5 4
15 7
91 45
33 23
21 30
48 6
51 9
77 24
17 25
19 12
45 42
19 5
30 15
35 2
57 22
71 30
73 38
17 5
75 23
67 2
87 11
65 22
97 16
22 45
7 6
20 24
68 18
89 22
30 21
59 22
74 31
10 20
23 8
78 4
9 14
83 3
74 7
78 46
80 18
20 45
100 7
63 31
3 34
13 40
98 4
9 41
24 6
23 15
39 23
94 23
30 21
83 20
1 41
84 18
27 43
3 18
25 12
51 15
34 44
21 30
46 27
51 27
29 15
64 21
20 42
42 50
73 41
23 47
52 2
57 14
13 9
75 50
78 43
93 43
3 49
25 8
46 36
66 20
52 2
6 42
95 27
93 9
73 7
97 23
47 39
77 29
44 49
99 4
82 25
72 8
69 28
22 37
89 43
84 17
82 46
47 39
81 44
91 43
26 18
4 45
92 25
84 33
56 29
94 45
27 5
4 1
81 44
17 32
53 22
69 9
44 30
3 34
13 32
77 19
2 27
24 9
44 23
15 36
72 7
86 12
23 30
72 45
6 32
70 32
4 50
25 43
19 30
41 43
29 43
89 50
37 40
35 2
35 24
56 34
18 36
29 45
94 38
94 19
11 13
4 15
19 27
11 11
42 11
