4 100 1000 100
1 1 2 2 3 3 4 4 5 5 6 6 7 7 8 8 9 9 10 10 11 11 12 12 13 13 14 14 15 3 17 25 25 15 8 35 26 9 29 28 32 27 32 23 33 23 13 43 29 29 30 39 15 44 29 9 54 42 12 60 58 61 63 62 64 65 66 67 67 67 69 71 73 71 75 74 73 78 77 76 78 81 83 81 84 82 83 87 85 89 90 88 93 93 95 93 93 97 97 
76 2
18 2
73 2
7 1
83 1
28 2
38 2
40 2
85 1
70 1
52 2
34 1
56 2
9 1
14 1
56 2
100 2
83 2
16 2
92 1
8 2
67 1
85 1
64 2
7 2
75 2
93 1
50 1
18 2
45 1
63 1
87 1
65 2
42 2
5 2
5 2
28 2
88 2
100 2
13 2
80 2
51 1
83 1
67 2
14 1
17 1
67 1
93 2
24 2
75 1
22 1
38 2
90 1
62 2
52 1
62 1
6 1
48 2
63 2
13 1
18 1
78 2
40 2
80 1
51 1
1 2
76 2
23 2
46 1
63 1
88 2
12 1
33 1
55 2
6 2
58 1
95 1
90 1
52 2
90 2
81 2
83 2
67 2
30 2
47 2
58 1
95 1
83 1
30 1
89 1
47 2
35 1
52 2
26 2
20 1
34 1
33 1
86 2
81 1
88 1
1 2
95 1
1 2
66 1
2 1
4 1
59 2
45 2
31 2
73 1
68 1
48 1
98 1
34 2
65 2
34 2
40 2
20 1
73 2
87 2
98 2
25 2
14 2
65 2
85 1
93 2
45 1
26 1
54 1
60 2
56 2
35 2
30 1
49 1
54 1
33 1
48 2
71 1
75 1
74 2
28 1
30 1
96 2
60 2
58 1
5 2
83 1
47 1
24 1
64 1
35 1
100 2
31 1
89 1
20 1
46 1
15 1
54 1
9 2
8 1
6 2
34 2
99 2
48 2
39 1
54 1
20 2
67 2
26 1
3 1
13 1
35 2
68 2
73 1
27 2
36 1
11 2
24 1
35 1
16 1
69 2
18 1
30 1
39 1
49 2
4 1
50 2
56 1
56 2
53 2
6 2
79 2
29 2
13 1
94 1
60 1
35 1
10 1
62 1
91 1
95 1
1 1
24 2
62 2
9 1
85 1
78 1
34 2
37 2
10 2
44 1
51 2
51 1
36 2
100 1
13 2
4 2
30 1
6 2
25 1
24 2
90 2
42 2
49 2
78 2
76 1
60 2
20 2
3 2
34 2
17 2
47 1
32 1
1 1
7 1
80 2
89 2
34 1
93 1
20 1
43 2
13 2
45 2
92 2
40 2
22 1
16 2
85 2
73 1
14 1
57 8
96 8
20 7
48 9
40 10
72 10
66 2
2 1
74 10
56 7
64 10
49 3
21 9
4 3
48 9
84 4
40 1
29 10
57 2
51 8
42 1
63 1
20 9
43 2
68 7
23 7
95 3
15 8
54 9
83 5
70 3
26 6
41 2
24 10
50 1
29 7
41 1
7 5
8 4
86 1
46 4
9 8
36 8
39 2
59 5
71 1
36 3
49 6
27 8
33 7
83 4
76 3
8 8
61 2
76 8
28 5
83 4
78 1
26 3
51 6
53 7
6 3
34 9
61 7
90 1
8 4
40 6
54 10
71 8
71 3
74 2
13 3
77 5
36 6
88 6
97 8
12 1
54 5
14 3
48 4
78 10
44 4
69 1
68 6
89 3
34 10
38 4
5 8
83 1
6 1
71 6
84 9
93 1
65 5
23 7
92 5
97 1
51 6
48 4
9 5
68 6
53 4
45 3
66 5
35 1
23 5
12 10
86 10
69 8
66 1
22 8
78 7
40 9
21 5
19 3
5 1
83 5
1 2
11 7
1 10
64 1
21 4
21 6
17 3
86 2
20 3
54 5
97 8
53 3
93 7
79 4
80 2
46 4
18 8
61 4
99 8
94 9
91 7
4 1
13 10
36 3
93 1
44 4
30 4
80 8
89 4
87 8
45 5
27 7
31 10
50 4
54 5
17 4
75 3
39 9
23 9
41 8
98 8
51 2
76 5
12 10
47 9
63 4
20 6
23 8
22 4
58 6
68 2
83 9
27 7
53 5
76 5
37 10
63 9
3 8
49 7
66 3
71 2
97 10
96 8
98 8
29 10
4 10
99 2
51 1
49 9
73 9
75 8
87 2
62 7
1 3
15 9
9 8
96 5
46 5
26 6
88 4
87 4
67 3
4 2
38 3
97 1
28 9
53 7
18 8
82 3
67 7
82 5
58 4
17 7
26 1
38 7
47 2
77 3
12 1
90 10
80 3
68 9
94 4
89 8
26 3
90 10
4 4
94 1
98 10
28 10
96 4
43 8
77 6
4 7
92 1
13 3
43 10
60 7
76 7
60 1
39 7
28 6
65 6
4 5
24 1
86 10
53 1
99 8
84 6
22 1
60 9
26 1
37 6
16 3
62 5
80 10
29 2
80 1
59 5
26 1
96 6
94 2
24 5
68 10
20 9
20 8
63 9
78 4
44 10
52 10
74 5
21 9
16 7
32 6
1 9
5 5
45 10
32 1
24 4
5 2
75 3
32 10
53 8
95 8
40 1
72 7
33 2
15 4
1 1
80 9
78 2
45 6
23 10
70 4
49 2
5 3
5 6
2 9
70 3
10 6
32 9
46 10
75 1
33 8
53 4
49 5
50 10
32 4
22 7
12 7
1 6
40 5
17 8
88 5
5 1
98 10
42 6
58 9
94 6
19 7
56 7
84 6
36 9
85 5
22 5
23 9
9 2
61 8
74 3
92 9
72 2
1 6
27 8
36 3
72 5
74 1
38 10
44 1
91 10
15 6
79 4
22 10
50 4
46 9
42 3
63 3
61 4
67 6
69 5
98 9
5 3
87 8
24 8
40 6
96 10
61 8
83 2
74 9
41 2
56 1
54 10
19 5
83 7
80 5
63 5
65 4
18 5
86 5
42 5
77 3
96 5
54 6
66 1
81 5
67 9
91 4
88 2
90 10
4 10
39 1
56 3
72 7
55 2
59 4
66 7
95 4
68 6
44 8
16 4
1 1
29 6
38 2
25 6
20 1
33 4
75 6
22 7
46 9
74 7
61 10
3 9
19 9
68 1
84 7
89 2
61 5
28 2
47 7
79 3
38 1
39 2
36 3
100 8
55 9
29 8
36 5
34 10
43 1
5 8
20 4
4 4
79 6
22 2
12 8
46 9
100 7
45 7
77 6
26 5
61 9
42 8
39 7
17 5
23 6
64 4
31 1
38 1
22 5
72 6
68 7
30 5
52 2
46 9
88 9
9 10
99 1
99 6
75 1
99 6
74 8
85 8
12 9
37 9
76 7
97 9
73 6
36 5
3 3
100 10
30 6
2 4
49 2
9 8
6 3
10 6
83 4
24 7
65 6
53 3
93 4
50 6
17 2
57 5
85 8
90 4
84 4
85 5
4 4
53 10
71 5
46 4
81 7
30 5
67 2
74 3
50 7
41 5
27 9
25 6
96 3
36 3
89 5
13 7
94 3
72 1
23 10
20 10
29 7
11 4
57 10
68 6
57 2
48 7
96 5
6 17
86 23
13 30
67 43
29 7
82 7
88 13
90 8
17 10
87 28
83 40
48 14
55 23
64 48
26 37
14 17
91 30
37 35
98 34
44 31
38 47
78 5
36 23
16 37
97 36
14 34
85 12
22 27
78 32
47 9
70 50
34 20
76 44
98 11
94 22
45 11
4 12
28 2
73 20
67 50
24 43
25 31
28 27
39 28
89 47
11 37
57 30
95 30
13 7
8 13
95 22
59 23
73 36
5 24
21 16
44 30
47 44
21 1
63 6
32 44
58 28
84 48
1 7
94 37
73 34
96 32
29 4
22 39
21 7
32 9
52 33
9 20
87 35
29 50
27 46
45 42
91 39
8 22
64 48
47 12
30 34
51 42
66 34
50 28
7 20
43 43
82 48
95 10
32 32
34 45
97 12
20 50
86 42
91 22
28 38
54 9
45 4
49 14
93 7
31 15
78 12
15 49
84 44
46 32
75 11
94 46
38 19
88 32
91 33
92 37
73 29
21 11
50 49
12 46
44 31
17 15
52 28
35 6
4 32
21 5
91 8
62 25
75 13
63 19
54 22
92 37
77 37
25 8
66 42
14 31
80 9
90 20
35 11
65 13
51 28
45 25
75 23
24 9
12 4
43 42
63 26
76 25
37 19
58 37
6 27
96 18
14 49
16 12
21 20
19 7
59 46
14 33
39 42
59 3
98 33
91 5
86 39
54 43
28 23
50 13
64 26
80 29
52 1
51 34
80 11
67 39
58 18
49 45
68 46
46 30
40 37
94 8
42 35
67 23
52 47
26 21
50 48
64 8
59 5
23 12
9 2
15 48
71 1
36 6
86 47
32 43
69 17
14 15
53 37
19 33
3 2
53 3
2 46
66 12
43 30
61 48
76 19
15 26
73 19
74 39
51 3
63 43
85 2
26 24
4 10
28 15
85 2
95 44
34 41
82 48
53 45
69 26
5 38
95 39
32 14
62 19
23 39
62 10
52 47
37 21
34 6
42 26
18 48
70 5
46 31
91 22
37 35
21 34
23 39
99 46
40 1
32 24
59 11
83 36
26 44
72 18
40 15
53 44
74 42
43 19
46 13
79 41
43 26
93 15
29 49
3 5
73 25
37 2
23 16
20 39
