100 200 84 133 58 26
38 86 80 13 97 66 46 65 57 56 77 22 53 11 5 93 61 30 24 70 87 24 9 58 61 6 82 37 60 61 24 50 73 69 9 82 24 81 39 23 31 79 41 56 64 39 36 66 81 82 76 62 43 58 19 76 65 4 17 71 66 37 45 70 23 83 80 23 29 70 98 49 30 60 67 55 3 81 71 31 33 38 59 84 79 20 101 9 37 40 48 16 77 69 17 73 89 81 47 53 
58 92
92 68
68 69
69 37
37 47
47 46
46 32
32 13
13 48
48 52
52 79
79 85
85 84
84 16
16 71
71 2
2 66
66 42
42 20
20 57
57 30
30 29
29 44
44 91
91 28
28 89
89 22
22 19
19 4
4 14
14 26
58 23
23 40
40 65
65 73
73 39
39 62
62 76
76 83
83 34
34 45
45 56
56 36
36 67
67 3
3 60
60 6
6 75
75 9
9 74
74 64
64 70
70 10
10 72
72 63
63 90
90 80
80 31
31 86
86 35
35 15
15 26
58 59
59 95
95 12
12 81
81 43
43 7
7 100
100 54
54 94
94 8
8 51
51 49
49 21
21 5
5 87
87 97
97 50
50 93
93 96
96 61
61 17
17 25
25 24
24 99
99 1
1 82
82 18
18 55
55 88
88 77
77 26
56 27
27 33
33 78
78 38
78 11
38 98
19 41
39 53
9 100
9 100
39 53
53 53
11 27
100 100
41 41
41 41
100 100
27 98
19 19
27 11
53 53
19 19
39 39
53 39
41 41
53 39
53 39
11 33
9 9
9 9
39 39
53 53
39 39
39 39
53 53
100 100
11 27
19 41
41 19
56 11
98 56
41 41
100 100
41 41
41 41
98 56
39 39
19 41
9 9
11 11
53 39
100 100
9 100
56 98
39 53
100 9
100 100
56 11
53 53
27 33
19 41
39 39
19 19
9 100
98 11
38 27
39 39
19 19
9 100
78 27
39 53
19 41
27 11
11 98
41 19
33 11
100 100
9 9
100 100
41 41
100 9
53 53
9 9
9 9
33 98
41 19
78 38
19 19
100 100
56 33
41 19
100 9
100 9
11 11
27 38
9 100
98 11
19 41
19 41
100 100
56 56
9 100
100 100
19 19
100 9
41 19
39 39
