3
12 11
01100001111
10000011100 01001101101
10101000011 01001011100
01111110101 10100110111
01110100100 10010100000
01000010010 11001101000
01110011111 01011011010
11100111100 10001010011
10010000010 11111001000
00111010111 11011100000
11100101010 11001101011
11111111100 11110111110
11011000110 11111101000
7 3
011
010 100
110 101
011 100
101 111
111 110
001 100
100 111
12 7
1110001
1100011 0111101
0101011 0011110
1000110 0101011
1000000 1000111
0001010 1101101
0110101 1101001
0000110 1110011
0010010 0001001
1001111 0010000
1111001 0010000
0110110 1001110
1000010 0110010
