5
5 9
010101100
000110010 101110100
100001100 110101000
110110111 111000101
000110110 100011011
010111001 101110110
2 1
1
0 0
1 1
12 35
00011110001000110101100000100000110
00000101000000010001001000111100111 00000011011100010100001110010101011
11111110111111100011110011011111000 01101011111011011110100010101010111
00011000101111010101100011010100100 11110110000100010111111111010101100
10010100001110010010111000000011110 01011110001111001011010100101000001
11011011001010101110010011010111000 00000111011110111001001001101000000
00111001000010111100010001100000011 01111011111111100011100001001001000
01011100001011110001011101001001110 10010001011010010100010010010101100
00100100100111110100111110110100100 11010100100101011010000101001101101
00010000011101111100010101111010000 11010011101101000010010100010100011
10111101111011110100110110011000110 10000101011110111011110001001100000
01110001010111101111010011111111100 10010001110000101110010001010010011
00000111101110001110111101111000010 01011110001101000011101111101010101
10 45
110111111101010001010110001100011000101111101
110010100100000111011011010110110011101011111 111101010111110110011111100101101101011001110
011110010001110100001011100110001011111110101 001001001111110011011011001010101011110100011
110001111111010101000001111010010110101100000 011000110010001011111011001001001110001001100
011001010110001000100000111010100111101111101 011100100110100110110101111100101100111111110
011011101010100000000001010100011001110110111 101110010001110011011111110001110100000010011
101111000011111101000000011111101010110011100 100111011110000111110100010110101110100011110
010100101000001110011010100100010001111101110 110001111111000001000110100110111111110111011
001111101010110010100111011111100100001011010 111111100101001111111110000100101111011001011
100101000100010000010010001011010011111001101 000100100111000000011010111010111111101100000
011101111001000111101001001100110000111011100 010001000101101101011101110101001101111010000
14 41
11001010001011111001110100000001000000001
10001011111101001111001011111010111010000 10100001111000011101110001111010001101100
01000010100100010010010000100000110001111 00010011000010101000101101010111011101111
11100110101110000111000001111111011110000 01101011000001110000111100101101111110111
10100010111010100010011011001011111011101 00110111101001101101011010110110000011010
01101110110011000010111001101111011110011 11011100110000001000011010000101001001100
10111001011001000111100100100010000011111 10001101001100001010111111010011110110100
00101000010111010011100010101010111001010 01100000000010011011010101001110011101000
00001110000011110100010001111111100100110 00111011000110010101110100110000100101111
01001111100101000111001110001101000100000 10010011101000111011000110011011110000011
00101000110000010110000111000100101001111 10101100000101100000001110111100101111010
01101001001010011011000100000100111101010 10010111110000000110110101100011010110001
10000110000001001011011110011000001110000 01100110111110001011000101100110100010010
00000000101010000011110110000100111111010 01011110101000001001110010010100101010011
00011011111110010110001010100111100111101 10110100100011001110000111110101001101100
