-150660
73579286
-844864
-6293609
1063920
3555800
351785
-6102216
489732
-8207364
513776
-214225
83163
2247696
576520
4813515
881784
79257
2478441
673684
-7486580
68005
-44160
-1312740
92484
-734060
154080
-50968
-136269
173280
8233083
-4733289
-289104
16660
31892
-254955
119088
-261836
1935125
-2378244
-1485561
8029824
452704
-261364
156948
-1663236
2364120
-4762296
735075
-241976
-385440
294220
1657536
-1946496
248897
634908
-1083980
-520065
-14778980
81663
-363072
3146592
-2132208
164964
-393840
-15202176
180380
588720
-7557000
-337568
-123521
-55257
11731203
2726185
-849680
1444569
-534009
517920
-3850665
478849
1472
-82472
222235
-81295
559215
3058656
86019
1905672
-56580
50400
-246456
9360450
591552
-349200
-668736
-1137400
0
20700
2308176
4616150
259351
491920
-11424
2565936
72964
1248900
-271320
249473
-684432
604712
-4286016
-65575
697161
-171801
-401808
2896800
22120
71120
872904
316540
-102780
421120
2880360
-497960
-169635
348800
21588
-90585
-138996
2330328
-3726219
4933032
-4590432
541440
-701220
-152880
3936275
1345896
843199
589225
97869
1628148
-2445528
-3004980
-230140
91156
-432817
-131351605
52848
-531432
-3583440
-1149480
1236000
-433255
-1619917
-162864
3615872
-393944
402864
629800
2063112
-429195
-2149840
0
2750244
645
-5009123
18235
432000
-668955
2755364
3922632
-145248
-540249
1446807
-221364
-1687504
362840
2162428
-36972
1049884
877800
340515
-301299
744040
-1917216
-1037421
-1602499
-1518952
-3889776
129536
-225036
10141089
-345967
1845730
-496944
221123
809523
476577
2709620
674181
631488
-442311
2573304
-235863
-353612
-1595538
-326950
-47331
-3718300
56343456
31040
-719907
350720
945484
16945140
-3753000
520902
265593
243176
2663052
355416
714532
-538244
-99360
50427
197224
59856
-2003040
-2132780
-10146665
-2655120
281232
703936
7569584
1015576
-810601
-15939098
5844996
-46980
-548757
102240
3751680
-11456
-780472
-90288
624312
-125256
-153153
-1522884
265801
-438768
309400
-586976
372096
-909808
444640
-46176
527947
-495900
83200
46852
276547
274725
354981
-2094824
-55833
-1174624
62723399
2716422
89520
-839040
674016
463908
295568
1533528
-32224
1344868
114312
-386100
671775
-435051
-189880
-1181835
319544
1179780
-51189
-43659
-3466335
-263192
-86328
15494020
-1061424
-158115
3536820
-167400
-796180
648420
-343560
1007748
285228
-137605
564387
-88087
-428739
-6772128
366797
153936
751824
-9957465
-2104880
1084320
-6427275
222885
-493488
2556400
167712
-205128
-244728
1020000
2253420
-1394064
-372592
636285
-3408800
-4981623
-52689
57695
-7358064
113220
-292152
1067277
-357894
166717
8092836
126568
3420396
-618072
100096
819708
-319488
45100
-631220
-429958
287007
700033
10080
-321385
160623
1719480
-463680
21072996
-3634000
-2238219
716100
-27232
-347625
522792
-9257568
-76000
1072800
3799716
-1768
35464
4565385
5681340
-681984
849585
-5539539
280947
16348
-532140
450956
-174294
4056660
-209628
77
-56257
-144375
152775
132632
19136272
-50941
160056
87505
-311949
-68847
5575752
733256
1982682
-2560716
139097
685156
-1080576
81656
100254
377000
-66240
22243
8976
-706398
-121588
41280
293304
1531530
-124605
14568916
424116
-93696
-100880
-1776420
-116768
-433320
-71480
-421050
-2569448
-420812
-63162
1827
21672
3616450
-771808
-41943
-393195
-518740
-30708
-30576
1373940
-353340
734243
7713832
-2783
-4552640
-174960
-230805
-164735
-612352
-54840
-3633104
-11792
2598649
-5322704
-2153646
-58454
14850
-660680
-296512
-1335288
10343025
4696952
2862800
-133595
-10151295
-363240
-616504
-307329
1026108
-1865496
1054500
-29785
-458304
134420
3607587
-1920796
805248
3763513
-1591608
-43131
195720
-258020
1039664
-832100
104375
-854525
-958112
-454987
-142013
-611680
568400
-34615
-124272
-14040
53424
-24472
-121365
217968
414776
199320
-1433660
259168
240462
90375
-226304
-755741
717660
49500
500424
159696
-5432045
-533533
18120
7668248
-806540
-27531
545808
442612
163279
-631060
157528
-273876
-266344
422136
-236817
-72219
-207603
1020384
807032
-228036
69384
269739
-2921076
2471116
-296672
-1621264
-495390
-4196297
77280
-473000
171891
413685
-230076
-102720
773388
-15187536
-70335
77544
-41004
-390660
-317718
1782512
-81841
-22684
-910695
-395080
46748
129532
-707400
278720
-1050999
383285
390868
4891260
-216428
-279
-430716
78260480
161343
314768
1055420
-8073640
21528
-569757
152359
401763
-614256
7389200
-25905
-546480
210600
320936
-1717952
234232
-133785
-2343024
3337200
2002812
-20955
-264060
297896
-374332
-83720
189240
386260
-1935870
596502
-1491412
-450771
-1779736
1728616
-2202522
-2322191
174341
1833132
-307200
-456876
-29760
-75537
-9396
4408740
249696
-173888
394797
4248072
-159895
-206480
22050
-45684
-614181
-267687
-915215
25088
35360
837558
-750000
-2568
-13312
-414475
-146340
-3345
-1154780
38743
-161755
-43771
815760
235605
73075
38925
-90552
-498355
-282744
1070751
248616
375705
3688230
118972
371280
-112197
-117436
1702112
-380697
-680961
0
-81089
-909194
297918
-1271200
523605
4992
-24864
-154813
-28992
-37400
1150227
296217
-275247
-22386
121023
58479
131003
700098
-48807
43143
401212
3742593
-19339
9856041
18065640
2487288
56232
-225970
-883988
-1273998
-102195
4099097
313049
552636
93984
1264244
49147
1956192
1691591
-145464
358344
241592
15948900
396728
-51480
282720
903911
-415172
-4067
1751952
-1875675
176137
-895160
-217140
-324883
-768168
103695
-44856
24406009
2337
523614
-1733550
7480
727836
788500
-136525
168479
332120
-5106024
95865
4960
-366289
-417425
-626880
5286400
-786720
59052
-462940
2654242
1945977
-10036338
18582040
-1341600
442080
347803
-506604
-7944
-138303
180155
-8840301
-695649
-204765
1571136
822960
-215412
-393808
989496
219184
-19180
-2146816
187544
111280
-40596
12395
-222828
783744
-283294
1847728
-747368
-117512
-2060345
-140920
-1017387
-1113243
2043176
372480
279360
1474293
583145
-352704
-208005
1444244
214132
349416
-1068372
-297748
237846
-1463080
379312
-3173037
25375518
281585
34941
709962
-5289092
890320
-588804
27909839
6391
-7163474
198759
-9155488
867432
17515
-474513
34967
2080330
2387085
-404976
167140
55932
-82320
42432
19497
-170752
145280
-70091
977585
417525
-240760
258029
271446
248248
989456
-39444
-120423
-12192
85020
790020
646816
-76440
-969128
953160
-972192
-34027756
-268272
-270436
417571
-1850144
102704
-496683
271024
55391
-465552
2021775
71004
244218
236808
-3536775
-407289
-352221
-554552
2396676
-129456
8780875
794227
213580
-289140
-677556
-86583
-490176
-14511120
634669
33561132
1179387
868560
6130276
-28672
66096
2581280
-817568
860215
8769
-1137696
-1624683
5717428
4149717
15847758
-760653
34400
-85492
100580
439448
814705
302940
10240
-43648
-687750
1939968
-44847
5445
246791
-494224
-344199
-1508
65900637
22780
160965
0
145824
60435
1125
175724
53784
140961
-2524851
-44472
1206128
568616
600216
-500835
91872
1061592
7711096
-111843
-1777428
417984
-49712
2016225
-30358332
-471796
-132480
148800
-375487
-832041
-345807
41013
75300
-21960
93380
-48169
73584
5294535
1819403
1269528
-252306
13496
146387
343608
-136904
-943200
-298080
30240
16008300
-457623
53460
2381280
14256
-259369
-82368
28187
12510
15548
-2193340
442800
-222559
818100
-204204
-203688
539756
-250240
271560
3568572
233988
-42796
-269399
61075
-355520
35343
-118848
1419860
-1845888
-720783
-1017360
208320
58652
580729
-2185356
148500
1439009
-78960
-85956
-21624
-570167
-10894310
6732
-1392452
-500032
5062200
85932
-2396786
-36936
-2192
-108240
-1157934
-61005
-267260
-133947
-95700
-911600
2299992
-483088
330932
760711
1737360
32016
-1074823
298424
783300
10490096
-3026300
658896
2165784
-1069848
-48988
-247200
286741
2827851
