984
1 240 30 206
1 356 992 369
2 624 317 607
2 829 822 244
3 21 353 684
3 327 700 61
4 82 97 307
4 921 249 270
5 430 188 282
5 560 312 866
6 290 648 283
6 541 795 449
7 505 457 455
7 791 506 190
8 527 40 246
8 628 942 326
9 286 221 192
9 358 847 529
10 200 226 540
10 557 517 25
11 480 632 142
11 902 677 669
12 264 817 85
12 488 839 808
13 174 177 458
13 183 751 215
14 71 436 763
14 954 756 503
15 95 330 603
15 205 483 167
16 234 23 550
16 435 296 446
17 661 142 480
17 798 491 484
18 469 460 781
18 560 898 872
19 38 556 289
19 668 879 578
20 674 233 345
20 798 474 437
21 473 747 673
21 684 797 133
22 509 369 356
22 966 842 863
23 758 242 538
24 784 384 606
24 880 449 204
25 557 342 86
25 900 710 65
26 147 127 909
26 537 354 625
27 780 242 781
27 796 876 177
28 66 150 165
28 454 862 32
29 584 435 332
29 773 497 292
30 937 63 701
31 612 744 413
31 713 969 73
32 184 37 134
32 454 232 172
33 482 472 103
33 656 934 160
34 252 185 267
34 404 412 451
35 277 238 586
35 510 906 156
36 658 153 239
36 722 507 246
37 184 903 390
38 289 554 142
38 414 752 490
39 118 328 399
39 923 593 94
40 484 76 132
41 376 581 221
41 414 805 720
42 800 217 139
42 926 648 697
43 502 477 673
43 973 768 210
44 714 123 203
44 970 695 777
45 380 70 599
45 926 409 615
46 410 664 53
46 717 802 194
47 148 225 129
47 191 944 770
48 287 117 107
48 617 742 344
49 440 357 401
49 844 803 300
50 128 163 78
50 627 876 386
51 161 477 850
51 408 866 418
52 899 491 835
52 919 494 395
53 410 219 466
53 580 238 911
54 727 832 102
54 881 983 407
55 313 201 196
55 769 570 424
56 104 83 323
56 149 562 487
57 109 284 475
57 512 931 127
58 274 469 566
58 716 901 497
59 198 593 498
59 329 692 350
60 574 299 335
60 978 335 220
61 327 392 588
61 949 826 101
62 253 256 387
62 851 377 135
63 712 778 416
64 372 77 533
64 959 232 181
65 289 277 586
65 900 296 693
66 165 174 458
66 552 444 114
67 202 546 448
67 223 621 745
68 559 202 448
68 938 631 320
69 495 572 483
69 852 582 276
70 840 689 604
71 187 78 128
71 763 351 228
72 207 288 261
72 315 829 244
73 713 153 431
74 598 331 874
74 675 547 397
75 115 495 258
75 430 791 190
76 606 880 204
77 753 856 185
78 568 505 455
79 190 800 139
79 426 813 453
80 675 430 190
80 995 841 521
81 265 649 591
81 488 835 329
82 156 172 454
82 307 677 824
83 851 597 306
84 164 907 548
84 783 974 201
85 264 956 541
85 468 973 210
86 524 703 394
86 557 919 395
87 90 276 415
87 286 844 300
88 98 589 239
88 801 807 389
89 834 113 298
89 915 537 625
90 415 682 248
90 511 975 629
91 214 148 129
91 298 530 263
92 596 830 730
93 179 565 505
93 236 849 144
94 923 596 166
94 989 608 302
95 603 456 681
95 928 607 303
96 551 540 200
96 647 734 549
97 671 869 279
98 239 192 286
98 837 592 613
99 911 377 766
99 980 510 156
100 736 634 200
100 785 957 514
101 940 210 231
101 949 319 115
102 204 104 197
102 727 475 109
103 482 372 533
103 877 973 485
104 323 886 487
105 220 734 880
105 361 792 193
106 162 619 510
106 623 786 187
107 287 550 234
107 728 619 595
108 425 144 236
108 535 340 257
109 719 165 292
109 727 954 132
110 519 953 243
110 635 976 321
111 563 488 329
112 266 667 202
112 267 837 441
113 773 640 594
114 552 708 352
114 969 719 292
115 258 447 638
115 949 753 185
116 337 324 180
116 609 608 485
117 925 349 254
118 399 265 591
118 486 961 194
119 125 688 411
119 470 781 469
120 373 254 553
120 789 699 124
121 129 783 201
121 739 851 135
122 170 764 805
122 858 893 260
123 892 686 294
124 789 760 885
124 982 834 298
125 411 169 601
125 665 246 527
126 853 462 930
126 895 981 532
127 512 716 284
128 187 704 600
128 891 873 575
129 201 341 391
129 214 978 220
130 325 448 380
130 452 795 507
131 514 934 759
131 558 977 839
132 484 589 545
132 727 843 420
133 684 140 241
133 774 324 696
134 184 235 446
134 828 915 625
135 512 230 175
135 739 815 614
136 612 239 286
136 718 809 302
137 206 518 285
137 253 971 145
138 476 243 519
138 762 304 303
139 190 568 378
139 775 651 282
140 439 252 231
141 614 265 889
141 970 962 240
142 289 941 355
143 480 466 410
143 766 834 743
144 365 841 771
145 253 436 865
145 410 825 736
146 198 407 245
146 877 726 384
147 520 503 787
147 909 666 465
148 453 414 490
149 272 181 363
149 487 751 935
150 465 244 315
151 157 807 406
151 264 989 302
152 305 550 591
152 326 688 799
154 163 859 372
154 542 904 639
155 685 437 578
155 697 703 566
156 454 344 492
156 980 348 340
157 406 333 637
157 576 706 162
158 417 246 722
158 918 468 210
159 555 162 510
159 611 351 884
160 421 270 662
160 656 731 504
161 590 461 854
161 850 473 659
162 576 676 856
163 372 877 384
164 180 342 501
164 548 501 180
165 458 248 415
166 234 334 529
166 923 622 782
167 205 633 917
167 389 940 231
168 223 315 465
168 337 826 306
169 687 908 295
170 362 386 627
170 805 553 373
171 273 524 225
171 922 610 281
172 920 261 207
173 420 806 466
173 433 829 611
174 479 994 653
175 381 398 385
175 512 626 251
176 481 267 252
176 871 684 241
177 796 650 643
178 587 538 256
178 625 982 298
179 505 336 396
179 585 624 182
180 337 398 518
180 548 458 415
181 959 344 617
182 585 729 399
182 817 943 386
183 215 469 470
183 949 656 504
184 390 262 564
184 446 861 207
185 949 546 885
186 717 888 443
186 827 951 662
187 600 465 223
187 623 926 615
188 379 749 732
189 653 423 617
189 984 921 260
190 378 422 258
190 675 714 203
191 770 364 678
191 933 410 480
192 361 947 427
193 361 394 524
193 699 809 333
194 486 218 250
194 717 389 231
195 320 374 811
195 636 911 580
196 313 268 255
196 897 272 363
197 204 339 269
197 554 645 319
198 245 812 447
198 498 952 552
199 285 522 476
199 463 960 726
200 551 594 756
200 736 738 224
201 391 965 742
202 266 293 542
203 675 312 882
203 804 788 392
204 269 252 481
204 606 662 421
205 450 770 338
205 917 772 413
206 240 623 615
206 285 632 419
207 446 259 439
207 920 644 478
208 251 253 387
208 440 675 397
209 227 749 833
209 779 842 956
210 918 695 806
211 427 741 601
211 707 775 282
212 746 672 557
212 878 717 231
213 520 557 395
213 647 600 223
214 220 831 540
214 660 991 886
215 470 682 266
215 958 823 396
216 375 379 355
216 418 712 299
217 441 516 620
218 755 424 769
219 561 448 559
220 540 737 352
220 880 990 556
221 376 224 451
222 375 381 311
222 428 609 485
223 647 812 869
223 745 988 679
224 736 657 229
225 273 496 268
226 993 302 264
227 687 425 236
227 833 949 504
228 763 756 551
228 912 839 558
229 534 613 626
229 736 725 433
230 602 969 292
231 439 416 370
231 878 779 701
233 730 680 506
234 287 465 909
234 529 871 241
235 702 836 489
236 687 864 419
236 810 882 331
237 605 347 600
237 670 492 454
239 658 402 401
240 615 356 509
240 970 545 484
241 366 358 382
241 529 497 716
243 767 989 515
244 508 521 862
245 447 894 357
245 887 972 354
247 271 872 341
247 450 928 303
248 838 382 366
249 852 773 292
250 486 396 505
250 567 993 264
251 387 378 258
251 512 384 372
253 865 601 411
254 925 671 279
255 313 821 492
255 800 894 531
256 587 499 571
257 535 413 612
257 848 518 337
258 387 788 942
258 638 902 347
259 652 282 430
260 858 271 341
260 984 777 754
261 511 881 269
262 939 686 616
263 298 279 280
263 804 936 764
264 541 514 759
264 567 552 352
266 470 824 307
266 542 881 407
267 441 429 363
268 273 367 700
269 481 323 438
269 511 687 295
270 921 854 590
271 721 930 853
272 787 385 381
273 700 574 335
274 566 389 801
274 840 579 297
275 422 306 337
275 679 337 422
276 852 522 615
277 860 487 323
278 376 743 747
278 599 968 462
279 925 606 421
280 298 858 341
280 454 864 570
281 527 585 399
281 922 808 367
282 707 918 806
283 290 595 728
283 434 760 904
284 512 306 851
285 419 362 397
285 476 708 573
286 300 288 728
286 612 346 359
287 718 889 359
287 909 955 382
289 355 343 393
289 586 418 299
290 728 853 721
290 985 968 729
291 508 441 363
291 980 722 417
292 602 403 750
292 852 499 678
293 571 702 489
294 605 661 480
294 892 854 757
295 511 450 303
295 761 830 741
297 840 670 454
297 891 878 500
298 341 431 713
298 625 549 428
299 586 794 403
300 535 332 584
300 728 390 304
301 525 532 349
301 762 611 433
302 718 719 467
303 511 664 792
303 762 981 572
304 728 806 707
305 591 850 659
305 945 892 724
307 470 559 561
307 959 761 443
308 683 443 717
308 824 972 865
309 558 402 746
309 945 863 676
310 322 725 544
310 498 752 603
311 375 665 527
311 827 959 443
313 492 375 355
313 931 781 780
314 587 545 533
314 669 914 640
315 922 727 420
316 395 612 359
316 890 992 371
317 634 746 557
318 548 525 349
318 819 676 945
319 554 560 866
320 811 369 765
320 938 446 435
321 635 431 940
321 636 901 850
322 442 536 576
322 544 927 814
323 860 958 396
325 380 352 540
325 816 726 463
326 628 825 860
326 799 845 445
327 588 776 350
327 642 964 633
328 580 966 516
329 350 468 849
329 563 865 411
330 721 850 636
331 810 692 744
332 802 572 762
333 699 759 353
334 905 383 493
335 700 443 827
336 906 565 755
337 848 634 557
338 450 408 418
338 455 580 516
339 984 486 505
340 980 566 697
341 713 665 740
343 567 553 794
345 668 748 932
345 674 784 523
346 563 687 419
347 638 401 440
348 962 463 691
349 548 903 423
350 588 380 540
350 849 502 673
352 567 580 636
353 699 939 400
354 887 707 728
355 393 724 429
355 492 922 367
356 720 510 555
357 447 810 744
358 529 487 935
359 395 404 451
359 718 527 375
360 569 946 900
360 769 963 534
361 427 451 376
361 524 543 616
362 627 473 673
363 508 710 442
363 897 712 416
364 908 924 425
365 705 668 578
365 771 679 422
366 681 587 533
366 838 782 923
367 492 767 515
368 564 454 570
368 577 538 758
370 387 639 542
370 439 940 635
371 890 623 693
371 897 713 582
372 512 636 567
373 805 459 739
373 941 914 923
374 832 484 798
375 718 935 529
376 427 417 481
376 747 485 428
378 642 618 523
379 732 415 478
380 599 605 480
381 787 638 440
382 909 629 511
383 913 949 885
385 655 596 730
386 817 709 432
387 542 568 455
387 942 600 605
388 765 391 489
388 783 509 615
390 564 569 561
391 742 542 407
392 804 607 624
393 429 456 685
393 967 763 551
394 799 470 561
395 451 882 675
395 520 970 484
396 860 458 735
397 419 406 637
397 440 460 833
399 527 697 926
399 591 883 573
400 699 736 410
400 855 856 576
401 658 435 938
403 586 478 732
404 871 411 563
405 583 428 625
405 735 879 690
406 828 919 581
407 742 627 667
408 551 628 860
409 643 508 442
410 699 625 583
411 870 757 892
412 750 711 797
413 917 910 479
414 720 551 860
415 548 666 723
416 897 658 464
417 980 567 512
418 450 789 704
419 563 492 515
419 637 784 606
420 466 527 926
420 922 758 577
421 602 766 743
421 925 904 434
422 771 507 452
423 548 877 485
424 822 716 529
425 908 642 523
426 453 529 718
426 982 804 624
427 481 728 721
427 601 832 798
428 747 918 883
429 685 821 562
430 652 453 490
432 467 574 738
432 817 883 747
433 736 622 907
433 762 803 731
434 610 691 539
434 925 731 762
437 798 521 995
438 481 680 515
438 494 893 471
439 446 661 754
439 635 702 994
440 787 767 979
440 833 844 630
441 620 814 544
442 576 567 794
442 643 857 657
444 583 490 652
445 799 820 595
445 875 995 537
446 754 449 541
447 744 467 718
450 704 851 512
451 675 910 757
452 493 616 524
452 771 966 863
453 718 681 533
454 840 603 498
455 516 614 739
455 542 837 613
457 925 673 627
459 974 950 635
461 861 948 671
462 599 892 870
463 816 590 771
464 663 588 539
464 897 766 911
466 926 960 916
467 738 861 671
470 690 885 789
471 494 582 897
471 694 587 571
472 528 791 577
474 745 621 855
475 753 891 500
476 519 488 808
476 573 675 757
478 920 564 561
479 653 645 630
479 917 818 652
480 599 776 547
480 933 920 561
481 515 696 774
481 721 715 845
482 533 575 891
482 867 872 560
483 495 638 709
484 520 627 925
485 548 937 575
486 813 909 511
489 571 610 539
489 765 956 779
490 978 646 496
493 524 504 683
493 905 573 591
494 897 857 930
495 709 539 571
496 978 938 609
498 552 923 838
498 840 929 696
500 722 549 647
500 753 855 576
501 651 551 967
502 896 779 765
503 954 606 637
504 833 954 637
505 984 814 909
506 730 955 698
508 862 979 715
509 896 909 984
511 792 548 575
511 813 683 524
512 704 772 513
512 980 874 598
513 704 950 853
513 801 994 635
514 785 652 583
515 563 828 581
515 774 860 720
516 739 945 724
519 531 603 681
519 808 670 867
520 787 620 544
520 925 656 831
523 674 827 662
523 908 925 762
524 813 705 578
525 694 820 884
526 644 905 591
528 577 777 970
528 916 896 765
529 822 747 817
530 987 660 639
531 681 633 642
532 895 604 840
533 718 816 555
533 891 990 698
534 626 560 867
534 769 808 867
535 584 811 765
535 612 845 721
537 875 578 685
539 663 970 577
540 588 836 874
541 754 685 562
541 759 906 755
542 613 891 698
543 967 840 696
544 787 885 913
544 917 980 598
547 599 667 742
548 723 929 887
552 838 819 711
554 866 792 575
555 718 630 653
555 720 646 846
556 880 616 939
557 848 694 571
558 746 590 921
558 912 668 932
559 618 762 802
561 799 625 828
561 933 764 804
562 754 798 601
563 581 745 679
563 871 897 911
564 570 673 849
566 801 739 724
569 900 669 640
570 849 900 640
571 709 573 757
571 848 658 938
575 866 595 799
576 794 598 649
577 663 591 644
577 922 987 639
578 813 733 584
579 983 653 617
581 679 730 655
583 699 597 763
583 785 942 605
584 765 592 654
584 813 935 964
585 870 750 602
586 654 815 778
586 732 983 617
588 874 679 655
591 659 674 662
594 773 895 840
598 917 912 875
599 742 852 615
599 870 898 936
601 754 799 828
602 743 860 735
602 870 984 754
604 859 630 833
605 785 762 908
609 978 870 754
611 884 700 827
612 721 971 975
613 698 798 995
614 889 659 620
615 742 654 765
615 783 932 912
617 732 713 740
617 959 924 631
618 802 917 652
620 889 920 810
624 982 987 723
626 867 875 685
628 915 897 930
629 796 915 930
631 959 939 880
635 801 730 698
635 974 959 880
636 721 961 641
637 672 908 785
637 833 977 843
639 922 671 738
640 849 720 774
641 706 804 933
641 721 926 916
642 681 951 993
643 657 720 846
643 796 755 759
644 663 698 801
647 722 651 967
647 869 693 890
649 794 985 729
650 838 944 933
652 802 660 886
653 718 768 793
654 778 738 922
655 874 718 744
655 958 773 840
657 846 827 884
659 662 685 867
662 867 895 948
663 801 727 858
663 963 737 947
669 902 709 757
672 785 780 811
674 714 846 884
678 770 786 790
678 852 818 928
681 993 865 824
683 717 735 690
684 823 887 723
689 775 783 912
690 717 729 794
690 789 965 888
691 962 794 717
693 900 948 867
694 884 941 923
696 967 911 871
697 980 797 750
698 995 771 816
699 763 900 867
701 878 787 913
701 937 799 866
704 853 801 724
705 976 733 890
706 933 833 843
707 790 796 759
711 838 967 722
714 884 824 993
715 862 887 728
717 962 868 953
718 793 884 923
721 916 755 769
721 975 923 793
722 838 862 728
723 823 922 778
723 982 984 896
724 853 936 870
728 838 916 765
732 740 993 884
735 743 739 805
736 907 770 790
740 873 769 867
740 884 819 945
741 761 946 927
742 765 863 771
743 805 849 774
744 874 745 855
746 921 780 931
748 986 953 962
750 980 890 869
754 828 848 938
754 978 855 874
757 902 980 869
758 913 801 858
759 790 986 943
761 927 831 925
763 867 974 880
765 771 852 928
765 838 967 871
769 916 789 888
771 928 867 873
774 805 975 793
775 912 945 884
778 823 873 928
782 985 823 928
785 793 874 978
785 811 932 957
787 979 925 927
790 907 912 884
790 943 957 811
793 805 838 871
793 978 875 917
796 930 963 947
802 886 890 976
805 871 835 899
810 889 899 871
811 943 884 907
813 964 905 991
816 995 913 858
817 822 846 952
822 952 986 962
828 938 833 859
838 933 871 889
840 958 843 933
847 988 931 921
853 870 913 878
858 995 917 978
859 938 907 943
866 937 869 902
867 880 995 978
870 878 943 938
878 938 964 991
880 978 902 937
886 976 928 985
896 982 933 958
921 988 927 979
930 947 982 958
937 978 988 979
938 991 979 978
947 958 962 952
952 958 978 991
958 991 985 976
