100
1 1
2 1
1 3
1 2
5 2
5 3
6 1
3 6
7 5
8 6
6 9
8 6
11 8
8 13
10 13
12 4
10 16
2 11
5 16
2 2
20 18
20 2
4 19
10 9
14 14
15 7
14 14
5 2
14 27
1 28
21 8
26 30
25 23
25 17
8 7
16 21
11 11
23 15
32 6
28 33
31 39
28 16
22 20
25 26
1 13
25 33
13 27
24 24
36 32
1 15
27 44
51 34
1 31
33 35
13 53
54 34
26 28
25 42
14 1
36 18
56 12
51 20
16 60
45 38
2 37
34 45
25 12
49 39
14 53
8 45
59 28
18 42
10 69
22 57
37 14
25 9
37 4
72 44
49 17
40 60
19 51
51 1
44 4
53 56
63 32
33 7
12 24
19 71
50 39
65 33
13 60
7 17
35 80
33 33
64 19
5 32
16 88
60 58
32 22
