1
3
4
6
8
10
11
13
16
18
19
21
22
23
27
31
33
34
37
39
43
46
48
49
52
55
61
63
64
66
70
73
75
78
80
82
85
88
89
94
97
99
101
107
108
109
114
116
118
121
125
127
130
133
136
140
143
147
148
153
157
162
164
166
168
173
174
175
177
180
182
186
191
195
198
202
205
207
210
214
218
220
222
225
228
230
234
236
240
242
244
245
249
251
256
260
264
266
269
270
274
276
283
287
290
297
302
306
310
313
316
319
326
332
334
335
339
340
342
345
351
353
358
364
367
369
372
375
379
384
387
391
396
401
406
410
413
414
416
420
422
425
427
434
435
439
442
444
448
451
454
457
459
462
467
470
472
476
481
486
489
490
496
502
505
507
511
513
516
520
525
529
530
531
534
538
542
545
548
555
560
564
566
568
571
574
576
581
588
591
596
599
603
605
607
612
616
619
623
627
633
637
641
643
648
652
656
660
662
665
669
671
677
682
690
695
703
705
708
709
712
715
719
722
728
734
737
740
743
746
750
753
758
760
766
770
776
779
782
785
787
792
794
798
804
809
810
812
816
820
823
827
830
834
837
839
844
849
854
858
864
869
874
879
888
893
896
898
900
904
911
915
919
922
928
930
932
939
945
947
951
955
960
964
971
975
979
984
987
993
998
1001
1006
1012
1016
1019
1022
1026
1030
1034
1035
1041
1045
1050
1054
1056
1058
1061
1069
1072
1078
1082
1085
1089
1094
1097
1101
1106
1108
1113
1117
1121
1126
1131
1136
1142
1145
1149
1156
1157
1162
1165
1171
1178
1182
1190
1193
1196
1199
1202
1206
1208
1213
1217
1222
1227
1232
1235
1241
1243
1246
1251
1256
1260
1263
1265
1269
1272
1277
1284
1286
1289
1294
1300
1306
1310
1315
1323
1329
1332
1335
1338
1342
1349
1355
1362
1364
1370
1377
1379
1382
1387
1392
1394
1397
1401
1405
1412
1416
1420
1428
1433
1436
1442
1448
1450
1455
1460
1465
1468
1472
1475
1481
1485
1487
1491
1498
1500
1503
1507
1512
1517
1524
1528
1532
1535
1538
1541
1548
1551
1556
1560
1563
1566
1571
1576
1581
1586
1590
1593
1597
1599
1604
1607
1612
1617
1622
1626
1630
1634
1640
1645
1650
1653
1660
1666
1670
1676
1685
1689
1693
1699
1704
1708
1714
1717
1722
1726
1730
1732
1736
1741
1744
1748
1755
1757
1762
1767
1770
1773
1778
1783
1787
1789
1795
1799
1801
1804
1809
1813
1816
1821
1823
1827
1832
1838
1839
1845
1848
1852
1858
1863
1867
1869
1873
1879
1882
1886
1891
1896
1902
1905
1911
1915
1919
1923
1925
1929
1931
1939
1944
1949
1953
1956
1960
1962
1969
1973
1977
1979
1982
1987
1995
1999
2001
2007
2013
2016
2018
2020
2024
2028
2033
2038
2042
2047
2048
2051
2056
2057
2062
2065
2070
2076
2083
2086
2092
2096
2099
2101
2105
2109
2115
2119
2124
2127
2132
2135
2139
2142
2149
2152
2159
2166
2169
2172
2174
2177
2178
2185
2189
2191
2197
2201
2203
2208
2214
2217
2222
2226
2230
2235
2239
2243
2246
2251
2253
2256
2262
2265
2272
2275
2280
2282
2287
2292
2294
2297
2301
2307
2309
2314
2316
2323
2325
2328
2334
2340
2343
2347
2352
2358
2361
2365
2371
2375
2380
2385
2392
2397
2398
2402
2407
2410
2414
2418
2422
2431
2435
2439
2443
2446
2451
2455
2458
2464
2469
2471
2475
2480
2488
2493
2496
2502
2503
2509
2514
2517
2521
2525
2528
2532
2537
2542
2545
2550
2555
2560
2563
2567
2572
2575
2580
2581
2587
2591
2595
2600
2605
2608
2611
2614
2617
2622
2629
2634
2640
2644
2647
2652
2657
2663
2664
2669
2674
2680
2685
2687
2690
2693
2697
2699
2704
2707
2714
2718
2722
2725
2729
2731
2736
2741
2744
2747
2753
2755
2759
2763
2766
2769
2773
2775
2780
2785
2792
2796
2800
2802
2807
2811
2815
2821
2826
2832
2838
2841
2846
2851
2854
2857
2860
2865
2870
2877
2879
2884
2889
2893
2897
2899
2904
2907
2912
2917
2922
2929
2932
2941
2946
2950
2955
2960
2963
2971
2978
2981
2986
2990
2996
3002
3009
3012
3016
3021
3027
3029
3034
3039
3046
3050
3056
3059
3063
3068
3072
3074
3080
3082
3085
3090
3094
3096
3097
3100
3105
3107
3111
3115
3120
3122
3127
3132
3136
3138
3139
3145
3149
3154
3160
3163
3167
3171
3175
3177
3181
3184
3190
3197
3203
3210
3212
3217
3222
3226
3231
3236
3239
3244
3245
3250
3254
3257
3260
3265
3271
3274
3279
3283
3287
3292
3297
3302
3307
3312
3317
3322
3329
3335
3338
3343
3348
3354
3359
3363
3370
3372
3380
3385
3386
3397
3402
3405
3408
3410
3413
3416
3421
3430
3433
3436
3439
3444
3449
3452
3454
3459
3466
3468
3472
3474
3477
3480
3489
3495
3501
3509
3515
3519
3522
3524
3529
3539
3544
3548
3549
3555
3561
3566
3573
3576
3581
3585
3588
3592
3597
3600
3606
3610
3615
3620
3628
3630
3632
3638
3641
3644
3650
3653
3658
3663
3668
3670
3675
3679
3684
3693
3697
3703
3707
3709
3717
3724
3729
3732
3738
3741
3747
3751
3756
3758
3759
3763
3768
3771
3776
3780
3784
3790
3792
3797
3801
3806
3810
3815
3819
3821
3825
3828
3832
3835
3843
3849
3856
3861
3867
3872
3878
3881
3884
3889
3892
3896
3901
3909
3913
3917
3921
3927
3932
3934
3937
3942
3948
3951
3957
3961
3966
3970
3974
3981
3986
3990
3997
4003
4005
4010
4013
4016
4022
4025
4031
4034
4038
4040
4044
4049
4054
4057
4061
4064
