2000
1 1
1 1
2 2
2 3
3 2
1 5
3 6
1 7
8 8
4 5
1 3
7 2
2 3
7 1
2 3
13 2
9 16
13 8
3 13
1 9
1 1
7 11
11 16
13 5
4 15
9 25
8 4
8 13
24 21
11 16
5 7
18 7
11 8
20 15
24 12
20 23
15 21
3 20
29 19
17 7
25 6
41 31
11 39
16 5
23 34
32 3
10 37
32 6
36 26
11 1
25 42
10 14
30 38
21 40
42 20
39 28
14 22
15 50
28 24
13 10
61 24
46 26
28 10
5 7
19 35
7 5
53 50
42 3
2 61
13 55
4 14
28 23
5 39
42 3
11 14
40 6
16 1
7 8
11 23
2 23
26 36
51 60
67 57
14 32
18 47
18 73
53 10
56 1
58 31
27 66
18 13
41 2
83 64
46 37
6 57
92 7
19 38
20 96
55 32
37 56
63 70
89 59
13 89
65 24
57 93
70 88
67 81
82 98
17 77
38 43
52 27
29 20
104 109
32 24
69 97
102 17
22 31
42 116
76 38
25 87
121 56
119 112
49 97
30 37
122 30
110 89
27 42
111 70
112 96
33 30
34 106
39 126
11 127
36 91
46 71
82 51
26 88
23 132
45 15
18 84
113 5
97 15
72 126
123 141
42 65
64 80
139 122
78 111
145 117
40 84
48 75
53 70
127 121
53 106
8 69
58 5
37 106
3 79
40 88
148 117
122 86
13 17
45 159
49 125
108 70
93 74
85 152
1 162
37 114
29 142
170 63
120 125
171 145
38 2
108 13
121 19
151 69
117 151
15 99
113 79
108 113
141 25
117 7
67 157
56 132
105 130
23 158
31 62
136 103
119 135
44 49
174 157
112 135
10 112
150 115
26 14
185 33
20 120
183 59
123 167
101 57
50 172
88 84
109 149
203 191
45 80
88 149
134 138
117 126
143 120
80 101
32 30
125 121
195 174
56 76
97 84
209 145
113 147
211 111
63 168
35 144
143 112
118 211
109 6
179 129
25 64
221 9
65 112
118 217
107 193
3 128
164 94
74 189
144 178
1 56
146 81
201 79
84 41
215 117
150 91
182 94
9 162
195 110
179 90
129 149
192 189
86 7
229 34
45 155
136 164
235 151
183 49
161 136
180 254
226 16
234 245
68 153
34 90
200 242
246 214
72 121
106 177
263 8
132 254
10 68
186 153
69 204
130 76
239 5
110 231
100 253
115 79
180 228
243 181
198 82
28 62
141 11
268 142
135 234
199 175
204 239
134 201
54 107
198 255
108 119
226 38
80 85
96 237
121 128
24 53
232 118
280 268
173 241
3 274
248 263
88 201
296 185
21 208
36 264
188 285
299 239
3 241
60 255
263 197
102 271
137 166
307 231
41 195
154 125
228 1
135 267
85 272
2 68
127 130
30 174
283 296
74 153
266 215
93 319
228 304
3 94
158 221
207 138
61 131
88 274
203 262
77 275
171 166
263 308
200 73
14 241
207 113
256 182
236 239
116 264
293 61
309 157
156 175
124 56
120 319
161 322
18 18
23 170
1 296
278 276
23 154
144 36
51 123
148 202
196 263
328 36
145 246
96 49
254 16
186 345
336 257
93 348
352 35
311 321
95 224
319 149
69 47
343 348
16 327
148 248
186 6
54 168
172 104
86 222
326 5
112 31
41 105
35 37
154 147
52 34
237 197
54 209
148 271
224 251
328 19
50 93
214 143
261 55
214 196
19 266
170 1
147 62
219 258
200 58
280 130
373 41
216 88
121 152
18 101
180 24
377 218
379 380
6 27
352 16
128 30
298 249
115 372
312 277
143 115
381 265
9 86
93 35
366 242
61 218
90 401
177 102
109 374
31 167
190 34
109 238
274 257
196 258
84 340
265 328
275 159
23 263
407 313
9 312
321 220
378 344
94 241
336 250
121 285
196 151
71 231
404 404
120 224
361 100
335 127
164 2
35 321
388 181
198 115
240 415
127 69
400 407
320 69
145 134
440 234
420 402
266 256
72 353
239 49
316 99
53 42
115 144
7 89
244 201
98 409
83 14
407 414
363 28
39 453
333 423
241 94
347 253
429 308
78 161
121 125
185 293
74 462
424 79
85 366
277 461
414 438
340 174
366 287
146 250
242 13
247 95
164 386
67 121
470 148
359 391
5 154
469 26
98 372
110 472
330 62
409 309
84 248
397 26
333 241
88 88
89 475
477 19
418 287
174 172
456 274
442 134
442 426
202 328
221 420
373 439
352 27
92 244
496 481
164 127
232 176
377 206
389 169
124 191
183 192
8 18
53 387
23 385
51 170
303 391
468 163
121 490
48 187
511 131
214 32
267 91
49 135
212 192
287 358
385 422
369 495
169 310
100 81
195 213
201 473
227 417
64 396
197 170
530 527
157 185
9 455
199 319
371 517
473 10
187 484
378 389
467 118
210 351
396 313
396 301
100 224
471 534
202 448
339 254
467 123
418 233
232 27
64 196
110 415
136 129
46 81
110 375
175 413
179 449
195 38
26 495
326 97
441 186
350 525
477 49
69 397
160 326
430 217
167 58
489 81
126 277
300 240
505 487
321 278
368 59
527 348
432 262
281 109
250 205
106 562
68 414
473 518
341 78
493 573
139 336
36 575
174 325
567 512
325 93
175 519
176 111
460 57
19 227
578 461
500 555
127 452
309 518
24 59
262 584
25 318
553 48
398 494
323 253
567 484
156 364
314 292
20 9
357 11
254 347
8 24
332 598
231 268
236 176
96 197
280 357
474 107
566 256
55 465
307 312
53 549
259 217
396 209
400 267
69 297
127 399
619 582
145 128
90 283
54 119
57 39
356 219
383 77
152 164
437 631
204 225
89 491
235 266
257 392
453 99
308 581
394 286
55 383
363 421
97 56
192 544
536 417
50 172
360 215
328 77
587 5
634 427
591 460
280 454
506 106
639 170
162 383
414 145
269 145
8 500
18 7
335 297
321 535
350 87
455 421
292 214
336 366
324 599
494 411
651 260
89 401
620 658
162 98
156 381
591 100
413 356
635 71
528 223
104 251
483 448
253 513
545 13
506 12
209 265
295 588
8 208
130 120
211 685
436 190
289 317
563 458
517 127
461 566
374 554
221 541
262 384
324 498
2 592
162 686
117 467
284 46
370 579
93 51
491 342
31 488
364 20
393 404
491 388
655 697
68 140
177 127
551 617
333 488
94 202
549 62
521 30
1 143
409 502
387 508
239 195
524 261
122 483
603 328
431 477
46 517
192 349
38 586
456 571
562 177
723 28
649 678
527 507
192 16
284 566
486 555
132 95
192 563
253 213
383 517
270 509
427 480
583 32
311 388
677 218
200 209
562 610
231 380
108 17
688 621
219 617
418 735
202 192
406 424
695 700
457 210
70 428
488 135
133 174
95 375
181 251
462 566
256 99
47 528
332 484
115 251
8 435
550 653
133 28
113 184
287 321
182 277
332 378
349 589
388 37
277 573
476 273
678 425
481 757
343 390
348 29
277 269
272 184
524 563
152 164
411 514
465 146
191 76
60 703
666 770
654 538
363 64
334 648
39 535
110 456
26 528
300 211
784 214
555 217
687 793
600 393
415 116
94 306
499 313
544 146
632 124
75 425
89 46
117 231
132 116
230 314
484 15
27 118
254 258
811 134
193 742
759 15
423 60
541 113
186 728
175 29
775 26
251 782
275 43
785 385
449 49
589 525
400 210
136 804
49 119
318 558
679 188
438 15
817 649
305 549
193 784
829 29
781 110
395 625
693 408
382 315
379 118
427 429
36 286
450 643
2 494
593 717
199 639
694 386
692 115
683 581
57 277
646 723
706 493
643 25
425 716
257 395
124 807
389 556
9 638
469 649
384 364
856 17
525 409
487 451
429 668
11 240
846 693
366 748
753 385
26 489
333 324
319 638
41 341
211 770
795 277
851 770
493 127
457 458
806 500
472 777
409 770
133 523
863 100
694 30
751 851
455 106
135 103
404 194
565 844
402 395
496 615
835 437
372 596
694 98
294 20
609 730
356 294
781 623
367 599
644 219
35 671
825 212
817 505
621 592
299 717
69 512
514 211
519 749
807 765
327 730
801 632
649 158
323 847
599 326
575 898
190 650
115 763
771 340
857 700
44 545
679 731
894 433
404 237
289 50
698 583
157 110
833 491
378 355
58 570
599 437
921 699
463 599
666 503
361 861
805 198
705 721
725 794
87 330
171 850
583 515
903 220
927 227
481 250
775 720
30 478
239 304
902 478
276 912
679 354
50 11
161 591
320 397
210 706
305 560
7 213
679 684
850 765
318 175
486 806
696 670
884 682
297 740
371 898
718 736
486 361
378 522
117 765
453 352
655 648
285 226
948 470
296 610
536 114
394 59
159 261
107 435
639 147
869 330
187 925
323 367
294 761
626 507
225 21
102 4
806 550
679 57
302 476
739 357
543 169
877 393
281 831
605 869
959 616
646 958
79 950
664 11
230 432
265 947
571 918
210 717
406 829
760 224
24 910
724 27
141 589
987 383
983 512
180 839
104 913
678 640
641 884
983 808
483 289
130 307
988 847
3 709
493 510
561 611
206 408
119 348
963 985
384 973
512 496
360 84
920 25
679 557
1008 720
427 352
864 1024
263 660
945 411
949 344
23 705
528 81
870 24
573 36
37 555
101 98
921 629
503 941
931 1026
473 564
526 146
994 402
253 477
1005 745
540 785
143 656
865 651
250 796
909 51
188 582
601 642
626 750
208 1032
632 782
625 908
390 786
1028 314
286 221
729 840
604 365
204 779
1008 14
100 533
887 826
700 412
1022 555
676 515
714 204
709 647
837 699
617 856
725 20
488 735
272 430
26 354
286 998
455 881
538 96
169 835
922 222
859 631
240 124
1012 1043
413 36
726 493
429 946
119 807
325 378
751 988
1059 202
278 173
577 420
144 220
668 490
96 834
927 586
302 600
1050 205
1003 122
1092 185
281 200
751 679
933 1033
695 254
53 466
467 1002
181 616
546 312
438 94
609 292
344 332
1050 133
47 198
1099 641
299 392
762 535
66 981
606 135
916 247
496 802
109 674
1033 117
690 473
15 301
246 889
642 1101
957 550
57 150
684 342
277 626
828 216
46 329
302 554
41 377
949 339
759 422
800 698
329 810
1015 960
237 917
782 942
40 804
41 109
55 554
988 678
179 283
201 3
356 628
243 783
647 570
61 518
506 817
249 409
719 857
296 274
281 83
835 782
320 962
550 902
109 119
556 501
454 65
319 548
1097 952
572 1104
445 519
80 191
866 152
106 825
684 488
129 36
639 1122
421 854
1070 436
340 914
100 691
442 105
374 569
1036 134
1123 33
433 188
846 795
780 323
830 1017
128 475
1059 287
829 443
1047 290
817 1022
465 519
735 290
1018 1026
189 572
113 140
454 1048
271 531
526 41
750 1109
178 164
469 487
292 500
478 436
1022 265
185 754
890 4
89 926
48 181
965 1075
287 143
498 924
180 917
764 488
151 871
1183 912
498 983
1151 991
981 840
2 273
770 1208
553 87
608 42
1119 10
395 929
1215 1140
985 1179
517 1011
271 1158
602 1047
328 429
691 945
599 729
637 1148
233 860
1161 1065
17 11
558 449
208 353
292 1197
69 1097
459 1004
379 242
1023 656
925 49
562 571
263 1098
501 1158
70 301
935 245
425 1043
792 283
812 739
316 72
502 110
1083 543
1034 702
545 1169
253 97
342 464
605 567
766 1084
921 207
771 553
52 844
669 50
1081 364
1239 435
1038 634
259 1031
149 188
902 695
686 628
709 876
1133 449
208 951
903 1000
2 634
663 799
1068 1013
266 498
70 769
1236 544
166 363
594 353
300 382
598 1204
728 311
863 1201
449 1109
132 708
1160 713
783 889
420 720
270 892
447 1057
31 408
974 135
885 94
1196 137
477 422
1276 977
1027 880
993 1033
759 115
1032 1021
511 145
1229 797
480 1005
619 1135
1108 190
659 494
443 1113
723 370
1033 755
121 519
783 963
151 871
785 912
1137 1131
82 405
1133 1107
371 342
855 503
1047 758
1307 755
1022 239
518 517
856 435
195 1192
802 180
1201 1156
775 1326
766 360
557 180
57 645
4 310
1085 231
34 363
155 34
928 718
1035 442
980 1141
1036 216
166 130
1008 1120
558 1328
403 1232
934 1319
306 574
965 1007
1005 428
1140 1274
667 812
1236 898
327 155
555 30
438 298
1302 56
261 795
700 597
840 724
1338 130
1025 757
583 370
228 613
1356 67
993 477
33 1280
1005 1364
945 533
695 2
1000 905
675 1084
1019 655
904 472
91 391
1063 405
480 504
1030 353
1366 616
749 17
240 1142
67 13
849 1168
1026 816
1369 278
333 569
186 663
1105 342
161 214
1360 877
1319 1186
360 173
1357 975
1107 415
107 367
1088 1173
969 230
1131 1145
1223 604
958 344
469 852
1307 198
747 546
932 1086
961 339
347 810
111 1376
1153 650
363 720
859 585
311 551
250 728
230 212
1330 1153
837 816
1290 1211
1003 665
239 588
7 637
728 660
1357 525
28 1383
849 535
920 791
1264 1377
1017 643
290 820
325 1018
668 64
574 915
926 53
446 1084
205 235
138 986
588 417
437 998
1055 570
240 894
604 437
1089 195
899 1077
1375 362
861 1263
260 1028
861 1142
564 181
180 942
1005 205
42 1083
1132 710
148 1344
563 893
1058 1021
717 592
602 873
1159 1177
593 1229
291 270
349 765
837 85
410 188
1238 1135
719 1263
899 861
627 1088
225 1360
32 250
520 1111
852 206
61 599
1300 267
119 1172
435 513
1360 547
1296 238
872 565
586 579
981 1382
321 779
623 211
205 1266
604 209
1229 738
753 765
1247 413
413 667
391 322
1088 805
958 52
1022 163
120 318
1198 328
428 623
255 387
1290 1267
1350 915
214 734
105 1109
825 205
812 95
574 1091
673 1033
1047 1046
40 517
114 505
749 58
1405 1123
792 674
501 625
353 1454
170 1024
1233 48
923 1335
1484 660
591 414
1018 1212
191 597
1411 1090
1265 775
1328 803
840 97
1207 114
17 334
533 223
970 787
261 919
309 1385
1342 517
558 736
77 286
731 89
523 231
684 1206
36 151
921 138
1074 118
193 1119
1277 783
55 529
766 1522
321 637
798 976
390 311
1111 986
761 779
411 392
55 558
762 230
667 349
613 1356
329 694
106 1174
753 696
980 667
1282 61
1443 625
243 1407
438 419
1394 927
1143 470
215 1484
505 1290
27 54
808 709
923 579
421 928
41 834
213 970
1558 1481
577 1054
459 1389
381 649
1381 687
327 330
557 478
589 1372
1074 409
1058 847
584 78
453 1002
1048 552
989 153
1229 641
181 1411
1407 791
1410 499
998 1304
102 808
931 1004
814 857
1427 898
1256 1182
659 292
690 517
1531 1056
192 108
124 868
1231 1394
175 1219
523 122
272 578
704 1232
1351 982
1558 1012
1183 384
975 436
265 1400
607 78
650 910
825 596
1299 160
34 1142
1494 1069
40 442
490 1216
1286 457
1427 912
591 627
650 652
1176 257
865 597
1193 1566
1047 391
451 270
1588 1216
381 1018
1615 248
126 968
700 623
363 25
732 1029
96 359
1017 1425
1327 1350
357 994
547 623
1280 1321
245 1543
1065 170
1488 495
837 977
589 984
121 1614
454 1633
767 1491
917 1396
234 337
1125 981
1297 754
1626 558
1470 1478
1270 74
872 1372
415 1459
986 1012
1422 1052
1282 577
612 1310
855 1076
1647 329
65 233
424 1044
499 481
1271 238
1526 186
1480 163
693 1388
403 1102
1043 1250
951 1369
283 90
1179 84
426 109
1085 1621
1105 876
51 961
1414 1278
1397 327
563 1649
92 206
990 332
561 1193
1574 1673
1494 807
1369 926
1249 695
1009 1614
1183 943
1440 1547
280 829
882 1501
1078 801
583 1141
1007 374
1503 381
1298 232
1482 30
792 86
859 1358
749 1054
1671 1453
1128 932
1452 86
1273 423
468 1406
761 135
342 1167
1137 1370
1476 1289
1106 1557
1497 127
638 1222
998 1593
1317 710
533 257
1426 653
1149 743
185 548
1596 1576
1407 772
305 1005
1023 1370
396 765
15 507
1114 1210
328 854
1459 449
617 1063
707 767
550 242
1599 1274
660 502
351 1258
1509 327
395 277
722 1173
675 953
1188 169
1612 253
460 1666
28 601
365 1056
1057 468
1703 927
1080 434
383 652
1000 653
367 116
1357 142
330 1508
1166 653
1618 383
1683 585
1539 594
628 944
481 1700
910 1168
1573 429
560 1262
156 478
1715 536
1356 1382
1753 1585
1309 943
702 818
1519 167
85 1149
277 1065
253 58
1572 1298
56 952
701 197
1315 1281
625 1195
1430 135
1184 187
871 150
595 908
301 1089
962 1302
531 1274
482 734
551 94
720 1473
569 53
412 363
1473 1291
1786 591
553 1780
1366 1657
830 379
898 336
987 819
1230 1514
153 1511
1558 1639
1463 1507
111 149
1293 353
690 1180
516 60
775 1730
295 1023
1332 1396
1110 1690
1124 980
674 1650
1136 456
1397 1064
1524 1595
1460 113
671 659
1375 1548
1025 186
747 1738
1172 87
1120 623
1707 696
1491 706
1770 169
370 402
46 1640
1383 1543
1640 1202
1506 1234
1276 126
1540 1515
26 1582
487 712
511 1081
630 1602
1513 1291
1704 1686
1471 703
921 842
1292 1814
416 389
157 1373
5 429
1787 396
161 1623
773 560
1043 1054
1648 1832
1026 1609
750 1436
574 302
1668 1626
176 559
652 379
1215 42
7 1686
1762 915
1125 1012
1393 1051
870 575
805 1587
1573 28
1580 190
1238 1131
786 948
977 1574
1599 844
1337 698
1010 1310
132 717
427 1014
994 332
943 1795
1525 1710
749 606
1785 614
323 723
947 1851
511 838
396 1795
486 959
320 578
813 1476
1040 1057
1605 646
1527 1187
1316 160
332 1866
1633 310
243 460
1770 45
1543 157
1413 767
1187 248
476 9
1423 1541
1195 619
277 378
1338 1247
298 152
1804 1231
262 308
1495 518
1012 1168
884 1454
1752 660
369 1863
519 972
568 851
165 960
542 520
1439 1320
1336 761
881 1395
1434 1137
1671 618
238 1449
414 1307
1148 708
1366 1855
928 1712
166 570
1591 1190
1889 278
1399 1627
1342 292
477 661
344 819
1252 1917
1440 722
1390 861
45 876
331 1781
297 1065
907 1828
1318 651
1827 1091
350 1167
138 599
40 735
275 1043
1026 1547
715 395
842 413
1198 1084
1402 1864
128 1821
1319 1457
427 1585
1870 396
1885 703
922 1133
445 1430
245 1837
436 1613
905 679
1174 1115
373 1194
358 12
1026 468
1885 21
1728 883
753 295
1304 1014
1908 928
1170 1858
1741 311
346 443
1667 1735
832 1325
439 161
1592 375
1740 1816
300 1638
846 235
706 1379
560 890
1769 519
1771 775
1378 505
29 374
1060 1958
1232 933
1336 1761
436 1657
99 1048
323 1328
1968 124
406 571
304 1430
111 377
1778 394
1913 487
1971 984
1494 1767
414 579
124 971
72 1060
1443 695
1465 129
1101 1901
922 1468
395 964
667 1782
