2
61
21
68
51
6
40
16
41
3
18
58
36
43
37
1
60
6
49
4
42
13
10
7
63
15
25
6
41
24
17
32
2
18
13
13
6
24
8
3
35
21
10
56
22
1
53
24
24
30
14
9
19
13
28
11
40
39
17
66
33
12
13
12
40
1
14
51
49
5
13
62
10
33
3
3
1
4
31
43
7
57
8
37
58
13
38
18
35
45
28
33
10
2
4
48
9
46
31
65
63
70
36
13
29
5
70
33
59
15
18
8
24
2
26
38
34
14
24
54
34
38
11
17
58
63
59
12
4
59
41
39
3
20
57
32
1
32
62
26
19
48
38
1
36
48
16
7
54
21
12
65
27
14
53
59
52
3
12
19
2
37
26
23
55
20
49
54
8
13
52
53
18
27
10
23
11
24
60
33
4
16
65
3
39
58
1
5
11
32
53
32
1
1
37
44
10
14
5
37
7
27
19
10
19
20
2
48
31
22
1
11
27
40
50
61
1
41
41
38
2
30
38
63
68
35
15
61
52
37
45
34
4
35
4
45
56
1
6
2
21
13
25
29
20
1
40
30
13
51
13
54
38
7
68
55
13
10
66
1
47
24
43
67
65
9
1
60
1
1
17
31
49
53
52
31
53
1
24
45
23
12
1
37
43
10
26
4
41
1
6
11
43
1
61
53
7
20
5
17
63
68
15
48
34
12
30
32
59
12
49
17
1
28
9
1
21
1
62
27
54
25
46
25
57
31
1
39
41
1
30
13
67
17
5
31
27
7
34
8
11
2
34
6
36
68
24
12
48
43
33
32
16
3
31
4
3
27
42
40
2
1
24
28
23
36
23
65
46
21
5
32
20
13
50
29
8
17
42
32
6
23
28
12
5
44
53
37
37
12
9
3
62
9
7
22
38
11
42
5
27
1
1
8
19
53
28
3
19
24
49
38
21
40
32
37
24
56
4
4
4
15
44
41
1
7
31
2
62
36
1
2
5
34
19
18
2
27
68
29
2
31
54
3
44
5
14
6
49
19
45
22
13
22
63
52
58
20
5
7
9
53
6
27
5
24
30
10
40
5
37
47
4
6
6
54
58
1
9
13
49
43
31
18
15
57
44
41
45
27
31
44
41
9
13
3
5
14
25
12
1
31
7
1
1
37
3
61
2
19
29
13
66
27
14
11
4
58
30
11
12
2
7
51
59
2
35
1
35
14
35
8
47
1
52
37
3
35
1
42
61
49
21
1
52
30
45
1
20
4
8
32
58
32
51
36
25
1
56
25
4
24
15
28
17
15
41
11
40
25
60
5
58
20
41
56
5
20
18
11
3
64
31
35
33
32
7
27
15
14
15
38
70
6
4
40
51
68
41
68
23
3
8
39
9
16
34
1
69
29
4
67
13
55
26
11
38
7
8
2
41
4
10
38
4
23
32
1
1
28
54
11
56
54
10
8
46
17
28
19
37
3
1
11
15
11
2
1
7
12
10
43
24
10
28
10
21
41
12
12
9
55
61
26
4
63
1
32
24
45
3
38
33
9
30
47
12
1
11
3
30
10
19
63
29
32
31
29
26
18
59
58
1
38
1
52
2
1
26
33
35
7
3
12
9
7
23
62
27
54
20
12
56
54
10
39
58
24
6
22
47
55
19
17
1
30
5
70
70
20
6
61
15
2
37
4
9
64
35
56
33
11
25
30
23
18
4
41
21
48
15
5
20
48
16
64
14
55
28
41
3
57
57
8
4
12
2
55
17
10
58
65
65
13
32
4
6
4
1
40
7
64
55
24
9
58
45
16
32
18
26
47
38
51
18
3
66
23
5
23
25
7
55
26
9
62
45
26
27
46
20
29
23
8
15
21
17
29
22
45
17
24
36
30
10
31
45
41
2
21
41
49
68
1
60
55
6
14
3
17
33
2
20
2
12
60
8
46
65
59
45
45
1
27
40
29
36
64
3
8
25
14
1
43
22
51
34
30
31
3
8
62
15
1
19
61
30
24
37
25
24
30
44
18
65
26
56
37
17
37
30
1
61
20
31
20
1
51
69
34
18
3
1
38
34
42
11
18
9
17
30
18
1
55
25
10
64
9
1
69
38
24
25
5
68
29
36
16
16
9
1
12
3
4
57
17
2
29
17
70
12
41
33
21
22
34
48
53
47
24
45
38
6
20
60
23
5
14
28
19
45
27
19
53
46
19
17
20
24
6
46
8
5
21
18
1
53
6
34
19
1
1
68
15
8
2
27
5
47
59
35
40
63
21
5
48
54
57
32
11
16
39
3
31
36
4
10
24
56
4
61
56
42
52
51
36
46
31
2
63
11
21
8
30
44
12
1
1
19
23
59
10
14
26
6
37
49
29
15
8
5
13
65
49
1
47
1
5
54
1
46
4
66
1
27
49
31
43
18
20
26
15
35
40
15
54
1
13
4
23
58
26
19
5
33
1
35
7
1
33
9
3
38
46
3
1
28
5
64
49
9
32
20
62
36
69
1
22
16
67
21
3
67
4
51
2
2
11
7
57
2
35
25
47
18
28
17
43
33
19
18
25
41
21
6
26
27
1
19
6
68
5
60
46
13
29
55
33
42
3
9
2
22
1
6
12
67
13
1
51
26
26
9
49
53
40
48
12
19
50
63
9
22
25
2
9
32
8
44
5
63
16
33
19
4
17
7
47
53
13
4
11
69
14
3
15
62
42
41
46
1
13
7
23
11
61
13
56
14
1
24
49
1
61
24
5
32
40
27
1
2
63
18
56
3
1
1
23
27
9
19
25
33
32
1
11
41
67
43
56
55
50
23
2
1
1
33
2
61
1
26
53
15
52
1
9
12
33
26
5
58
25
69
6
31
5
3
1
33
50
24
18
62
9
55
30
56
16
6
24
39
15
25
1
41
18
26
7
21
25
22
23
54
10
31
3
14
1
5
5
2
34
53
17
3
4
11
1
59
35
33
11
19
47
4
23
67
1
69
65
23
10
26
42
61
17
32
26
5
61
62
34
4
8
23
49
10
7
17
32
2
42
62
12
17
4
40
62
24
2
8
6
3
53
32
17
15
44
16
9
5
1
3
13
51
5
25
21
29
2
43
27
15
24
54
9
3
17
15
26
19
13
68
61
5
10
50
7
59
31
40
50
5
27
41
14
47
7
65
39
10
29
33
65
19
2
14
35
25
4
24
23
3
22
43
7
31
1
68
12
40
59
4
35
14
47
3
19
14
16
57
27
60
18
8
14
57
11
69
4
33
18
24
45
9
50
59
27
54
7
25
2
4
26
44
44
38
5
68
27
55
40
1
34
10
63
18
59
3
52
18
36
10
20
55
23
35
50
1
69
30
47
28
36
8
17
1
23
62
7
15
46
56
18
22
22
42
53
36
39
13
28
33
46
40
61
5
33
11
40
9
67
36
3
5
17
16
1
14
23
30
2
11
36
31
51
23
20
55
25
25
37
25
47
4
1
59
40
29
17
52
64
44
15
10
17
24
9
23
27
69
38
1
49
42
9
54
22
22
14
19
7
52
5
61
1
3
7
64
8
40
34
29
25
1
19
51
15
4
34
40
27
8
43
19
15
37
25
27
3
10
15
41
14
20
24
35
3
37
23
5
40
12
10
7
4
14
7
7
43
28
1
62
23
50
26
35
3
42
4
1
24
30
31
20
18
4
32
45
49
32
59
17
46
46
35
63
26
27
31
43
5
40
55
4
27
35
55
20
7
13
69
7
43
54
50
30
16
14
10
4
65
4
35
25
14
49
3
19
27
48
34
9
27
3
17
36
6
10
55
13
37
49
1
1
10
61
12
70
21
19
30
42
50
1
19
2
17
59
58
23
2
52
7
48
28
44
36
55
59
63
38
7
7
13
17
21
51
1
35
42
12
3
1
32
31
5
3
17
13
43
27
21
7
30
23
27
33
3
52
51
17
44
21
26
63
11
40
36
9
2
39
60
44
4
3
45
6
5
8
2
21
12
30
9
48
40
1
46
4
13
20
26
6
20
39
11
16
23
27
24
4
31
17
3
29
63
34
28
11
59
31
26
4
50
6
30
45
11
1
30
26
6
59
42
54
1
60
65
62
26
20
60
17
17
45
14
2
35
4
8
26
23
1
59
19
63
41
37
3
20
17
43
4
10
42
6
1
60
23
39
4
2
41
56
44
39
57
30
69
21
2
39
39
1
2
1
66
66
49
48
1
24
19
60
1
38
32
57
19
58
4
39
50
6
47
1
42
23
8
1
9
15
32
48
11
61
14
1
58
1
15
1
23
22
13
10
58
7
40
25
36
13
11
8
39
59
62
63
20
2
64
49
7
6
60
62
1
58
63
23
27
36
62
51
67
16
34
21
26
59
26
30
67
29
66
7
17
9
47
10
2
50
2
39
4
14
30
6
3
55
31
4
53
18
29
1
8
1
25
15
41
49
61
8
58
3
1
3
15
48
9
6
42
37
8
24
21
51
1
54
66
31
32
11
37
7
52
10
3
64
1
1
54
31
49
1
47
1
68
62
28
67
35
58
54
11
20
63
23
45
1
7
19
47
17
43
11
42
53
11
14
56
30
60
70
10
14
18
1
5
2
46
8
10
10
67
8
36
3
38
58
5
14
28
8
40
6
2
19
58
2
4
1
2
1
39
65
58
68
54
16
45
20
19
35
52
16
1
38
24
14
56
33
61
1
2
43
7
63
9
68
37
60
42
10
66
10
20
30
57
10
42
56
58
10
38
50
6
11
13
7
23
49
18
57
69
60
18
45
6
56
23
12
48
2
59
57
28
5
29
34
9
1
7
20
29
30
68
6
2
28
63
7
14
20
7
53
6
2
60
3
4
14
1
24
6
21
1
11
53
27
10
36
48
18
55
8
36
17
3
22
11
37
4
31
12
5
52
53
5
6
17
14
25
12
1
5
55
21
26
18
40
25
60
64
39
7
19
23
15
7
9
29
39
43
1
4
10
20
50
1
3
1
41
24
8
29
23
43
44
24
10
50
50
5
61
43
59
57
32
19
43
47
40
6
15
33
17
23
22
15
27
51
6
27
3
6
48
52
16
11
58
17
10
48
8
59
45
21
26
8
36
33
15
21
17
32
16
67
19
62
23
12
18
65
19
32
26
47
19
22
57
6
6
3
11
36
13
43
16
38
61
11
7
32
46
6
56
58
32
20
1
3
67
52
34
1
1
60
54
65
17
10
9
29
36
51
60
70
36
3
52
62
31
1
49
28
43
39
42
53
9
49
11
59
30
49
18
7
4
53
6
49
18
19
56
65
4
34
16
34
37
23
58
3
8
1
36
55
64
11
58
13
39
26
1
14
61
49
14
41
54
10
58
2
36
19
13
3
53
18
39
37
1
12
7
11
57
4
8
9
21
18
54
40
4
6
27
66
8
51
12
1
24
45
58
61
54
64
28
6
41
33
12
35
30
1
3
5
50
26
31
34
3
29
1
6
20
67
33
61
52
15
52
59
9
24
1
13
1
3
35
16
64
1
27
53
37
19
46
30
49
5
7
13
16
4
32
20
24
14
29
21
5
68
48
19
15
12
54
25
60
13
17
57
39
13
58
41
1
31
30
6
27
56
6
37
25
2
1
28
48
36
36
1
11
35
21
9
4
54
65
58
27
18
33
15
31
1
1
14
48
2
38
23
55
13
4
16
66
25
10
60
49
14
2
41
7
6
53
47
50
3
5
10
56
1
57
7
33
26
14
65
9
25
32
7
25
17
2
9
53
35
30
3
11
52
4
17
58
3
57
7
37
27
21
27
29
48
32
32
44
17
43
24
11
24
13
3
58
6
35
19
1
55
7
4
6
13
19
46
34
9
5
45
63
30
42
43
22
33
1
34
57
24
54
18
24
22
50
1
51
7
63
3
34
50
3
12
29
52
36
42
41
28
16
46
58
3
63
7
17
12
4
7
49
1
1
53
38
41
35
67
1
66
57
47
1
52
8
65
12
45
15
3
36
11
17
11
1
22
31
33
34
16
24
55
27
69
48
22
20
40
2
26
22
24
13
15
5
2
20
65
11
6
63
1
6
63
39
47
47
19
11
14
44
1
59
35
28
20
45
44
61
45
16
44
1
25
12
4
52
2
35
12
7
36
16
41
37
8
40
7
50
8
4
25
16
22
24
39
4
24
64
41
69
1
50
54
3
23
13
56
26
20
9
44
18
28
14
20
1
59
30
6
49
24
9
51
12
59
10
13
63
55
25
3
60
10
63
14
66
3
69
27
34
11
42
51
1
34
24
15
49
2
7
60
1
50
52
65
44
59
5
1
65
10
51
2
61
53
54
40
57
17
33
5
16
4
37
30
45
13
42
38
37
13
20
36
47
38
2
25
52
8
7
11
42
18
69
5
53
17
14
1
17
15
13
22
46
33
52
23
50
1
61
1
4
55
29
44
39
5
62
26
4
14
1
1
17
25
3
44
30
3
1
47
21
52
17
54
28
56
29
26
25
1
12
2
21
30
48
46
56
13
27
36
68
1
53
6
17
24
18
3
14
67
43
54
19
4
49
1
3
1
18
35
34
37
37
20
43
33
3
28
39
1
38
54
11
7
8
22
49
15
13
6
66
6
21
22
56
70
28
11
21
49
2
44
48
34
44
6
24
54
57
4
69
22
43
29
24
41
13
36
48
4
30
56
2
2
6
17
46
62
36
32
29
58
25
21
31
48
6
49
46
12
3
4
35
5
19
54
46
33
32
59
17
38
55
23
6
1
17
23
31
34
20
46
1
65
57
12
5
45
19
13
39
52
20
1
24
59
51
39
66
40
18
1
1
23
37
4
25
65
49
62
60
5
14
64
41
11
11
24
45
31
24
10
20
64
34
12
1
4
41
64
17
24
62
3
52
33
7
13
45
19
2
34
36
47
36
12
16
55
9
10
66
54
14
52
34
64
8
36
3
43
26
3
50
64
37
3
23
27
22
63
17
47
1
6
2
64
16
3
16
55
10
39
62
38
34
49
9
43
20
46
1
1
43
29
40
28
43
21
62
19
8
52
44
41
61
13
6
54
36
58
67
2
12
13
10
37
1
57
15
42
30
13
60
8
7
1
4
50
2
3
33
55
64
38
11
33
5
6
37
47
1
55
13
15
5
47
59
51
10
10
30
4
30
43
32
1
1
65
40
44
11
4
19
53
1
54
57
23
2
2
22
64
46
18
15
1
43
1
1
16
5
28
43
23
34
18
35
7
12
32
52
14
10
39
58
47
8
11
52
3
10
13
1
47
22
28
18
40
14
3
28
16
41
7
11
11
51
9
19
42
2
49
3
18
44
45
8
1
52
63
9
37
10
8
11
24
2
32
19
2
24
18
5
46
17
61
1
18
1
27
2
27
50
54
33
30
5
38
1
41
21
25
2
34
15
44
54
1
54
9
17
33
19
54
8
2
16
58
4
16
41
20
3
41
48
6
43
2
46
25
63
1
29
24
13
5
6
42
41
5
46
17
56
62
57
3
29
35
9
5
5
46
31
54
1
50
14
52
7
16
14
12
63
7
13
8
3
58
39
4
51
5
19
43
2
60
7
4
49
17
30
5
37
1
32
44
1
35
40
36
44
31
18
63
60
10
51
27
35
23
15
44
8
1
41
21
56
11
3
37
13
4
21
46
14
2
26
59
63
53
63
24
3
8
26
27
54
51
2
21
13
33
9
4
35
11
25
39
1
20
26
59
65
7
9
19
11
30
52
11
1
8
34
16
1
26
41
6
13
24
16
39
56
44
47
38
64
1
3
64
4
18
18
17
33
4
19
18
61
37
4
40
21
45
1
4
27
35
3
13
7
23
34
5
57
14
22
4
59
6
14
2
3
8
21
31
39
69
8
9
6
61
20
7
33
58
13
39
15
53
31
46
35
29
1
21
18
2
34
1
60
7
56
3
27
48
44
3
35
23
24
50
44
3
19
40
39
51
1
17
4
36
44
1
11
10
29
30
4
1
60
44
64
31
12
16
33
1
4
49
30
63
5
33
14
49
4
1
50
3
3
4
2
20
1
49
30
13
41
24
5
39
20
34
1
2
63
1
46
10
23
43
40
21
23
62
2
35
47
27
24
12
3
3
51
5
20
7
23
44
34
32
4
1
33
3
22
32
35
28
15
5
34
2
9
32
4
34
32
39
32
8
7
1
50
44
65
25
50
15
5
48
16
14
16
44
29
28
52
23
43
1
46
25
1
17
52
7
23
25
57
33
35
58
5
30
1
57
18
1
48
18
34
1
10
17
31
19
2
60
59
6
39
1
10
7
5
11
49
30
55
2
19
32
3
43
59
22
11
1
22
6
48
46
17
56
4
53
8
47
61
24
8
44
7
26
5
60
27
5
1
43
30
21
43
30
2
27
23
1
33
4
3
52
14
40
36
9
24
33
30
31
20
3
58
49
7
12
3
31
2
12
70
30
15
39
58
8
25
3
13
16
35
41
1
12
11
40
17
41
56
13
4
44
15
40
53
50
2
5
6
23
55
10
10
47
3
2
12
61
2
16
20
48
1
53
1
16
3
46
5
6
1
18
20
1
1
37
4
6
49
25
10
3
37
34
38
15
11
51
8
10
14
28
46
49
3
11
15
24
68
43
6
1
20
19
41
43
29
56
4
60
61
17
43
40
17
25
30
45
57
54
2
10
10
1
9
56
4
34
64
26
25
3
16
1
63
31
11
31
19
57
31
10
23
27
57
5
3
59
13
21
44
65
52
60
56
27
36
1
24
41
28
29
26
43
16
2
27
1
15
21
9
53
58
36
16
15
24
1
23
36
42
53
30
10
12
1
67
2
20
56
24
42
60
17
26
67
48
61
46
13
46
25
12
19
38
44
41
2
3
7
16
36
7
18
36
23
54
13
46
14
7
6
45
48
22
56
52
41
58
5
1
35
46
23
28
1
27
15
43
1
1
18
1
68
67
58
59
43
22
8
27
23
46
7
68
34
3
15
41
30
1
18
58
25
63
34
16
23
1
1
5
4
16
43
1
44
18
4
9
13
15
12
32
52
7
45
36
14
41
52
38
5
16
28
40
9
44
10
19
23
38
45
39
50
45
40
4
29
1
10
1
64
13
51
6
27
23
7
30
24
37
13
40
4
34
42
32
53
12
4
11
20
43
33
61
8
16
36
9
2
6
41
28
1
1
42
63
1
5
10
64
18
14
57
20
6
35
3
37
55
3
68
67
60
33
1
3
18
8
36
33
4
6
12
28
46
28
1
11
2
1
69
3
1
48
31
53
33
45
1
46
37
25
17
59
22
59
39
1
67
57
14
30
26
41
56
3
5
24
29
43
3
1
14
2
41
1
35
1
22
14
12
6
57
51
64
13
11
21
45
63
19
36
35
13
36
1
59
16
23
12
10
52
18
59
25
54
26
27
14
30
16
31
13
67
14
19
66
31
3
4
49
10
3
63
9
17
49
1
17
14
47
51
13
4
1
44
59
36
6
53
12
49
15
4
43
24
7
10
32
19
24
46
5
1
32
1
12
1
59
57
21
1
15
2
1
50
1
1
30
29
48
3
7
40
47
53
63
46
1
43
12
1
46
1
41
55
1
48
2
24
6
48
26
18
13
31
5
19
12
42
36
26
37
23
24
15
17
9
40
2
1
7
11
29
8
2
34
49
3
41
58
10
10
3
36
38
24
48
26
7
8
10
65
1
1
25
6
55
44
44
31
60
44
38
34
35
18
3
1
1
11
30
7
4
7
63
63
49
3
20
47
18
9
17
31
57
7
55
7
15
1
53
14
36
30
36
13
1
25
52
25
3
1
60
45
37
55
1
6
62
12
8
58
38
42
24
46
17
12
18
25
1
42
38
62
49
15
40
5
9
39
18
55
35
68
56
29
30
63
23
23
21
54
61
6
38
70
10
17
49
2
37
44
2
58
20
32
37
15
42
16
37
12
1
37
1
33
36
25
25
12
44
62
1
27
23
28
10
1
33
17
32
7
9
59
26
13
28
34
36
70
10
28
16
40
5
67
12
66
64
19
52
2
19
20
39
19
52
27
23
42
13
12
46
3
10
39
2
46
53
30
11
14
39
20
61
32
2
15
33
30
44
19
41
54
25
1
57
47
17
67
8
15
24
55
1
36
34
59
12
1
42
20
41
50
50
6
42
41
14
21
59
41
1
16
11
42
67
3
16
55
26
58
45
6
23
23
30
52
42
41
49
52
45
57
52
37
47
63
19
27
39
36
11
1
55
4
20
23
8
26
3
12
1
20
5
1
31
37
36
1
7
60
2
3
42
8
46
27
57
2
40
34
10
53
43
68
3
14
21
2
1
20
14
44
51
50
7
10
20
4
48
5
57
1
17
24
38
56
35
16
69
60
11
49
65
17
33
24
9
5
14
51
3
14
30
48
16
36
12
31
7
32
2
57
20
8
47
14
23
26
24
55
19
40
66
13
34
10
38
2
9
13
3
27
38
12
31
35
24
7
20
54
39
4
31
31
45
40
5
54
14
64
9
9
47
37
60
18
34
22
3
18
40
46
6
6
27
1
35
28
18
10
64
68
1
39
4
17
67
25
28
58
15
1
20
8
27
6
69
21
17
13
1
33
24
13
17
61
9
40
3
57
23
12
45
52
20
34
56
31
52
8
31
7
1
59
26
60
30
23
64
13
4
3
24
23
2
2
63
16
41
15
15
19
64
5
1
12
42
55
1
28
40
22
33
2
28
64
1
16
54
16
45
55
36
63
51
32
3
2
18
5
17
4
58
22
47
23
20
27
33
24
27
61
66
4
1
23
23
61
30
11
32
1
45
47
51
10
5
28
34
53
53
46
3
56
57
50
45
7
27
46
4
52
30
39
9
70
54
64
14
9
19
38
10
21
14
56
1
25
56
60
3
52
42
8
53
4
1
35
35
18
25
54
6
21
4
2
19
14
3
52
59
56
6
4
14
2
50
6
59
3
28
69
1
27
42
17
43
10
37
2
40
27
63
51
19
1
19
62
39
20
28
17
65
11
54
68
1
70
12
50
16
35
41
7
16
20
63
60
17
64
50
16
1
20
52
24
18
55
7
53
12
24
33
54
28
28
31
53
54
3
9
41
18
25
1
49
25
7
58
10
43
41
53
1
65
12
15
14
5
8
20
36
9
36
5
1
11
40
35
18
8
1
34
9
26
15
41
55
1
52
26
6
18
31
14
29
43
52
20
1
65
54
3
35
55
3
7
14
23
3
31
12
3
47
63
20
30
1
4
62
48
46
55
63
49
2
12
44
5
11
1
41
24
28
4
4
19
58
65
34
28
27
10
47
10
11
34
39
20
1
19
6
24
54
68
45
292
433
49
57
421
6
431
38
297
237
408
182
412
419
198
336
393
364
417
55
188
160
276
100
392
151
239
37
45
356
38
224
6
260
145
233
440
133
424
263
14
404
187
226
73
341
388
432
264
407
332
37
352
127
147
394
42
29
350
435
327
21
107
290
25
23
362
271
389
368
234
351
8
444
414
323
317
377
51
36
331
97
211
245
272
297
366
3
412
318
115
1
308
356
165
242
423
347
146
387
294
203
399
388
317
343
400
349
341
365
420
364
330
1
362
185
106
73
415
416
334
227
349
356
436
227
345
230
320
261
58
224
335
135
250
424
394
12
365
19
23
392
400
436
388
158
375
265
172
386
312
432
214
172
392
432
274
334
105
334
349
5
21
29
388
409
15
239
327
369
388
263
135
315
369
371
405
434
358
242
403
414
364
19
343
441
239
355
265
164
440
417
71
84
194
365
223
435
412
398
199
292
231
414
356
297
8
134
360
433
175
352
381
207
58
285
336
272
64
145
197
1
409
296
427
69
443
410
257
335
405
419
229
294
337
398
362
328
47
415
339
133
366
5
204
409
318
129
273
370
365
417
295
47
262
405
446
189
252
66
64
411
432
214
373
210
271
148
102
182
343
437
390
6
51
216
1
275
353
152
144
361
316
331
418
1
276
255
434
379
274
420
379
116
359
1
20
292
370
29
166
66
411
382
361
65
332
445
385
391
351
192
392
3
307
381
384
272
152
98
404
387
218
4
284
225
262
452
199
92
191
399
402
251
208
353
433
153
289
401
123
124
343
254
431
422
386
377
76
244
244
350
282
218
361
431
277
414
79
423
396
8
278
338
11
18
354
10
343
25
426
50
241
301
264
339
354
432
55
88
382
17
6
179
273
361
374
409
366
395
216
54
25
207
217
36
145
364
421
371
323
238
285
35
131
117
34
197
357
377
150
369
12
158
75
41
368
343
337
287
385
6
56
130
332
450
388
201
270
9
11
357
374
14
16
301
124
16
344
289
364
33
291
404
382
1
179
10
154
352
435
370
329
27
238
397
3
96
220
274
432
431
178
431
365
431
133
355
317
448
457
364
286
135
254
3
437
400
374
425
140
343
407
369
384
436
292
282
441
92
231
418
312
296
90
89
193
176
1
265
22
409
354
406
168
270
231
57
86
398
237
18
14
318
270
336
375
420
46
353
66
243
26
416
406
305
412
22
407
1
414
22
371
369
382
423
398
319
410
421
320
6
4
153
250
304
6
281
339
112
383
388
370
219
414
102
19
189
398
187
264
3
211
406
220
408
437
63
287
57
233
6
275
411
365
206
357
410
373
29
271
429
151
299
174
435
292
1
40
62
33
367
75
302
77
119
189
24
64
409
193
429
392
4
355
261
401
442
178
230
427
408
349
401
245
149
286
5
387
152
60
326
228
1
217
226
444
261
309
98
308
345
417
333
37
90
418
376
338
106
37
202
56
74
277
404
397
40
69
277
329
137
334
419
98
311
399
81
431
424
208
388
418
80
167
307
404
208
37
325
21
2
65
1
400
1
1
302
415
265
67
1
71
429
339
179
168
163
390
395
410
437
138
310
418
384
404
321
433
438
410
404
268
244
264
106
175
291
204
2
11
228
323
407
98
269
107
355
302
376
292
179
219
442
159
124
21
139
188
428
395
4
426
367
108
183
317
296
238
240
364
308
6
5
305
387
368
350
412
248
308
162
94
340
307
67
392
250
251
346
158
403
208
263
321
283
432
416
293
306
103
235
302
147
439
174
420
374
257
348
426
330
367
397
187
427
1
74
372
159
112
334
158
417
422
379
298
371
448
336
359
342
439
406
340
295
419
86
159
59
32
380
210
365
302
11
355
36
244
208
218
282
196
291
373
316
260
226
337
383
312
428
375
198
15
19
138
434
334
6
4
411
154
226
393
370
335
310
314
417
416
24
68
100
74
365
433
128
267
308
390
413
365
390
71
440
11
413
401
389
368
432
58
321
401
345
246
237
381
384
283
417
347
249
414
159
354
110
333
212
338
388
433
415
393
67
389
308
12
439
194
302
254
180
3
79
444
378
153
337
328
80
256
392
391
299
332
71
429
278
413
66
303
423
385
330
271
45
416
446
330
145
400
271
192
263
45
336
308
106
408
7
257
290
392
422
184
405
65
441
374
32
340
43
1
410
393
260
420
188
227
381
391
322
132
118
386
251
300
4
147
243
49
257
42
279
371
430
391
195
271
210
420
173
302
212
69
214
84
17
407
235
1
22
426
447
270
378
348
319
226
256
133
8
367
392
328
70
365
267
422
398
432
8
382
203
396
29
323
342
56
379
385
150
426
51
385
231
109
273
215
1
413
57
282
133
86
9
379
347
414
400
52
289
412
112
158
220
253
434
400
313
184
346
245
16
442
386
215
11
421
380
193
256
91
239
75
130
331
11
398
427
424
417
255
397
283
303
422
405
195
414
402
385
341
281
220
256
417
420
276
369
210
203
452
408
1
292
173
363
441
48
427
339
406
395
26
200
372
370
141
280
410
341
385
420
320
258
422
251
431
12
350
109
411
320
271
418
159
406
423
310
209
163
63
431
119
211
174
150
355
61
100
412
297
262
272
405
251
415
227
289
445
448
422
380
405
148
377
177
423
348
183
290
339
73
218
42
188
277
401
64
245
266
320
381
427
363
328
418
412
46
40
11
428
270
340
393
211
49
207
408
360
1
19
373
217
275
354
339
428
308
452
329
238
6
346
190
152
125
393
380
194
205
196
3
267
443
257
41
279
124
32
346
30
171
34
65
166
65
418
384
43
306
182
354
64
280
95
324
429
5
188
298
258
328
37
161
393
326
305
89
135
100
349
428
322
329
411
42
209
106
2
355
308
427
302
378
90
405
294
143
403
400
246
418
286
319
334
366
302
315
239
277
324
168
136
191
46
429
392
215
426
425
40
283
243
268
81
433
132
356
362
68
421
329
322
220
283
353
411
406
408
281
411
427
50
366
218
390
292
304
435
140
362
284
370
275
414
191
56
409
358
204
407
290
340
214
416
197
1
263
108
241
377
127
370
430
10
309
68
94
406
376
390
1
362
369
337
58
103
72
429
152
436
337
312
355
395
102
322
318
406
115
15
309
249
392
448
408
258
375
356
223
386
355
392
437
6
380
317
268
348
384
219
326
93
444
157
71
388
49
372
240
172
389
332
412
440
408
13
192
444
313
64
3
226
1
353
347
425
251
226
245
83
327
245
300
54
410
431
213
1
91
159
310
286
209
410
229
429
349
164
23
238
413
287
263
425
276
403
392
439
18
298
385
7
63
237
427
66
436
369
15
374
366
261
375
185
333
154
432
352
300
443
28
202
22
261
122
51
115
425
279
210
376
419
425
407
26
318
187
421
115
404
240
152
401
186
287
437
3
316
261
418
47
64
380
233
162
94
303
21
168
309
284
204
269
270
401
39
44
119
85
198
175
313
19
251
304
430
382
237
1
440
1
294
134
63
62
199
381
373
257
378
439
51
9
347
431
14
85
123
420
378
422
200
270
320
61
333
52
134
226
349
414
301
438
10
379
445
393
131
380
179
315
240
203
1
360
397
4
1
318
82
357
371
365
301
112
270
408
427
34
170
316
268
187
267
289
314
390
401
84
348
384
275
416
374
388
1
100
139
320
152
196
127
94
237
230
426
26
318
9
248
321
129
430
344
201
171
329
82
271
87
379
429
365
421
349
400
236
372
374
150
3
262
412
65
382
387
243
116
438
383
169
339
416
54
430
336
322
214
311
364
193
346
60
90
84
69
88
45
387
128
291
437
111
337
194
336
402
197
3
326
402
323
339
347
343
346
401
237
200
157
34
129
417
428
335
135
275
447
191
17
173
350
193
320
267
327
322
192
314
382
301
155
430
9
17
159
45
168
380
1
109
3
29
315
92
414
255
343
71
418
420
215
315
401
77
114
71
257
57
343
399
92
3
294
299
23
326
432
302
437
389
431
39
33
413
404
351
170
428
411
290
331
411
280
37
382
266
199
339
265
352
126
176
404
119
344
253
402
293
358
408
395
97
361
378
296
443
405
419
35
375
2
405
299
425
172
113
264
126
191
26
368
417
48
316
271
16
256
401
245
266
407
299
339
279
84
7
5
316
441
131
120
203
364
379
285
404
411
299
316
327
423
208
318
180
158
323
204
32
402
447
345
370
188
350
248
396
147
331
345
79
241
290
143
347
411
7
385
196
111
68
187
437
445
356
9
257
117
179
270
140
420
240
51
11
55
425
100
421
415
116
428
297
337
128
409
305
183
271
4
392
423
448
409
391
255
330
145
358
399
1
287
366
54
18
3
431
352
287
302
376
2
12
245
313
153
407
424
267
333
430
254
409
1
416
346
81
183
49
435
1
422
351
412
79
274
306
276
341
179
208
9
330
413
151
149
403
125
189
381
417
340
295
445
160
184
411
6
344
423
263
316
63
219
191
152
454
132
237
283
75
308
97
436
225
257
346
364
290
121
256
205
440
261
81
315
342
352
189
317
434
434
310
387
414
390
233
363
145
95
177
367
276
264
296
61
398
410
290
78
294
172
209
161
34
296
289
374
45
260
268
235
344
131
288
339
319
398
2
4
361
157
213
40
380
354
103
335
411
159
170
317
264
88
356
108
211
271
387
335
316
305
395
34
349
243
363
8
234
125
171
272
315
370
170
11
324
196
332
411
281
111
153
219
400
238
412
410
144
427
327
411
412
226
272
129
390
322
417
407
2
422
343
353
369
221
276
255
416
152
262
344
62
385
198
377
429
218
334
333
98
218
374
325
312
249
399
436
182
237
157
425
388
280
316
52
408
375
212
373
366
414
94
211
3
4
345
282
111
271
409
430
188
272
370
418
47
317
278
2
434
442
17
438
408
293
204
7
360
339
313
73
337
441
177
362
11
389
197
1
70
372
390
142
417
297
412
386
409
446
306
378
302
174
19
384
406
235
299
434
283
122
265
166
391
248
124
23
337
315
40
281
289
423
448
369
347
421
285
400
267
345
383
441
419
243
434
62
411
432
418
73
123
46
342
167
449
442
108
396
351
292
432
305
277
268
378
383
271
189
164
27
428
400
70
272
375
378
326
281
26
250
317
193
309
364
439
369
8
130
230
431
430
185
191
266
395
437
5
23
374
133
264
281
245
258
441
411
316
1
430
193
64
54
394
329
385
16
403
22
306
390
12
255
3
315
445
1
248
174
334
136
279
353
336
258
386
342
25
271
449
206
80
289
47
373
314
411
422
103
288
191
7
258
351
383
343
170
149
135
152
172
5
444
441
356
415
393
247
118
346
272
398
423
100
438
427
176
93
118
312
338
424
233
445
392
382
261
27
444
198
399
64
197
93
347
411
404
119
347
330
397
253
290
141
263
322
99
162
206
26
380
424
357
315
436
346
85
149
368
260
425
159
230
287
147
254
324
315
193
441
377
414
79
390
380
326
434
4
372
289
281
339
423
387
134
3
282
320
332
428
365
2
256
363
63
360
120
63
115
438
64
64
330
414
384
355
346
325
282
437
154
200
373
314
157
395
111
377
143
168
430
362
391
301
337
151
254
373
356
275
406
333
234
416
76
105
152
428
266
406
411
305
65
426
161
230
281
346
297
190
106
427
416
404
337
207
256
272
239
406
383
183
86
210
210
385
410
301
441
340
426
80
353
435
10
391
389
238
326
8
355
387
399
357
358
441
110
180
385
6
309
61
412
395
100
191
344
223
418
329
260
429
168
342
77
434
305
321
392
362
7
362
438
448
226
28
380
424
349
346
389
152
301
373
262
48
377
344
323
142
382
342
359
363
392
429
390
212
406
379
353
356
275
347
298
48
382
354
389
431
65
88
118
410
6
72
193
424
154
397
426
7
184
335
134
313
369
325
196
184
426
338
233
405
17
391
434
136
284
92
389
107
396
240
354
26
230
199
373
418
422
112
313
403
373
19
434
322
413
236
425
180
365
129
43
397
52
300
30
223
107
203
444
440
59
353
319
10
361
406
269
308
425
389
408
155
154
44
16
344
74
340
195
323
294
375
375
264
48
130
239
314
391
433
400
258
190
223
437
334
68
334
361
50
271
125
398
310
175
279
299
442
149
180
415
427
308
429
328
446
351
418
179
308
377
165
362
123
3
381
341
58
383
293
354
359
102
249
309
15
353
368
331
436
315
211
391
1
391
424
422
373
77
386
385
326
273
293
152
262
330
172
1
18
389
309
235
261
412
66
387
11
425
367
422
329
373
320
418
377
28
399
288
47
417
152
350
5
306
271
107
254
47
10
255
34
405
275
406
110
389
3
427
29
64
406
270
7
163
85
195
351
392
238
377
418
283
396
58
366
415
420
302
420
233
82
166
268
341
87
416
306
139
408
55
400
336
373
356
398
232
186
360
144
298
392
226
233
126
77
1
101
397
232
308
261
114
22
90
98
415
253
36
342
198
322
128
353
353
401
427
58
297
206
235
92
345
395
138
421
55
358
396
4
440
422
450
408
338
70
418
292
370
353
351
340
58
259
291
53
1
337
301
390
4
24
364
416
436
256
85
262
273
355
302
395
343
323
148
334
75
296
269
257
9
61
426
333
135
192
342
336
2
329
395
166
216
400
389
438
403
437
172
138
218
43
291
191
238
180
18
239
351
150
137
293
57
381
111
51
412
317
158
329
194
403
256
208
122
422
372
375
3
417
172
439
382
30
252
9
319
25
1
26
421
373
435
432
229
353
411
263
351
188
278
210
271
268
396
327
426
225
359
27
359
293
329
429
145
310
85
97
235
355
399
432
444
21
12
412
109
142
94
9
291
175
298
122
349
425
330
370
311
415
358
401
5
321
208
361
3
418
287
424
184
294
190
421
433
413
428
15
335
246
399
416
123
396
329
1
356
409
139
167
377
5
246
407
143
313
80
335
418
74
320
382
391
86
105
230
312
369
405
332
100
48
390
229
378
247
355
388
88
455
358
278
387
14
320
293
384
420
16
442
432
348
39
426
123
354
18
270
256
390
205
223
1
249
399
323
430
186
38
352
245
416
185
14
393
397
10
329
364
309
201
377
215
122
145
374
335
401
286
423
48
439
251
384
226
375
422
8
273
402
219
349
175
353
304
235
304
407
260
168
388
378
125
428
319
395
436
314
332
229
79
316
302
247
299
420
156
435
408
355
416
258
180
234
293
278
271
418
349
275
95
385
213
348
379
142
61
362
377
430
192
180
81
231
440
319
360
425
429
370
396
443
306
332
290
1
260
133
212
125
262
5
401
319
43
392
438
435
221
202
95
95
395
98
101
377
265
211
197
390
423
331
11
332
379
28
382
381
55
417
141
19
399
352
448
167
357
286
254
49
400
256
367
316
168
431
439
275
292
7
163
9
401
67
422
396
242
427
327
125
204
260
2
79
395
316
406
398
294
1
356
265
379
419
411
397
241
222
362
245
196
387
128
249
16
375
108
377
394
424
400
260
426
340
416
409
161
9
217
221
242
34
81
412
421
385
317
332
308
388
392
429
437
5
283
388
414
419
281
355
201
29
380
66
374
25
147
412
401
199
5
303
339
436
354
385
359
262
439
174
192
261
368
365
400
280
276
310
229
295
332
261
366
434
321
435
347
439
426
380
238
219
30
338
210
255
119
45
87
295
107
115
297
144
20
120
212
400
422
258
367
3
329
91
152
222
441
273
308
295
250
157
357
93
432
441
237
213
374
245
38
403
413
112
239
387
4
391
401
127
354
56
298
77
266
313
365
398
415
91
52
248
298
2
210
433
48
286
86
422
193
382
235
378
363
10
252
219
403
444
279
110
312
386
400
429
276
2
109
343
111
432
287
125
304
117
167
211
245
428
367
148
247
25
313
396
381
354
41
332
79
204
72
231
2
337
4
155
429
267
240
385
441
326
320
121
372
434
297
234
66
387
383
109
54
80
371
245
37
238
382
66
427
403
120
409
82
346
270
424
287
290
12
245
386
387
39
38
267
409
418
358
433
277
26
192
159
87
334
147
148
49
113
292
199
391
168
4
272
357
194
360
161
355
175
431
17
344
261
8
263
21
407
306
310
268
356
237
291
58
281
328
312
361
404
395
195
302
132
408
343
344
356
363
395
366
373
198
133
394
342
452
53
430
444
227
320
412
438
285
424
235
124
301
388
420
31
324
310
407
353
178
319
426
80
282
160
254
312
351
290
58
286
421
413
214
120
287
371
308
261
6
159
168
161
338
334
395
221
342
408
244
1
417
41
395
91
426
283
421
166
389
260
361
261
336
47
366
265
312
397
133
416
355
320
23
312
221
442
141
157
14
356
188
293
136
312
134
332
355
407
356
310
310
137
377
395
333
22
119
418
381
148
366
147
309
311
123
187
214
363
401
275
200
224
13
5
385
435
205
280
320
372
291
379
54
420
282
375
352
271
273
362
197
293
405
375
181
34
392
238
9
420
260
224
320
422
355
344
390
171
365
345
294
227
25
86
401
317
6
312
441
7
123
322
181
41
439
385
381
7
122
39
37
309
250
355
365
17
124
105
325
139
65
21
295
178
377
363
367
378
308
239
177
431
377
299
134
289
239
381
353
340
386
343
12
358
210
5
285
272
364
119
129
255
332
151
17
293
151
214
283
14
356
30
323
341
183
409
214
183
290
327
253
112
189
361
390
338
366
153
432
384
422
36
311
428
436
420
370
287
343
237
207
207
384
320
3
357
287
280
239
399
401
59
371
439
315
372
333
105
112
194
18
382
422
390
193
32
418
9
212
333
245
1
356
423
433
335
439
415
323
268
39
273
373
335
238
15
453
437
199
70
260
413
300
102
147
321
423
191
354
411
321
248
358
359
409
400
27
150
122
293
393
327
67
174
243
419
89
66
429
444
277
390
401
95
371
166
232
322
397
363
320
274
390
343
8
390
3
358
289
389
416
143
339
212
351
371
413
403
354
439
412
386
336
112
133
427
436
265
271
176
396
259
168
268
362
59
61
333
301
363
431
33
5
399
245
315
190
207
206
105
1
389
64
337
428
307
450
121
183
380
64
368
133
129
384
381
243
214
323
223
75
433
268
369
67
136
70
309
394
204
344
305
249
181
454
187
12
116
168
417
79
67
255
69
369
271
384
130
435
270
163
232
5
330
1
205
436
360
159
227
8
334
199
214
268
442
2
230
6
288
171
389
221
393
29
285
2
422
44
286
230
8
166
76
93
350
123
247
275
320
254
372
317
266
21
425
325
73
380
342
21
220
436
440
95
386
155
78
7
300
117
295
76
336
14
268
346
296
13
380
274
392
162
197
57
348
318
277
223
223
177
284
304
421
4
403
356
343
386
252
441
434
59
381
270
413
239
22
118
395
380
278
413
392
275
118
262
386
304
15
114
427
22
40
329
16
73
240
320
7
254
256
300
169
124
48
340
360
373
398
284
391
405
236
321
409
292
308
347
401
14
378
310
395
168
107
366
5
357
134
432
316
389
40
6
334
131
408
66
361
370
404
288
420
253
261
352
324
361
9
166
217
162
272
266
355
89
73
442
277
381
298
223
29
378
392
36
61
350
148
110
87
119
349
417
2
134
341
286
271
198
208
280
107
372
266
160
412
398
255
270
70
237
121
150
343
110
24
167
80
297
65
278
379
245
365
1
425
442
273
280
40
92
366
339
403
330
304
294
36
251
266
145
424
115
359
420
194
426
20
388
426
6
240
61
202
412
3
416
436
358
346
170
168
133
104
427
258
421
48
443
105
169
156
387
391
183
361
200
435
364
12
361
268
274
422
438
73
48
406
374
319
266
271
281
179
336
127
319
405
80
324
301
315
219
437
365
154
435
201
335
88
400
388
281
91
96
409
117
421
359
234
384
333
345
188
181
386
24
249
271
383
79
75
136
341
400
403
202
28
420
55
198
318
279
386
351
407
292
252
388
278
120
281
340
85
367
124
393
253
206
245
232
174
36
352
334
412
429
124
406
423
213
52
438
415
294
289
385
14
9
365
167
340
267
5
1
400
323
237
379
368
276
189
397
170
439
94
181
141
259
390
339
413
248
264
389
326
401
269
371
108
3
241
358
59
11
380
18
373
354
369
31
414
146
296
227
443
256
26
244
419
415
400
292
169
315
355
356
318
68
1
115
328
401
287
286
251
407
315
24
419
387
287
393
92
123
418
298
248
28
6
262
48
57
399
18
8
428
207
272
393
433
92
411
431
348
349
360
351
324
372
195
102
144
7
312
382
390
1
235
370
340
383
359
147
332
303
298
368
406
44
426
88
323
378
320
416
281
411
58
379
242
401
447
96
306
378
339
16
30
420
175
406
292
344
299
351
443
384
160
351
177
264
322
15
233
22
410
433
393
101
244
104
345
19
365
396
353
54
419
327
349
297
322
418
443
13
90
266
111
356
380
299
282
320
354
360
271
399
379
267
165
74
418
371
1
356
33
394
432
280
337
137
250
206
113
180
451
325
447
343
337
370
45
180
392
30
356
436
373
331
352
432
99
316
431
396
215
395
430
364
360
219
344
356
231
46
316
265
200
95
120
362
361
16
371
189
76
432
412
136
331
221
357
86
231
118
308
8
416
4
189
415
423
187
364
10
191
436
270
198
434
37
198
304
186
166
4
30
422
426
332
137
410
42
429
355
147
413
27
30
154
324
356
21
417
407
335
428
65
266
405
392
167
393
438
237
281
157
425
328
181
432
330
69
55
425
419
404
88
101
267
296
17
430
428
279
326
388
357
383
396
300
442
402
27
24
374
16
78
190
428
370
256
103
358
248
48
103
231
6
25
174
127
435
244
221
151
96
349
410
185
283
394
176
246
355
12
152
429
264
362
382
323
133
434
298
130
32
441
393
379
11
411
372
442
311
167
351
328
434
49
347
322
344
280
212
331
339
285
396
330
20
78
186
417
292
310
411
289
320
253
287
315
170
436
412
422
420
293
322
107
138
448
246
359
239
405
42
70
350
204
317
326
318
386
180
346
425
256
191
137
429
428
60
257
332
18
312
426
295
399
43
362
76
126
145
6
252
210
283
7
14
5
436
96
425
343
366
143
450
109
361
62
418
1
132
374
87
101
292
269
20
301
169
239
424
285
180
71
433
324
378
123
292
294
367
345
246
411
331
213
183
270
240
254
291
199
1
322
338
44
241
316
75
49
397
8
68
322
371
369
282
399
371
58
286
411
254
90
40
15
449
5
433
371
348
164
324
139
192
396
289
392
93
295
385
240
117
253
193
283
401
337
432
362
236
271
388
95
228
360
327
272
411
382
278
306
71
18
411
300
277
298
395
102
277
405
354
358
396
168
359
194
69
234
469
467
402
321
492
366
341
249
431
173
464
423
451
478
453
254
411
487
251
459
479
361
492
477
285
297
460
395
450
492
416
490
380
404
482
467
478
467
444
492
476
459
423
308
410
268
12
412
404
473
363
451
418
194
485
345
420
476
486
207
274
258
440
420
487
415
433
416
95
493
457
396
14
458
443
449
477
107
422
287
484
335
436
2
479
364
346
203
306
79
439
416
360
495
321
377
493
385
476
416
474
1
412
333
483
217
488
388
470
345
377
374
466
366
438
9
463
201
478
444
465
221
482
435
35
488
490
128
418
456
475
458
375
444
226
49
432
474
275
488
382
441
164
396
343
391
299
477
297
416
267
395
299
457
471
428
416
374
491
415
412
493
450
329
490
242
372
353
470
311
427
478
486
390
287
36
120
487
86
358
350
233
128
448
415
308
374
329
114
479
319
401
252
489
374
388
238
418
488
480
488
481
447
446
457
432
38
488
443
409
331
428
425
122
393
2
134
117
376
92
297
490
486
426
296
296
477
433
490
495
455
259
208
427
467
446
473
63
32
459
462
488
275
371
320
392
492
372
235
235
462
461
474
223
262
473
472
246
364
153
427
254
473
450
186
451
408
458
15
371
483
146
459
440
427
480
409
138
474
275
454
494
266
1
240
485
423
476
126
308
431
485
299
466
373
336
219
196
406
452
493
457
120
414
383
457
294
193
473
492
424
494
457
390
445
476
474
419
492
394
423
488
464
462
492
466
480
485
1
474
477
483
38
489
386
481
154
168
92
486
127
428
195
440
486
485
277
330
218
431
444
477
371
372
220
492
18
422
483
324
432
60
450
362
481
369
293
318
444
459
366
477
172
104
163
195
459
282
317
363
240
418
487
426
172
93
480
478
465
355
248
266
490
291
231
487
72
470
379
484
433
383
355
475
452
471
426
417
494
438
135
401
433
458
485
417
412
345
403
463
427
433
466
457
420
156
477
483
480
330
377
492
152
355
247
1
449
1
416
484
451
1
465
477
417
391
318
365
462
489
491
252
418
342
329
388
252
451
404
355
492
493
430
372
342
492
494
423
409
346
245
410
483
256
443
2
78
325
271
340
414
459
273
481
382
420
277
122
493
488
452
436
486
96
223
219
401
435
123
485
247
298
339
457
302
279
170
456
421
471
414
287
418
158
414
352
423
296
444
477
182
172
129
451
461
472
271
271
456
444
421
414
401
411
344
457
483
487
435
261
427
439
466
350
467
414
75
428
414
484
421
95
317
225
344
328
478
69
321
473
55
75
239
484
382
467
122
408
437
488
427
480
150
465
35
475
229
248
256
482
454
493
200
489
145
159
443
436
332
287
386
324
325
305
463
482
312
154
432
131
461
406
423
330
239
480
491
305
469
492
130
330
469
448
463
494
295
333
117
494
15
421
416
474
418
348
415
31
469
1
495
477
490
492
445
473
292
359
383
478
493
472
61
456
487
133
330
292
151
415
50
492
329
450
483
467
437
379
375
493
236
182
340
487
353
348
407
320
346
451
318
162
375
285
186
454
346
122
148
441
472
419
351
491
265
451
292
257
441
412
315
423
475
457
433
363
190
201
181
416
478
397
359
443
467
348
416
424
111
445
332
431
401
284
1
133
432
371
423
483
177
481
479
354
469
168
486
356
393
407
412
425
433
369
473
442
330
470
372
224
488
355
235
268
417
224
473
464
435
443
408
473
493
415
303
473
33
311
480
450
412
355
388
320
491
299
409
484
261
494
355
436
347
458
378
375
79
271
2
474
492
492
315
486
493
375
349
467
491
487
365
488
259
304
328
477
1
314
473
35
428
437
487
494
287
424
451
342
488
489
450
346
475
1
486
437
214
415
203
275
105
456
382
422
400
430
491
489
481
476
476
392
467
435
303
438
487
418
427
472
13
488
481
454
105
436
302
439
487
494
2
464
486
393
383
115
426
457
468
326
494
391
421
493
425
463
259
409
9
432
486
492
483
50
452
267
419
494
317
477
34
489
476
480
472
434
450
306
489
242
301
388
292
132
474
68
467
372
146
289
458
475
423
475
491
493
167
441
468
469
477
478
101
430
1
487
382
457
393
481
373
332
488
472
345
190
232
484
438
453
334
478
469
332
280
437
433
478
466
200
293
198
352
308
485
450
491
438
483
463
227
485
445
50
457
482
275
430
182
489
492
440
86
365
194
382
393
82
36
291
493
492
480
282
307
249
488
471
318
422
79
481
320
483
483
392
489
390
51
482
71
370
493
457
427
108
289
424
479
440
375
373
478
491
463
479
321
90
432
477
466
241
296
311
263
193
2
355
411
479
453
291
404
473
389
385
304
488
165
421
318
413
203
410
412
78
474
172
473
485
198
423
495
423
483
388
127
399
404
185
492
152
358
378
55
449
331
385
487
277
355
129
227
493
193
313
415
1
287
399
416
448
443
369
398
474
452
469
474
481
480
445
340
229
465
482
274
215
456
465
252
213
433
216
477
493
489
498
376
283
434
480
335
410
469
479
308
331
474
74
450
379
396
484
461
255
199
475
375
381
359
360
291
321
481
317
328
466
247
416
397
486
450
317
431
256
469
403
403
486
471
140
34
467
185
263
54
420
462
415
195
131
456
492
492
40
229
475
248
13
483
287
483
327
481
418
1
61
484
487
201
170
443
391
126
481
476
462
274
466
398
450
476
481
467
450
83
457
460
487
453
241
480
321
404
301
426
100
168
422
476
432
436
335
209
462
493
207
30
395
178
155
303
425
494
469
137
369
445
326
415
192
423
472
451
386
479
249
401
441
425
436
416
477
312
463
393
1
376
478
468
366
61
411
417
436
495
115
362
319
479
340
255
368
241
463
171
2
397
423
493
453
456
369
492
434
30
444
269
222
346
242
465
326
188
457
443
306
308
95
79
423
440
489
391
461
151
489
428
488
194
374
467
335
483
449
176
474
8
484
434
252
10
478
140
455
308
387
482
489
447
370
379
434
460
240
493
483
465
493
423
287
432
382
264
404
163
488
497
2
454
474
428
469
385
63
441
489
471
494
472
371
273
399
489
492
479
412
381
385
246
493
489
135
85
166
155
469
481
360
335
421
483
440
429
493
470
196
332
159
425
404
110
395
347
29
366
12
380
457
475
482
494
207
322
287
152
478
328
484
454
410
226
481
486
428
455
470
490
362
272
466
408
494
493
13
412
448
69
400
403
81
449
96
479
472
444
412
400
369
275
162
457
26
433
396
492
323
428
468
485
449
322
361
2
491
483
301
480
389
447
11
436
201
464
421
464
475
495
481
1
435
145
473
299
460
55
306
408
476
421
465
272
128
390
463
299
301
476
38
213
481
215
493
467
411
475
359
418
495
219
482
475
323
435
214
485
454
386
494
389
312
397
442
431
490
353
494
353
198
295
415
438
150
236
439
488
442
490
465
457
471
226
316
148
461
467
247
351
17
370
441
161
473
409
458
350
332
490
361
478
413
433
477
482
441
232
119
335
204
449
132
350
374
482
411
274
444
478
295
467
321
300
483
366
372
475
487
114
446
416
1
316
491
312
466
316
464
342
165
328
482
457
64
381
379
443
488
456
486
98
459
476
477
474
448
489
159
472
221
483
406
483
438
456
489
399
496
417
457
296
58
471
183
480
433
420
478
189
451
443
482
348
487
487
387
466
391
150
493
423
162
469
253
391
489
166
260
195
21
474
456
2
277
471
367
377
211
473
489
488
485
455
391
397
490
43
422
273
464
466
297
411
355
446
321
479
438
452
489
399
448
465
474
271
469
418
420
191
489
490
276
467
491
477
325
378
1
477
271
442
466
490
470
466
416
454
28
136
387
439
463
476
418
490
491
461
476
406
182
469
308
493
428
468
482
487
399
11
74
369
187
416
340
456
477
489
445
84
446
214
485
480
383
114
80
449
285
335
298
441
56
453
396
290
111
400
355
423
301
487
285
493
261
326
161
245
373
404
466
327
2
457
274
307
302
474
161
428
344
420
388
387
402
441
483
289
358
440
127
282
430
413
441
318
465
444
376
464
342
347
494
485
285
83
432
409
480
365
481
445
27
359
293
471
350
441
47
471
398
494
490
489
381
415
490
305
464
491
262
375
478
449
454
364
423
171
401
312
220
485
69
492
457
467
357
2
417
446
88
433
416
285
357
149
446
399
317
455
284
429
331
231
447
491
478
221
422
226
441
108
473
240
436
226
357
291
132
434
454
486
256
187
463
375
465
98
479
449
171
488
281
393
452
472
428
433
202
418
474
433
457
427
95
417
491
390
480
416
135
483
445
494
336
152
133
387
435
236
364
486
494
19
269
454
480
358
51
468
376
465
1
393
354
487
405
489
306
449
362
450
318
457
215
383
418
327
257
481
467
484
433
477
93
402
216
415
466
435
205
448
438
325
235
226
491
482
390
475
325
449
494
417
390
347
74
484
470
494
228
489
474
459
486
491
434
169
94
479
58
492
243
288
9
409
486
327
490
488
368
476
488
346
216
477
411
439
435
326
458
441
423
480
494
479
221
458
370
324
178
491
444
454
436
482
410
206
429
343
357
328
490
284
12
494
471
104
412
487
296
434
457
176
478
382
423
456
341
462
478
460
412
490
165
342
232
487
221
347
383
378
292
132
495
106
219
491
473
265
342
214
318
379
169
360
427
413
369
465
114
222
472
35
28
367
474
482
345
483
458
466
400
423
444
365
193
375
446
484
492
456
13
477
434
478
443
356
409
440
458
251
96
169
451
485
168
483
340
449
464
472
473
467
255
355
471
285
452
258
457
291
479
395
393
328
450
489
468
228
487
472
320
462
475
245
466
445
437
480
317
464
410
449
405
379
468
452
372
462
2
449
438
489
416
389
490
465
82
419
256
457
414
482
346
450
438
433
473
354
400
476
462
408
485
102
442
78
185
329
1
91
318
487
382
351
483
79
1
229
433
444
455
462
483
335
489
416
369
307
416
488
476
488
25
258
435
483
375
311
417
488
223
393
490
229
389
373
450
468
476
486
207
367
397
342
424
117
479
328
34
307
260
409
488
488
424
211
280
440
470
167
471
410
419
478
470
377
320
124
420
416
401
475
440
489
100
480
97
416
86
173
422
242
490
178
487
418
330
497
405
276
445
1
284
95
445
493
454
473
233
182
453
373
327
457
471
396
108
192
296
471
307
247
480
423
438
446
459
469
494
491
303
462
492
462
489
411
489
481
421
377
73
490
86
347
128
10
396
418
167
368
401
234
412
34
386
492
483
351
489
419
363
374
299
428
325
495
109
484
207
455
493
409
416
152
407
346
490
302
260
436
447
287
324
56
461
487
172
162
445
485
402
427
346
317
474
2
456
338
489
330
492
312
471
484
379
491
495
45
455
385
477
296
76
324
488
61
333
490
423
153
446
415
381
107
462
388
340
449
487
493
487
176
9
465
110
12
405
474
198
412
449
224
430
464
427
491
388
2
451
381
491
109
267
492
181
404
373
119
423
446
193
139
488
456
85
279
481
379
156
489
372
450
488
481
327
112
376
493
234
177
141
475
422
204
479
481
487
470
469
491
410
455
408
328
360
421
490
309
466
255
486
7
218
495
321
309
310
336
316
439
488
190
487
461
489
43
147
366
408
477
492
457
419
478
127
495
322
102
154
279
370
451
431
478
446
456
474
113
338
474
470
494
297
488
440
385
366
457
387
477
421
483
450
306
428
481
483
422
456
321
473
219
396
458
479
465
289
300
369
423
468
414
176
435
439
476
146
353
214
319
477
481
451
255
314
176
362
309
227
170
181
182
447
197
485
86
246
478
460
490
407
434
412
409
332
383
449
429
411
65
484
487
128
357
410
312
470
486
484
416
479
399
2
456
431
488
1
483
484
183
255
458
208
149
424
111
382
467
424
475
404
237
427
416
469
224
457
127
492
377
446
473
460
369
464
415
376
437
464
232
361
388
439
430
228
419
336
441
112
468
474
291
355
412
411
479
302
452
438
485
336
140
489
398
185
466
493
12
422
410
427
447
477
190
351
488
471
272
476
491
292
299
366
457
410
483
299
361
469
265
357
362
218
339
487
128
474
386
374
41
72
245
83
241
415
385
19
8
466
484
301
435
445
41
482
383
55
426
490
374
369
430
2
281
108
81
456
404
428
298
458
461
459
279
484
274
331
475
469
308
469
458
443
224
375
190
471
428
444
178
145
453
482
184
368
135
205
477
432
466
428
443
437
400
177
486
487
362
363
483
115
473
89
195
399
138
445
492
477
488
399
424
487
494
309
377
174
97
429
180
457
355
190
494
428
407
2
457
479
358
291
324
463
68
230
365
369
363
399
2
485
485
483
429
266
471
359
193
269
410
198
353
475
425
230
468
480
367
206
317
430
493
219
323
418
173
492
491
394
242
477
415
309
329
404
168
481
150
374
299
409
492
462
476
424
403
428
259
486
257
270
396
66
2
342
416
264
423
304
475
480
360
475
358
371
438
492
494
321
455
465
274
93
439
424
407
479
254
496
464
492
445
321
478
477
318
310
489
400
441
428
387
396
457
491
332
410
426
474
431
396
402
55
362
427
14
72
31
376
477
445
469
191
274
449
154
431
404
323
472
480
491
184
37
475
433
457
470
443
314
441
98
352
449
245
383
123
179
493
239
363
2
440
476
2
450
429
416
445
381
423
478
483
478
396
263
246
441
487
466
308
342
451
466
439
420
412
313
257
409
145
138
369
294
370
379
90
427
266
373
354
469
489
467
410
62
284
477
88
1
465
428
2
359
483
433
431
474
470
146
385
445
394
473
458
141
455
423
464
464
479
419
451
470
217
76
483
391
341
463
375
489
294
464
85
2
487
492
476
464
421
224
2
59
475
473
482
374
423
1
444
469
295
433
427
335
459
154
63
482
416
364
489
490
156
182
239
63
345
491
459
370
420
491
414
364
439
54
477
91
483
486
489
12
123
258
124
199
335
178
403
492
369
465
46
165
493
461
441
44
437
182
482
114
364
462
416
439
350
249
484
273
188
432
143
190
482
455
384
405
454
494
113
494
235
448
59
440
80
488
491
294
449
471
353
328
423
413
490
461
289
41
486
475
487
394
381
439
486
440
492
243
401
393
388
493
234
472
490
29
383
424
45
190
439
109
415
62
185
444
489
492
433
451
115
484
393
364
365
363
441
315
489
494
445
103
352
355
248
427
363
76
481
350
353
450
403
385
390
10
368
96
484
77
241
380
252
400
315
353
196
401
345
474
491
495
297
442
214
439
425
486
348
394
416
2
102
433
418
390
439
479
201
460
366
494
355
448
351
474
360
486
415
484
438
381
474
455
481
270
196
424
328
390
444
494
376
473
458
375
473
447
474
486
485
478
468
393
282
327
490
14
462
295
424
288
439
253
461
364
439
191
433
462
428
459
216
472
411
451
401
379
488
392
10
444
473
364
320
486
402
471
390
362
387
464
414
456
426
421
77
492
390
403
325
287
217
100
257
207
317
478
52
365
393
366
262
462
321
318
60
18
144
462
315
477
9
480
480
483
433
466
166
435
467
141
151
168
355
357
488
361
491
468
202
489
1
243
290
395
471
471
216
399
272
458
478
171
336
445
291
488
446
438
377
476
458
449
412
187
351
176
427
476
484
458
385
452
329
389
327
482
445
430
492
420
130
434
371
422
297
486
416
460
353
333
423
445
14
490
348
406
476
424
445
262
488
425
1
484
321
453
412
177
162
404
357
408
438
375
355
124
309
419
494
351
488
12
465
448
129
369
430
448
455
35
461
418
472
167
485
493
63
371
404
443
434
401
444
444
450
273
484
354
494
446
480
477
488
250
443
473
373
404
288
77
375
466
406
478
489
493
466
375
447
452
431
487
11
354
95
371
380
471
303
126
334
344
130
357
441
423
477
471
394
489
482
482
108
487
486
234
426
236
485
410
181
401
415
404
188
493
476
264
2
440
383
453
486
424
471
484
485
260
349
435
375
461
368
369
487
421
393
69
460
451
477
477
404
489
375
430
319
460
360
487
408
484
66
196
464
259
429
484
470
2
199
30
402
495
93
259
376
340
342
107
413
189
27
18
471
456
369
166
492
467
422
109
367
457
478
481
269
487
480
446
2
455
414
487
362
223
492
492
29
382
270
415
493
497
493
202
178
318
433
476
361
481
347
372
296
475
494
491
457
349
450
179
480
484
101
478
111
453
487
449
1
307
32
369
318
492
344
459
489
396
398
396
455
73
322
449
439
275
415
489
482
457
410
448
433
493
1
235
432
477
369
438
132
277
194
487
361
321
373
457
486
483
473
472
446
435
444
324
420
387
424
448
477
481
487
79
350
398
211
110
449
471
433
476
344
434
390
476
386
342
386
422
97
364
457
154
480
484
381
477
298
422
315
290
482
274
341
2
433
299
403
489
421
270
153
418
466
437
489
443
464
477
355
190
403
440
367
442
467
493
167
427
99
453
436
318
464
483
404
479
433
457
488
477
485
492
433
191
481
340
267
465
450
493
460
433
453
486
350
441
368
449
152
305
473
487
424
487
412
333
489
476
1
337
141
147
139
450
403
495
437
397
413
189
463
352
362
384
281
469
244
284
470
359
422
488
256
456
492
493
199
295
304
479
64
183
488
449
372
366
427
271
155
365
404
457
494
399
478
468
474
491
445
253
65
439
336
486
200
172
412
472
497
196
342
60
28
259
268
61
484
366
398
135
443
489
423
400
374
340
455
284
103
407
177
428
466
375
456
382
457
394
354
442
152
240
484
352
495
166
443
290
260
384
466
476
476
194
486
490
172
97
420
493
492
119
371
2
327
358
478
405
470
340
286
494
488
485
485
312
486
478
361
478
225
456
353
336
82
489
167
385
1
367
297
366
406
273
434
489
494
436
438
123
294
449
429
423
455
446
407
331
359
159
344
490
422
463
388
133
416
462
449
470
392
422
253
181
294
445
348
242
405
376
377
410
126
451
421
66
366
416
436
452
450
483
454
152
456
423
136
359
459
307
425
115
477
458
270
461
454
416
472
474
428
461
65
448
421
252
244
455
492
389
464
488
482
488
343
464
474
482
468
393
336
379
481
444
492
451
479
365
202
490
37
413
469
401
225
418
484
446
121
358
489
452
275
289
445
492
431
49
12
480
423
493
384
461
367
466
402
485
382
444
401
440
413
481
32
454
415
229
489
412
486
314
477
476
289
357
379
345
471
482
299
423
492
80
371
490
436
353
492
462
469
472
399
2
389
298
486
466
328
476
486
75
187
219
411
441
29
203
464
349
447
436
493
393
375
375
490
481
180
459
408
494
463
486
134
380
445
418
481
179
441
316
484
468
1
270
485
385
470
473
483
357
359
442
485
428
351
412
493
489
12
455
434
16
449
440
328
133
489
428
232
461
464
439
360
402
375
471
486
453
336
316
475
429
165
302
441
129
461
149
408
294
404
430
443
290
242
224
318
389
363
86
430
371
478
454
487
452
54
394
211
408
382
359
271
403
461
479
469
450
486
483
449
296
209
434
480
258
362
293
458
316
442
491
156
491
467
353
304
473
427
284
287
484
440
450
376
452
286
344
182
433
483
319
61
462
167
478
450
489
357
90
465
380
475
319
444
162
406
464
283
263
473
490
272
380
407
288
354
494
308
458
479
199
150
464
492
484
2
398
422
462
418
420
433
2
264
323
248
481
1
445
146
262
291
492
484
447
418
262
418
371
253
141
482
430
436
302
451
403
471
488
414
353
465
486
346
312
487
441
494
449
371
379
431
127
488
400
476
497
351
142
1
457
229
472
2
359
418
430
427
294
415
12
438
345
360
488
437
143
481
143
371
483
206
439
406
466
469
436
278
115
446
478
480
453
123
475
443
437
389
181
418
441
21
322
408
342
492
255
443
231
40
445
461
482
484
479
347
146
469
396
258
1
204
430
492
210
176
393
299
365
489
492
319
460
485
473
469
461
417
77
497
485
493
490
106
238
427
495
495
449
175
487
491
403
204
477
481
323
328
183
486
480
185
436
193
457
84
491
312
58
483
393
166
449
483
470
464
412
484
357
362
483
268
447
303
450
484
403
475
452
399
486
394
296
1
461
374
193
344
205
481
478
356
395
478
477
489
494
274
431
469
24
476
427
60
343
457
496
425
313
358
470
12
414
349
485
414
366
163
248
482
352
75
449
410
467
450
442
468
478
468
321
404
340
82
449
355
424
449
182
489
359
473
227
2
471
488
283
242
90
252
443
482
388
368
9
2
182
402
481
34
87
416
13
317
171
487
475
473
461
467
485
111
379
381
182
333
433
1
359
434
428
462
455
77
176
246
483
391
489
142
441
485
427
141
428
444
421
230
65
125
403
446
373
142
477
425
302
208
379
487
286
469
483
335
471
377
467
492
118
418
494
247
476
346
492
487
463
476
495
423
237
452
138
398
353
494
370
487
487
126
240
326
478
241
43
480
451
453
429
211
399
408
456
317
230
449
394
379
423
428
242
411
263
466
95
393
399
263
481
475
376
229
474
60
143
470
390
484
381
384
310
423
453
386
273
401
486
2
493
470
312
398
183
62
488
302
379
408
434
447
430
99
459
469
411
82
81
492
292
488
484
461
423
484
360
430
379
486
323
45
432
323
160
196
446
489
464
464
370
75
363
438
299
121
487
450
287
450
247
471
457
342
492
445
491
446
489
103
482
14
386
383
464
448
434
388
446
329
157
440
408
332
400
420
411
339
482
438
433
196
462
489
439
379
474
458
186
171
484
480
131
425
400
1
477
57
496
431
465
298
493
491
419
351
445
265
1
449
480
455
395
492
484
350
435
466
421
358
413
358
454
397
457
484
442
445
457
349
398
423
480
79
392
433
281
439
367
339
2
208
325
494
465
493
404
31
428
345
473
493
345
381
196
54
484
493
377
461
490
451
327
481
482
415
492
492
487
433
329
308
464
360
400
486
404
410
476
404
324
492
439
466
374
479
352
465
474
494
314
407
388
450
483
294
485
429
51
313
492
293
453
31
370
451
433
149
240
469
69
485
123
407
262
489
495
440
293
15
96
443
410
429
487
478
439
230
326
471
325
465
413
462
142
424
455
481
467
421
492
299
418
430
455
334
205
472
392
328
470
449
469
433
456
156
492
172
189
72
416
471
421
334
492
449
450
430
483
484
443
478
419
349
282
388
163
358
433
448
485
476
396
2
395
389
434
441
200
475
314
449
282
477
486
451
433
484
229
260
397
75
318
271
343
490
379
224
457
164
445
473
363
81
438
469
69
491
490
47
300
103
383
442
391
427
425
440
2
339
112
414
490
136
318
433
467
457
487
489
320
453
144
489
464
481
383
492
