2
20
29 6 12799167477665276766
22 5 12948538211031315679
43 7 7079189826954911178
39 6 12180984801921302856
16 3 12158540128320863945
21 1 17311908576153684500
1 6 13903658054542907305
39 4 5571599811346581799
18 0 12433599238091821207
50 0 3461924412088648527
39 1 5563552733611763574
9 1 2092121994822199294
20 7 14125042674318395648
1 7 10940382100006664461
26 2 5299330133415945017
24 3 9988650925209894138
40 4 6892706473521747017
8 3 13998373023557098989
42 4 13322269710527812829
2 1 12065097029606365089
