2
20
43 3 12762804391621887433
39 6 9422490443377683703
9 0 8447470800874179887
35 3 14616787744340948328
16 2 16236241245470446427
31 1 4483079970274498118
16 3 84292565041573235
1 5 15911063938281639869
36 7 10696657645521654256
40 7 14891213211367540545
37 1 8040679652070664220
17 6 6100192472528805240
11 4 5849546455222287441
37 2 9149926714443529602
12 1 8645840066658548537
45 3 18069467951147489551
13 7 13607495669032142559
36 1 9748476132553021241
25 6 5753910117898844316
6 4 12885946130157110298
