2
20
13 3 11033684673531429097
7 5 16941535195062157930
26 6 14462362245885122607
43 5 5509352504095094144
4 0 4503953118369825913
31 2 18264111469525023067
25 4 16779441218063460140
46 6 14136223683160311747
27 3 9860542545421405175
15 4 11009874030265391794
43 2 14315450892237601157
44 4 16839744362434162656
39 5 9408831090941351910
22 6 11731301139403599004
42 1 7937406894444557211
15 2 12306215441147064127
47 3 15223007513691814899
44 6 13550134574429037350
27 0 9498500872223271879
47 3 15968991774285965990
