2
20
47 3 7121197565116981275
39 6 13210363305027117941
33 3 7121434646653967372
11 3 12078712124403053377
41 4 3525740178716602145
30 0 7329794909448182915
41 2 5181153470893467316
48 6 15823596022295034591
29 3 1821054615868550920
3 0 3271108670066459265
38 3 7821510239097125412
34 0 1467730507355520781
1 2 2394169216926453053
11 7 16797821425090606557
10 7 6403314062564554778
15 1 1093761361747697091
15 4 9180696232788790524
28 0 2669185194871191879
35 7 5525851678260527568
38 0 583660233933306744
