2
20
42 2 4308984200970571447
34 2 18213198711427011835
6 1 16373188330389084072
11 3 3627561304400119144
19 4 6971833781554021078
36 5 7237510150150906776
13 3 1049895429584766435
49 7 1923745007275014321
37 5 13498883122632180783
28 4 15886599455649716758
23 3 3035719532035490047
14 2 13440314299896912570
3 5 17301692033689401820
3 3 1715357833720968632
3 4 3932411165368252614
20 7 16807777694175595778
22 4 1927092282849543743
29 3 15862306758430042218
13 5 9712008754628291949
11 1 14681351814961205416
