3
20
82 1 14325749458942647560
62 4 16063425947120196230
105 7 16201379018009410353
93 2 17122352612454428498
238 3 16117099246570537405
49 7 7739569851710397019
118 0 8762440601493803278
40 3 1430954118367490999
10 7 5109031628750592429
82 4 3755635677010433427
151 3 8254151881763279621
199 1 10735988287181880196
249 4 4083231745453359488
183 3 8617278545938530444
103 6 6107499456668651675
116 7 15861160041269065421
255 7 4449551119810251693
178 6 5794808433670706408
148 6 10268105202043007956
207 6 6668141441903555708
