129
41 18
61 4
54 108
120 45
108 66
37 105
34 25
16 10
7 27
26 79
63 47
40 74
2 106
51 37
8 100
77 23
24 42
115 126
49 96
44 9
59 49
21 41
3 127
85 51
118 111
11 59
29 120
10 118
57 50
126 65
80 110
75 31
94 128
90 81
15 116
81 86
70 24
102 20
33 82
43 38
12 58
30 125
52 123
123 40
96 104
129 77
18 14
84 64
127 60
45 112
88 36
42 83
32 54
105 119
128 12
1 121
73 22
39 70
111 80
78 107
19 43
67 93
68 11
89 33
91 113
58 44
86 28
53 32
76 91
121 109
92 73
97 16
28 101
71 78
79 94
82 76
107 88
56 21
124 53
65 67
74 71
5 56
47 92
100 87
27 34
83 115
110 29
13 99
95 46
106 15
72 124
4 97
38 114
99 52
87 117
112 35
50 90
14 102
117 62
46 55
122 13
62 61
114 98
119 48
104 75
48 103
69 6
25 26
1 17
125 39
113 129
60 89
36 19
116 5
35 30
23 95
9 84
109 3
93 2
20 63
101 7
103 57
17 8
55 68
66 69
31 122
6 85
98 72
