1  010000000000000000000000000000000000000000000000000000000000
1  010000000000000000000000000000000000000000000000000000000000
2  001100000000000000000000000000000000000000000000000000000000
2  010010000000000000000000000000000000000000000000000000000000
3  010011000000000000000000000000000000000000000000000000000000
4  010011100000000000000000000000000000000000000000000000000000
5  010011110000000000000000000000000000000000000000000000000000
5  010011110000000000000000000000000000000000000000000000000000
6  010011110100000000000000000000000000000000000000000000000000
6  010011110100000000000000000000000000000000000000000000000000
7  010011110101000000000000000000000000000000000000000000000000
7  010011110101000000000000000000000000000000000000000000000000
8  010011110101010000000000000000000000000000000000000000000000
8  010011110101010000000000000000000000000000000000000000000000
9  010010110111010100000000000000000000000000000000000000000000
10 010010110111010110000000000000000000000000000000000000000000
11 010010110111010111000000000000000000000000000000000000000000
11 010010110111010111000000000000000000000000000000000000000000
12 010010110111010111010000000000000000000000000000000000000000
12 010011110101010011011000000000000000000000000000000000000000
13 010011100101011011011100000000000000000000000000000000000000
13 010011100101011011011100000000000000000000000000000000000000
14 010011100101011011011101000000000000000000000000000000000000
15 010011100101011011011101100000000000000000000000000000000000
16 010011100101011011011101110000000000000000000000000000000000
16 010011100101011011011101110000000000000000000000000000000000
16 010011100101011011011101110000000000000000000000000000000000
16 010011110101010011011001110010000000000000000000000000000000
17 010011110101010011011001110011000000000000000000000000000000
18 010011110101010011011001110011100000000000000000000000000000
19 010011110101010011011001110011110000000000000000000000000000
20 001101011001110001111001010111111000000000000000000000000000
21 001101011000110001111011010111111100000000000000000000000000
21 001101011000110001111011010111111100000000000000000000000000
22 001101011000110001111011010111111101000000000000000000000000
22 010011110100010011011011110011110101100000000000000000000000
23 010011110100010011011011110011110101110000000000000000000000
23 010011110100010011011011110011110101110000000000000000000000
24 010011110100000011011011111011110101110100000000000000000000
24 010011110100000011011011111011110101110100000000000000000000
25 010011110100000011011011111011110101110101000000000000000000
26 010011110100000011011011111011110101110101100000000000000000
27 010011110100000011011011111011110101110101110000000000000000
27 010011110101000011011001111011110001110101111000000000000000
28 010011110101000011011001111011110001110101111100000000000000
28 010011110101000011011001111011110001110101111100000000000000
29 010011110101000011011001111011110001110101111101000000000000
30 001101011001100001111001011111111001010101111101100000000000
31 001101011001100001111001011111111001010101111101110000000000
31 001101011001100001111001011111111001010101111101110000000000
32 001101011001100000111001011111111011010101111101110100000000
32 001101011001110000111001010111111011010001111101110110000000
33 001101011001110000111001010111111011010001111101110111000000
33 010011110101010010011001110011110011110001111101010111100000
34 010011110101010010011001110011110011110001111101010111110000
34 010011110101010010011001110011110011110001111101010111110000
35 010011110101010010001001110011110011111001111101010111110100
35 010011110101010010001001110011110011111001111101010111110100
36 010011110101010010001001110011110011111001111101010111110101
36 010011110101010010001001110011110011111001111101010111110101
       x    x    x    x    x    x    x    x    x    x    x    x
