100
483135
417489
157184
564396
476532
770741
720521
969711
433134
284909
388310
503034
428409
914630
183369
320627
989464
272683
504909
164304
288210
65916
857005
948215
935910
154399
918239
953073
90534
769226
441099
819126
147316
837330
103976
677132
4711
499392
50499
346367
178545
839873
681648
198088
949806
325203
934040
57952
741744
710183
343013
826351
809183
200073
540983
490123
645821
463542
423220
335645
656503
177189
79667
376299
281308
24969
14929
528517
900149
812471
755921
665369
72735
644155
865163
460569
728035
941446
111796
245270
522851
32656
49232
293153
266512
934708
65860
314336
647401
921274
361816
995689
10005
70285
732600
773970
210027
130490
814824
431941
