573230090869
541722605372
323150767298
610768871261
192382977493
486286179343
196729693650
409909905097
103817682285
563595842853
386315939494
227066152261
61982522577
169605201727
220427755470
197139256543
224722907963
579813785417
574005145809
525111049612
331070608881
185673621448
562844984395
446136838720
400380682552
407489578729
48906670483
140512550147
598071097310
379623671934
305838284253
289735849691
244461070710
470251919348
72250946000
177188737152
402407542414
486142028931
337647160596
196786894695
67022462728
587440569846
95793324671
606648395413
584950666925
79619303038
496174325150
335926229327
189089795290
103839743362
593973470192
606267492699
346603662499
425578083699
49599106551
269075419462
165876150356
339759602192
77622354727
588402490173
137081163836
400425128530
118816710186
513997283963
162713687281
463841747892
72276370166
271030484169
98578564697
305010909114
299929551729
72101188364
113873857965
190585627880
192120673210
281570399129
402952616331
374151058240
174190612890
395973417587
153566147219
185948177218
226411280104
282778355504
148236482323
583527250908
31198210555
330539914976
193812046534
278540251365
207185605277
214172491659
394425483069
148116609829
385058101280
325358386588
146459763464
287400912016
196436136855
211566822205
601509136631
559702874512
608325504551
602649544166
237710212270
358871140163
226430973211
485060707520
115163111707
377732739867
478298288098
260729027998
422635031302
185635883040
174348114875
47729232826
389756102088
350677974463
121260177529
499061954857
351559548196
12733289294
500632909380
65091087098
171283659885
205879099695
534583340445
451257244647
556957277858
380038163025
81981492751
361686500962
178921443890
219178155423
343905909731
116211654268
520388936484
60526306481
420960868440
198526828749
221751687202
487296713984
242288868895
43308130970
223394874955
434341095022
596241673119
313473176930
40412373650
456636624797
205769803683
505267777019
306696647452
119285164664
305763842483
365176123921
360029130532
171335087364
290717941847
114869371178
255529964145
221422124735
392033979384
119004608639
331066520492
611107131408
107646358547
186736527875
171576970965
106166665763
550555402200
346001734998
2242892183
484183006395
331310693350
125983351037
259840827882
604600739633
277500884766
137553571713
16873834078
554764824915
9406674295
69804370859
87248615650
597263500697
299490321107
104556891705
215330771299
457422514363
27003876957
89215678350
267854111275
242028000000
61618467779
329913034378
429142566502
524920731611
84930867019
369420101294
