2431
123810
46991
112469
28366
17055
152513
44432
17892
136541
33489
180096
79288
87601
1613
87913
18086
41237
168503
72816
11369
73869
199052
80966
24238
188688
86937
119671
77619
168322
45559
79743
102335
40828
139403
124342
99582
182265
63873
146478
153263
71925
13407
143534
137853
169028
49899
11545
155431
47777
120920
162174
177484
4939
190952
134554
123204
182420
40839
173943
175073
122709
749
141865
2464
72253
65787
188817
123383
107220
98374
82332
69138
18042
2907
40813
135185
133727
120742
109311
184169
185130
103658
84042
187134
178920
19044
104059
26761
97358
102083
135912
144568
60985
5835
8734
64088
199048
29535
197876
148073
19521
185897
140205
121154
53237
137885
6954
153720
132324
114000
109025
65986
15675
41613
40272
107245
160899
27127
104522
98901
81577
78789
180131
50644
144901
140585
138209
38102
102944
149279
67596
162270
121103
68685
191870
139491
91239
81942
160335
74957
149873
159728
62580
32571
101541
119334
62729
38772
156509
122563
146477
28139
27723
87314
143145
36083
165276
42294
38399
69967
15859
161292
135993
198185
98636
176951
16144
57605
93038
41080
154304
35645
169992
151386
168043
156943
65774
61519
139953
198216
70443
148797
91627
131940
151391
4474
98679
55177
11798
184559
186987
186968
143780
6238
90234
35980
15450
188536
172130
27816
191420
44486
91356
183136
139481
132043
146071
16128
196789
131715
163762
42684
173144
20773
170235
77960
81765
60451
37967
69400
148487
11657
62731
147517
139918
12478
20621
132079
115022
124128
9641
13779
156636
128088
39297
73591
173826
175217
75780
195985
125146
167235
30838
170735
18335
65030
146701
95650
89305
155237
121269
191585
117358
195462
8742
33133
119138
181343
114966
59042
172337
80924
132165
141422
126456
189640
29959
84693
173751
166350
46645
72810
195731
145061
165406
111752
119558
34094
128755
66258
58600
199396
106411
150641
161654
153925
82605
91461
83552
119694
39038
74233
133319
165578
194557
129559
77592
7685
77812
167629
65589
11233
69669
4923
157091
182303
112893
37514
172294
135321
164136
180115
179927
150514
167097
191496
130767
14476
20709
77167
83788
82886
95422
24707
125790
141934
137644
82030
82333
65798
12658
36134
129810
1733
134868
169940
146381
178569
123377
151434
87955
83315
198588
84574
155755
137413
7161
154505
9397
112163
11043
176730
30734
48704
51229
189478
105278
142270
131597
91928
61438
2124
123561
122407
47316
8744
186283
171877
15303
189977
198291
545
121137
26449
99765
141137
95508
83971
60613
158536
61918
71276
162346
174769
20623
145244
118209
138209
178992
150909
124178
58944
12330
1460
1576
57877
50391
13718
58233
161082
177851
114224
190760
159075
76429
29399
8958
155794
14127
29993
39560
44330
46245
15092
137432
28492
109203
194659
30405
152933
134470
189113
189156
112787
85570
60320
12908
180885
162555
127673
126359
68514
149257
3695
146986
18744
87162
195505
12233
153191
114819
119646
41127
183285
2939
106100
77539
121854
163288
176358
14060
33293
146528
47704
67324
179465
2783
183607
69973
182696
68335
194227
161706
67387
198240
118322
188648
115673
116540
139510
77157
48710
34625
190195
49791
30479
79903
115381
28487
188769
95637
58266
95261
46632
6645
162201
61060
186818
197178
13693
93342
11684
76402
196993
150767
167515
48095
112115
151712
106289
63509
119870
194898
180657
12487
15666
43907
9926
155821
7793
62332
58059
27264
72589
185600
8792
174453
151864
110171
116123
84424
31740
154175
87117
147070
169396
171225
83436
81166
142452
178676
94254
46322
104206
81829
35778
91005
115837
60729
117389
11297
31165
199704
92548
37869
8259
88398
28806
66728
76188
86628
19051
45244
10277
171197
31387
53406
35592
159578
176128
100445
160119
180750
85338
77680
2401
189966
169490
58079
150620
57993
18696
112370
23684
165519
149555
51960
170314
91361
188926
77757
197739
198317
23461
163577
153270
103132
92952
167292
174369
48033
59280
128883
16531
169538
147003
38207
134688
36735
166548
56075
41272
27143
63394
59121
7026
173392
4828
49695
54418
121728
108063
107394
164532
135174
107855
128216
159658
96216
180709
102609
24695
150421
22003
116658
73624
33496
101640
125622
68625
124346
52220
22811
112018
116705
79468
25047
84635
140489
164600
50902
179126
129689
196412
64595
180898
6831
96133
85847
78925
34896
3828
127510
172189
55634
14790
111415
144324
180689
2146
64375
153441
8817
152246
137900
108479
144670
179095
60535
195632
130688
135933
170190
142255
1255
40824
130415
174392
93508
8169
97012
143909
4506
111475
166472
8445
180358
90998
97291
118687
34197
155353
32247
12385
103789
167789
158331
133342
139217
8277
93672
138684
184815
140227
174845
149901
89810
106748
191978
21461
129400
52068
21971
12325
85729
41885
165064
161467
85674
48626
198
74720
154862
179625
109442
69842
145576
81526
188081
78453
74283
95271
153221
187865
9486
153706
194396
145676
32196
157554
111490
13745
126008
89166
73183
176475
67569
199059
64812
180629
174249
22071
143876
8088
199415
140873
155881
129940
187455
132207
41906
158361
120866
149467
27323
44375
127358
182952
115167
4861
119322
114737
25943
113034
45885
34259
36736
51007
46327
1327
122501
35821
82291
192654
136675
46290
94419
74025
13016
98909
91164
160188
188328
169603
196847
57793
163965
64436
88605
160358
106942
29951
169446
153183
136596
2326
92737
99209
27372
7997
10440
197515
150976
107864
188330
187037
109098
192052
104521
140252
186397
97221
24736
91017
5884
90669
40778
24354
181995
194352
197262
156449
98056
25181
199506
66306
170489
122894
115857
127506
184929
147640
60553
1035
20159
99169
168891
175732
54887
5462
6382
19174
127555
139327
13042
17332
6851
79077
64403
178806
48186
2961
53655
106508
101939
18401
19782
98822
52286
21318
125280
44608
86836
105989
184318
12538
32610
39542
6115
94382
144691
134967
98053
106664
28842
110571
131114
115685
56927
5409
2563
11262
98631
126277
698
108338
188498
48019
66146
28320
628
46679
194141
161946
25372
110086
86218
45979
168252
32908
176867
75107
16002
183801
164814
7949
143621
111436
49351
18629
165727
38510
44673
62207
144174
49148
140600
116449
38668
11536
8412
96370
172205
173673
62390
75379
20098
161036
191726
110334
141016
506
180349
157112
133578
144571
122951
66908
177513
178142
167328
139099
97880
9995
140205
196816
20890
46244
14904
114428
176218
64374
130084
140431
142605
18852
111523
75538
195045
188139
80388
7568
120935
5494
156881
117517
42006
82376
130595
63155
53277
7181
4231
174681
24268
52860
97293
21895
113285
112945
3090
142165
165387
104294
116013
56567
70604
199470
60555
1616
51386
130970
165713
42679
167862
30586
91400
163545
161278
189942
192983
54934
90089
178899
90389
110181
110538
101606
106225
105077
97182
92486
195714
59926
32151
69827
127396
93443
134730
11611
191388
122939
122340
118717
190100
1310
150938
11725
67915
197534
95933
72046
29349
102904
86918
47853
57274
135141
178645
99253
50633
21060
122764
173856
174024
95094
102736
84052
149307
155337
81383
105219
54196
37796
2999
33938
113862
164140
141838
117278
176856
18918
45470
94674
151274
86968
171478
137395
32195
17489
158378
98142
172709
174775
132779
175187
189412
162681
82355
176100
13749
140921
134720
61602
70895
25475
55927
72160
160508
20725
189181
3580
102888
2459
46572
80018
4388
33781
101795
90069
62170
184055
166394
7055
80277
122707
64058
119991
75761
187401
28987
96334
44917
52830
174753
63545
84341
12992
29400
80267
77743
126904
196944
133171
134571
128256
113676
10721
160533
62667
92993
163986
179008
106332
114890
112278
94443
145580
132022
83109
166041
138612
193920
90449
48521
108178
46926
9826
94190
2751
96001
161204
5281
149348
175415
102841
48641
119472
138068
75951
57491
10225
193811
63237
181469
42608
48332
63921
173641
113742
17151
131878
2151
103585
157048
18152
58063
193313
187621
37394
197180
19704
113547
54799
69879
135697
176982
159513
132912
73453
69032
61078
11588
67310
105028
138017
105497
100245
20165
109285
63589
107733
198910
30150
39776
165157
7955
166817
155061
17400
183123
27685
28981
38604
183307
121022
189380
173900
80506
181088
185864
29278
173853
188566
127635
152261
149325
78911
181892
20993
132160
44489
19982
18172
172379
117971
6518
137840
21125
74208
116265
199490
155436
77916
133138
117456
67913
79853
177189
68243
33610
194956
29896
182805
7397
126503
113413
43905
127204
65798
36361
100059
69248
120739
21525
74743
14518
105825
146935
23141
97292
99271
71932
70295
1268
49450
105486
162032
55664
66546
169385
46894
4086
111377
198737
14040
13166
9511
118931
39301
85293
85982
26119
144326
69189
76533
13293
33050
40680
164498
141248
117909
149094
72709
157356
35116
198408
65904
45424
51734
65642
144095
97796
111955
175311
175196
17152
177725
149496
110862
195499
116722
44919
143095
99389
116458
46207
70413
25153
96393
83656
171185
166374
48986
139994
74710
4435
167335
14964
198970
151101
126473
27213
149285
66006
30483
66827
114596
78882
29351
71881
133863
41005
124887
98473
24154
62493
89632
58061
177164
136989
111913
91813
156910
20924
181013
160977
85294
163681
64896
165193
29117
95981
179992
58208
101853
61058
145363
112794
21536
186551
37451
24918
11473
73939
85882
73716
196824
196183
177907
36273
44946
3095
135257
117323
54946
37758
6667
59077
109199
81931
165892
199023
128674
45250
112179
160121
159689
149783
45078
94782
22135
83976
93192
133988
185311
149439
99530
192722
147835
196243
85442
177141
110787
89417
39288
35108
189216
24049
81856
6872
25155
47102
167862
145305
136151
18561
29655
84608
14439
59105
65729
89274
175600
44599
59312
199530
88721
150721
138157
86740
60764
94571
97410
8266
49738
19768
178951
140952
81514
145409
17689
134179
106926
56802
107363
175346
170399
136743
110304
179318
1168
48844
8896
83796
63368
19045
194668
191652
24613
22450
67916
154810
170040
183222
5627
79746
118315
53290
114830
44803
42072
3166
198988
67816
142827
66636
41423
125654
56081
139184
68950
71255
2003
23085
103351
6754
138468
84107
66181
75792
119781
164475
167928
64675
49525
113361
42046
19496
32508
109747
45234
26369
17564
68219
165513
168705
56827
191397
77363
136802
30602
17946
89268
185228
104445
79914
25942
77192
61967
193256
57026
132558
140185
18829
81044
153703
133871
56220
169425
98039
89998
191740
114324
11784
88688
194923
63396
145267
65857
153204
106551
35441
96694
120477
187534
145845
66226
16056
107736
36204
161965
113299
118412
81108
82799
26781
144622
133726
74249
24934
107653
191787
1810
55912
83807
34020
93442
1642
126256
145440
190158
98955
159895
115079
167225
186477
32414
91928
38921
105955
104764
74046
17603
28906
192435
171116
9657
146339
112702
90711
190067
157998
63373
155463
158393
188202
4896
58959
116295
25144
176832
71470
47527
79290
115709
22055
158705
64786
62740
76098
4694
11733
11410
68981
51501
22269
145390
5207
86119
102103
7255
109948
133088
122322
20408
178339
145989
189409
102473
119961
63588
46161
84474
3291
92755
681
198112
70963
10479
55741
61660
514
56517
69725
17565
160783
157803
129173
126474
73923
5231
161700
149350
129807
117225
122905
28787
37803
138474
101971
93076
57967
171264
15862
162723
115307
160775
134271
57445
60113
56616
160930
21396
191464
30035
171378
117686
176616
86082
87709
176234
12080
63516
53892
108671
68698
31141
194738
15947
123785
47049
64314
48212
70663
5733
189943
82576
123114
148840
23924
192123
152152
117673
97345
41324
91373
46199
175750
45166
176409
58961
87246
36965
158301
125273
9818
112471
54314
117741
108346
32183
101846
66600
26492
164610
126064
184251
103954
125993
27377
180728
96423
176993
119897
68842
138792
95458
137487
19321
49993
105530
187883
55331
85007
129439
132019
72832
39995
112457
87455
51151
65875
172302
163379
190963
101655
155201
43939
27037
164207
13982
24997
172235
51455
89548
161146
197826
11475
104785
193285
31788
11003
3687
80400
183268
174070
142630
104162
137026
96239
140474
72367
81495
13939
131263
41046
170079
63521
189994
56708
89265
183924
90776
169888
3366
75627
126962
40290
145893
49557
131989
28170
41067
198636
3375
88727
87614
4576
90598
57955
127848
7481
57514
174873
199570
135370
47980
38818
57386
54464
123083
116387
43229
120079
133636
182357
199457
29575
144454
50926
7477
72204
68167
65278
153019
35360
198141
154955
80551
22314
119427
171595
127787
121326
89856
110818
87393
187580
51018
146937
77354
38183
86781
33867
50677
90662
106302
117190
7001
71664
61923
179844
98906
95324
68556
131167
161273
19501
56013
83554
150320
194012
177410
63965
184904
99014
134743
80047
167680
57443
23334
30815
142928
135275
96522
127461
186392
154125
10875
135781
192774
11833
51825
49390
47203
15766
31416
116845
92706
52042
188989
37965
34524
4783
98170
61298
199897
33162
29051
32233
182030
59461
103525
146917
32081
88858
59321
150052
49232
84835
119688
121527
168484
61401
154971
27036
72401
179389
41356
72342
193532
134950
97826
55910
172826
47663
29490
95952
123134
152747
197351
120495
43790
59373
151982
130793
159551
4492
66110
141526
24621
18155
92237
24576
151593
61095
109725
178445
171658
30522
399
58296
150101
24198
126623
21367
58478
17441
142111
114714
22639
196531
193003
47010
172276
72484
36385
22702
178287
197653
167193
96423
153050
141813
158455
34864
166397
115043
137435
126139
174619
180860
583
37322
27473
33666
86883
101946
73821
8619
113474
21446
96480
157376
16103
124828
113972
177159
41683
19318
133063
26448
181369
42099
104141
12563
63544
63769
136928
124288
27686
93013
172623
96179
99080
153154
43375
19230
171996
33943
67183
16893
198014
176849
138414
150673
181310
111432
91270
50836
67849
72510
107113
197034
152416
70617
77121
189967
135679
9557
92202
151764
185974
86857
159130
7939
123185
18938
22248
125029
53395
179872
94621
41085
155635
192413
34067
73450
181378
66906
86366
20860
66875
116420
63132
87806
199726
199915
192102
127676
61889
94344
83093
94660
12167
8193
50877
4047
38204
58223
194472
164618
28383
78160
64750
69508
173315
128295
33657
10880
12706
78706
55345
60611
62120
9900
151407
141162
193294
38921
42282
66351
9625
76412
41692
183127
117263
121796
85474
192383
128662
138826
144896
189240
66932
90333
172013
144015
113591
132958
163829
82464
51266
131222
156483
186355
101349
192079
196320
21239
41219
142620
17893
192198
9957
146207
194205
20016
169152
121486
38493
126288
89220
10405
80579
46994
21728
37639
105558
113532
71484
72292
155694
161131
162321
71493
63021
64597
152667
131067
124165
138249
121727
42889
28960
122873
6721
42141
99580
192158
172854
58017
130849
85102
41713
189717
189154
83757
32056
172560
7517
60521
149893
192492
123685
29686
101922
97383
138618
153656
89587
48052
48196
157702
106823
160440
184427
168232
82439
160252
179383
193871
39236
82596
65221
143229
132145
88227
104619
34125
96990
119036
86925
132375
148576
154894
58463
154212
82857
28182
46884
10685
22166
21105
109564
11404
11126
2077
74233
45217
555
40876
100619
159884
146763
142352
184990
52736
54369
142052
19822
143228
178020
76761
136797
196663
176712
28149
101344
8992
69114
84048
186930
75120
89488
166275
101125
5031
153932
136222
136107
60413
67600
176436
8589
106761
104541
195809
193921
122295
122059
171007
192317
198307
84553
125157
165153
141751
164542
194817
54737
147085
144936
126189
135687
40258
21879
11211
182176
145255
194619
86125
178249
48876
57040
84425
91744
118280
44515
170789
70344
179797
37720
43617
172583
158537
9650
141640
139441
199836
90357
142230
68060
179378
173778
126161
98977
39630
143453
120244
172360
24565
135095
189398
92621
114125
106798
20391
135865
130646
188052
39593
179578
155648
20525
89618
85160
7674
74129
16922
16869
179881
44556
169248
46092
62198
27659
150586
96250
112045
22845
77907
12417
174542
121160
97215
6380
110318
88503
90604
55275
24637
140742
88726
31309
107619
49967
11880
109488
163511
124896
92901
27506
46115
43834
97878
144754
75016
133116
62308
149483
101833
114958
160136
47155
75199
18637
198443
106251
62284
