1====
0 -1 -1 -1 -1
-1 1 -1 -1 -1
-1 -1 -1 -1 -1
-1 -1 -1 -1 -1
-1 -1 -1 -1 -1
--------
0 -1 -1 -1 -1
-1 1 -1 -1 -1
-1 -1 -1 -1 -1
-1 -1 -1 -1 -1
-1 -1 -1 -1 -1
========
1====
0 -1 -1 -1 -1 -1 -1 -1 -1
-1 1 -1 -1 -1 -1 -1 -1 -1
-1 -1 -1 -1 -1 -1 -1 -1 -1
-1 -1 -1 -1 -1 -1 -1 -1 -1
-1 -1 -1 -1 -1 -1 -1 -1 -1
-1 -1 -1 -1 -1 -1 -1 -1 -1
-1 -1 -1 -1 -1 -1 -1 -1 -1
-1 -1 -1 -1 -1 -1 -1 -1 -1
-1 -1 -1 -1 -1 -1 -1 -1 -1
--------
2====
0 -1 -1 -1 -1 -1 -1 -1 -1
-1 3 3 -1 -1 -1 -1 -1 -1
-1 -1 4 5 -1 -1 -1 -1 -1
-1 -1 -1 -1 -1 -1 -1 -1 -1
-1 -1 -1 -1 -1 -1 -1 -1 -1
-1 -1 -1 -1 -1 -1 -1 -1 -1
-1 -1 -1 -1 -1 -1 -1 -1 -1
-1 -1 -1 -1 -1 -1 -1 -1 -1
-1 -1 -1 -1 -1 -1 -1 -1 -1
--------
2====
0 -1 -1 -1 -1 -1 -1 -1 -1
-1 5 5 5 -1 -1 -1 -1 -1
-1 -1 8 9 8 9 -1 -1 -1
-1 -1 -1 6 9 10 11 -1 -1
-1 -1 -1 -1 8 11 12 13 -1
-1 -1 -1 -1 -1 10 13 14 15
-1 -1 -1 -1 -1 -1 -1 -1 -1
-1 -1 -1 -1 -1 -1 -1 -1 -1
-1 -1 -1 -1 -1 -1 -1 -1 -1
--------
1====
0 -1 -1 -1 -1 -1 -1 -1 -1
-1 6 6 6 6 -1 -1 -1 -1
-1 -1 10 11 10 11 10 11 -1
-1 -1 -1 9 12 13 14 12 13
-1 -1 -1 -1 12 15 16 17 13
-1 -1 -1 -1 -1 15 18 19 20
-1 -1 -1 -1 -1 -1 6 11 14
-1 -1 -1 -1 -1 -1 -1 7 12
-1 -1 -1 -1 -1 -1 -1 -1 8
--------
0 -1 -1 -1 -1 -1 -1 -1 -1
-1 6 6 6 6 -1 -1 -1 -1
-1 -1 10 11 10 11 10 11 -1
-1 -1 -1 9 12 13 14 12 13
-1 -1 -1 -1 12 15 16 17 13
-1 -1 -1 -1 -1 15 18 19 20
-1 -1 -1 -1 -1 -1 6 11 14
-1 -1 -1 -1 -1 -1 -1 7 12
-1 -1 -1 -1 -1 -1 -1 -1 8
========
2====
0 -1 -1 -1 -1
-1 2 -1 -1 -1
-1 -1 -1 -1 -1
-1 -1 -1 -1 -1
-1 -1 -1 -1 -1
--------
1====
0 -1 -1 -1 -1
-1 3 3 -1 -1
-1 -1 2 4 -1
-1 -1 -1 3 5
-1 -1 -1 -1 4
--------
0 -1 -1 -1 -1
-1 3 3 -1 -1
-1 -1 2 4 -1
-1 -1 -1 3 5
-1 -1 -1 -1 4
========
1====
0 -1 -1 -1 -1 -1 -1 -1 -1
-1 1 -1 -1 -1 -1 -1 -1 -1
-1 -1 2 -1 -1 -1 -1 -1 -1
-1 -1 -1 -1 -1 -1 -1 -1 -1
-1 -1 -1 -1 -1 -1 -1 -1 -1
-1 -1 -1 -1 -1 -1 -1 -1 -1
-1 -1 -1 -1 -1 -1 -1 -1 -1
-1 -1 -1 -1 -1 -1 -1 -1 -1
-1 -1 -1 -1 -1 -1 -1 -1 -1
--------
1====
0 -1 -1 -1 -1 -1 -1 -1 -1
-1 2 2 -1 -1 -1 -1 -1 -1
-1 -1 4 3 4 -1 -1 -1 -1
-1 -1 -1 3 4 5 -1 -1 -1
-1 -1 -1 -1 4 5 6 -1 -1
-1 -1 -1 -1 -1 -1 -1 -1 -1
-1 -1 -1 -1 -1 -1 -1 -1 -1
-1 -1 -1 -1 -1 -1 -1 -1 -1
-1 -1 -1 -1 -1 -1 -1 -1 -1
--------
3====
0 -1 -1 -1 -1 -1 -1 -1 -1
-1 5 5 5 -1 -1 -1 -1 -1
-1 -1 10 9 10 9 10 -1 -1
-1 -1 -1 12 13 14 12 13 14
-1 -1 -1 -1 16 17 18 15 16
-1 -1 -1 -1 -1 15 17 19 18
-1 -1 -1 -1 -1 -1 -1 -1 -1
-1 -1 -1 -1 -1 -1 -1 -1 -1
-1 -1 -1 -1 -1 -1 -1 -1 -1
--------
0 -1 -1 -1 -1 -1 -1 -1 -1
-1 5 5 5 -1 -1 -1 -1 -1
-1 -1 10 9 10 9 10 -1 -1
-1 -1 -1 12 13 14 12 13 14
-1 -1 -1 -1 16 17 18 15 16
-1 -1 -1 -1 -1 15 17 19 18
-1 -1 -1 -1 -1 -1 -1 -1 -1
-1 -1 -1 -1 -1 -1 -1 -1 -1
-1 -1 -1 -1 -1 -1 -1 -1 -1
========
