1000 561610688
2 70
51 76
32 6
22 3
19 54
30 1
29 33
65 37
3 1
38 39
2 30
6 73
27 67
2 37
29 75
57 20
4 5
56 14
35 25
37 74
31 6
21 24
75 31
52 31
32 8
4 78
28 66
30 6
8 45
34 20
59 20
60 10
50 30
26 49
13 59
53 8
35 42
3 1
62 30
8 71
36 45
69 18
39 35
64 32
12 77
20 44
61 33
39 14
56 43
78 41
20 77
69 77
56 35
10 39
61 57
49 47
41 7
21 48
57 79
17 11
8 70
70 32
42 57
54 55
64 42
38 70
31 74
11 58
14 12
44 8
16 72
30 56
17 68
24 73
23 28
13 40
65 74
16 77
10 35
12 40
55 5
37 68
41 44
74 62
39 5
34 7
47 12
26 46
59 67
20 75
43 23
20 46
57 46
24 1
26 24
52 32
65 38
23 61
35 35
52 51
50 8
48 24
47 56
35 74
25 18
34 45
11 25
9 59
69 72
15 50
68 19
79 52
5 18
43 74
70 13
73 60
66 21
68 74
33 71
75 7
1 48
8 14
57 55
57 1
80 19
60 14
50 42
47 66
37 52
22 3
55 52
8 66
17 50
65 65
45 75
74 43
60 29
57 43
19 37
74 65
71 47
58 44
12 1
80 2
68 1
33 54
25 12
23 49
36 79
60 58
5 51
57 72
72 22
7 3
47 58
41 75
39 55
42 55
43 56
6 34
55 56
14 40
60 71
6 13
78 8
16 2
34 10
48 20
60 33
4 13
32 31
69 45
55 37
49 25
58 23
60 9
76 55
59 27
47 32
73 18
55 79
71 23
66 54
25 29
21 74
39 43
7 66
67 77
71 14
4 71
18 20
74 35
79 56
14 51
4 67
51 36
52 2
69 54
64 8
38 32
21 50
59 2
14 61
22 17
19 76
59 64
72 40
50 46
78 18
75 30
50 38
34 70
1 47
31 47
36 28
50 62
53 27
60 6
15 50
39 23
14 52
15 70
40 1
57 67
9 18
9 4
54 78
47 72
22 25
15 27
52 37
43 75
26 48
47 37
69 64
20 47
38 80
62 57
30 57
28 39
45 25
32 9
75 55
58 25
60 42
78 20
51 57
8 29
21 44
20 2
74 1
17 70
26 48
53 79
71 57
25 3
7 4
42 9
44 74
53 9
16 44
22 77
53 58
4 19
70 55
9 29
78 43
5 35
22 78
51 68
61 25
63 80
41 51
59 74
20 33
10 39
7 23
69 29
25 22
50 33
57 25
75 37
51 38
46 69
49 19
7 21
17 69
19 80
67 7
37 33
61 44
61 36
21 62
50 22
25 10
52 51
41 77
48 13
47 19
49 57
39 69
12 3
70 61
56 71
54 40
2 14
21 35
50 63
24 24
44 45
24 55
76 72
62 18
15 56
64 26
46 3
41 4
35 27
55 1
23 26
53 32
53 37
56 68
15 46
33 39
73 20
61 19
76 2
5 35
28 50
36 7
62 14
30 29
17 5
6 24
58 33
60 33
3 61
41 27
8 62
79 74
36 26
64 77
70 46
29 60
13 16
8 5
15 2
49 30
70 60
5 5
3 58
7 73
7 17
15 80
80 61
49 33
71 2
30 33
48 22
38 19
59 5
1 31
24 38
43 40
41 46
4 64
48 64
8 43
60 2
5 17
41 75
38 15
20 51
20 34
47 75
43 68
4 78
70 62
4 18
72 57
52 20
56 79
56 45
9 43
2 73
30 20
5 44
80 9
5 46
6 59
29 10
51 33
47 49
31 45
46 58
1 52
48 42
72 34
5 63
14 77
34 55
19 54
31 28
44 52
80 71
35 36
5 16
77 73
10 49
23 10
26 48
6 77
62 21
31 53
79 30
58 4
26 14
19 51
24 59
40 35
56 5
26 2
49 7
14 10
41 23
60 11
17 38
5 58
4 3
4 38
27 62
51 57
38 51
78 37
43 38
63 34
32 77
75 60
24 14
3 70
44 9
43 44
71 55
13 28
29 49
32 25
28 55
28 11
11 56
76 2
57 43
79 72
43 50
47 63
72 67
3 35
72 21
80 36
7 43
7 11
33 39
21 29
15 48
28 43
57 59
53 67
54 17
10 1
75 45
29 68
41 17
36 19
68 38
24 30
40 23
38 74
78 7
68 30
53 80
1 10
80 60
50 17
35 19
26 47
68 54
67 72
8 70
7 9
56 1
29 7
33 9
60 41
14 20
11 61
75 48
57 7
10 40
67 66
62 56
51 66
26 24
28 38
43 53
80 49
38 51
62 16
31 77
2 60
67 40
52 32
65 57
34 5
12 63
63 14
2 41
54 72
7 29
49 56
57 35
57 35
4 30
60 60
4 24
4 77
58 40
35 9
16 1
54 35
60 35
60 29
34 48
68 61
11 4
23 77
19 43
7 10
57 78
25 26
67 57
50 50
17 33
51 12
34 3
72 33
70 44
44 36
24 36
33 11
48 8
46 34
51 58
49 69
12 34
31 67
8 74
66 29
11 61
76 76
27 41
40 65
34 46
19 44
56 60
17 67
17 80
74 62
79 42
79 59
15 3
56 27
70 24
7 11
62 51
29 18
34 38
17 42
59 41
24 70
4 22
31 23
55 15
19 14
54 49
10 37
38 18
39 37
21 48
60 18
36 32
31 34
21 10
41 28
54 9
71 13
21 66
71 26
9 33
35 63
42 35
35 47
1 66
9 69
65 52
74 18
49 67
30 3
53 52
30 8
68 44
42 52
51 67
31 69
6 5
18 16
24 19
54 77
57 25
76 45
32 52
48 37
80 78
69 77
56 72
42 9
35 9
60 3
54 72
38 46
20 1
47 64
27 37
37 23
32 63
80 27
7 37
54 78
2 69
14 40
58 77
52 7
58 11
1 46
1 26
73 19
25 47
24 63
53 2
52 12
50 30
59 59
54 76
4 17
21 47
8 67
27 8
58 33
25 54
45 52
64 59
78 75
61 40
11 44
4 78
16 51
16 45
4 79
53 20
18 34
61 37
30 43
32 15
12 20
39 57
24 49
5 2
2 33
76 65
50 73
54 64
20 39
73 64
73 25
29 59
2 47
19 11
23 39
74 40
54 16
33 47
37 51
5 23
44 44
26 30
2 25
5 44
68 2
12 34
4 55
74 62
68 74
64 56
75 15
45 33
70 59
2 27
57 12
47 70
73 20
27 56
1 21
19 63
69 3
63 35
74 49
59 58
28 8
14 77
4 66
58 4
62 64
34 41
40 33
32 77
12 66
23 31
4 63
24 24
65 70
54 59
34 71
9 16
76 69
47 20
44 51
46 33
43 28
24 21
2 69
47 73
4 78
78 57
33 2
25 78
67 30
63 1
71 53
10 32
24 71
75 21
51 43
22 72
52 75
59 34
73 26
47 8
13 75
65 35
61 27
64 39
37 62
2 24
43 32
80 58
77 57
34 47
24 5
3 16
53 56
34 57
25 59
50 73
63 18
49 3
38 10
5 20
1 65
46 32
24 29
54 49
17 73
52 5
64 21
72 76
58 44
16 69
16 63
73 33
51 75
4 40
72 48
11 58
70 42
48 74
6 45
28 51
39 46
52 37
33 47
68 29
52 63
73 3
16 23
32 20
28 37
8 21
11 2
52 20
19 10
16 36
57 19
46 37
33 61
75 44
24 59
9 26
65 30
35 29
79 52
21 34
55 66
15 48
49 56
76 55
65 7
68 47
41 2
50 48
31 69
14 68
69 54
34 55
6 55
43 41
75 46
41 17
20 44
42 17
44 76
46 53
68 71
52 27
31 76
53 5
34 79
61 25
18 49
3 29
15 45
19 49
77 57
52 45
78 32
4 73
40 43
28 64
41 65
56 2
36 22
48 64
31 28
6 56
38 14
1 64
64 11
65 4
68 40
70 67
32 27
78 2
50 40
9 63
50 49
42 12
21 80
39 25
2 76
74 39
49 32
2 69
6 69
20 27
61 63
17 66
24 69
77 10
51 53
22 42
67 69
68 72
64 2
71 37
19 43
42 39
37 79
46 64
28 79
24 28
60 23
37 23
74 13
72 31
53 37
27 42
50 32
39 45
64 67
49 50
72 57
32 29
22 46
79 78
32 50
41 63
37 27
14 41
48 62
50 68
4 45
17 77
75 46
63 34
20 79
62 68
5 62
67 45
36 24
76 10
3 57
66 41
5 68
46 34
19 78
4 65
34 63
72 31
75 73
25 20
79 42
45 35
75 57
18 40
44 63
76 48
47 1
38 26
11 45
23 8
34 60
63 62
3 54
9 62
14 21
37 7
41 25
47 9
56 34
26 24
11 47
44 3
58 37
28 36
27 20
59 55
72 5
32 26
32 73
68 46
42 43
13 45
40 28
63 37
39 55
51 66
21 41
29 69
5 57
19 19
48 19
58 55
57 78
29 3
30 56
65 12
65 58
50 62
36 71
66 11
72 32
9 16
36 53
51 27
65 23
69 60
1 24
65 61
33 5
39 73
25 58
54 11
