2
553530678
0
0
229801170
0
58037414
148892104
0
520296498
2
710
16330710
2
58037414
0
32
0
150788048
441478974
0
429557590
0
63045080
0
32
137723002
0
19670
219938328
0
0
429508456
531907306
137581758
0
154019706
0
0
19670
309305542
0
258586170
0
22406978
405403446
178283398
0
48861818
437479596
405403446
520517454
39574706
630714
504968278
20173478
0
429557590
190513814
1528956
19670
0
381644298
550210794
397830374
520296498
411787320
3718662
42056716
0
78858150
353946766
185722148
157923658
45426566
137581758
71876148
78858150
630714
22406978
0
441478974
505478058
63215164
0
0
0
531907306
249299286
405403446
234835336
405403446
347266470
0
35927930
244166216
46378886
45426566
38599534
96293962
0
0
90606342
154019706
484997458
555313882
3718662
109724
520517454
384838104
0
47083812
146
443259350
0
248488068
0
98176742
42386580
0
1
19670
183117398
0
0
0
457328954
90606342
441478974
0
376646486
19670
185722148
64082458
57433430
251582924
0
98106886
229801170
438482166
471255148
38995770
0
0
0
42386580
0
45426566
309305542
128683274
146
190513814
0
0
90606342
505478058
514394322
381644298
443259350
710
520444502
297196638
24328522
710
0
0
0
0
94234218
32
340462774
78200556
379991302
0
0
0
226824144
0
289321744
0
520444502
0
363609444
280343142
429557590
514394322
3656
365031626
0
32
151969082
0
166468900
297196638
32
396866782
0
123151428
0
461218548
429557590
0
297196638
183370238
229801170
249299286
251504632
267299418
0
0
554154330
555313882
1
411787320
251326380
472946474
0
0
384838104
375672708
297196638
384838104
0
190513814
109724
0
550210794
90606342
209672458
384838104
478895634
443259350
531907306
10053302
389108948
405403446
520296498
148327802
353946766
137723002
236600540
0
82660824
0
458329626
0
553530678
19670
429557590
0
0
185722148
531907306
302518294
117625404
0
0
0
443804266
0
78858150
209672458
302518294
32
136302124
109724
22940660
146
209672458
553530678
0
84831032
505478058
249299286
405403446
630714
3656
0
474271638
23559282
0
0
493354918
139318090
0
3656
185722148
229801170
0
436783018
16033062
184545446
429557590
0
0
96293962
505478058
0
0
168394022
514394322
0
182946668
362667306
189942522
2
429557590
472946474
208055514
443804266
157923658
212589790
0
384838104
0
0
0
106204756
0
45426566
371264120
46963334
362667306
384838104
42386580
0
0
0
146
137723002
0
0
327165490
0
710
248845386
94234218
8
537218684
19670
502391522
32816536
257762982
88055500
58037414
137581758
0
0
522865884
285343020
54
8
3656
3656
384838104
132052900
14982158
0
353946766
0
0
0
1
157923658
530762210
505478058
32
46312458
19670
0
146
505478058
0
405403446
405403446
90606342
443259350
32
86770876
32
349265236
0
362667306
371720634
109724
2
304997388
146
0
146
710
0
114970590
90606342
411787320
139318090
1
446840202
0
146
297196638
555313882
229801170
209518272
443804266
308248262
154019706
146
278004534
630714
0
531907306
710
0
411787320
0
0
0
229801170
157923658
261963942
0
0
0
636064
339819480
0
185722148
146
0
32
16330710
553530678
520296498
0
312602178
520870528
422449766
68813380
30161740
8
0
443259350
449346396
137581758
58037414
494930328
137723002
0
3718662
0
98106886
157627410
443259350
90606342
330788582
8
0
0
3656
3656
42386580
429557590
384838104
137723002
190513814
302518294
0
0
523012180
58037414
0
0
273494564
157923658
132963828
520296498
0
0
302518294
1
82071892
0
87163468
531907306
12578252
365031626
19670
3656
0
0
0
254506202
297196638
3718662
500198164
0
630714
256491514
442581900
553530678
35927930
137723002
443259350
70106892
520296498
0
411787320
2
22238116
244166216
165141032
0
22406978
0
2
550210794
3656
168394022
53140486
53140486
32
395929610
32
32
329009466
0
0
193420978
257031066
0
555313882
525843856
0
45426566
229801170
3656
190513814
280343142
514185584
300403658
185722148
0
0
0
556566972
105065614
157923658
0
0
542653618
553530678
168394022
22406978
411787320
19670
0
3718662
230951514
16330710
483915858
555313882
229801170
362667306
185722148
185722148
63215164
23229632
265479124
0
0
0
3656
46227430
542732886
555313882
185722148
233351494
157923658
32
552350014
0
326340396
95181642
630714
0
273577786
429557590
0
523737532
411787320
0
215220156
0
0
429557590
0
109724
154019706
67786366
154019706
1
109724
213270852
0
168394022
0
304966678
0
518239668
381644298
553530678
411787320
50
376320404
206532502
550210794
0
144552700
422449766
350170002
336233058
520517454
362667306
0
0
0
550210794
520296498
0
90606342
16330710
50626404
422449766
0
3656
550210794
2
297196638
529147306
0
0
1
1
0
280343142
157923658
0
0
429508456
348414806
550210794
32
429557590
19670
0
248845386
280343142
57433430
540104822
223360562
41252454
3718662
32
78858150
78858150
32
0
151969082
418379654
353946766
0
22406978
514394322
157923658
0
2
323191190
472946474
550210794
405403446
39197284
0
58037414
2
48620
45426566
191110128
0
42386580
441478974
146
79496682
531907306
2
146
0
22406978
32
63215164
98176742
370684428
0
4047714
71726072
2
0
90606342
0
16330710
1
229801170
0
169938138
323905360
44239574
0
297196638
32
0
490630766
555313882
540313678
422449766
22406978
45426566
32
208055514
71876148
550210794
555313882
109724
93588214
0
443804266
535506910
270911068
73788922
2
90606342
32
333523260
0
280343142
0
0
128011624
630714
157923658
0
361142438
209672458
31732938
226378310
0
0
137581758
336058828
0
5441510
441478974
2
137729660
85825356
275542660
555313882
0
8
302518294
555313882
280343142
472946474
0
0
0
146
1
524250968
157923658
95181642
185722148
0
0
434782658
38995770
78858150
78858150
0
553530678
32
130857436
3718662
146406500
46312458
710
137723002
514394322
478895634
42386580
0
31732938
0
78858150
79812852
137723002
19670
0
0
0
78858150
0
249356366
42386580
78329076
157923658
109724
0
31593860
47083812
429557590
520444502
384838104
168394022
226824144
0
26596228
0
319830554
411787320
297196638
123151428
555313882
710
500199046
214707668
0
405403446
0
443804266
139318090
98176742
0
411787320
0
555313882
0
151969082
8
384838104
229801170
275542660
490107130
0
32
483915858
137723002
505478058
0
239926708
46312458
209518272
710
0
1
0
0
165806220
110004902
533523638
0
284998458
109724
491262986
0
429557590
248292868
2
22136856
285501384
2
710
405403446
198055542
185722148
157923658
0
553530678
209672458
365031626
98176742
0
151239352
229801170
454568278
441478974
139318090
137723002
157923658
0
50626404
0
0
46963334
16330710
71345768
514394322
257762982
168394022
349265236
87015072
209672458
17297026
422449766
505478058
110244752
297196638
46312458
472946474
32
185722148
214707668
520870528
405403446
490630766
146
445105612
488700732
0
8
143554880
146
542653618
229801170
32
555313882
0
381496070
276264454
23229632
184110466
435813012
151969082
443804266
335281804
0
139178012
3718662
0
555313882
300773232
8
109724
297196638
0
543996324
0
299137970
35927930
3718662
0
302122554
137723002
252063302
211717654
0
272525158
422449766
301436612
381644298
137581758
369075524
444184196
514394322
553530678
429557590
58037414
146
283103518
0
285326762
190513814
0
353946766
0
381634278
472946474
309305542
0
0
109724
309305542
464729272
0
141610452
1
184946640
0
514394322
280343142
0
