1 0 50 200
19 36 47 1 0 1
11 20 22 0 1 0
11 12 49 0 1 0
1 16 26 1 1 0
6 21 36 1 0 1
23 43 50 0 0 1
8 28 45 0 1 0
7 12 35 1 0 0
7 32 34 0 0 1
8 14 46 0 0 1
2 10 24 1 1 0
5 8 15 1 1 1
45 46 48 0 0 1
4 47 49 1 1 1
8 10 44 1 0 1
10 16 29 1 0 0
26 28 42 0 0 0
1 20 23 1 1 1
11 18 40 0 1 1
1 7 14 0 0 0
15 26 41 1 1 1
3 13 33 0 1 0
32 37 47 1 0 1
18 31 33 1 1 1
2 28 30 0 1 0
8 25 36 1 1 0
7 12 45 0 1 1
16 26 31 1 0 1
4 25 48 1 1 0
8 32 36 0 1 1
8 11 44 1 1 1
2 19 47 0 1 0
27 29 44 0 1 0
31 36 40 1 1 0
2 4 35 0 1 0
6 10 21 1 1 0
6 12 49 1 0 0
14 21 40 0 1 1
1 13 24 1 0 0
5 9 22 1 1 0
3 43 45 0 0 0
3 7 15 0 0 0
1 17 47 1 0 1
13 23 41 0 1 0
3 14 17 1 1 1
6 30 40 0 0 0
19 21 39 1 1 1
3 5 28 0 0 1
15 19 30 1 1 0
20 34 50 1 0 0
3 30 37 1 0 0
11 12 35 0 0 1
3 15 23 1 1 1
21 23 44 1 1 0
24 25 26 1 1 1
17 19 39 0 1 0
26 46 48 1 1 0
14 18 41 1 1 1
9 29 33 1 1 1
4 7 9 0 0 0
23 39 49 0 1 0
7 28 44 1 1 0
11 22 25 0 0 1
17 37 47 1 0 1
14 15 42 1 1 1
13 22 42 0 0 0
20 29 43 0 1 1
25 29 48 1 0 1
4 6 7 0 1 0
13 45 47 0 1 1
7 11 34 0 1 1
18 27 30 0 0 1
27 41 49 1 0 0
18 20 45 1 0 1
16 22 25 1 0 0
1 38 47 0 0 1
2 4 45 0 1 1
2 13 49 1 1 0
5 38 50 1 0 0
15 18 23 1 0 1
2 29 47 0 0 0
17 33 39 0 0 0
4 7 41 0 0 0
9 30 44 1 0 1
3 6 10 1 0 1
10 11 30 0 0 0
17 47 48 1 0 0
9 41 45 0 1 0
20 32 37 1 0 1
20 37 50 0 0 0
5 15 29 1 0 0
11 24 40 1 0 1
6 10 33 0 1 1
25 27 39 0 1 1
8 21 46 1 0 0
12 16 26 0 0 1
10 34 37 0 1 1
11 21 50 1 0 0
22 31 49 1 0 0
7 22 32 0 0 1
3 13 39 0 0 0
4 26 40 1 0 1
6 42 44 0 1 1
13 38 45 0 0 1
5 34 38 0 1 1
2 42 46 1 1 1
9 19 45 1 1 0
7 13 45 1 0 1
25 38 47 1 0 0
12 14 15 0 1 0
19 37 47 1 0 1
39 40 50 0 1 0
4 20 46 0 0 0
10 19 29 1 0 0
1 2 15 0 0 1
37 48 49 1 1 0
12 30 44 0 1 1
1 7 44 0 0 0
20 22 43 0 1 1
17 34 50 0 0 0
30 35 48 1 0 0
6 17 26 0 1 1
6 20 46 0 0 1
14 35 45 1 1 1
16 19 22 1 0 0
39 41 43 1 0 1
2 31 41 0 0 1
8 32 39 1 1 1
6 20 49 0 1 0
8 42 43 1 0 0
16 21 35 1 0 1
28 30 45 1 0 0
18 30 33 0 1 1
5 34 50 0 1 1
12 24 45 1 1 1
7 8 17 0 0 0
3 24 33 1 1 0
1 37 49 1 0 0
9 20 36 0 0 0
12 20 43 0 1 1
3 8 35 1 0 1
12 30 50 0 1 1
29 39 43 0 0 1
13 19 42 0 0 0
5 6 31 1 0 1
7 23 29 1 1 0
6 26 32 0 1 0
14 21 44 0 1 0
35 47 48 1 1 1
16 22 49 0 0 1
28 32 33 1 0 1
15 33 35 1 1 0
23 36 40 1 1 1
9 10 46 0 0 1
9 26 46 0 1 1
5 34 49 0 1 1
6 27 31 1 1 0
9 21 22 0 0 0
9 29 33 0 0 1
36 42 48 0 1 0
11 20 48 0 0 1
5 7 38 0 1 0
2 14 40 1 1 0
11 29 35 1 0 0
20 36 48 0 0 1
14 21 35 0 0 0
6 23 41 0 0 0
4 18 49 1 0 1
2 28 47 0 1 1
18 33 35 1 0 1
6 26 49 0 1 1
18 32 48 0 0 1
14 25 48 0 1 0
4 33 50 1 1 1
20 22 50 1 0 1
21 45 46 0 1 1
4 12 32 0 1 1
31 37 39 1 0 0
14 23 31 1 1 1
4 8 10 0 0 1
9 24 28 1 1 1
22 35 41 1 1 0
12 19 35 1 0 0
12 20 44 0 0 1
13 14 15 1 1 0
6 44 48 0 1 0
15 20 21 0 0 0
12 22 30 1 1 1
2 23 43 0 1 1
29 42 45 0 1 0
2 18 21 0 0 0
24 32 36 1 1 0
17 43 46 1 0 1
6 28 43 0 0 1
9 12 34 1 0 1
9 23 29 0 0 0
3 19 46 0 1 0
21 24 37 1 1 1
5 23 35 1 1 0
10 39 43 0 0 0
ans=10110001110001100010001110110111010110010100011000
