1 0 50 200
9 31 39 0 1 1
2 6 50 0 1 1
13 35 47 0 0 1
3 21 24 1 1 0
6 16 38 0 1 1
13 15 38 1 1 1
7 18 27 0 1 1
9 29 46 1 0 0
9 28 41 1 1 0
3 6 34 0 0 0
15 24 47 0 0 1
7 41 42 1 1 0
8 38 48 1 1 1
14 20 31 1 0 1
7 30 43 1 0 1
16 24 27 1 0 0
14 43 47 1 1 0
2 12 42 1 1 1
3 4 37 1 1 1
3 6 36 0 0 1
1 33 38 1 1 1
2 5 11 0 0 0
6 44 45 1 0 1
4 17 22 1 1 0
5 34 50 1 1 1
29 30 38 0 1 1
9 26 50 1 0 1
7 9 41 1 1 0
22 33 50 0 1 1
1 17 46 0 0 0
9 41 45 0 1 0
42 43 50 0 1 1
19 20 37 1 1 1
1 28 30 0 1 0
27 35 46 1 0 0
35 36 44 1 0 1
14 21 36 0 0 0
30 32 46 0 0 0
9 16 37 0 0 1
20 26 36 1 1 0
3 11 39 0 1 1
13 27 46 0 1 1
44 48 50 1 1 1
24 28 29 1 0 1
9 13 38 1 1 0
6 32 43 1 0 0
12 28 29 0 1 0
16 38 48 0 0 0
11 17 48 1 1 0
5 48 49 0 0 1
16 21 33 1 0 0
2 30 31 0 1 1
12 33 45 0 0 0
2 6 39 0 0 1
1 4 50 1 1 0
15 27 46 0 1 1
13 24 30 0 1 1
8 21 45 1 0 0
16 24 27 1 0 1
12 47 48 0 1 1
2 12 45 1 0 1
14 19 23 0 1 1
27 41 46 1 1 0
3 13 40 1 1 1
2 8 40 0 0 0
7 11 24 1 0 0
23 48 49 0 1 0
26 34 47 1 0 1
7 14 25 0 0 0
15 24 29 0 1 0
3 23 28 0 1 1
4 26 48 0 1 0
16 19 41 0 1 1
18 47 49 1 1 1
23 24 47 1 0 0
6 22 33 1 0 0
26 30 37 0 0 1
3 6 15 0 0 0
5 17 20 1 1 1
22 30 41 0 1 1
19 39 49 0 1 1
2 29 44 0 1 1
19 28 40 0 1 1
11 22 38 0 0 1
3 14 31 0 0 1
10 11 26 1 1 1
26 36 45 0 1 1
4 18 47 1 1 0
3 40 41 1 0 1
31 33 41 1 1 1
7 9 26 1 1 1
5 31 46 0 1 1
11 14 50 0 0 0
6 23 46 0 1 1
20 38 43 0 0 1
15 21 30 0 1 1
14 15 25 0 1 0
10 11 19 0 0 1
8 34 46 0 0 1
6 12 21 1 0 1
3 47 49 1 1 0
21 25 31 1 0 1
21 31 44 0 1 1
25 28 45 1 0 1
7 13 49 1 1 0
2 3 42 0 1 0
20 33 40 1 1 0
17 36 50 1 0 0
16 20 28 1 0 0
15 21 22 1 0 0
17 37 40 0 0 0
17 45 46 0 1 1
15 18 30 1 0 0
7 19 45 0 1 1
13 35 44 1 1 0
9 15 25 1 0 0
7 27 36 1 1 1
4 16 24 1 0 0
4 23 46 1 1 1
12 23 43 1 1 0
7 33 34 0 0 1
13 32 40 0 0 0
18 22 30 1 1 0
4 5 43 1 1 0
27 43 50 1 1 0
17 40 45 1 1 1
4 27 31 1 0 0
5 8 24 0 0 1
37 43 47 1 0 1
14 41 42 0 1 1
15 24 49 0 0 1
1 7 15 0 1 1
14 37 47 1 0 1
10 17 40 1 0 0
13 23 45 1 1 0
28 36 44 1 1 1
14 23 43 0 0 1
13 33 34 1 0 1
17 31 40 1 1 0
3 17 40 1 1 0
10 29 32 0 1 0
9 30 32 0 0 1
15 30 45 1 0 1
17 26 36 1 1 0
40 43 50 1 0 1
18 23 42 0 0 0
5 9 11 1 1 1
2 21 46 1 0 1
3 32 49 1 1 0
9 12 43 1 0 0
1 43 47 0 1 0
27 36 44 0 1 1
20 43 45 1 1 0
11 19 37 1 1 0
1 27 35 0 0 1
24 32 48 1 1 1
18 25 37 1 1 0
6 15 31 0 1 0
6 20 46 1 1 1
9 10 19 1 0 1
3 15 27 1 0 1
22 36 40 1 0 0
21 25 46 1 0 0
15 16 44 1 0 1
6 33 39 1 1 1
31 40 45 1 0 1
4 10 46 0 0 0
1 3 17 1 0 1
21 22 41 0 0 1
32 48 50 1 0 1
15 21 47 1 1 0
8 38 45 0 0 1
5 17 50 1 0 1
5 34 38 0 0 1
15 16 37 1 0 0
2 11 41 1 0 0
6 21 48 1 0 0
1 12 36 0 0 1
31 34 44 1 0 0
7 18 50 1 0 1
13 16 19 1 1 0
22 31 43 0 1 0
10 23 25 1 1 0
4 16 27 0 1 1
4 8 41 0 1 0
7 14 23 1 0 0
7 36 48 0 1 0
14 29 46 0 1 0
5 9 19 0 1 1
7 18 24 0 0 0
5 28 49 0 0 1
29 30 35 1 0 1
2 17 37 0 1 1
3 39 46 0 1 0
3 9 13 1 1 1
7 27 44 0 1 1
14 15 23 0 1 1
16 19 25 0 1 0
9 18 45 0 0 1
22 31 47 1 1 0
ans=00011101100010111010111111110011100010101111111111
