1000000 1000000 2000
793855 795723
452083 453643
993781 994907
372832 373326
18008 18717
886938 888430
615660 617072
254508 255298
38249 38749
227841 229441
852477 853472
419585 419723
433641 434602
366254 367867
221391 222651
392469 393606
950974 951827
769336 770664
181705 181812
27766 28318
623251 623442
188439 188595
481767 483122
776912 777945
167823 168619
690527 692275
799893 800865
753006 754083
646260 646305
216740 218052
196123 196229
435183 435837
94453 95154
763469 764669
711140 712271
357620 357949
885549 887105
79320 79335
890145 890507
302299 302989
953316 954180
480243 480671
244533 244742
966668 968629
378321 380111
553450 555137
531571 532429
468088 469424
848308 849455
726415 727513
986572 988201
608307 608801
395108 396295
331714 333472
118559 120496
522098 522107
21463 21614
544069 545701
387689 388453
513265 514523
1364 1468
351246 352430
490940 492251
573020 573721
542807 544229
704874 705713
689474 689931
506421 508296
759660 760568
483983 484520
617377 618732
500445 501429
146066 147761
512343 513844
920794 921280
20018 20141
96796 98046
255669 257103
414886 416424
452029 452514
272596 274066
192358 194264
282138 283293
308300 309403
262989 264068
795500 797456
691642 693562
544854 545305
539276 540405
282163 283299
385842 387301
689972 689986
219251 219937
50638 51752
678631 679720
288740 289914
556934 557527
380001 380704
57125 57516
64285 64727
995579 996367
69915 70190
571013 572606
828612 830480
122744 123812
166738 168680
21894 22225
644527 645266
867373 868227
1772 2022
344261 345935
589801 589933
33229 34940
933856 934824
917146 919137
535326 536558
230415 231416
902547 903594
988833 989084
145167 146216
233765 235018
354883 356530
251160 251914
830845 831515
798395 799539
263742 264164
518217 518934
8259 9803
509554 510878
219547 219835
660725 661165
982421 984063
7856 8096
679519 679818
806023 807731
693266 694953
460252 461951
359344 361080
855833 855957
645848 647198
342541 342846
97297 98919
63781 64506
741910 743229
116525 118189
750878 752825
674419 675219
480237 481302
206912 208302
59984 61655
184770 186039
68186 69430
716039 717505
519497 519863
294857 296786
869908 871086
757558 758380
180511 181267
292056 292450
622830 623152
300627 302214
614849 615158
349352 349504
653565 654119
956047 956871
523420 525205
157551 159239
345350 346888
460127 461260
485367 486013
566446 568035
855194 855305
260431 261120
651351 651774
249800 251582
503806 505310
656748 658068
233133 233669
602279 603149
362833 364190
51245 52323
490086 490739
68644 70314
4346 5005
18622 20598
4020 4480
104700 106510
173057 174394
726609 727608
933190 934209
923788 924706
207682 208429
980354 981776
780599 781829
47474 49305
483302 483353
936631 938504
721994 723179
844767 845857
618015 619859
460689 461294
651079 651986
534158 535751
819889 821235
701473 702870
930124 930524
899482 899820
350826 351601
922164 923836
810178 810523
517486 517554
43011 44022
524010 525093
155405 156619
961535 963466
9136 10047
589315 590039
136891 137221
636355 638311
64874 65191
267514 268237
155500 155785
962485 962734
337373 337792
349773 350355
61961 62227
246539 247929
275775 276472
589665 591542
818817 820195
710074 710784
811159 811195
914848 916492
375652 377432
133362 135107
199195 199450
55351 57264
155645 156001
422185 424184
391786 393695
976917 977997
773873 774453
668752 669606
404193 404403
237707 238319
426721 428005
586858 587273
216583 217893
508895 509689
395742 396795
433802 434834
858394 859063
324431 325198
388258 389053
650959 652637
434725 436456
314974 315527
81692 83507
439622 440666
472010 472250
629772 631231
424948 426653
880721 881680
914973 916840
977140 979102
858777 859261
449508 450455
695816 696469
651187 652105
306408 307107
615599 615757
134361 136070
297531 298055
383978 384651
638274 639492
61277 62374
962420 963825
411959 413061
729620 731081
845785 846189
687310 687856
366174 366439
405345 406837
27112 28188
3619 5404
448928 449444
252816 253962
202875 203473
932299 933154
855317 856763
7214 8400
822996 823430
364979 365978
834908 836683
90521 92016
169365 169932
782610 784067
221746 222943
376065 377868
775835 776228
647644 649610
843256 844651
267861 268212
982386 983505
7347 7932
307812 307927
50341 50752
237004 237471
74814 75445
71934 73347
220193 221483
983851 985594
418577 418961
878037 879485
986537 988132
203494 203595
273954 274727
872831 874521
731124 731538
79599 81586
91967 91988
795042 796799
81576 83400
131394 132164
496606 498407
202418 202925
872363 874084
281752 283447
784900 785850
454973 455883
156872 158539
724800 726498
403218 404045
76616 77029
562278 563993
122949 123968
783705 784030
568834 570325
319345 321117
985267 986873
164087 165216
805064 806304
193836 194400
492046 493633
75564 77514
909403 910654
766102 766613
109354 110561
177927 178656
908011 909330
969021 969636
697125 698145
231017 231697
331877 333548
353755 354220
862592 863375
50973 52610
615094 616640
710563 710984
235102 237032
928178 928570
988146 989535
135349 135403
406313 407646
25536 26387
568025 569977
366020 366331
118129 119340
255809 257594
704104 704119
562675 564013
468574 469544
296380 297715
199110 200648
941342 942837
875378 876241
120098 121743
213461 213645
599529 600810
697875 698181
477845 478004
241752 242266
916255 917172
75096 75286
676273 676818
228616 229841
959052 960334
291545 291724
388447 389760
379582 380530
41603 41739
674680 675663
367697 368190
179532 180208
126307 126975
913125 914245
128741 129285
941257 941962
256350 256676
210970 211158
3105 4186
689301 690795
306462 308313
787970 789580
588551 588615
839267 839308
728109 728162
818279 819222
791748 792151
665636 665709
504158 505109
573452 574522
887735 887849
456720 458344
994399 995812
929828 931745
3120 3783
800010 801678
393550 394897
890900 891136
252501 254201
362132 363563
223429 223676
110213 110596
657458 658828
278953 279020
681031 681879
682915 683904
850825 851061
137320 139037
839144 839442
184233 184524
354542 356029
415139 415203
597757 598563
960559 962124
479034 480659
917590 919575
231608 231844
532814 533101
418585 418647
2428 2605
113705 114460
499986 500955
798759 800020
733132 733237
224109 225651
355964 357406
901141 901666
529245 530262
150517 151042
10994 12807
701338 702108
483430 485012
379698 380356
724640 725457
786622 787302
198210 199053
99139 99170
866674 868289
603643 605332
606611 606736
518354 520324
900479 902239
701006 701934
160523 161908
192993 194228
745882 747272
1454 2243
610968 612718
699447 700949
607105 607324
985698 986522
255373 255860
138970 140296
319543 320235
237399 238741
914831 914936
954004 954844
501392 502500
981785 983095
682169 683490
108671 108856
770605 771546
690242 691700
838934 839392
229146 229636
670927 671132
533525 534850
540403 542339
130790 132027
427956 428891
12894 13458
908797 909029
493278 494123
967709 969559
417422 419251
869870 870328
697577 698882
840364 841652
298014 298791
371625 371860
421464 421884
556622 556899
608938 610581
652960 653921
502851 504514
217247 218759
15700 15791
450066 451764
259648 260696
712355 712649
931526 932885
544277 546030
582017 582384
433942 434491
119176 120868
6205 7095
373712 374640
733336 733459
714377 715531
614261 615478
801191 801208
7031 7184
558299 559352
158842 159415
267684 267975
152210 152923
209180 210460
32550 33359
454651 455284
706589 707936
343579 343691
320089 321839
185862 186398
375021 376847
194586 195424
378028 378155
816533 817591
579596 579969
40235 41457
252699 253933
351815 351860
53723 54249
668559 670528
730596 732052
837213 838877
629224 629753
649802 649913
67850 67869
811182 813000
178255 179041
753666 754506
85494 86454
377755 378097
563535 565344
810171 810590
908030 908518
976994 977572
491838 492471
367960 369784
648348 650024
438586 439252
474796 476508
580396 581176
754423 756216
423506 425063
828438 828535
82399 84214
730549 730847
650338 651552
545338 545421
91645 93641
149457 151208
869295 869362
268399 268945
101952 102068
542942 543510
470497 470916
205062 206438
224374 225313
917861 919451
230508 230588
754792 755901
890396 891853
332144 332200
846996 847630
583172 584952
930559 931697
342673 343965
999025 999472
220470 220774
132037 133245
303139 304046
637597 637668
890537 892056
573650 574325
178638 178972
541359 542363
431767 433375
504147 504769
265076 266427
617944 618544
679859 681112
608843 609702
857652 857981
362957 363362
834820 835590
467196 468044
632903 634144
631351 632094
527919 529162
734249 734638
57265 58119
621388 622359
981321 982939
312830 314485
63724 65414
414514 415656
19761 20356
587822 588318
836083 836588
484007 485160
820941 821981
824554 825247
633503 634352
992313 993360
678983 680251
723934 724525
666661 667944
44657 45158
775231 776036
12397 13781
129518 131147
20386 21976
660770 662458
228036 229331
401426 403420
483520 483954
664265 665976
145954 147664
934921 935460
262625 264029
651661 652862
610370 611090
422641 423313
751291 751842
398434 400379
301665 303639
835668 836784
705578 706284
247009 248736
191953 193731
549806 550746
769457 769689
163578 165171
978439 978533
485318 486980
796514 797607
342518 343797
605964 607798
33568 34016
836228 837281
477498 478305
218651 219482
401381 402486
896106 897786
632912 634778
525621 526048
483861 484585
737290 739191
733461 733788
806649 807211
975884 976583
884285 885804
927003 927038
905535 907004
132431 132829
126744 127628
643326 643473
315603 315943
466184 468089
880254 882212
594324 594967
491386 491572
262190 263102
221622 223254
903613 904420
815135 817061
230 1652
594673 596125
12559 13479
913184 913593
439346 440956
705040 706400
472048 472675
222994 224819
637459 639361
93021 93676
829488 829523
6227 8131
821279 822982
680378 681730
400262 401620
161210 162655
23414 24736
94599 94686
593824 595753
138649 139031
553140 553244
49949 51143
326551 326770
549645 550373
107743 109338
669142 669723
15807 17606
985989 987385
866033 867865
683261 683323
317374 318135
583021 583099
697293 698035
637964 638315
666409 668334
43120 43341
996970 998581
63953 65035
979143 979370
500301 502256
285587 286151
548916 550589
647231 648510
518938 520184
832155 833147
840110 841829
175590 176605
955386 955915
154915 155863
878896 880522
954715 955738
462748 464574
858342 860325
49249 50297
429956 431814
325140 326777
104779 104992
231311 232450
263722 263836
286760 288078
28126 29473
926292 927047
403980 404460
14174 14583
450795 452752
252244 252902
166921 168562
239149 239481
124476 124629
64048 65644
918365 920100
740567 740707
279820 280481
329065 330660
54509 55997
321792 322814
199576 199791
826666 827945
713186 714426
454119 454550
578347 580299
49450 50541
513764 514955
666980 668034
537208 537287
155116 155785
592659 593193
120119 121330
925047 925833
671033 671435
637596 637866
440451 441054
15751 16056
575669 576787
191127 192005
711076 711362
305053 305056
910118 911804
165434 166012
353487 355176
266980 267468
200732 200940
787097 788783
663263 664016
662502 664285
77108 78522
910660 911662
5245 6862
418220 418974
394845 395398
526060 526180
142689 143369
439633 440246
709387 710757
923896 924157
76738 78248
194192 195345
14985 15582
736237 738191
137128 138641
605583 606697
158011 158820
271559 273504
472624 474459
88306 88707
173371 174234
715869 717436
732121 733979
419915 421215
9354 9824
768468 768912
549959 550405
222144 223654
885662 885804
879265 879865
985428 985966
99249 101045
108338 109130
518514 518698
634230 636138
343370 343424
262260 262289
93151 93516
446812 448438
750125 750932
776600 776649
631508 631849
198047 198223
835241 836728
716102 716633
920880 921841
12584 14130
160712 161396
111258 112607
573746 575244
147251 148396
223200 224131
823253 824751
676218 677595
618602 620534
238357 240088
228340 228414
376246 377646
274577 276058
494211 495832
1292 2705
113269 114827
515080 517046
627544 628843
832704 834256
682912 683271
169419 170974
108281 109818
656430 658186
777814 779280
999019 999699
6638 7217
66439 66514
231571 233305
800441 802148
200985 202315
710251 711832
768579 769911
879135 880328
290463 290890
418907 419400
171892 173682
951248 951567
288393 290076
5011 5424
185192 185938
623454 623991
17261 17415
741628 742664
362357 363450
700236 701122
8538 9974
95694 95718
904644 906094
96009 97681
107119 107337
294250 295487
264109 265083
639444 640385
428911 429639
684796 685528
674225 675902
64736 64916
197516 198225
308849 309831
104727 104977
21789 22065
202902 204879
260847 260952
457375 458143
119383 120961
825316 825899
727462 728246
324376 325480
802825 803939
592403 592650
348784 348995
835462 836533
572661 573976
858970 859973
874386 874521
321835 322510
379269 379463
922950 923208
241914 242659
948664 950045
243766 244786
265794 267775
669248 670138
659597 661327
764762 765609
384096 385143
937734 939610
714252 715389
531676 533085
814878 815269
590945 592222
126137 127494
306740 308099
853490 855060
241171 242468
973744 974100
237279 238504
717774 719766
83882 85394
277032 277906
793746 793864
259715 261547
69095 70187
86610 86783
429916 431495
202981 203438
186026 186514
518946 520079
465306 466981
698023 699171
971005 971880
167321 168460
356691 358027
607482 608646
659785 661111
340201 341540
913711 913983
121303 121600
316087 316218
25012 26108
224188 226072
234216 236155
70404 72316
706492 708034
22307 23021
530482 532057
423186 425178
358059 358823
987175 987992
717975 718553
712491 713450
361503 363364
159918 161645
828680 830182
604134 605126
50846 51013
395858 397734
422371 423843
891250 892604
576422 577265
441166 442463
85029 85036
915816 916527
937906 938535
136309 136387
855680 855774
758380 760136
465807 465989
841940 843037
229973 231678
665702 666274
737946 739462
468226 470165
224982 226311
622938 624662
171986 173071
807680 808713
503465 505417
896776 897119
790657 792035
992871 993121
140402 141036
962807 964219
362464 364079
169814 171732
811851 812470
48073 49782
23582 24479
431624 433216
266390 268038
481341 481758
66885 67672
598755 600436
219821 221663
382301 383208
270231 270549
742590 743707
841079 842936
317314 318247
526433 528066
841338 841553
813446 815193
646982 648360
580725 581741
790033 791418
888416 888927
872855 873228
682595 684489
212609 213586
272910 274821
702946 704551
457122 458974
712334 713426
848856 849420
667977 669588
486628 487056
772660 773840
483819 484552
224686 225785
809557 810343
321808 321876
399639 401342
795207 795630
367182 367213
356482 356909
326225 327535
363963 364332
928058 929296
238732 239100
42154 42291
149747 150062
90971 92663
312776 313890
919365 919385
94260 95113
859374 860969
940407 942309
237392 237569
321651 321766
194572 195479
708987 709957
417529 417911
122807 124720
976080 977872
59899 61760
10560 11401
723714 725203
250107 251247
578113 578150
975668 975921
656946 657376
417792 417852
110382 110633
509370 510205
562406 563970
177480 178961
225478 225717
871383 872021
612071 613201
631586 632132
63826 64331
10110 10123
725991 727010
15600 16553
361660 362262
501631 502911
636620 637850
148930 149176
700096 700171
388149 389171
632508 632951
805616 806921
365952 367750
675299 676866
487607 488843
831930 832904
547769 548398
72854 74239
369676 371515
988360 988881
730641 731597
663151 664316
971247 972530
435566 437301
996568 997065
76410 76849
889110 890532
625343 625575
954327 954956
919178 919501
679060 680233
771781 772373
280644 282258
522989 524647
713916 714164
948148 948738
98945 99912
478334 478439
443044 444162
774698 776457
90237 91677
645212 645498
763121 764038
591556 592348
260086 260226
157816 159787
671095 672205
601604 601836
723172 724585
494825 495576
544441 546440
952906 954795
839754 840528
977778 979334
8081 9492
288087 288610
345290 346948
920651 921412
830878 831293
906343 908148
866306 867178
745806 747418
594829 595371
67687 68923
736556 737674
58148 58965
753629 755095
177821 178583
185904 185942
180982 182232
908018 908336
885438 886825
843428 844468
156053 157794
66395 66910
139402 139471
670085 671355
756920 758558
898357 898663
79023 79410
37645 37907
446102 447979
681273 681472
251329 252837
651601 652724
628249 629588
871261 871823
371150 372498
893095 894025
642351 643766
124788 126357
585799 587242
512975 514510
3632 5339
778631 780339
862037 862698
661308 662203
630716 632048
705106 706007
968109 969125
944661 944681
622547 623810
576623 577633
328412 329378
65683 66395
908935 909382
649957 650032
336534 338487
729306 731220
915527 915922
118557 118640
945058 946956
935406 936862
793206 793434
943178 943710
384261 385027
170784 172003
168093 169977
459565 460670
892909 894267
811364 811638
583593 585296
84800 86606
388365 388968
112282 112648
489137 490809
191675 193133
913617 913827
973219 973519
230367 231325
244207 244843
925363 925556
187530 188314
467480 468348
709341 710416
741614 742542
811048 811484
614053 614480
853757 854978
924488 926243
722098 723746
767892 768999
68619 68738
673620 673783
756506 758067
790847 792015
22424 23146
810462 812219
913627 914475
933413 933753
249222 250610
971538 972945
313053 313928
907527 907830
33052 33980
266195 266324
214849 216239
494099 494591
162395 162487
780451 781049
257038 258437
767160 767777
689804 690463
660271 661996
727057 728243
901147 901567
587651 589214
354389 356143
414696 415566
202323 203818
812210 813691
375168 375647
471859 472618
270354 270729
420140 421916
721158 721992
908681 908834
116866 118198
248597 250199
6977 7989
905333 906604
597353 598660
847651 848144
939140 939763
216609 216921
384078 385276
418591 419396
952118 952315
698314 700263
937939 938534
202628 202756
621293 623043
702966 703713
598661 599977
152963 153662
697790 699337
845712 845893
759520 759578
603396 603939
858119 858464
499230 500832
149533 150365
324235 325389
459319 459524
289856 291740
637018 637694
355293 356172
915079 915436
663255 663661
668006 668276
91384 93110
666416 667811
580248 581563
415930 417062
735818 737424
476258 477230
777383 778352
846266 847145
634554 634822
900821 901750
375227 376810
521024 521190
543519 544836
395142 397107
598745 598933
629688 629913
854363 855871
981299 982798
955461 956274
545282 545573
348905 350542
753362 753479
379710 381684
16939 18443
301285 302737
467727 467830
838652 840042
65192 65614
741781 742383
53490 54370
724632 726344
391233 392072
585142 585293
88512 88750
22970 23077
776555 778239
107609 109006
847650 848955
972280 974206
680626 681802
371646 372920
19504 21458
305978 307675
226037 226132
544242 544309
604956 605905
368682 368991
751593 753206
383966 384493
283055 284590
797887 798013
267769 268318
304833 305197
30278 30995
489419 491202
791814 793558
636050 636222
286794 287122
243035 244300
597995 599651
126041 127052
16576 16947
290838 291315
801243 801960
413911 415098
14939 16936
347427 348510
101877 103242
972488 972755
48577 49107
442304 443208
459688 461206
877456 878268
129695 130711
27742 27773
272470 272477
433463 434313
715826 717363
782349 784110
9628 10420
614366 615513
941252 941752
428809 430565
506331 508033
58704 58815
102301 102399
909065 909402
212158 213918
199587 199765
339782 341572
283922 285822
100333 101197
739550 741293
610701 611349
126473 128137
634645 635821
121750 123294
557314 559139
19469 20252
708259 708448
157574 157648
467252 469179
775420 776202
808433 810076
325009 326266
597024 598730
507721 509256
323009 323741
962348 963136
429085 430224
65046 66019
843360 844832
365215 365497
785398 787079
283086 283217
908467 909744
382060 382707
320888 321508
541059 542683
396663 397755
100627 102420
381298 382413
208455 209618
964125 965871
572790 574237
42264 42830
79913 81167
910489 911547
138299 138315
232200 233355
526870 526918
390178 391700
210729 212428
55316 57243
158905 160809
320045 321561
916458 917077
789354 791045
145929 146394
145240 146311
752937 753521
342906 344337
524851 525616
951018 952520
385333 387116
514955 515200
357775 359349
923841 924525
195740 197601
908261 909521
912574 914392
854277 855007
873652 873838
741198 741710
765895 766618
235186 236454
454159 454757
975008 975486
280431 280848
995172 995789
151150 151680
727823 728387
225793 227269
906218 906312
693867 695380
152715 153186
573757 575026
264499 265773
73428 74336
951625 952549
289509 291155
531694 533542
242784 244132
451120 451131
785792 786837
34497 35581
887733 888887
658396 659202
534247 534323
547477 547596
78950 79302
194740 196340
982625 983639
564667 566313
384980 386133
324227 324900
216126 216248
172492 173556
907112 907536
517611 517661
518283 519622
479667 481139
696045 697246
191762 193163
12311 13298
870623 871923
611165 611913
980330 981408
978268 978596
702052 703981
776911 777396
13969 14344
65017 65380
536063 536838
561837 563579
249607 250203
964161 965861
734576 734970
949066 949778
324529 325927
496275 497781
641485 643444
205396 206903
994257 995391
4291 5417
861303 861888
819214 819635
636765 638131
19961 21942
346551 348206
757830 758166
858540 858948
241423 241917
235691 237273
901271 902174
880547 881541
142428 142913
1360 1598
385505 387108
473040 473967
811799 813614
835767 835920
689102 690512
785119 786559
713799 714839
308217 310106
70921 71677
755221 756451
634935 635296
190744 190753
542931 543915
36261 37492
256408 256751
732354 733599
243064 244449
409363 410247
278023 278298
641122 642278
849139 850003
453372 453650
694111 694513
144003 145361
789768 790176
167451 167924
946902 948565
794684 796673
508100 508403
772558 774494
294980 295512
277321 278379
607587 609552
846140 847625
779280 779585
743550 744746
8471 9202
314367 316349
464000 464664
727905 728352
21640 23062
73416 74408
98646 100123
688183 689358
542314 544177
457208 457290
796259 797614
869524 870522
818666 820090
319505 320416
539665 540115
282915 283747
13395 14188
809288 809969
826399 826590
907589 908270
725457 726842
33924 34324
358626 359758
739299 740197
895340 896837
212154 212748
152738 152884
37719 37956
856766 857913
566394 566684
530137 530580
906023 906652
317948 319078
789614 790628
366258 366841
576670 577904
532305 532605
290949 291969
477970 478298
341591 342043
285093 286945
381393 382571
894249 895037
654959 655776
947949 949757
953709 953980
607284 608571
262908 263476
60286 61337
233887 235604
241546 241984
429304 429910
815921 816936
234735 235085
173465 173903
241166 241833
928557 929896
77472 78322
216373 218260
732101 733675
174914 175790
475679 476565
275020 276511
161266 163095
809269 810910
145393 146746
90034 90767
69438 70081
770159 771272
97612 97908
210258 210280
231338 232558
319512 320211
686465 687109
491241 491677
497811 499025
894177 894793
279001 279067
360152 362112
789795 791725
738074 739808
718048 718314
100776 102726
917166 918154
831295 832321
255291 255900
865642 866227
846127 847189
386977 387160
173144 173883
415237 415953
751961 752004
668389 668598
873362 874342
557580 557822
959598 961110
839701 840669
329352 329531
188417 189003
267227 267820
702006 702634
570338 571197
490951 492169
445620 447311
841324 841394
669304 671192
22189 22376
940640 940987
885845 887575
265436 266615
751272 751729
412437 414129
662857 664061
415515 415525
262700 264333
539662 540826
724319 724381
547217 547380
92575 94434
851099 852735
427071 428929
571647 572027
44318 44698
395151 396639
269285 271123
886340 887116
215176 217105
187891 188152
860648 862037
100692 101237
317458 318273
637742 638569
980898 981700
224502 225894
801370 802635
432836 433504
133886 134936
83959 85727
891190 892846
504027 505277
586671 588042
13260 14816
672436 672758
51809 53150
324871 325419
23801 24471
422431 423940
282602 283647
631597 632056
737874 738302
857299 857590
282899 283003
406859 408070
492712 494002
466167 467882
447471 448235
351820 352284
139432 140101
804089 804477
840490 842168
498861 500790
430959 430965
918534 920155
443257 444782
593741 594640
776386 778058
550756 552364
272308 273505
338002 339788
440237 441490
768889 770179
902772 904618
866606 866771
845195 846081
705675 707488
769533 769844
932070 932230
883649 885361
228506 229937
355286 355394
148357 148673
575356 576182
153696 154166
635934 636889
915568 916571
803195 804918
960660 962657
105352 105738
257123 258876
457775 457929
326516 327456
336106 336999
118138 119266
691401 692907
230509 232328
651759 653354
824173 825777
99855 100257
216839 217401
620162 620744
829670 830419
369236 370319
447237 448958
741028 741168
789844 790792
177772 179324
623025 623393
92814 93733
839875 839884
68845 70230
892161 893563
973654 974491
860971 861331
289643 290725
384406 384886
158314 159592
681971 683130
544486 545855
731214 732404
232409 233612
469601 471129
861519 862675
440188 441840
659227 660884
778775 780203
268862 269836
516997 517445
400526 400994
499188 499368
268568 270087
562534 563232
71932 72770
429342 430683
503056 503125
151372 153261
27736 27788
486325 488091
754676 756426
547557 549541
339518 340457
966751 967164
156017 156676
186094 187569
589521 591421
803930 805494
362273 364065
910169 910980
750279 750514
882184 883657
79682 81504
624674 624897
250247 250436
563323 564721
366755 367941
603142 603281
630688 631388
976764 978347
759388 761035
967492 969119
748939 749645
103532 104028
899921 900630
407351 408549
769520 769609
680326 680920
983369 984468
861466 862743
736674 738132
346843 348367
644174 645925
536030 536645
893845 895167
625129 625898
387137 388951
230172 230181
685440 686504
970819 972046
978329 978935
29294 29970
497039 497895
800093 800381
144346 144867
583374 584579
595484 596853
312259 312554
401658 402704
89805 91634
894903 894988
511558 513126
943232 944980
67370 68695
369436 370073
449071 450780
616389 616575
274901 275137
933679 934219
26814 27575
783286 783381
621971 623114
513537 513758
292418 293213
168085 169636
549130 550724
48919 49700
252628 252707
186664 187338
386181 387311
633570 635271
831666 832804
666322 668146
110841 111041
784109 784217
775791 776565
536142 536641
148407 148989
647358 648348
696185 696906
943428 943748
972756 974518
38540 40101
582589 583047
611002 611359
873859 874228
176945 178914
103995 104063
867551 868509
911042 911259
692280 693527
416511 417009
985393 985998
205033 205729
356652 357151
368799 369681
373708 374949
265765 266610
379804 380472
21864 22204
361551 362495
138791 139309
292415 293809
506692 507185
596250 596485
2688 3913
276217 276627
687639 689477
508351 510095
968516 969960
314916 315453
905142 905739
951143 951850
293390 293670
615714 616604
963016 964536
225144 225747
792501 793945
379685 379768
45789 46792
290890 291370
97066 97876
857187 858752
509101 509662
964747 966072
965736 966577
722727 723647
57285 58627
71415 73083
819646 820291
136811 137138
896813 898347
968585 968667
288322 289273
35756 37282
395894 396670
56866 56891
291008 291843
114616 114764
410018 411733
357956 359445
439372 440341
389419 390482
681026 681447
297418 299176
189764 190191
664936 665087
131539 132096
223077 223806
697148 698214
48326 49327
32893 34310
635973 637505
299608 300573
157708 158513
661848 662239
736734 737913
299934 301521
324115 325856
96278 97878
228737 230012
91030 92530
307023 307519
606745 607289
758448 758764
984350 985601
342742 344631
475486 476104
76332 76788
470306 472108
556431 558283
351751 353595
462712 462937
679504 680639
169436 171204
326021 326621
84986 86127
712555 713804
415792 416797
431943 432475
695671 696152
919470 921276
88497 89924
78705 79441
691340 691856
95111 95172
32363 32539
209276 210014
933866 934978
171283 172155
174186 175272
599902 601341
88974 90591
599713 600665
358939 359524
135484 136384
332279 333043
932416 933312
18156 19099
745568 746750
222476 223474
435225 437158
734772 736232
669543 671342
883358 885195
599458 600909
604816 606602
379352 380819
527089 528555
