200 1000
2 291 308 1
2 94 902 2
1 74 410 73 3
2 223 319 4
1 657 961 199 5
2 591 875 6
1 165 559 37 7
2 293 428 8
1 24 753 97 9
2 303 712 10
2 191 818 11
2 86 394 12
1 194 348 15 13
2 532 944 14
2 530 752 15
1 40 174 76 16
2 398 467 17
1 365 708 187 18
1 171 207 144 19
2 331 615 20
2 392 578 21
2 702 861 22
1 170 400 68 23
1 627 719 200 24
2 409 419 25
2 55 679 26
1 61 246 188 27
2 74 562 28
2 25 813 29
1 25 223 195 30
1 435 928 192 31
2 249 860 32
1 389 820 63 33
1 760 828 174 34
2 570 576 35
2 62 408 36
1 266 368 30 37
1 558 624 75 38
2 165 896 39
1 296 849 124 40
2 271 769 41
1 368 415 66 42
1 173 593 90 43
1 189 537 88 44
1 367 732 172 45
1 323 961 107 46
1 784 827 132 47
2 821 972 48
1 371 862 41 49
1 21 661 56 50
2 290 997 51
1 349 794 141 52
1 297 693 194 53
1 63 426 36 54
1 547 759 41 55
1 463 650 154 56
1 189 623 197 57
2 237 799 58
2 445 908 59
2 216 928 60
1 281 958 33 61
1 257 770 95 62
1 605 696 158 63
1 93 752 172 64
2 582 861 65
2 377 546 66
2 322 841 67
1 387 676 133 68
2 180 326 69
2 228 242 70
2 201 329 71
1 227 643 143 72
2 38 370 73
1 396 842 107 74
1 364 829 160 75
1 318 891 82 76
2 245 593 77
2 139 955 78
1 57 715 154 79
1 447 833 13 80
1 303 371 197 81
2 308 824 82
2 291 499 83
2 318 404 84
1 44 295 180 85
2 27 739 86
1 321 770 27 87
1 384 598 93 88
1 248 406 79 89
2 36 961 90
1 120 485 52 91
2 352 803 92
1 84 712 160 93
1 582 807 161 94
1 433 902 72 95
2 470 990 96
2 105 514 97
2 47 119 98
2 131 785 99
2 20 820 100
1 109 202 38 101
2 499 771 102
1 469 828 64 103
1 154 226 118 104
2 48 475 105
1 129 532 33 106
1 229 386 89 107
2 3 282 108
2 340 640 109
2 9 887 110
1 22 967 95 111
1 894 973 40 112
1 598 624 42 113
1 612 798 31 114
1 514 578 145 115
1 19 581 75 116
1 628 811 200 117
1 827 989 37 118
2 807 988 119
1 146 517 110 120
1 261 498 110 121
1 253 978 28 122
2 582 914 123
2 928 951 124
1 234 596 99 125
2 213 985 126
2 238 848 127
1 15 400 165 128
2 371 707 129
1 560 830 98 130
2 97 142 131
1 23 785 29 132
1 307 413 132 133
1 380 746 170 134
1 325 928 90 135
2 175 464 136
2 80 876 137
2 520 875 138
1 523 791 137 139
1 247 557 3 140
2 678 710 141
1 569 907 188 142
2 571 884 143
1 1 878 183 144
1 934 988 18 145
1 649 695 93 146
1 433 803 68 147
1 303 369 89 148
2 387 803 149
2 80 84 150
1 30 721 48 151
2 444 521 152
2 231 983 153
1 449 961 192 154
1 114 213 186 155
2 394 492 156
2 208 759 157
1 178 182 165 158
1 56 515 187 159
2 197 257 160
1 425 907 186 161
1 261 953 36 162
1 137 783 3 163
2 461 986 164
1 299 945 83 165
2 52 176 166
2 78 635 167
2 189 893 168
2 130 571 169
1 141 935 188 170
2 79 439 171
1 64 65 138 172
2 334 690 173
2 285 896 174
1 556 711 125 175
2 240 785 176
2 468 507 177
1 235 602 33 178
2 233 923 179
1 561 664 32 180
2 83 888 181
2 602 667 182
2 472 997 183
1 413 899 116 184
2 52 538 185
1 419 892 50 186
2 493 568 187
2 26 978 188
1 642 858 59 189
2 621 792 190
1 494 927 135 191
2 34 991 192
2 200 636 193
2 615 735 194
2 56 194 195
1 947 969 111 196
2 527 819 197
2 266 336 198
1 54 249 5 199
1 478 879 14 200
