200 1000
1 653 759 84 0
2 95 902 0
2 131 783 0
1 771 987 83 0
1 594 776 39 0
1 333 934 16 0
2 195 761 0
1 166 506 55 0
2 330 643 0
1 576 682 9 0
1 159 904 33 0
2 147 639 0
2 13 469 0
2 179 761 0
1 503 776 199 0
2 98 429 0
1 415 457 193 0
1 204 416 106 0
1 93 835 14 0
2 731 962 0
1 242 807 121 0
1 106 274 74 0
2 354 699 0
1 439 549 59 0
2 82 234 0
2 552 918 0
1 101 167 162 0
2 137 162 0
1 497 690 90 0
1 272 561 66 0
2 245 707 0
2 468 898 0
1 706 839 180 0
1 106 152 88 0
1 404 984 75 0
1 109 555 100 0
2 89 217 0
2 13 64 0
1 174 196 103 0
2 320 532 0
1 738 909 92 0
2 734 852 0
1 327 715 41 0
1 595 764 70 0
1 324 666 141 0
2 36 998 0
2 174 231 0
2 662 793 0
2 42 362 0
2 144 762 0
1 534 907 174 0
1 300 757 99 0
1 683 687 95 0
1 32 179 115 0
2 749 991 0
2 295 526 0
2 33 304 0
1 136 670 40 0
1 448 473 147 0
1 788 984 148 0
2 250 847 0
1 182 343 136 0
2 760 765 0
1 855 946 169 0
2 894 964 0
2 393 580 0
1 449 596 111 0
2 357 358 0
1 451 791 93 0
1 51 268 106 0
1 599 977 112 0
1 608 776 110 0
2 337 815 0
2 85 721 0
1 464 484 176 0
2 528 692 0
1 684 784 180 0
2 391 698 0
1 441 977 159 0
2 788 863 0
2 240 679 0
2 846 884 0
2 180 610 0
2 700 881 0
2 92 942 0
2 416 434 0
1 34 671 65 0
1 496 798 174 0
2 69 775 0
1 154 373 70 0
2 16 812 0
2 299 411 0
2 567 857 0
2 299 590 0
1 192 504 165 0
2 60 255 0
2 11 642 0
2 213 631 0
2 362 642 0
2 681 706 0
1 449 627 11 0
2 157 620 0
2 328 764 0
1 5 703 52 0
1 353 706 113 0
1 7 968 69 0
1 644 700 200 0
2 403 915 0
1 321 976 8 0
2 274 572 0
2 89 309 0
1 546 784 29 0
1 72 248 66 0
2 478 640 0
2 50 480 0
1 247 295 97 0
2 178 635 0
1 560 620 85 0
2 385 454 0
1 357 637 124 0
1 253 649 160 0
1 613 620 141 0
2 777 995 0
2 121 531 0
1 516 758 168 0
1 881 906 93 0
1 207 972 35 0
1 429 916 200 0
1 547 627 114 0
2 624 900 0
2 532 825 0
1 97 455 58 0
2 609 678 0
1 458 942 175 0
1 380 773 199 0
2 368 517 0
2 137 514 0
1 73 305 178 0
2 223 829 0
2 755 905 0
1 634 910 136 0
2 125 642 0
1 393 908 172 0
2 271 547 0
2 48 82 0
1 481 986 37 0
1 171 888 11 0
2 471 559 0
2 837 945 0
2 144 738 0
2 350 597 0
1 179 632 62 0
1 26 105 57 0
2 526 579 0
1 729 963 186 0
2 559 956 0
2 795 893 0
1 21 188 153 0
2 194 641 0
2 360 826 0
1 245 485 24 0
2 888 952 0
2 625 891 0
1 285 833 151 0
2 443 690 0
2 411 441 0
1 834 922 173 0
2 17 690 0
2 126 152 0
2 199 440 0
1 148 938 16 0
1 308 594 136 0
1 516 710 141 0
2 283 317 0
1 308 321 149 0
1 623 693 7 0
1 624 836 73 0
2 40 126 0
1 242 589 3 0
1 321 458 78 0
2 462 969 0
2 225 705 0
2 111 420 0
1 244 426 170 0
1 88 224 67 0
2 667 860 0
2 319 644 0
2 499 869 0
1 36 290 147 0
1 805 897 3 0
2 68 275 0
2 48 313 0
1 21 831 102 0
1 144 538 108 0
1 494 935 147 0
1 503 664 68 0
2 71 483 0
1 283 618 102 0
2 632 693 0
1 122 452 142 0
