100 1000
1 66 483 173 0
1 85 151 33 0
1 358 865 117 0
1 552 689 147 0
1 196 846 100 0
1 681 856 30 0
1 26 698 79 0
2 34 643 0
1 327 388 68 0
1 143 634 103 0
1 297 959 6 0
1 35 283 99 0
1 150 570 62 0
1 171 922 155 0
1 426 597 145 0
1 268 983 183 0
1 516 940 157 0
1 239 699 127 0
2 989 989 0
1 547 885 152 0
1 164 841 74 0
2 84 943 0
1 301 544 200 0
1 585 779 63 0
1 203 210 61 0
2 245 745 0
1 845 918 58 0
1 14 440 136 0
1 526 806 87 0
1 665 932 51 0
1 26 229 67 0
2 763 839 0
1 33 237 135 0
1 186 843 138 0
1 203 635 196 0
1 171 724 104 0
1 16 148 171 0
1 304 494 4 0
2 175 378 0
1 54 599 110 0
2 58 613 0
2 364 646 0
1 393 971 128 0
1 57 769 198 0
1 285 378 137 0
1 412 536 146 0
1 335 420 154 0
1 549 829 60 0
2 573 948 0
1 334 687 137 0
1 193 928 190 0
1 28 775 182 0
1 838 957 106 0
1 166 886 93 0
1 29 545 65 0
2 210 565 0
1 263 530 133 0
2 790 823 0
1 379 426 98 0
1 383 505 38 0
1 165 664 181 0
1 438 602 45 0
2 385 979 0
1 466 864 66 0
1 368 526 158 0
1 706 818 156 0
2 55 783 0
1 783 950 190 0
1 393 613 194 0
1 768 950 183 0
1 40 735 112 0
1 221 981 136 0
2 517 977 0
1 848 905 123 0
1 197 298 174 0
1 395 923 28 0
1 353 901 73 0
2 400 553 0
1 404 899 94 0
2 46 911 0
1 205 606 63 0
2 480 598 0
2 289 918 0
1 135 749 69 0
1 711 933 25 0
1 364 490 50 0
2 739 886 0
1 169 210 4 0
1 456 814 132 0
1 446 518 52 0
1 331 581 64 63
1 58 435 17 64
2 349 901 78
2 221 301 24
2 402 772 15
2 36 342 88
2 228 235 54
2 107 160 40
2 49 703 51
2 291 837 66
