102
10
-1 -1 5 -1 -1 2 -1 -1 -1 10 
9
-1 -1 4 -1 -1 -1 2 -1 1 
10
-1 -1 -1 -1 -1 -1 -1 -1 5 -1 
9
-1 -1 -1 -1 -1 -1 -1 -1 1 
10
9 -1 -1 -1 -1 -1 -1 1 3 -1 
10
-1 5 -1 -1 -1 -1 -1 -1 -1 -1 
10
-1 4 6 -1 -1 -1 -1 2 -1 -1 
10
-1 -1 -1 -1 -1 -1 -1 -1 -1 -1 
10
-1 10 -1 -1 -1 -1 -1 4 -1 -1 
9
-1 -1 4 9 -1 -1 -1 -1 -1 
9
-1 -1 -1 -1 -1 -1 8 -1 -1 
10
-1 8 9 -1 -1 3 5 -1 -1 2 
9
-1 -1 -1 -1 -1 -1 -1 8 -1 
9
-1 -1 -1 -1 -1 -1 -1 -1 -1 
9
-1 3 -1 -1 -1 -1 -1 -1 -1 
10
9 10 -1 -1 -1 -1 -1 -1 -1 -1 
10
-1 -1 -1 -1 -1 -1 -1 -1 -1 -1 
10
-1 -1 1 -1 2 -1 3 -1 -1 -1 
10
-1 -1 -1 -1 -1 3 -1 -1 -1 6 
10
-1 -1 -1 -1 -1 -1 -1 -1 8 -1 
10
-1 -1 2 -1 -1 -1 -1 -1 -1 -1 
10
-1 -1 7 -1 -1 -1 -1 -1 -1 -1 
10
-1 -1 -1 -1 -1 -1 -1 -1 -1 -1 
9
-1 3 1 -1 -1 8 -1 9 -1 
10
-1 -1 7 -1 -1 -1 9 3 -1 -1 
10
-1 -1 4 -1 -1 -1 -1 -1 -1 -1 
10
-1 -1 -1 -1 -1 -1 -1 -1 -1 -1 
10
-1 -1 -1 -1 -1 10 -1 -1 -1 8 
10
-1 -1 -1 10 5 -1 -1 -1 -1 3 
10
-1 -1 3 -1 -1 -1 8 -1 -1 -1 
10
4 5 -1 -1 -1 -1 -1 -1 -1 9 
10
-1 5 -1 9 -1 10 -1 -1 6 7 
9
-1 -1 -1 5 -1 -1 -1 9 -1 
9
-1 4 7 -1 -1 -1 8 -1 -1 
9
-1 -1 5 -1 6 3 -1 -1 -1 
10
7 -1 -1 -1 -1 -1 -1 -1 -1 -1 
10
-1 -1 9 -1 -1 2 7 -1 -1 3 
10
-1 -1 -1 -1 6 -1 7 8 -1 -1 
10
-1 -1 -1 -1 -1 -1 -1 -1 -1 6 
9
-1 7 -1 8 -1 -1 2 -1 1 
10
6 -1 -1 10 -1 9 -1 -1 -1 5 
10
10 -1 -1 -1 -1 -1 -1 -1 -1 -1 
9
-1 -1 -1 -1 -1 -1 -1 1 3 
9
-1 -1 -1 7 4 -1 -1 -1 -1 
9
-1 -1 -1 -1 -1 -1 -1 -1 -1 
9
-1 3 -1 -1 -1 -1 -1 -1 -1 
10
-1 -1 5 -1 -1 -1 -1 -1 10 -1 
10
-1 -1 9 -1 -1 -1 -1 -1 -1 5 
9
7 -1 -1 -1 4 6 -1 3 -1 
9
-1 9 -1 -1 4 6 -1 -1 -1 
9
9 -1 8 5 -1 -1 3 -1 2 
9
1 6 -1 7 3 -1 -1 -1 -1 
10
-1 -1 -1 -1 -1 1 10 -1 -1 4 
10
6 -1 5 -1 4 9 -1 -1 -1 2 
10
-1 -1 -1 4 -1 -1 -1 -1 -1 -1 
10
-1 -1 8 -1 -1 -1 -1 -1 -1 -1 
10
2 -1 1 -1 -1 -1 -1 -1 -1 -1 
9
-1 -1 -1 -1 -1 -1 8 5 -1 
10
-1 -1 5 8 -1 -1 -1 6 -1 -1 
9
-1 -1 -1 4 -1 -1 6 -1 -1 
10
-1 -1 -1 -1 -1 -1 8 -1 -1 -1 
9
-1 -1 -1 -1 -1 -1 -1 -1 -1 
9
-1 -1 -1 8 -1 -1 5 -1 -1 
9
6 9 -1 8 -1 7 -1 -1 -1 
9
-1 -1 -1 -1 -1 -1 -1 3 -1 
9
1 -1 -1 -1 -1 9 -1 8 -1 
9
-1 7 -1 -1 -1 8 -1 -1 -1 
9
-1 -1 -1 -1 -1 -1 3 -1 2 
9
1 -1 -1 5 -1 -1 -1 -1 -1 
9
-1 -1 -1 -1 -1 -1 -1 7 -1 
9
-1 -1 -1 -1 6 -1 -1 -1 -1 
10
2 -1 -1 5 -1 -1 -1 -1 -1 -1 
9
-1 3 -1 -1 -1 -1 -1 -1 -1 
10
-1 -1 -1 1 -1 3 -1 -1 -1 -1 
10
-1 -1 -1 -1 -1 -1 -1 -1 -1 10 
10
-1 -1 4 -1 -1 -1 -1 -1 3 -1 
9
-1 -1 -1 5 -1 -1 4 -1 -1 
10
-1 -1 8 -1 -1 -1 -1 1 -1 -1 
9
6 -1 -1 -1 3 -1 -1 -1 -1 
9
-1 -1 -1 -1 -1 -1 -1 7 -1 
10
10 -1 -1 -1 -1 -1 -1 -1 2 -1 
10
-1 -1 -1 -1 4 9 -1 -1 -1 -1 
10
-1 -1 -1 -1 -1 10 -1 -1 -1 -1 
10
-1 -1 -1 -1 10 -1 9 -1 -1 -1 
9
-1 -1 -1 6 -1 -1 -1 -1 -1 
9
-1 -1 9 3 -1 -1 -1 -1 5 
9
-1 -1 -1 9 -1 -1 -1 -1 -1 
10
-1 -1 -1 -1 -1 -1 -1 -1 -1 -1 
9
-1 -1 -1 -1 -1 7 -1 -1 -1 
9
-1 3 -1 -1 -1 -1 -1 -1 -1 
9
-1 -1 -1 -1 -1 -1 1 -1 -1 
9
-1 -1 -1 -1 8 -1 -1 2 7 
9
-1 -1 1 -1 3 -1 -1 -1 6 
9
4 -1 2 6 1 -1 3 9 -1 
10
-1 6 -1 -1 10 -1 -1 1 5 2 
9
1 -1 2 9 -1 -1 -1 7 -1 
9
-1 -1 -1 -1 -1 6 3 1 -1 
10
-1 -1 7 -1 -1 -1 2 -1 -1 -1 
10
-1 -1 -1 -1 -1 -1 7 -1 -1 -1 
9
-1 -1 -1 -1 -1 -1 -1 -1 1 
1966
-1 139 -1 -1 -1 -1 -1 -1 131 -1 -1 148 -1 150 -1 -1 -1 153 -1 -1 -1 156 -1 -1 -1 160 107 -1 -1 -1 -1 -1 -1 -1 -1 -1 -1 -1 -1 -1 -1 -1 -1 171 -1 -1 83 -1 -1 -1 78 -1 -1 -1 -1 -1 75 -1 72 188 -1 189 69 -1 -1 -1 -1 -1 -1 199 -1 -1 -1 -1 -1 -1 -1 -1 -1 213 -1 -1 -1 -1 -1 -1 -1 -1 45 225 42 -1 -1 227 -1 -1 -1 -1 -1 238 -1 239 32 -1 -1 243 -1 -1 -1 -1 -1 252 -1 -1 -1 -1 -1 -1 -1 -1 -1 -1 20 -1 17 -1 -1 272 -1 275 -1 -1 -1 -1 -1 -1 -1 -1 -1 283 -1 -1 -1 286 -1 -1 -1 292 -1 -1 -1 -1 -1 301 -1 -1 -1 -1 -1 -1 -1 312 -1 -1 -1 316 -1 318 -1 -1 -1 -1 -1 -1 -1 -1 -1 -1 -1 327 -1 -1 -1 331 -1 -1 -1 336 -1 338 -1 -1 -1 -1 -1 -1 -1 -1 -1 -1 -1 -1 -1 -1 -1 -1 79 -1 -1 -1 -1 -1 -1 -1 -1 -1 -1 -1 89 -1 -1 -1 91 -1 94 -1 -1 -1 -1 -1 -1 -1 -1 386 -1 -1 -1 -1 -1 396 -1 -1 -1 -1 111 -1 -1 -1 113 408 -1 -1 -1 -1 -1 412 -1 -1 122 -1 -1 -1 -1 426 -1 -1 129 -1 -1 433 132 -1 -1 -1 -1 437 -1 -1 -1 -1 -1 -1 -1 -1 -1 445 151 -1 -1 -1 157 -1 -1 -1 -1 -1 -1 -1 -1 -1 -1 -1 175 472 -1 -1 -1 477 -1 480 -1 -1 186 -1 187 -1 190 -1 191 -1 193 -1 -1 -1 -1 494 -1 -1 -1 -1 204 -1 -1 -1 207 -1 -1 -1 -1 -1 -1 -1 211 -1 212 -1 -1 518 -1 -1 -1 521 -1 522 -1 -1 -1 -1 -1 -1 -1 -1 -1 -1 231 -1 -1 532 -1 -1 -1 -1 -1 -1 -1 -1 -1 -1 -1 543 -1 544 -1 -1 -1 -1 -1 551 -1 -1 -1 -1 -1 -1 -1 -1 -1 -1 -1 -1 261 -1 -1 -1 -1 -1 -1 564 -1 -1 -1 568 -1 -1 270 -1 -1 -1 -1 -1 -1 -1 -1 -1 282 580 -1 -1 287 584 -1 -1 -1 -1 -1 592 -1 -1 -1 -1 -1 -1 -1 -1 -1 600 300 -1 -1 -1 -1 -1 -1 610 -1 -1 -1 -1 310 -1 -1 -1 313 -1 -1 -1 -1 -1 -1 -1 -1 -1 -1 626 -1 -1 -1 -1 332 -1 -1 -1 -1 637 -1 -1 -1 -1 -1 642 -1 -1 -1 -1 -1 -1 -1 -1 -1 -1 -1 -1 -1 -1 357 650 -1 -1 -1 654 -1 -1 -1 -1 364 -1 -1 662 -1 -1 -1 -1 371 -1 -1 -1 373 -1 -1 -1 -1 678 -1 -1 -1 -1 -1 -1 -1 -1 -1 -1 -1 -1 390 -1 -1 -1 -1 -1 -1 697 -1 698 398 -1 -1 700 -1 -1 402 703 -1 -1 -1 707 -1 -1 -1 -1 -1 711 -1 -1 -1 -1 -1 -1 -1 -1 -1 -1 -1 -1 -1 -1 -1 -1 -1 -1 -1 -1 430 -1 -1 -1 -1 -1 -1 -1 -1 -1 443 -1 -1 -1 -1 745 -1 -1 451 -1 -1 -1 -1 -1 -1 -1 -1 -1 -1 -1 -1 -1 -1 -1 -1 -1 -1 -1 466 -1 -1 -1 -1 773 470 -1 -1 -1 -1 -1 -1 -1 -1 -1 -1 -1 -1 -1 -1 -1 -1 -1 -1 787 -1 -1 -1 -1 -1 793 -1 794 -1 -1 -1 -1 -1 -1 -1 -1 -1 -1 -1 -1 -1 -1 -1 -1 -1 809 -1 -1 512 -1 -1 -1 -1 -1 -1 -1 -1 -1 -1 -1 533 -1 -1 -1 -1 -1 540 -1 542 -1 546 -1 -1 -1 -1 -1 -1 -1 -1 -1 -1 833 -1 -1 -1 -1 -1 838 -1 839 573 841 -1 -1 -1 -1 -1 -1 -1 -1 583 856 -1 -1 -1 -1 -1 -1 -1 869 -1 -1 -1 872 -1 -1 -1 -1 -1 -1 -1 -1 -1 -1 -1 881 607 -1 -1 -1 -1 -1 -1 -1 -1 890 -1 -1 624 893 -1 -1 -1 -1 -1 -1 631 903 -1 -1 635 -1 636 -1 -1 -1 639 -1 651 -1 -1 -1 -1 -1 -1 -1 -1 -1 -1 -1 -1 -1 -1 -1 665 -1 -1 -1 -1 -1 669 -1 670 942 -1 -1 -1 -1 -1 -1 -1 -1 -1 -1 -1 -1 -1 -1 689 -1 -1 -1 691 957 -1 -1 -1 -1 -1 -1 706 -1 -1 -1 -1 -1 -1 -1 -1 -1 -1 -1 -1 -1 -1 -1 729 -1 730 -1 -1 -1 -1 -1 -1 994 -1 -1 -1 -1 -1 -1 -1 -1 -1 -1 -1 -1 -1 -1 -1 -1 752 -1 753 -1 -1 -1 756 -1 757 1017 -1 -1 -1 -1 -1 -1 -1 -1 -1 -1 -1 -1 -1 -1 -1 -1 -1 -1 -1 -1 -1 -1 -1 -1 -1 -1 -1 -1 -1 -1 -1 -1 -1 -1 -1 -1 807 -1 814 -1 -1 -1 817 -1 -1 1059 -1 -1 -1 -1 834 1063 -1 1067 -1 -1 842 -1 843 -1 -1 1077 -1 -1 -1 -1 -1 -1 -1 -1 852 -1 -1 -1 -1 -1 -1 -1 -1 -1 860 -1 -1 -1 -1 -1 -1 -1 -1 -1 -1 1116 -1 1117 -1 -1 -1 -1 -1 -1 -1 -1 -1 -1 -1 -1 -1 1134 -1 -1 -1 -1 -1 1142 -1 -1 898 1145 -1 -1 -1 1150 -1 -1 905 -1 -1 -1 909 -1 911 -1 -1 -1 914 -1 -1 -1 921 -1 -1 -1 -1 1171 -1 -1 -1 -1 -1 -1 -1 -1 -1 -1 -1 -1 -1 -1 -1 -1 -1 -1 -1 -1 -1 1191 -1 1192 -1 -1 -1 -1 -1 -1 -1 -1 -1 1199 -1 1201 -1 -1 -1 -1 966 -1 -1 -1 -1 -1 -1 -1 972 -1 -1 1217 -1 -1 -1 -1 979 -1 -1 -1 -1 -1 -1 -1 988 -1 -1 1234 -1 -1 -1 -1 993 -1 -1 -1 -1 -1 -1 -1 -1 -1 -1 1251 -1 -1 -1 -1 -1 -1 -1 -1 -1 1264 -1 -1 -1 1267 -1 -1 -1 -1 -1 -1 -1 1273 -1 1274 -1 1276 -1 -1 1035 -1 -1 -1 1040 -1 -1 -1 -1 -1 -1 -1 -1 -1 -1 -1 1056 -1 -1 -1 -1 -1 -1 -1 -1 -1 -1 1305 -1 -1 1069 1308 -1 -1 -1 1310 1075 -1 -1 -1 -1 -1 -1 -1 -1 -1 -1 -1 1084 -1 -1 -1 -1 -1 -1 -1 -1 -1 -1 -1 -1 -1 -1 -1 -1 -1 -1 -1 -1 -1 -1 1347 -1 -1 1105 -1 -1 1351 -1 -1 -1 1353 -1 -1 -1 1359 -1 -1 -1 -1 -1 -1 -1 -1 -1 -1 -1 -1 -1 -1 -1 -1 -1 -1 -1 -1 -1 -1 -1 -1 1136 1391 -1 1392 -1 -1 -1 1397 -1 -1 -1 1399 1147 -1 -1 -1 -1 1402 -1 -1 1158 -1 -1 -1 -1 -1 -1 -1 -1 1412 -1 -1 -1 -1 -1 -1 -1 -1 -1 1419 -1 1420 -1 1421 -1 -1 -1 -1 -1 -1 -1 -1 -1 -1 -1 -1 -1 -1 -1 -1 -1 -1 -1 -1 -1 -1 -1 -1 -1 -1 1213 -1 -1 -1 -1 -1 -1 -1 1219 -1 -1 1469 -1 -1 -1 -1 1228 -1 -1 1476 -1 -1 -1 -1 1236 -1 -1 1481 -1 1482 -1 -1 -1 -1 1244 -1 -1 -1 -1 -1 -1 -1 -1 1489 1253 1490 -1 -1 -1 -1 -1 -1 -1 -1 -1 1498 -1 -1 -1 -1 -1 -1 -1 -1 -1 -1 -1 -1 1283 -1 -1 -1 1285 1517 -1 -1 -1 1519 -1 1520 1293 -1 -1 -1 -1 -1 -1 -1 -1 -1 -1 1531 -1 -1 -1 -1 1311 -1 -1 -1 -1 -1 -1 -1 -1 1546 -1 -1 -1 -1 -1 -1 1324 -1 -1 -1 -1 -1 1331 -1 -1 1558 1335 -1 -1 -1 -1 -1 -1 -1 -1 -1 1345 -1 -1 -1 1354 -1 -1 -1 -1 -1 -1 -1 -1 -1 -1 -1 -1 -1 -1 -1 -1 1583 -1 -1 -1 -1 -1 -1 -1 1589 -1 -1 -1 1600 -1 -1 -1 -1 1382 -1 -1 -1 1386 -1 -1 1618 -1 -1 -1 1625 -1 -1 -1 -1 -1 1631 -1 -1 -1 -1 1408 -1 -1 -1 -1 1638 -1 -1 -1 -1 1423 -1 -1 -1 -1 -1 -1 -1 -1 -1 -1 -1 -1 1657 -1 -1 1437 -1 1439 -1 1441 -1 1442 -1 -1 -1 -1 -1 -1 -1 -1 1674 1452 -1 -1 -1 -1 -1 -1 1686 -1 -1 -1 -1 -1 1690 -1 -1 -1 -1 -1 -1 -1 -1 -1 1700 -1 -1 -1 1704 -1 -1 -1 -1 -1 -1 -1 -1 -1 -1 -1 -1 -1 -1 1501 1714 -1 -1 1507 1719 -1 -1 -1 1723 1512 1725 -1 1727 -1 -1 -1 1734 1523 -1 -1 -1 -1 1738 -1 -1 -1 -1 1533 -1 -1 -1 -1 -1 -1 1747 -1 -1 -1 1751 -1 1752 -1 -1 -1 -1 -1 -1 -1 -1 -1 -1 1568 -1 -1 -1 -1 1766 1573 1768 1574 -1 -1 -1 -1 -1 1581 -1 -1 -1 -1 -1 -1 -1 1591 -1 -1 -1 -1 -1 -1 -1 -1 -1 1597 -1 -1 -1 1599 -1 -1 -1 -1 1794 -1 -1 -1 -1 1606 -1 1607 -1 1609 -1 1611 -1 1612 1803 -1 -1 -1 -1 -1 -1 -1 -1 -1 -1 -1 -1 1623 -1 -1 -1 1626 -1 -1 -1 -1 1833 -1 -1 1634 1835 -1 -1 -1 -1 -1 -1 -1 1846 -1 -1 -1 -1 -1 1857 -1 -1 1653 1859 -1 -1 -1 -1 1663 -1 1666 -1 -1 1869 -1 -1 -1 -1 -1 -1 -1 -1 1675 -1 -1 -1 -1 -1 -1 -1 -1 -1 -1 -1 -1 -1 1683 -1 -1 1901 -1 -1 -1 -1 -1 -1 -1 -1 -1 -1 -1 -1 -1 -1 -1 1921 1711 -1 1715 -1 -1 -1 -1 -1 -1 -1 -1 -1 -1 -1 -1 -1 -1 -1 -1 -1 -1 -1 -1 -1 -1 1955 -1 -1 -1 -1 -1 -1 -1 -1 -1 -1 -1 -1 1754 1965 -1 -1 -1 -1 -1 -1 -1 1956 1763 -1 -1 -1 -1 -1 1778 -1 -1 -1 -1 -1 -1 -1 -1 -1 1790 -1 -1 -1 -1 1936 -1 -1 -1 -1 -1 -1 -1 1930 -1 -1 1808 -1 -1 -1 -1 -1 -1 -1 -1 -1 -1 -1 -1 -1 -1 -1 -1 1914 -1 -1 -1 -1 -1 -1 -1 -1 -1 -1 -1 1905 1832 -1 -1 1903 -1 1899 -1 1898 -1 -1 -1 -1 -1 -1 1844 -1 -1 1891 -1 -1 -1 -1 -1 -1 -1 -1 1854 -1 -1 -1 -1 -1 -1 1877 -1 -1 -1 -1 1867 -1 -1 -1 
1939
-1 -1 -1 -1 -1 -1 -1 -1 -1 -1 -1 1561 -1 -1 -1 -1 -1 1566 -1 -1 -1 -1 1528 -1 -1 -1 -1 1572 1520 1573 -1 -1 -1 -1 1517 -1 -1 -1 -1 -1 -1 -1 -1 -1 1512 1592 -1 -1 -1 -1 -1 1596 -1 1597 1500 -1 -1 1601 -1 -1 -1 1603 -1 -1 1484 -1 -1 1609 -1 -1 -1 -1 -1 1613 -1 -1 -1 -1 -1 -1 -1 -1 -1 -1 -1 -1 -1 -1 1465 1626 -1 -1 -1 -1 1458 1633 -1 -1 -1 -1 1453 -1 -1 1645 1449 -1 -1 -1 1445 -1 1442 -1 1441 1664 -1 -1 -1 -1 -1 -1 -1 -1 -1 1671 -1 1675 -1 -1 -1 -1 -1 -1 1423 -1 -1 1684 -1 -1 1416 1690 -1 -1 -1 -1 -1 -1 -1 1696 -1 -1 -1 -1 -1 -1 -1 -1 1402 -1 -1 -1 -1 -1 -1 -1 -1 -1 -1 -1 -1 -1 -1 -1 -1 1715 -1 1716 -1 -1 -1 -1 -1 -1 -1 -1 -1 -1 -1 -1 -1 -1 -1 -1 -1 -1 -1 1744 -1 -1 -1 -1 1357 -1 -1 -1 -1 -1 -1 -1 -1 -1 -1 -1 -1 -1 -1 -1 1344 1768 1342 -1 1341 -1 -1 -1 -1 -1 -1 -1 -1 -1 -1 -1 -1 -1 -1 -1 -1 1793 -1 -1 -1 -1 -1 1800 -1 -1 -1 -1 -1 1804 -1 1805 -1 1806 -1 1807 -1 -1 -1 -1 -1 -1 1297 -1 -1 1818 -1 -1 -1 -1 -1 1821 1288 -1 -1 -1 -1 -1 -1 -1 -1 -1 1275 -1 -1 -1 1272 -1 -1 -1 -1 -1 -1 -1 -1 -1 -1 1847 -1 -1 1256 -1 -1 -1 -1 1860 -1 -1 -1 1864 -1 -1 -1 -1 -1 -1 -1 -1 -1 -1 -1 -1 -1 -1 -1 -1 1218 -1 -1 -1 -1 -1 -1 1882 -1 -1 -1 -1 -1 -1 1204 1887 -1 -1 -1 -1 1199 -1 -1 -1 -1 -1 -1 -1 1187 -1 -1 -1 -1 1904 -1 -1 -1 -1 1178 -1 -1 -1 -1 -1 -1 1917 -1 1922 -1 -1 -1 -1 -1 -1 -1 -1 -1 -1 -1 -1 1160 1933 -1 -1 -1 -1 -1 -1 -1 -1 -1 1935 -1 1934 -1 -1 -1 -1 -1 -1 -1 -1 1142 1921 -1 -1 -1 -1 -1 1918 -1 -1 -1 -1 1131 1911 -1 1910 -1 -1 1127 -1 -1 -1 -1 -1 -1 1898 1119 -1 1118 -1 -1 -1 -1 -1 -1 -1 -1 -1 -1 -1 -1 -1 -1 -1 -1 1873 1100 -1 1098 -1 -1 -1 -1 1863 1094 1862 -1 -1 -1 -1 -1 -1 -1 -1 -1 -1 -1 -1 1082 -1 -1 1849 -1 1848 -1 -1 -1 -1 1071 1841 -1 -1 -1 -1 1068 -1 -1 -1 -1 -1 -1 -1 -1 -1 -1 1828 1061 -1 1060 -1 -1 1817 -1 -1 -1 -1 -1 -1 -1 -1 -1 -1 -1 -1 -1 1799 1035 -1 1032 -1 1031 -1 -1 -1 -1 -1 -1 1787 -1 -1 1026 -1 -1 -1 1022 -1 -1 -1 -1 1777 -1 -1 -1 1775 -1 -1 -1 1772 -1 1771 -1 -1 -1 -1 -1 -1 -1 1765 -1 -1 -1 -1 1001 1761 -1 1758 -1 1757 -1 -1 -1 -1 -1 1752 -1 -1 980 1746 -1 -1 976 -1 -1 -1 -1 -1 -1 -1 -1 1734 -1 -1 969 -1 -1 1729 -1 -1 -1 -1 961 -1 -1 1725 956 1723 -1 -1 -1 -1 -1 -1 949 -1 -1 -1 -1 -1 944 -1 -1 -1 -1 -1 -1 -1 935 -1 -1 -1 -1 -1 -1 -1 -1 -1 -1 -1 -1 -1 -1 -1 -1 -1 -1 -1 -1 -1 -1 1673 -1 -1 -1 1668 -1 -1 -1 -1 -1 -1 908 -1 -1 1659 -1 1658 -1 -1 -1 -1 896 -1 -1 1653 -1 -1 -1 -1 -1 -1 -1 -1 -1 -1 -1 -1 885 -1 -1 -1 -1 -1 -1 -1 -1 -1 -1 -1 877 -1 -1 1632 -1 -1 -1 1630 -1 -1 -1 -1 -1 -1 -1 -1 -1 -1 -1 -1 858 -1 857 -1 -1 -1 -1 -1 -1 -1 -1 -1 -1 -1 -1 -1 840 -1 -1 1587 837 -1 834 -1 832 1580 831 -1 -1 -1 -1 1576 -1 -1 -1 -1 -1 1567 -1 -1 -1 -1 -1 -1 -1 -1 -1 -1 -1 -1 -1 1554 811 -1 -1 -1 -1 -1 -1 1545 -1 -1 802 -1 -1 -1 799 -1 -1 -1 -1 -1 -1 -1 -1 -1 -1 -1 -1 -1 -1 -1 -1 -1 779 1510 -1 -1 -1 -1 774 -1 -1 -1 770 1502 -1 -1 -1 -1 -1 -1 -1 -1 760 -1 -1 -1 753 -1 -1 -1 -1 -1 -1 -1 -1 -1 -1 -1 -1 1483 -1 -1 737 -1 -1 1476 -1 -1 -1 -1 -1 -1 -1 1464 -1 1462 -1 -1 726 -1 -1 -1 -1 -1 -1 -1 -1 -1 713 -1 712 -1 -1 -1 -1 -1 -1 -1 -1 -1 -1 -1 -1 -1 -1 -1 -1 -1 -1 -1 -1 -1 -1 -1 681 -1 -1 -1 -1 -1 -1 1413 -1 -1 -1 1407 674 1406 672 1405 -1 1397 -1 -1 -1 1394 -1 1393 666 -1 -1 1387 -1 -1 -1 -1 -1 1380 -1 -1 -1 1374 -1 -1 -1 -1 -1 -1 -1 1370 -1 -1 -1 -1 -1 -1 -1 -1 -1 -1 -1 -1 631 -1 -1 1358 626 -1 -1 -1 -1 -1 617 -1 -1 -1 -1 -1 -1 -1 -1 -1 607 -1 -1 -1 -1 1335 599 -1 -1 1329 -1 -1 -1 -1 -1 -1 -1 -1 -1 -1 -1 -1 -1 -1 -1 -1 585 -1 -1 1312 -1 1310 -1 -1 -1 1303 -1 -1 -1 1299 -1 -1 -1 1295 -1 1294 566 -1 -1 -1 -1 -1 -1 -1 556 -1 555 1283 554 1280 -1 -1 550 1277 -1 -1 -1 -1 -1 1271 -1 -1 -1 1269 -1 1268 -1 1267 -1 1264 -1 -1 -1 -1 -1 -1 -1 -1 527 -1 -1 -1 -1 1249 -1 -1 -1 -1 -1 -1 -1 -1 -1 -1 -1 -1 -1 -1 -1 -1 -1 -1 -1 -1 -1 -1 -1 1233 -1 -1 -1 -1 -1 -1 487 -1 -1 -1 -1 1223 -1 -1 -1 -1 -1 -1 -1 -1 -1 -1 -1 -1 -1 -1 -1 -1 460 -1 -1 1205 457 -1 -1 -1 -1 -1 -1 -1 -1 -1 -1 1193 -1 -1 -1 1191 -1 -1 -1 1188 435 1185 433 1183 -1 -1 -1 -1 -1 1175 -1 1174 -1 -1 421 -1 -1 -1 419 -1 418 -1 -1 1159 -1 -1 -1 -1 412 1152 -1 1150 -1 -1 -1 -1 -1 1141 -1 -1 -1 1135 -1 -1 -1 -1 -1 1129 -1 -1 -1 -1 -1 -1 -1 -1 -1 -1 -1 -1 -1 -1 -1 -1 -1 -1 -1 -1 -1 -1 -1 -1 -1 1102 -1 -1 -1 -1 -1 -1 -1 1089 -1 -1 346 -1 345 -1 -1 -1 -1 -1 341 1078 -1 -1 339 -1 -1 -1 -1 -1 -1 1058 -1 -1 -1 -1 325 -1 -1 -1 -1 -1 -1 -1 -1 -1 -1 1046 -1 -1 -1 -1 312 -1 310 -1 304 -1 -1 -1 302 -1 -1 -1 -1 1033 292 -1 -1 -1 -1 -1 -1 -1 -1 -1 -1 -1 -1 1009 -1 1008 -1 -1 -1 -1 -1 -1 -1 996 -1 -1 270 -1 269 992 -1 991 264 -1 -1 -1 261 988 -1 -1 -1 985 258 -1 -1 981 -1 -1 -1 977 -1 974 248 -1 -1 966 -1 -1 -1 -1 -1 960 -1 -1 -1 -1 -1 -1 -1 -1 -1 950 226 -1 -1 -1 -1 942 -1 -1 -1 940 -1 939 -1 -1 -1 927 210 -1 -1 -1 208 918 -1 917 -1 -1 -1 913 -1 -1 199 911 -1 -1 -1 -1 195 -1 -1 -1 192 900 -1 899 -1 -1 -1 -1 185 -1 -1 -1 -1 -1 179 881 -1 -1 -1 -1 -1 -1 170 870 -1 -1 -1 -1 164 -1 -1 -1 -1 -1 161 -1 -1 856 -1 -1 -1 -1 -1 -1 156 -1 153 -1 -1 -1 -1 -1 -1 -1 -1 -1 -1 838 -1 -1 -1 835 -1 -1 -1 -1 132 825 -1 823 -1 -1 -1 -1 -1 815 123 814 -1 -1 -1 809 -1 -1 -1 -1 -1 -1 109 -1 -1 -1 -1 -1 105 -1 -1 -1 -1 -1 99 787 89 -1 -1 -1 87 -1 83 780 -1 -1 -1 -1 -1 -1 -1 771 72 -1 -1 765 70 764 -1 -1 -1 -1 -1 -1 -1 -1 -1 -1 61 -1 -1 -1 -1 752 -1 -1 -1 -1 -1 -1 -1 -1 -1 -1 -1 -1 40 -1 -1 -1 -1 -1 -1 -1 30 725 -1 -1 -1 -1 27 -1 -1 -1 -1 -1 -1 715 -1 714 -1 -1 -1 710 -1 -1 -1 -1 -1 -1 -1 700 -1 -1 -1 -1 -1 -1 -1 -1 -1 -1 -1 -1 -1 690 15 -1 -1 -1 -1 -1 -1 -1 -1 -1 -1 -1 -1 -1 25 -1 -1 -1 -1 -1 34 -1 -1 -1 -1 -1 37 656 -1 -1 -1 -1 -1 -1 45 -1 -1 -1 -1 -1 50 646 -1 -1 55 -1 -1 -1 -1 -1 -1 -1 -1 -1 -1 -1 -1 629 -1 -1 -1 -1 77 -1 -1 -1 80 -1 -1 -1 -1 -1 84 -1 -1 614 -1 -1 -1 -1 -1 -1 -1 -1 93 -1 -1 -1 -1 603 -1 -1 -1 -1 -1 -1 -1 -1 -1 -1 -1 -1 -1 581 -1 -1 -1 -1 -1 -1 -1 -1 117 -1 -1 -1 -1 -1 -1 -1 125 -1 -1 -1 130 -1 -1 -1 -1 -1 -1 553 -1 -1 141 -1 -1 -1 -1 543 145 -1 -1 -1 -1 -1 -1 -1 -1 -1 -1 -1 -1 -1 -1 -1 -1 522 -1 521 -1 -1 172 -1 -1 -1 -1 -1 -1 512 181 -1 -1 -1 -1 -1 186 -1 -1 -1 -1 -1 -1 -1 -1 -1 -1 -1 201 -1 202 -1 -1 -1 -1 -1 -1 -1 214 486 -1 -1 -1 -1 217 -1 -1 -1 224 -1 -1 -1 -1 474 -1 473 -1 469 -1 468 -1 -1 236 -1 -1 -1 241 462 -1 -1 -1 -1 -1 -1 249 -1 -1 -1 -1 -1 -1 -1 -1 -1 -1 -1 -1 -1 266 442 -1 -1 277 -1 -1 -1 -1 -1 281 -1 -1 431 -1 -1 -1 -1 -1 -1 -1 -1 -1 -1 -1 -1 295 410 296 -1 -1 408 -1 -1 -1 -1 -1 401 -1 400 307 397 -1 396 309 395 311 -1 -1 -1 318 -1 -1 -1 323 -1 -1 -1 -1 -1 -1 -1 -1 -1 330 -1 -1 -1 -1 -1 335 -1 337 -1 342 -1 -1 -1 -1 -1 -1 -1 -1 359 -1 -1 -1 -1 -1 
