261190398
792249326
404394990
765777787
179481300
8337448
144503889
514288976
809572737
572375004
356922162
576161919
26865880
430963678
447995998
667062736
94057723
337085579
538442606
107707450
641204904
41770516
219366712
590998434
571403316
687804458
148739906
882862628
565155980
905872030
42205949
848015002
85089519
92649210
506053149
712656528
897805465
561929620
0
53721104
230462214
0
52763851
959514370
460245201
650130452
142938573
958449669
988222473
441186650
930808224
291722613
911734089
809572737
958449669
358739340
835291469
789024713
62135875
662410976
535967833
999728207
0
993219056
650667516
994928896
724976508
601389369
511479729
865793701
656151195
915575640
0
823994050
92415872
791797659
844101432
740699739
0
469113923
727913564
965724435
936136114
687770324
520199742
501670447
22985047
0
205024793
787934389
829754427
664402678
966676561
0
507367207
415437288
809572737
619687928
997797103
207835803
611624468
922413976
906355112
168471018
400977220
521039313
675425711
113837116
989969146
709863091
665541292
997635223
383077548
768069767
722549209
235274765
347071641
438004840
633484488
823598989
85089519
43442170
458617318
445529933
0
0
0
507367207
236457197
652185714
832890293
356992763
335368420
69015656
685635743
873267600
107831578
964655871
85089519
8590178
507367207
242674364
809572737
836351585
85089519
312457789
843599872
761867369
916306531
705023210
0
926192325
0
632696340
805861407
632696340
85089519
21605609
547310850
288664797
126017787
633739431
140206696
384315596
10687765
97634946
996316254
371023262
809572737
86473365
0
69448156
914706043
847475439
405743882
976475099
953245353
509437237
958449669
751857457
683510801
824318300
835291469
56956845
264287548
625778692
0
5529952
40948210
78507472
497896768
689710462
954810049
422520356
973896049
459440634
903790658
475598846
0
276209969
650667516
598238864
0
674010461
106139644
507367207
357700691
212088239
39024219
605864069
414080921
945921503
822766280
588950135
90016970
216215576
610539267
59092427
969472648
276839433
961359693
36510195
823675964
214349259
0
871056722
0
0
855708331
507367207
325484830
244932130
184914260
0
140185217
616052319
650667516
958449669
324357471
32974963
0
835291469
590331931
283555536
26175458
996973019
202325052
665541292
522204246
248415266
835291469
729352684
915882550
928247851
254845053
539797702
763979569
25203277
630014923
459137487
286340735
408678284
659727312
385702698
208701322
936707379
937770989
774800606
384628726
305263375
986891212
207770366
888020071
0
856827738
926546226
926192325
376915921
716461633
748892103
511289187
521338608
356428861
586354534
803042045
725100565
0
704666822
244065922
926192325
835291469
0
195905178
211917909
799015502
26999511
535463556
764163522
620119571
902605961
665541292
898897338
595989475
731552406
171958519
429805198
793140378
882344110
140773614
568902823
14763646
255124893
714653367
53721104
146619640
28918169
613883374
958449669
625050182
368810985
32732976
901767756
0
735332334
986039226
835291469
349811612
731663329
958449669
395899293
0
942859087
524979930
632696340
436579906
390121488
791688861
702230874
902873462
790912130
850147150
43506318
685494326
84794846
11415396
62831664
434907359
555795216
0
926192325
713802982
108877065
161195281
308018020
632696340
305599668
0
85089519
242992088
703397925
52539894
663383660
959609284
610444913
940266489
61663467
700200825
0
128047805
136468159
284641758
205158483
200809146
0
407119429
138735878
477134141
492672865
998195897
632696340
0
835312779
360831650
0
879999665
397474265
996992658
604257344
247320110
464227475
987504664
436579906
349407451
512182364
483809069
364763400
470648500
775568918
0
0
733292250
688426858
261148092
53090449
535037552
961814140
882630983
208964444
428795382
830176188
984600962
644277950
466925754
268091881
380835888
816935449
616772244
167819660
660803250
626885157
831152935
771440606
680473198
290029064
484380348
926192325
195389208
520563349
270931951
165991029
690314637
428134819
313516810
95397603
737215879
602719582
155674579
53721104
124300183
134504155
932883299
834538498
0
0
760406639
373336415
448301468
975062335
149228763
809572737
766171809
980412411
398368937
788612503
269384424
78106212
902334541
297831349
0
466444121
436579906
781379118
186456195
321869403
968346062
34493232
594487187
170241118
163278544
756077994
693469784
761907801
60513916
952305383
799729043
422193766
924102826
0
77122755
236907451
262934500
220915699
833235669
442824270
182843490
810161579
25753627
933332859
368196402
239196195
360015969
45663160
880990053
835291469
371224464
323420579
0
772007026
787030242
391472599
214442922
396751528
254714338
865133607
0
256349114
635259800
499761539
687818824
338079502
436579906
79475542
706594330
481979879
799147156
141631180
358829714
780405768
791381757
737336949
1205360
507367207
711769495
304735976
704492175
958449669
214711632
640920713
514124674
508532567
147888330
155817933
53721104
308479818
464472322
660725672
413124863
0
370837101
937448119
290063773
431590854
0
357637651
958449669
256174044
359477820
88878840
665641990
669738459
561756213
248979705
900090179
856762489
261787610
631060234
431767472
663075743
344724214
86363926
0
966275695
133915328
996810713
768352708
576769804
883727837
47507970
395178330
658753758
436579906
910013339
526251315
469166945
489087357
101520482
546550444
53721104
527226705
429965430
478756724
883379822
150925693
809572737
687003110
803950544
0
426311
343240818
463163092
958449669
109809003
272873911
470308040
92279617
822643762
63738101
442494727
917523500
293634413
701571694
958449669
0
279300542
959973351
996293598
6691566
650667516
450004254
54095878
136710387
118731833
0
316159181
726648328
472290716
880937998
6269097
554053580
234976678
809572737
0
71363284
525858088
0
0
199800895
145211207
342873133
958449669
809572737
772385789
441339481
926192325
30897328
806074020
888667911
996114859
950520532
903854262
424664631
403947410
882093981
769746901
735976211
912721407
764350192
632696340
237701641
835987916
650667516
903114496
751440290
810458425
270894002
432813192
5889299
154019448
103513010
0
508634990
607153255
697539235
326259104
266859630
926192325
695396711
20090161
214136939
434196817
238754457
364266501
788085134
0
149410297
0
473929451
683726884
85089519
566879454
946738188
101192503
543300533
491848735
12880243
552354013
867529030
302433830
349069823
97870826
575840809
723980197
974531291
283257550
298602151
699228704
395456133
12144877
926192325
245513387
660492811
801219653
826979313
35224702
831067616
526471403
519261176
396813662
735763451
247935035
685934467
941762088
650667516
532548165
473466770
483644713
174850001
459149384
387226579
850267550
67419042
283281211
124094222
256726768
127483794
766962568
542518813
477198323
735289743
85089519
88927634
934674646
453655003
731095247
281114747
780065497
437666772
922139272
41663734
811772044
796112387
890140601
214079433
337437390
665067615
683816998
436579906
0
775065405
584534677
816308440
698925170
918531009
759478746
912727713
701790366
341956158
929693922
739776226
19567611
632696340
149584723
252044619
214284472
978051993
579981173
698285370
306404436
210771038
765848998
359291344
951645218
278163110
436579906
239795848
241462685
965296421
637973032
912830697
615163989
236230051
56131381
0
721827566
236887744
413853809
35517263
68417884
154052523
501393448
868608171
263261431
444060735
74917084
809572737
523519789
209819041
698622396
60646590
78103778
498943652
887871646
612764249
53492571
645440863
439549346
826578698
348753493
570737851
904185929
777779475
0
958449669
804792661
51280855
881751037
168553345
26191925
958449669
382650016
144521199
71329192
385765384
740194329
256913773
423552620
376387336
665541292
0
852461968
568832558
684765680
436579906
927349056
168054790
458283070
128332234
0
139690805
835291469
738169299
27974012
650667516
404001971
248146152
279134469
0
781816240
281082815
587111933
320627086
77035003
382915430
956758120
916383800
790012407
758029779
179291246
839629070
199013348
0
660244994
409693654
143924711
507367207
887383841
836059055
575244364
218822561
133315277
435798363
926192325
243643117
442596817
962746153
208390290
0
850194425
842697882
549181726
949473931
914878891
455333140
764462641
171577118
371056843
221817761
751218511
550516834
842347159
0
958449669
348665916
627180333
899972050
109073240
106277810
835291469
648167779
751104398
750480468
8670567
372126299
0
56384424
335970346
834569991
436579906
480887962
835291469
20886421
0
4029909
880998594
470687713
618967266
194429589
980651640
243357608
287549317
800796254
641074236
812112553
180992315
926192325
401630209
0
392727244
624551831
854438790
277008889
179212852
650667516
525166599
852699972
501736731
436579906
764486519
175467325
556209581
139152601
650667516
958449669
177224353
0
331274971
343202376
511666988
116054122
961660317
494830378
269843873
0
364619154
0
648682891
315540975
225498624
972929673
41084391
587512896
632696340
1355654
51386929
485150255
882832485
779911985
0
899643035
85089519
72205985
627091925
217884268
436579906
775305435
833629822
378401680
585180904
958449669
436579906
749914941
218072480
861754229
447930569
673191489
0
677360350
773159195
328973811
796638655
898278973
539341356
176887632
53530545
559381379
136977556
340353013
557748628
0
753992435
249059906
228826031
210442278
481663745
272654561
665541292
674794658
316874303
497514184
33505507
922617414
958766823
618393702
708019639
437377520
349361134
613459641
0
183202026
705102612
335503416
281383693
726837500
437866974
102315957
622117413
719397575
955439107
394323859
821627575
40910800
835291469
853262191
311576196
970693520
920099751
740674169
460796328
958449669
0
774949279
538429538
367672252
152834698
899145127
364827645
235407649
809572737
888306664
378676360
129795004
618753161
876407532
346977190
921430793
574996865
203744052
578018072
51205175
301719101
143008486
962701574
5264777
723424112
487686545
702398807
0
0
544038541
173828888
650667516
432659331
650667516
821573836
347889981
499537090
8847136
832567057
600564640
967278071
634983591
507367207
812588037
985510625
342950049
974625648
423633307
958449669
451415698
990910003
634531276
469718051
677321731
876477027
112277374
655597792
497040745
144352476
824408322
10855107
507367207
835291469
0
815503133
817828368
0
587488194
809572737
958449669
884027578
515166119
963727696
65429464
295811563
0
507367207
669461290
659921463
364080346
0
716602190
808723786
188192574
708224709
644264447
316511666
794047296
738695676
11916102
918366353
507367207
840322886
16854356
831931116
594824264
527857308
262357636
835291469
38775964
377723363
29466999
970631383
958685911
386471554
555606331
191905438
85089519
866135488
85089519
320734824
289386440
871661467
398311760
817504799
106561012
682985622
0
774140263
781891707
650667516
191214984
940197854
62980294
773960041
789686897
0
289830352
868246264
139464773
0
719070975
392524650
412453403
926192325
507367207
513901480
362700252
570131992
854093849
859136404
294564781
363629724
436579906
122717500
15951215
77415821
984221085
306149948
66237013
665541292
303396108
492223499
894515346
311877585
893763600
384846232
206656621
939895577
347689796
0
399255552
526603646
187887684
638501644
792115688
303850704
53721104
0
0
849521433
787145632
730668316
352782720
410263541
798364697
926917441
718814997
85089519
603366188
508380749
507367207
319579652
0
436579906
189965852
401079578
530164432
765959993
665541292
431260024
85089519
308541470
693085598
211231719
775138811
885016136
109349906
835291469
828499812
619433237
743484606
611767543
0
433844556
926192325
418668615
631209224
635784806
929364130
61151567
682225849
889909531
595192265
0
682468483
89210345
173632693
438688090
632696340
632696340
451857233
434935797
332450673
835291469
466415288
0
728472379
966213745
28377745
386810866
410253026
942261303
189677587
937345881
599348514
529188345
313236061
49423668
270753205
515715432
944741086
809572737
108719200
248437427
206256588
909306615
504367758
570115078
738699069
115412895
726095396
929390324
944358548
665541292
199209300
322862368
959517553
478201150
650667516
147942635
350846411
104642763
0
681646645
926192325
140204949
843775354
496395542
773931122
741203713
652721210
515322815
341638646
202996066
436579906
448263964
478079932
660090097
231187736
61497505
532496597
844536075
225614059
442940422
63269183
958449669
307808399
804142400
305668358
650667516
554125755
576034668
515175044
827907375
82737107
835291469
0
857187576
98512535
834302251
893492287
850709943
922806376
914260964
549288253
769812334
987323826
536114042
809572737
927482797
244468728
776382950
936081061
277881761
206377973
926192325
251356925
632696340
650019919
803593739
425203124
547218418
356882655
35982336
588382990
556059444
421282703
809572737
471259166
53721104
512132511
727386733
635870598
259393118
958449669
579511927
793110925
975835419
809572737
267884076
977926251
93401419
641167710
34937502
926192325
789402604
632696340
771707007
466694817
0
942399830
812273015
806720876
320266402
809572737
29488469
958449669
522737205
382779678
476072131
473477520
660523672
0
819613891
137181233
984236842
941867079
751160079
948108657
221483321
856754312
376075208
842071710
563598623
910169400
809572737
260344610
0
270331951
812019516
0
642650399
617427705
638755514
329321938
25339814
436579906
81344789
715540390
72553320
320977440
672350887
952010645
835291469
796881770
403797160
984290666
0
0
436579906
483636682
314674857
169279539
602022888
353230729
542663447
631145097
74958715
404711030
277011314
747361927
809572737
776418394
647610323
209151154
177637542
44558376
815976757
730625549
828666229
219423925
243228768
241214578
632696340
511229999
339431557
673774297
968339188
751479816
665541292
952320374
629321330
982137271
340235857
272708889
242807834
713681396
599227092
626531625
0
359145969
650667516
503131772
732044966
926192325
338546611
50127493
926322628
48683715
389215043
653477824
632696340
985231945
82181853
90196026
650667516
95748674
489866308
762389000
207990287
28163692
835291469
917637826
809572737
255281035
53721104
185120517
464948026
206501631
650667516
636290775
431918005
551654429
263377603
370971262
474503242
0
763735739
686954270
759979382
715482741
92141615
779994355
421928611
989737402
461161409
79834091
357849203
632696340
0
46653418
948015362
653405886
0
8827355
379834052
951137495
138226330
693292236
926192325
786535586
167008066
835291469
821247228
918595705
726600388
508307955
892964736
1445725
828090941
832918739
979813955
517153137
564086705
365729125
436579906
325629159
957702827
337420573
944389727
156031859
0
0
750083457
515933426
697613160
311395836
791635996
581321097
515864893
692107722
815098418
357917528
861480863
120592426
875932479
28790547
819727141
501206313
292720555
83297653
467779293
707021153
665541292
288331642
724878780
389639315
131148049
383747288
368580557
241565586
788365767
217404314
420765347
599540661
323696691
702046745
291402802
999279387
22788860
507367207
955480847
436579906
580825424
519211524
32082848
415031984
13340567
547022010
277363181
0
47323656
199208974
641071724
367952406
132478665
994437264
0
818536167
770770533
0
835291469
215091047
296222019
800141354
589103948
746060027
835291469
0
964725655
943801421
5700707
632696340
568819657
114097794
434910506
576802753
461074822
784973838
714969749
562105184
293430654
521514694
311179413
926192325
650667516
548031178
436579906
507367207
684254650
0
882354822
120451074
668425418
349646813
997258545
85089519
53721104
182905164
601842403
356108263
677764472
743989191
0
294244168
0
85089519
843182329
862253962
0
0
1315178
430786674
330301700
878780103
328059690
732156270
995463469
311736369
835291469
809572737
296042470
672922913
166181567
616780573
364047948
432929445
409390865
0
830441608
371510125
970339495
926192325
950841452
139033517
632696340
700621508
0
730599
665085602
372031248
319673259
811050104
514872856
926147250
882541784
605877393
478573237
184639126
484243477
64676340
665541292
650667516
413457394
190394629
507367207
391707252
580360992
558867530
535112826
323319813
0
926192325
881766371
956122118
4466312
252093688
764573773
161840594
753877852
280151078
694615200
164725351
0
453935562
484852830
647041762
331871070
384922663
609603139
914942212
65061992
718588916
436579906
887316375
64186423
858100604
253177552
0
665541292
298061538
665541292
858566248
545649302
958449669
656373178
0
87727266
450493059
730188960
500502169
855586891
673478169
653875152
329472823
997400596
835291469
369066342
369459628
576904320
767850941
932020876
227020485
0
507367207
587973701
82593530
60575825
999183623
44264303
982343136
0
248763194
939350047
835291469
799534397
606972358
411176570
56818025
552647037
249488094
585320742
505515342
592463361
154134268
461601963
28924924
723050605
427980487
438647639
67156781
853166806
710781307
809572737
0
391301072
464476881
632696340
587656524
650667516
631715012
0
697727261
600992545
647006981
270881137
0
0
430161730
1933510
604872321
0
622632219
330717521
105892341
691138607
831694783
727811547
244560774
532573254
883756320
85089519
835291469
541389199
360534790
725101012
313220632
772724154
703867695
632696340
335887920
244203613
208233373
606524019
780436472
137025358
734021199
926192325
401929466
555692836
357993163
632696340
791261559
481864679
445257230
485029713
0
699821659
603607110
220724389
856685520
436579906
36177218
618555557
689018017
648240176
157303447
864863475
42972202
545524362
371599952
542859338
537040361
591820149
835291469
118588021
612411256
0
877717906
424576175
0
809572737
227282178
29414424
203774667
0
229871334
516709445
430583124
650667516
0
507367207
93539928
660416011
582081264
39929803
53721104
257295280
938562154
865262793
950587802
893380101
682509677
935074181
552347803
0
580311972
466320969
419396621
0
46771161
835291469
832974387
917200545
869840733
53721104
37432604
0
773332535
436579906
107908052
676315837
680052533
537255810
397365409
665541292
312788819
868895425
176619150
422553246
420959866
818578029
0
502818552
900783309
89558512
520464006
462550961
369858859
474333097
202391981
663403033
788801091
0
616834107
987446422
75148977
149736726
49097617
884302332
0
154805769
288598718
694701842
478656330
748384229
227717022
445641593
372276318
970219805
958449669
665541292
934286983
832898872
0
712478260
254967579
316614253
700714817
178928041
949839260
44975595
71162258
357259883
618122085
491073082
616527941
270716806
28328163
34641551
0
342461412
967070474
404096717
607065191
157855523
744926542
867923736
413985470
835291469
810820854
989268194
41727161
408113591
787756511
47214213
760947069
364551318
86486920
397945922
827963215
291316505
