200 1 1
1 2
1 3
1 4
4 5
1 6
2 7
6 8
4 9
3 10
9 11
8 12
8 13
1 14
7 15
9 16
6 17
15 18
8 19
12 20
4 21
8 22
2 23
21 24
5 25
18 26
17 27
19 28
3 29
15 30
1 31
9 32
17 33
16 34
31 35
7 36
22 37
36 38
12 39
13 40
28 41
8 42
16 43
12 44
13 45
30 46
4 47
9 48
36 49
44 50
48 51
47 52
36 53
19 54
53 55
50 56
48 57
3 58
36 59
1 60
52 61
20 62
4 63
60 64
47 65
47 66
11 67
29 68
63 69
29 70
53 71
36 72
43 73
70 74
70 75
41 76
23 77
27 78
27 79
23 80
23 81
62 82
71 83
76 84
28 85
23 86
17 87
72 88
30 89
57 90
69 91
62 92
49 93
87 94
25 95
30 96
38 97
37 98
20 99
40 100
2 101
81 102
37 103
48 104
63 105
67 106
1 107
42 108
75 109
9 110
31 111
97 112
66 113
61 114
36 115
39 116
103 117
59 118
100 119
77 120
95 121
102 122
76 123
120 124
75 125
119 126
94 127
40 128
92 129
6 130
97 131
3 132
33 133
37 134
16 135
80 136
122 137
83 138
69 139
105 140
74 141
134 142
14 143
130 144
94 145
134 146
69 147
20 148
24 149
53 150
116 151
68 152
135 153
7 154
151 155
50 156
118 157
114 158
58 159
63 160
104 161
39 162
67 163
77 164
158 165
5 166
110 167
111 168
60 169
39 170
135 171
84 172
88 173
89 174
124 175
14 176
144 177
167 178
172 179
151 180
15 181
144 182
172 183
146 184
169 185
126 186
70 187
55 188
109 189
125 190
146 191
133 192
9 193
139 194
183 195
94 196
172 197
52 198
93 199
86 200
