5000 1 1
1 2
2 3
3 4
4 5
5 6
6 7
7 8
8 9
9 10
10 11
11 12
12 13
13 14
14 15
15 16
16 17
17 18
18 19
19 20
20 21
21 22
22 23
23 24
24 25
25 26
26 27
27 28
28 29
29 30
30 31
31 32
32 33
33 34
34 35
35 36
36 37
37 38
38 39
39 40
40 41
41 42
42 43
43 44
44 45
45 46
46 47
47 48
48 49
49 50
50 51
51 52
52 53
53 54
54 55
55 56
56 57
57 58
58 59
59 60
60 61
61 62
62 63
63 64
64 65
65 66
66 67
67 68
68 69
69 70
70 71
71 72
72 73
73 74
74 75
75 76
76 77
77 78
78 79
79 80
80 81
81 82
82 83
83 84
84 85
85 86
86 87
87 88
88 89
89 90
90 91
91 92
92 93
93 94
94 95
95 96
96 97
97 98
98 99
99 100
100 101
101 102
102 103
103 104
104 105
105 106
106 107
107 108
108 109
109 110
110 111
111 112
112 113
113 114
114 115
115 116
116 117
117 118
118 119
119 120
120 121
121 122
122 123
123 124
124 125
125 126
126 127
127 128
128 129
129 130
130 131
131 132
132 133
133 134
134 135
135 136
136 137
137 138
138 139
139 140
140 141
141 142
142 143
143 144
144 145
145 146
146 147
147 148
148 149
149 150
150 151
151 152
152 153
153 154
154 155
155 156
156 157
157 158
158 159
159 160
160 161
161 162
162 163
163 164
164 165
165 166
166 167
167 168
168 169
169 170
170 171
171 172
172 173
173 174
174 175
175 176
176 177
177 178
178 179
179 180
180 181
181 182
182 183
183 184
184 185
185 186
186 187
187 188
188 189
189 190
190 191
191 192
192 193
193 194
194 195
195 196
196 197
197 198
198 199
199 200
200 201
201 202
202 203
203 204
204 205
205 206
206 207
207 208
208 209
209 210
210 211
211 212
212 213
213 214
214 215
215 216
216 217
217 218
218 219
219 220
220 221
221 222
222 223
223 224
224 225
225 226
226 227
227 228
228 229
229 230
230 231
231 232
232 233
233 234
234 235
235 236
236 237
237 238
238 239
239 240
240 241
241 242
242 243
243 244
244 245
245 246
246 247
247 248
248 249
249 250
250 251
251 252
252 253
253 254
254 255
255 256
256 257
257 258
258 259
259 260
260 261
261 262
262 263
263 264
264 265
265 266
266 267
267 268
268 269
269 270
270 271
271 272
272 273
273 274
274 275
275 276
276 277
277 278
278 279
279 280
280 281
281 282
282 283
283 284
284 285
285 286
286 287
287 288
288 289
289 290
290 291
291 292
292 293
293 294
294 295
295 296
296 297
297 298
298 299
299 300
300 301
301 302
302 303
303 304
304 305
305 306
306 307
307 308
308 309
309 310
310 311
311 312
312 313
313 314
314 315
315 316
316 317
317 318
318 319
319 320
320 321
321 322
322 323
323 324
324 325
325 326
326 327
327 328
328 329
329 330
330 331
331 332
332 333
333 334
334 335
335 336
336 337
337 338
338 339
339 340
340 341
341 342
342 343
343 344
344 345
345 346
346 347
347 348
348 349
349 350
350 351
351 352
352 353
353 354
354 355
355 356
356 357
357 358
358 359
359 360
360 361
361 362
362 363
363 364
364 365
365 366
366 367
367 368
368 369
369 370
370 371
371 372
372 373
373 374
374 375
375 376
376 377
377 378
378 379
379 380
380 381
381 382
382 383
383 384
384 385
385 386
386 387
387 388
388 389
389 390
390 391
391 392
392 393
393 394
394 395
395 396
396 397
397 398
398 399
399 400
400 401
401 402
402 403
403 404
404 405
405 406
406 407
407 408
408 409
409 410
410 411
411 412
412 413
413 414
414 415
415 416
416 417
417 418
418 419
419 420
420 421
421 422
422 423
423 424
424 425
425 426
426 427
427 428
428 429
429 430
430 431
431 432
432 433
433 434
434 435
435 436
436 437
437 438
438 439
439 440
440 441
441 442
442 443
443 444
444 445
445 446
446 447
447 448
448 449
449 450
450 451
451 452
452 453
453 454
454 455
455 456
456 457
457 458
458 459
459 460
460 461
461 462
462 463
463 464
464 465
465 466
466 467
467 468
468 469
469 470
470 471
471 472
472 473
473 474
474 475
475 476
476 477
477 478
478 479
479 480
480 481
481 482
482 483
483 484
484 485
485 486
486 487
487 488
488 489
489 490
490 491
491 492
492 493
493 494
494 495
495 496
496 497
497 498
498 499
499 500
500 501
501 502
502 503
503 504
504 505
505 506
506 507
507 508
508 509
509 510
510 511
511 512
512 513
513 514
514 515
515 516
516 517
517 518
518 519
519 520
520 521
521 522
522 523
523 524
524 525
525 526
526 527
527 528
528 529
529 530
530 531
531 532
532 533
533 534
534 535
535 536
536 537
537 538
538 539
539 540
540 541
541 542
542 543
543 544
544 545
545 546
546 547
547 548
548 549
549 550
550 551
551 552
552 553
553 554
554 555
555 556
556 557
557 558
558 559
559 560
560 561
561 562
562 563
563 564
564 565
565 566
566 567
567 568
568 569
569 570
570 571
571 572
572 573
573 574
574 575
575 576
576 577
577 578
578 579
579 580
580 581
581 582
582 583
583 584
584 585
585 586
586 587
587 588
588 589
589 590
590 591
591 592
592 593
593 594
594 595
595 596
596 597
597 598
598 599
599 600
600 601
601 602
602 603
603 604
604 605
605 606
606 607
607 608
608 609
609 610
610 611
611 612
612 613
613 614
614 615
615 616
616 617
617 618
618 619
619 620
620 621
621 622
622 623
623 624
624 625
625 626
626 627
627 628
628 629
629 630
630 631
631 632
632 633
633 634
634 635
635 636
636 637
637 638
638 639
639 640
640 641
641 642
642 643
643 644
644 645
645 646
646 647
647 648
648 649
649 650
650 651
651 652
652 653
653 654
654 655
655 656
656 657
657 658
658 659
659 660
660 661
661 662
662 663
663 664
664 665
665 666
666 667
667 668
668 669
669 670
670 671
671 672
672 673
673 674
674 675
675 676
676 677
677 678
678 679
679 680
680 681
681 682
682 683
683 684
684 685
685 686
686 687
687 688
688 689
689 690
690 691
691 692
692 693
693 694
694 695
695 696
696 697
697 698
698 699
699 700
700 701
701 702
702 703
703 704
704 705
705 706
706 707
707 708
708 709
709 710
710 711
711 712
712 713
713 714
714 715
715 716
716 717
717 718
718 719
719 720
720 721
721 722
722 723
723 724
724 725
725 726
726 727
727 728
728 729
729 730
730 731
731 732
732 733
733 734
734 735
735 736
736 737
737 738
738 739
739 740
740 741
741 742
742 743
743 744
744 745
745 746
746 747
747 748
748 749
749 750
750 751
751 752
752 753
753 754
754 755
755 756
756 757
757 758
758 759
759 760
760 761
761 762
762 763
763 764
764 765
765 766
766 767
767 768
768 769
769 770
770 771
771 772
772 773
773 774
774 775
775 776
776 777
777 778
778 779
779 780
780 781
781 782
782 783
783 784
784 785
785 786
786 787
787 788
788 789
789 790
790 791
791 792
792 793
793 794
794 795
795 796
796 797
797 798
798 799
799 800
800 801
801 802
802 803
803 804
804 805
805 806
806 807
807 808
808 809
809 810
810 811
811 812
812 813
813 814
814 815
815 816
816 817
817 818
818 819
819 820
820 821
821 822
822 823
823 824
824 825
825 826
826 827
827 828
828 829
829 830
830 831
831 832
832 833
833 834
834 835
835 836
836 837
837 838
838 839
839 840
840 841
841 842
842 843
843 844
844 845
845 846
846 847
847 848
848 849
849 850
850 851
851 852
852 853
853 854
854 855
855 856
856 857
857 858
858 859
859 860
860 861
861 862
862 863
863 864
864 865
865 866
866 867
867 868
868 869
869 870
870 871
871 872
872 873
873 874
874 875
875 876
876 877
877 878
878 879
879 880
880 881
881 882
882 883
883 884
884 885
885 886
886 887
887 888
888 889
889 890
890 891
891 892
892 893
893 894
894 895
895 896
896 897
897 898
898 899
899 900
900 901
901 902
902 903
903 904
904 905
905 906
906 907
907 908
908 909
909 910
910 911
911 912
912 913
913 914
914 915
915 916
916 917
917 918
918 919
919 920
920 921
921 922
922 923
923 924
924 925
925 926
926 927
927 928
928 929
929 930
930 931
931 932
932 933
933 934
934 935
935 936
936 937
937 938
938 939
939 940
940 941
941 942
942 943
943 944
944 945
945 946
946 947
947 948
948 949
949 950
950 951
951 952
952 953
953 954
954 955
955 956
956 957
957 958
958 959
959 960
960 961
961 962
962 963
963 964
964 965
965 966
966 967
967 968
968 969
969 970
970 971
971 972
972 973
973 974
974 975
975 976
976 977
977 978
978 979
979 980
980 981
981 982
982 983
983 984
984 985
985 986
986 987
987 988
988 989
989 990
990 991
991 992
992 993
993 994
994 995
995 996
996 997
997 998
998 999
999 1000
1000 1001
1001 1002
1002 1003
1003 1004
1004 1005
1005 1006
1006 1007
1007 1008
1008 1009
1009 1010
1010 1011
1011 1012
1012 1013
1013 1014
1014 1015
1015 1016
1016 1017
1017 1018
1018 1019
1019 1020
1020 1021
1021 1022
1022 1023
1023 1024
1024 1025
1025 1026
1026 1027
1027 1028
1028 1029
1029 1030
1030 1031
1031 1032
1032 1033
1033 1034
1034 1035
1035 1036
1036 1037
1037 1038
1038 1039
1039 1040
1040 1041
1041 1042
1042 1043
1043 1044
1044 1045
1045 1046
1046 1047
1047 1048
1048 1049
1049 1050
1050 1051
1051 1052
1052 1053
1053 1054
1054 1055
1055 1056
1056 1057
1057 1058
1058 1059
1059 1060
1060 1061
1061 1062
1062 1063
1063 1064
1064 1065
1065 1066
1066 1067
1067 1068
1068 1069
1069 1070
1070 1071
1071 1072
1072 1073
1073 1074
1074 1075
1075 1076
1076 1077
1077 1078
1078 1079
1079 1080
1080 1081
1081 1082
1082 1083
1083 1084
1084 1085
1085 1086
1086 1087
1087 1088
1088 1089
1089 1090
1090 1091
1091 1092
1092 1093
1093 1094
1094 1095
1095 1096
1096 1097
1097 1098
1098 1099
1099 1100
1100 1101
1101 1102
1102 1103
1103 1104
1104 1105
1105 1106
1106 1107
1107 1108
1108 1109
1109 1110
1110 1111
1111 1112
1112 1113
1113 1114
1114 1115
1115 1116
1116 1117
1117 1118
1118 1119
1119 1120
1120 1121
1121 1122
1122 1123
1123 1124
1124 1125
1125 1126
1126 1127
1127 1128
1128 1129
1129 1130
1130 1131
1131 1132
1132 1133
1133 1134
1134 1135
1135 1136
1136 1137
1137 1138
1138 1139
1139 1140
1140 1141
1141 1142
1142 1143
1143 1144
1144 1145
1145 1146
1146 1147
1147 1148
1148 1149
1149 1150
1150 1151
1151 1152
1152 1153
1153 1154
1154 1155
1155 1156
1156 1157
1157 1158
1158 1159
1159 1160
1160 1161
1161 1162
1162 1163
1163 1164
1164 1165
1165 1166
1166 1167
1167 1168
1168 1169
1169 1170
1170 1171
1171 1172
1172 1173
1173 1174
1174 1175
1175 1176
1176 1177
1177 1178
1178 1179
1179 1180
1180 1181
1181 1182
1182 1183
1183 1184
1184 1185
1185 1186
1186 1187
1187 1188
1188 1189
1189 1190
1190 1191
1191 1192
1192 1193
1193 1194
1194 1195
1195 1196
1196 1197
1197 1198
1198 1199
1199 1200
1200 1201
1201 1202
1202 1203
1203 1204
1204 1205
1205 1206
1206 1207
1207 1208
1208 1209
1209 1210
1210 1211
1211 1212
1212 1213
1213 1214
1214 1215
1215 1216
1216 1217
1217 1218
1218 1219
1219 1220
1220 1221
1221 1222
1222 1223
1223 1224
1224 1225
1225 1226
1226 1227
1227 1228
1228 1229
1229 1230
1230 1231
1231 1232
1232 1233
1233 1234
1234 1235
1235 1236
1236 1237
1237 1238
1238 1239
1239 1240
1240 1241
1241 1242
1242 1243
1243 1244
1244 1245
1245 1246
1246 1247
1247 1248
1248 1249
1249 1250
1250 1251
1251 1252
1252 1253
1253 1254
1254 1255
1255 1256
1256 1257
1257 1258
1258 1259
1259 1260
1260 1261
1261 1262
1262 1263
1263 1264
1264 1265
1265 1266
1266 1267
1267 1268
1268 1269
1269 1270
1270 1271
1271 1272
1272 1273
1273 1274
1274 1275
1275 1276
1276 1277
1277 1278
1278 1279
1279 1280
1280 1281
1281 1282
1282 1283
1283 1284
1284 1285
1285 1286
1286 1287
1287 1288
1288 1289
1289 1290
1290 1291
1291 1292
1292 1293
1293 1294
1294 1295
1295 1296
1296 1297
1297 1298
1298 1299
1299 1300
1300 1301
1301 1302
1302 1303
1303 1304
1304 1305
1305 1306
1306 1307
1307 1308
1308 1309
1309 1310
1310 1311
1311 1312
1312 1313
1313 1314
1314 1315
1315 1316
1316 1317
1317 1318
1318 1319
1319 1320
1320 1321
1321 1322
1322 1323
1323 1324
1324 1325
1325 1326
1326 1327
1327 1328
1328 1329
1329 1330
1330 1331
1331 1332
1332 1333
1333 1334
1334 1335
1335 1336
1336 1337
1337 1338
1338 1339
1339 1340
1340 1341
1341 1342
1342 1343
1343 1344
1344 1345
1345 1346
1346 1347
1347 1348
1348 1349
1349 1350
1350 1351
1351 1352
1352 1353
1353 1354
1354 1355
1355 1356
1356 1357
1357 1358
1358 1359
1359 1360
1360 1361
1361 1362
1362 1363
1363 1364
1364 1365
1365 1366
1366 1367
1367 1368
1368 1369
1369 1370
1370 1371
1371 1372
1372 1373
1373 1374
1374 1375
1375 1376
1376 1377
1377 1378
1378 1379
1379 1380
1380 1381
1381 1382
1382 1383
1383 1384
1384 1385
1385 1386
1386 1387
1387 1388
1388 1389
1389 1390
1390 1391
1391 1392
1392 1393
1393 1394
1394 1395
1395 1396
1396 1397
1397 1398
1398 1399
1399 1400
1400 1401
1401 1402
1402 1403
1403 1404
1404 1405
1405 1406
1406 1407
1407 1408
1408 1409
1409 1410
1410 1411
1411 1412
1412 1413
1413 1414
1414 1415
1415 1416
1416 1417
1417 1418
1418 1419
1419 1420
1420 1421
1421 1422
1422 1423
1423 1424
1424 1425
1425 1426
1426 1427
1427 1428
1428 1429
1429 1430
1430 1431
1431 1432
1432 1433
1433 1434
1434 1435
1435 1436
1436 1437
1437 1438
1438 1439
1439 1440
1440 1441
1441 1442
1442 1443
1443 1444
1444 1445
1445 1446
1446 1447
1447 1448
1448 1449
1449 1450
1450 1451
1451 1452
1452 1453
1453 1454
1454 1455
1455 1456
1456 1457
1457 1458
1458 1459
1459 1460
1460 1461
1461 1462
1462 1463
1463 1464
1464 1465
1465 1466
1466 1467
1467 1468
1468 1469
1469 1470
1470 1471
1471 1472
1472 1473
1473 1474
1474 1475
1475 1476
1476 1477
1477 1478
1478 1479
1479 1480
1480 1481
1481 1482
1482 1483
1483 1484
1484 1485
1485 1486
1486 1487
1487 1488
1488 1489
1489 1490
1490 1491
1491 1492
1492 1493
1493 1494
1494 1495
1495 1496
1496 1497
1497 1498
1498 1499
1499 1500
1500 1501
1501 1502
1502 1503
1503 1504
1504 1505
1505 1506
1506 1507
1507 1508
1508 1509
1509 1510
1510 1511
1511 1512
1512 1513
1513 1514
1514 1515
1515 1516
1516 1517
1517 1518
1518 1519
1519 1520
1520 1521
1521 1522
1522 1523
1523 1524
1524 1525
1525 1526
1526 1527
1527 1528
1528 1529
1529 1530
1530 1531
1531 1532
1532 1533
1533 1534
1534 1535
1535 1536
1536 1537
1537 1538
1538 1539
1539 1540
1540 1541
1541 1542
1542 1543
1543 1544
1544 1545
1545 1546
1546 1547
1547 1548
1548 1549
1549 1550
1550 1551
1551 1552
1552 1553
1553 1554
1554 1555
1555 1556
1556 1557
1557 1558
1558 1559
1559 1560
1560 1561
1561 1562
1562 1563
1563 1564
1564 1565
1565 1566
1566 1567
1567 1568
1568 1569
1569 1570
1570 1571
1571 1572
1572 1573
1573 1574
1574 1575
1575 1576
1576 1577
1577 1578
1578 1579
1579 1580
1580 1581
1581 1582
1582 1583
1583 1584
1584 1585
1585 1586
1586 1587
1587 1588
1588 1589
1589 1590
1590 1591
1591 1592
1592 1593
1593 1594
1594 1595
1595 1596
1596 1597
1597 1598
1598 1599
1599 1600
1600 1601
1601 1602
1602 1603
1603 1604
1604 1605
1605 1606
1606 1607
1607 1608
1608 1609
1609 1610
1610 1611
1611 1612
1612 1613
1613 1614
1614 1615
1615 1616
1616 1617
1617 1618
1618 1619
1619 1620
1620 1621
1621 1622
1622 1623
1623 1624
1624 1625
1625 1626
1626 1627
1627 1628
1628 1629
1629 1630
1630 1631
1631 1632
1632 1633
1633 1634
1634 1635
1635 1636
1636 1637
1637 1638
1638 1639
1639 1640
1640 1641
1641 1642
1642 1643
1643 1644
1644 1645
1645 1646
1646 1647
1647 1648
1648 1649
1649 1650
1650 1651
1651 1652
1652 1653
1653 1654
1654 1655
1655 1656
1656 1657
1657 1658
1658 1659
1659 1660
1660 1661
1661 1662
1662 1663
1663 1664
1664 1665
1665 1666
1666 1667
1667 1668
1668 1669
1669 1670
1670 1671
1671 1672
1672 1673
1673 1674
1674 1675
1675 1676
1676 1677
1677 1678
1678 1679
1679 1680
1680 1681
1681 1682
1682 1683
1683 1684
1684 1685
1685 1686
1686 1687
1687 1688
1688 1689
1689 1690
1690 1691
1691 1692
1692 1693
1693 1694
1694 1695
1695 1696
1696 1697
1697 1698
1698 1699
1699 1700
1700 1701
1701 1702
1702 1703
1703 1704
1704 1705
1705 1706
1706 1707
1707 1708
1708 1709
1709 1710
1710 1711
1711 1712
1712 1713
1713 1714
1714 1715
1715 1716
1716 1717
1717 1718
1718 1719
1719 1720
1720 1721
1721 1722
1722 1723
1723 1724
1724 1725
1725 1726
1726 1727
1727 1728
1728 1729
1729 1730
1730 1731
1731 1732
1732 1733
1733 1734
1734 1735
1735 1736
1736 1737
1737 1738
1738 1739
1739 1740
1740 1741
1741 1742
1742 1743
1743 1744
1744 1745
1745 1746
1746 1747
1747 1748
1748 1749
1749 1750
1750 1751
1751 1752
1752 1753
1753 1754
1754 1755
1755 1756
1756 1757
1757 1758
1758 1759
1759 1760
1760 1761
1761 1762
1762 1763
1763 1764
1764 1765
1765 1766
1766 1767
1767 1768
1768 1769
1769 1770
1770 1771
1771 1772
1772 1773
1773 1774
1774 1775
1775 1776
1776 1777
1777 1778
1778 1779
1779 1780
1780 1781
1781 1782
1782 1783
1783 1784
1784 1785
1785 1786
1786 1787
1787 1788
1788 1789
1789 1790
1790 1791
1791 1792
1792 1793
1793 1794
1794 1795
1795 1796
1796 1797
1797 1798
1798 1799
1799 1800
1800 1801
1801 1802
1802 1803
1803 1804
1804 1805
1805 1806
1806 1807
1807 1808
1808 1809
1809 1810
1810 1811
1811 1812
1812 1813
1813 1814
1814 1815
1815 1816
1816 1817
1817 1818
1818 1819
1819 1820
1820 1821
1821 1822
1822 1823
1823 1824
1824 1825
1825 1826
1826 1827
1827 1828
1828 1829
1829 1830
1830 1831
1831 1832
1832 1833
1833 1834
1834 1835
1835 1836
1836 1837
1837 1838
1838 1839
1839 1840
1840 1841
1841 1842
1842 1843
1843 1844
1844 1845
1845 1846
1846 1847
1847 1848
1848 1849
1849 1850
1850 1851
1851 1852
1852 1853
1853 1854
1854 1855
1855 1856
1856 1857
1857 1858
1858 1859
1859 1860
1860 1861
1861 1862
1862 1863
1863 1864
1864 1865
1865 1866
1866 1867
1867 1868
1868 1869
1869 1870
1870 1871
1871 1872
1872 1873
1873 1874
1874 1875
1875 1876
1876 1877
1877 1878
1878 1879
1879 1880
1880 1881
1881 1882
1882 1883
1883 1884
1884 1885
1885 1886
1886 1887
1887 1888
1888 1889
1889 1890
1890 1891
1891 1892
1892 1893
1893 1894
1894 1895
1895 1896
1896 1897
1897 1898
1898 1899
1899 1900
1900 1901
1901 1902
1902 1903
1903 1904
1904 1905
1905 1906
1906 1907
1907 1908
1908 1909
1909 1910
1910 1911
1911 1912
1912 1913
1913 1914
1914 1915
1915 1916
1916 1917
1917 1918
1918 1919
1919 1920
1920 1921
1921 1922
1922 1923
1923 1924
1924 1925
1925 1926
1926 1927
1927 1928
1928 1929
1929 1930
1930 1931
1931 1932
1932 1933
1933 1934
1934 1935
1935 1936
1936 1937
1937 1938
1938 1939
1939 1940
1940 1941
1941 1942
1942 1943
1943 1944
1944 1945
1945 1946
1946 1947
1947 1948
1948 1949
1949 1950
1950 1951
1951 1952
1952 1953
1953 1954
1954 1955
1955 1956
1956 1957
1957 1958
1958 1959
1959 1960
1960 1961
1961 1962
1962 1963
1963 1964
1964 1965
1965 1966
1966 1967
1967 1968
1968 1969
1969 1970
1970 1971
1971 1972
1972 1973
1973 1974
1974 1975
1975 1976
1976 1977
1977 1978
1978 1979
1979 1980
1980 1981
1981 1982
1982 1983
1983 1984
1984 1985
1985 1986
1986 1987
1987 1988
1988 1989
1989 1990
1990 1991
1991 1992
1992 1993
1993 1994
1994 1995
1995 1996
1996 1997
1997 1998
1998 1999
1999 2000
2000 2001
2001 2002
2002 2003
2003 2004
2004 2005
2005 2006
2006 2007
2007 2008
2008 2009
2009 2010
2010 2011
2011 2012
2012 2013
2013 2014
2014 2015
2015 2016
2016 2017
2017 2018
2018 2019
2019 2020
2020 2021
2021 2022
2022 2023
2023 2024
2024 2025
2025 2026
2026 2027
2027 2028
2028 2029
2029 2030
2030 2031
2031 2032
2032 2033
2033 2034
2034 2035
2035 2036
2036 2037
2037 2038
2038 2039
2039 2040
2040 2041
2041 2042
2042 2043
2043 2044
2044 2045
2045 2046
2046 2047
2047 2048
2048 2049
2049 2050
2050 2051
2051 2052
2052 2053
2053 2054
2054 2055
2055 2056
2056 2057
2057 2058
2058 2059
2059 2060
2060 2061
2061 2062
2062 2063
2063 2064
2064 2065
2065 2066
2066 2067
2067 2068
2068 2069
2069 2070
2070 2071
2071 2072
2072 2073
2073 2074
2074 2075
2075 2076
2076 2077
2077 2078
2078 2079
2079 2080
2080 2081
2081 2082
2082 2083
2083 2084
2084 2085
2085 2086
2086 2087
2087 2088
2088 2089
2089 2090
2090 2091
2091 2092
2092 2093
2093 2094
2094 2095
2095 2096
2096 2097
2097 2098
2098 2099
2099 2100
2100 2101
2101 2102
2102 2103
2103 2104
2104 2105
2105 2106
2106 2107
2107 2108
2108 2109
2109 2110
2110 2111
2111 2112
2112 2113
2113 2114
2114 2115
2115 2116
2116 2117
2117 2118
2118 2119
2119 2120
2120 2121
2121 2122
2122 2123
2123 2124
2124 2125
2125 2126
2126 2127
2127 2128
2128 2129
2129 2130
2130 2131
2131 2132
2132 2133
2133 2134
2134 2135
2135 2136
2136 2137
2137 2138
2138 2139
2139 2140
2140 2141
2141 2142
2142 2143
2143 2144
2144 2145
2145 2146
2146 2147
2147 2148
2148 2149
2149 2150
2150 2151
2151 2152
2152 2153
2153 2154
2154 2155
2155 2156
2156 2157
2157 2158
2158 2159
2159 2160
2160 2161
2161 2162
2162 2163
2163 2164
2164 2165
2165 2166
2166 2167
2167 2168
2168 2169
2169 2170
2170 2171
2171 2172
2172 2173
2173 2174
2174 2175
2175 2176
2176 2177
2177 2178
2178 2179
2179 2180
2180 2181
2181 2182
2182 2183
2183 2184
2184 2185
2185 2186
2186 2187
2187 2188
2188 2189
2189 2190
2190 2191
2191 2192
2192 2193
2193 2194
2194 2195
2195 2196
2196 2197
2197 2198
2198 2199
2199 2200
2200 2201
2201 2202
2202 2203
2203 2204
2204 2205
2205 2206
2206 2207
2207 2208
2208 2209
2209 2210
2210 2211
2211 2212
2212 2213
2213 2214
2214 2215
2215 2216
2216 2217
2217 2218
2218 2219
2219 2220
2220 2221
2221 2222
2222 2223
2223 2224
2224 2225
2225 2226
2226 2227
2227 2228
2228 2229
2229 2230
2230 2231
2231 2232
2232 2233
2233 2234
2234 2235
2235 2236
2236 2237
2237 2238
2238 2239
2239 2240
2240 2241
2241 2242
2242 2243
2243 2244
2244 2245
2245 2246
2246 2247
2247 2248
2248 2249
2249 2250
2250 2251
2251 2252
2252 2253
2253 2254
2254 2255
2255 2256
2256 2257
2257 2258
2258 2259
2259 2260
2260 2261
2261 2262
2262 2263
2263 2264
2264 2265
2265 2266
2266 2267
2267 2268
2268 2269
2269 2270
2270 2271
2271 2272
2272 2273
2273 2274
2274 2275
2275 2276
2276 2277
2277 2278
2278 2279
2279 2280
2280 2281
2281 2282
2282 2283
2283 2284
2284 2285
2285 2286
2286 2287
2287 2288
2288 2289
2289 2290
2290 2291
2291 2292
2292 2293
2293 2294
2294 2295
2295 2296
2296 2297
2297 2298
2298 2299
2299 2300
2300 2301
2301 2302
2302 2303
2303 2304
2304 2305
2305 2306
2306 2307
2307 2308
2308 2309
2309 2310
2310 2311
2311 2312
2312 2313
2313 2314
2314 2315
2315 2316
2316 2317
2317 2318
2318 2319
2319 2320
2320 2321
2321 2322
2322 2323
2323 2324
2324 2325
2325 2326
2326 2327
2327 2328
2328 2329
2329 2330
2330 2331
2331 2332
2332 2333
2333 2334
2334 2335
2335 2336
2336 2337
2337 2338
2338 2339
2339 2340
2340 2341
2341 2342
2342 2343
2343 2344
2344 2345
2345 2346
2346 2347
2347 2348
2348 2349
2349 2350
2350 2351
2351 2352
2352 2353
2353 2354
2354 2355
2355 2356
2356 2357
2357 2358
2358 2359
2359 2360
2360 2361
2361 2362
2362 2363
2363 2364
2364 2365
2365 2366
2366 2367
2367 2368
2368 2369
2369 2370
2370 2371
2371 2372
2372 2373
2373 2374
2374 2375
2375 2376
2376 2377
2377 2378
2378 2379
2379 2380
2380 2381
2381 2382
2382 2383
2383 2384
2384 2385
2385 2386
2386 2387
2387 2388
2388 2389
2389 2390
2390 2391
2391 2392
2392 2393
2393 2394
2394 2395
2395 2396
2396 2397
2397 2398
2398 2399
2399 2400
2400 2401
2401 2402
2402 2403
2403 2404
2404 2405
2405 2406
2406 2407
2407 2408
2408 2409
2409 2410
2410 2411
2411 2412
2412 2413
2413 2414
2414 2415
2415 2416
2416 2417
2417 2418
2418 2419
2419 2420
2420 2421
2421 2422
2422 2423
2423 2424
2424 2425
2425 2426
2426 2427
2427 2428
2428 2429
2429 2430
2430 2431
2431 2432
2432 2433
2433 2434
2434 2435
2435 2436
2436 2437
2437 2438
2438 2439
2439 2440
2440 2441
2441 2442
2442 2443
2443 2444
2444 2445
2445 2446
2446 2447
2447 2448
2448 2449
2449 2450
2450 2451
2451 2452
2452 2453
2453 2454
2454 2455
2455 2456
2456 2457
2457 2458
2458 2459
2459 2460
2460 2461
2461 2462
2462 2463
2463 2464
2464 2465
2465 2466
2466 2467
2467 2468
2468 2469
2469 2470
2470 2471
2471 2472
2472 2473
2473 2474
2474 2475
2475 2476
2476 2477
2477 2478
2478 2479
2479 2480
2480 2481
2481 2482
2482 2483
2483 2484
2484 2485
2485 2486
2486 2487
2487 2488
2488 2489
2489 2490
2490 2491
2491 2492
2492 2493
2493 2494
2494 2495
2495 2496
2496 2497
2497 2498
2498 2499
2499 2500
2332 2501
1954 2502
2457 2503
1027 2504
2125 2505
138 2506
1760 2507
1867 2508
591 2509
1277 2510
1204 2511
1937 2512
2241 2513
2165 2514
1555 2515
1350 2516
1924 2517
645 2518
928 2519
51 2520
1878 2521
993 2522
467 2523
171 2524
555 2525
2007 2526
1067 2527
1400 2528
1504 2529
2409 2530
1339 2531
2104 2532
589 2533
442 2534
1983 2535
829 2536
152 2537
991 2538
2241 2539
124 2540
243 2541
2387 2542
2090 2543
2300 2544
545 2545
1288 2546
2123 2547
1391 2548
240 2549
1896 2550
2523 2551
2532 2552
1742 2553
1798 2554
311 2555
97 2556
838 2557
512 2558
416 2559
658 2560
1990 2561
1136 2562
1747 2563
95 2564
2097 2565
2153 2566
2485 2567
2537 2568
1181 2569
2413 2570
655 2571
2373 2572
1191 2573
2560 2574
1458 2575
1168 2576
743 2577
633 2578
2461 2579
1274 2580
1017 2581
617 2582
2444 2583
1216 2584
158 2585
1190 2586
920 2587
560 2588
2251 2589
590 2590
2142 2591
2466 2592
25 2593
1247 2594
1728 2595
2585 2596
1813 2597
1459 2598
1217 2599
375 2600
2073 2601
984 2602
402 2603
1905 2604
1801 2605
225 2606
1056 2607
1403 2608
1764 2609
1480 2610
34 2611
1019 2612
449 2613
1055 2614
506 2615
1829 2616
1028 2617
2419 2618
1388 2619
2036 2620
380 2621
24 2622
1442 2623
579 2624
1522 2625
1386 2626
1862 2627
1796 2628
942 2629
838 2630
1190 2631
344 2632
481 2633
825 2634
1676 2635
1403 2636
2373 2637
875 2638
58 2639
1367 2640
845 2641
703 2642
1236 2643
2011 2644
1218 2645
2637 2646
513 2647
1620 2648
998 2649
1559 2650
2185 2651
1958 2652
192 2653
816 2654
1783 2655
661 2656
957 2657
1476 2658
2404 2659
732 2660
340 2661
488 2662
1740 2663
1244 2664
259 2665
1578 2666
966 2667
269 2668
986 2669
1476 2670
1811 2671
923 2672
394 2673
610 2674
1524 2675
2548 2676
1060 2677
1356 2678
838 2679
1684 2680
2230 2681
2531 2682
516 2683
2220 2684
211 2685
1097 2686
1868 2687
395 2688
1815 2689
122 2690
1382 2691
1707 2692
1778 2693
2400 2694
64 2695
2508 2696
2201 2697
1467 2698
1639 2699
91 2700
1828 2701
1150 2702
784 2703
2520 2704
2044 2705
1586 2706
2651 2707
843 2708
197 2709
2375 2710
241 2711
744 2712
2039 2713
2498 2714
2555 2715
1978 2716
2041 2717
2586 2718
2028 2719
1689 2720
368 2721
494 2722
1141 2723
198 2724
1239 2725
1254 2726
660 2727
1318 2728
1442 2729
2192 2730
1254 2731
488 2732
653 2733
409 2734
933 2735
882 2736
911 2737
1770 2738
781 2739
2266 2740
2071 2741
120 2742
1160 2743
2602 2744
600 2745
1711 2746
1157 2747
2185 2748
1100 2749
1074 2750
351 2751
2422 2752
723 2753
1280 2754
1113 2755
2334 2756
1146 2757
657 2758
128 2759
1927 2760
2424 2761
268 2762
1072 2763
73 2764
208 2765
940 2766
1013 2767
1021 2768
523 2769
732 2770
2547 2771
282 2772
1330 2773
2213 2774
1846 2775
73 2776
2687 2777
1788 2778
2636 2779
1970 2780
886 2781
1054 2782
2274 2783
815 2784
1981 2785
827 2786
1699 2787
2460 2788
2205 2789
1779 2790
1165 2791
1472 2792
1397 2793
907 2794
1881 2795
324 2796
200 2797
62 2798
1552 2799
1702 2800
2495 2801
2791 2802
1613 2803
2168 2804
2094 2805
1383 2806
314 2807
2102 2808
281 2809
786 2810
1766 2811
1045 2812
1962 2813
973 2814
100 2815
330 2816
10 2817
215 2818
2202 2819
273 2820
1868 2821
549 2822
2202 2823
1395 2824
911 2825
2440 2826
1175 2827
1836 2828
189 2829
984 2830
2119 2831
1476 2832
2034 2833
339 2834
409 2835
465 2836
588 2837
1329 2838
1686 2839
1066 2840
2416 2841
2210 2842
1826 2843
252 2844
2259 2845
614 2846
2291 2847
1588 2848
664 2849
2159 2850
174 2851
2028 2852
2554 2853
2124 2854
2546 2855
776 2856
2462 2857
2181 2858
1563 2859
1690 2860
1126 2861
1406 2862
360 2863
1615 2864
2817 2865
2048 2866
163 2867
2185 2868
2840 2869
1564 2870
2766 2871
2312 2872
1288 2873
2285 2874
826 2875
2124 2876
247 2877
1535 2878
340 2879
1896 2880
2663 2881
2549 2882
397 2883
2437 2884
2852 2885
1973 2886
1212 2887
2213 2888
2719 2889
2304 2890
723 2891
2761 2892
2247 2893
447 2894
1729 2895
2226 2896
2360 2897
2860 2898
1405 2899
1011 2900
2025 2901
1684 2902
2309 2903
2792 2904
377 2905
49 2906
2727 2907
2897 2908
332 2909
853 2910
937 2911
1645 2912
2136 2913
1324 2914
2888 2915
1316 2916
1676 2917
2238 2918
62 2919
2895 2920
70 2921
1069 2922
2539 2923
2327 2924
2776 2925
134 2926
403 2927
1912 2928
189 2929
2690 2930
2253 2931
1100 2932
1093 2933
2428 2934
1067 2935
2276 2936
2856 2937
1464 2938
1103 2939
1031 2940
675 2941
1863 2942
148 2943
1505 2944
2847 2945
451 2946
1525 2947
2880 2948
2271 2949
487 2950
1451 2951
2849 2952
2420 2953
2565 2954
2344 2955
158 2956
238 2957
2930 2958
751 2959
1159 2960
748 2961
32 2962
1666 2963
653 2964
1888 2965
1024 2966
2649 2967
2730 2968
2871 2969
2442 2970
2340 2971
2108 2972
2701 2973
2570 2974
1236 2975
2797 2976
2762 2977
525 2978
1345 2979
1315 2980
2325 2981
552 2982
596 2983
1047 2984
125 2985
2946 2986
2813 2987
1043 2988
2420 2989
1192 2990
2906 2991
1849 2992
1054 2993
579 2994
1 2995
698 2996
858 2997
1365 2998
2594 2999
181 3000
1115 3001
1764 3002
625 3003
2023 3004
2756 3005
1771 3006
1935 3007
1413 3008
2131 3009
368 3010
1366 3011
1024 3012
1817 3013
1972 3014
1212 3015
2100 3016
2378 3017
1882 3018
842 3019
1359 3020
522 3021
481 3022
2363 3023
1594 3024
48 3025
2495 3026
2058 3027
1451 3028
1336 3029
1397 3030
95 3031
331 3032
1589 3033
1568 3034
241 3035
820 3036
649 3037
633 3038
628 3039
2374 3040
398 3041
232 3042
2787 3043
701 3044
1026 3045
1387 3046
328 3047
1397 3048
350 3049
975 3050
425 3051
1525 3052
442 3053
2588 3054
1339 3055
1927 3056
2263 3057
2432 3058
1338 3059
2706 3060
1017 3061
1485 3062
781 3063
1560 3064
1338 3065
1373 3066
734 3067
1492 3068
146 3069
2142 3070
801 3071
2155 3072
911 3073
2905 3074
2100 3075
2209 3076
336 3077
739 3078
2617 3079
349 3080
1445 3081
48 3082
3065 3083
2119 3084
1601 3085
1372 3086
245 3087
2220 3088
1862 3089
1224 3090
552 3091
783 3092
2294 3093
1440 3094
269 3095
520 3096
571 3097
1745 3098
2864 3099
1025 3100
118 3101
1796 3102
3077 3103
519 3104
696 3105
525 3106
884 3107
2967 3108
369 3109
2000 3110
1653 3111
251 3112
2789 3113
2298 3114
1567 3115
3037 3116
308 3117
112 3118
516 3119
168 3120
1146 3121
1349 3122
385 3123
2035 3124
2371 3125
2203 3126
698 3127
1920 3128
2356 3129
2117 3130
1194 3131
978 3132
2844 3133
2719 3134
173 3135
2513 3136
2007 3137
2699 3138
1953 3139
2012 3140
331 3141
306 3142
2973 3143
2124 3144
610 3145
1988 3146
1268 3147
3005 3148
1315 3149
1304 3150
461 3151
1529 3152
1707 3153
2393 3154
2827 3155
743 3156
2642 3157
1977 3158
1385 3159
2262 3160
2631 3161
337 3162
2581 3163
128 3164
1733 3165
880 3166
3158 3167
2088 3168
2073 3169
51 3170
1676 3171
658 3172
2341 3173
1318 3174
1550 3175
588 3176
1080 3177
466 3178
2875 3179
789 3180
30 3181
1462 3182
2928 3183
2451 3184
2696 3185
2025 3186
292 3187
770 3188
154 3189
1939 3190
856 3191
1140 3192
177 3193
204 3194
2759 3195
2296 3196
1109 3197
2735 3198
128 3199
770 3200
93 3201
892 3202
1296 3203
1671 3204
537 3205
555 3206
1425 3207
2307 3208
2435 3209
1268 3210
1 3211
2483 3212
1547 3213
108 3214
443 3215
86 3216
1332 3217
627 3218
3013 3219
3047 3220
2504 3221
158 3222
2632 3223
1428 3224
426 3225
1011 3226
27 3227
3198 3228
306 3229
902 3230
1670 3231
1605 3232
505 3233
1067 3234
2664 3235
1312 3236
1367 3237
2709 3238
2800 3239
1600 3240
3165 3241
3159 3242
1441 3243
979 3244
646 3245
3180 3246
592 3247
698 3248
2863 3249
610 3250
713 3251
131 3252
464 3253
2400 3254
2971 3255
3003 3256
2399 3257
3122 3258
2365 3259
2643 3260
407 3261
3220 3262
1090 3263
2144 3264
1231 3265
2905 3266
1015 3267
284 3268
468 3269
962 3270
174 3271
2749 3272
1234 3273
2312 3274
1013 3275
612 3276
1765 3277
1767 3278
2417 3279
941 3280
3269 3281
176 3282
827 3283
2831 3284
2908 3285
947 3286
117 3287
878 3288
2745 3289
915 3290
2988 3291
1372 3292
1431 3293
2833 3294
2048 3295
1871 3296
1514 3297
281 3298
215 3299
1983 3300
1396 3301
1572 3302
299 3303
8 3304
2302 3305
1793 3306
105 3307
3011 3308
190 3309
2153 3310
2766 3311
1225 3312
816 3313
1598 3314
997 3315
1636 3316
2517 3317
2984 3318
1555 3319
845 3320
2872 3321
259 3322
1134 3323
1914 3324
2633 3325
493 3326
477 3327
162 3328
2484 3329
2809 3330
2272 3331
2009 3332
2144 3333
1084 3334
90 3335
603 3336
193 3337
1773 3338
3099 3339
418 3340
1201 3341
2218 3342
1255 3343
1460 3344
587 3345
795 3346
1503 3347
1969 3348
434 3349
255 3350
838 3351
2605 3352
589 3353
308 3354
1228 3355
798 3356
1889 3357
620 3358
1348 3359
2620 3360
2484 3361
2311 3362
799 3363
2364 3364
822 3365
2066 3366
1852 3367
3096 3368
418 3369
1640 3370
3296 3371
432 3372
2961 3373
2294 3374
3170 3375
1854 3376
1740 3377
3351 3378
2729 3379
1388 3380
2655 3381
336 3382
1376 3383
2312 3384
244 3385
2591 3386
714 3387
2860 3388
1465 3389
269 3390
75 3391
122 3392
1666 3393
1838 3394
1575 3395
2864 3396
2096 3397
142 3398
1552 3399
730 3400
1214 3401
306 3402
119 3403
2755 3404
1620 3405
1438 3406
2909 3407
2155 3408
320 3409
2994 3410
1488 3411
3034 3412
1546 3413
1622 3414
2018 3415
1428 3416
2882 3417
1865 3418
1034 3419
1189 3420
363 3421
3409 3422
207 3423
2210 3424
754 3425
1342 3426
1059 3427
935 3428
1044 3429
2029 3430
494 3431
1565 3432
2709 3433
2717 3434
3165 3435
2416 3436
1779 3437
2940 3438
2721 3439
566 3440
2252 3441
3413 3442
2462 3443
1754 3444
1035 3445
1559 3446
1390 3447
523 3448
2811 3449
3428 3450
1839 3451
740 3452
1926 3453
1199 3454
2207 3455
2627 3456
527 3457
1473 3458
2412 3459
2759 3460
2934 3461
650 3462
1669 3463
3020 3464
588 3465
390 3466
2399 3467
2473 3468
32 3469
3465 3470
3269 3471
2221 3472
1411 3473
2162 3474
1870 3475
1838 3476
3311 3477
1566 3478
2141 3479
1705 3480
1015 3481
3301 3482
1691 3483
1067 3484
2861 3485
3254 3486
2468 3487
3207 3488
176 3489
2172 3490
3101 3491
162 3492
1316 3493
613 3494
2588 3495
2156 3496
1730 3497
3363 3498
2691 3499
1495 3500
2283 3501
3241 3502
232 3503
2114 3504
2695 3505
1113 3506
367 3507
1761 3508
656 3509
2206 3510
1028 3511
555 3512
2108 3513
1719 3514
1839 3515
1766 3516
546 3517
2106 3518
2428 3519
2657 3520
2253 3521
1069 3522
3031 3523
2740 3524
1091 3525
295 3526
285 3527
1637 3528
1399 3529
2833 3530
456 3531
3005 3532
169 3533
1443 3534
511 3535
946 3536
2607 3537
1986 3538
2023 3539
3085 3540
1887 3541
3454 3542
2609 3543
2184 3544
344 3545
116 3546
2217 3547
2554 3548
721 3549
2419 3550
3150 3551
1308 3552
228 3553
2759 3554
2358 3555
2656 3556
432 3557
567 3558
2568 3559
371 3560
2684 3561
2279 3562
2444 3563
1071 3564
183 3565
271 3566
2397 3567
2431 3568
836 3569
483 3570
115 3571
3395 3572
873 3573
24 3574
1866 3575
1690 3576
2853 3577
120 3578
1316 3579
2608 3580
200 3581
1948 3582
2470 3583
1895 3584
214 3585
1367 3586
711 3587
645 3588
2378 3589
2417 3590
2351 3591
1159 3592
3590 3593
2215 3594
1589 3595
819 3596
1811 3597
3217 3598
2917 3599
805 3600
2936 3601
1014 3602
1220 3603
1549 3604
2567 3605
2593 3606
2474 3607
2377 3608
2729 3609
2661 3610
2224 3611
1072 3612
418 3613
730 3614
1585 3615
3033 3616
2450 3617
14 3618
3173 3619
2161 3620
654 3621
1836 3622
1723 3623
2934 3624
1556 3625
433 3626
1473 3627
1704 3628
3458 3629
1032 3630
3557 3631
2115 3632
3060 3633
301 3634
1852 3635
295 3636
167 3637
2756 3638
162 3639
2235 3640
2113 3641
3601 3642
1402 3643
3550 3644
1193 3645
871 3646
3249 3647
3111 3648
298 3649
1879 3650
1758 3651
3533 3652
1752 3653
1033 3654
3303 3655
2528 3656
3355 3657
64 3658
2297 3659
1177 3660
1798 3661
1896 3662
2182 3663
3489 3664
2120 3665
1739 3666
2893 3667
1582 3668
1879 3669
2937 3670
1923 3671
462 3672
3472 3673
1443 3674
665 3675
1409 3676
769 3677
157 3678
1850 3679
1387 3680
1242 3681
2428 3682
2450 3683
797 3684
2997 3685
3424 3686
2274 3687
3488 3688
346 3689
2071 3690
2580 3691
1047 3692
1203 3693
1494 3694
3460 3695
1911 3696
2209 3697
521 3698
76 3699
2138 3700
3328 3701
2492 3702
1989 3703
1800 3704
1136 3705
1719 3706
2619 3707
3142 3708
521 3709
223 3710
468 3711
1948 3712
475 3713
470 3714
3438 3715
2098 3716
171 3717
2827 3718
2014 3719
2479 3720
3317 3721
1842 3722
2934 3723
355 3724
730 3725
2928 3726
205 3727
2906 3728
1699 3729
464 3730
1594 3731
2760 3732
1564 3733
3678 3734
593 3735
400 3736
121 3737
3382 3738
324 3739
2693 3740
1457 3741
2957 3742
3589 3743
1059 3744
2972 3745
195 3746
816 3747
1804 3748
1855 3749
2148 3750
779 3751
98 3752
847 3753
2432 3754
3299 3755
3427 3756
1779 3757
3276 3758
3667 3759
611 3760
2604 3761
3445 3762
3507 3763
979 3764
1318 3765
2170 3766
811 3767
3459 3768
3217 3769
3022 3770
3667 3771
50 3772
3512 3773
1621 3774
2741 3775
953 3776
3515 3777
1159 3778
155 3779
1351 3780
1768 3781
3376 3782
482 3783
566 3784
1267 3785
2765 3786
274 3787
3683 3788
2969 3789
707 3790
149 3791
988 3792
2478 3793
3584 3794
450 3795
103 3796
2417 3797
936 3798
3269 3799
2030 3800
1401 3801
893 3802
95 3803
338 3804
3074 3805
97 3806
1708 3807
2823 3808
869 3809
1892 3810
1516 3811
2426 3812
167 3813
1774 3814
2039 3815
520 3816
41 3817
1135 3818
2050 3819
498 3820
1732 3821
256 3822
1469 3823
719 3824
2511 3825
3094 3826
2137 3827
897 3828
1990 3829
373 3830
1608 3831
335 3832
2122 3833
1140 3834
3732 3835
554 3836
2743 3837
889 3838
1415 3839
1717 3840
2835 3841
3246 3842
805 3843
992 3844
1188 3845
1422 3846
1120 3847
2 3848
494 3849
918 3850
1331 3851
3140 3852
3333 3853
676 3854
1829 3855
3431 3856
2643 3857
3388 3858
1080 3859
3414 3860
2219 3861
3511 3862
1752 3863
1396 3864
182 3865
3372 3866
2996 3867
1721 3868
2357 3869
3664 3870
3517 3871
3146 3872
181 3873
1108 3874
1123 3875
2097 3876
2887 3877
2570 3878
3674 3879
3426 3880
1072 3881
2829 3882
3209 3883
1910 3884
2328 3885
2771 3886
1408 3887
2466 3888
3703 3889
593 3890
1444 3891
1077 3892
1344 3893
2113 3894
2445 3895
1592 3896
941 3897
3722 3898
1515 3899
656 3900
2653 3901
719 3902
1138 3903
2943 3904
463 3905
1265 3906
2754 3907
370 3908
909 3909
1092 3910
2996 3911
3074 3912
3224 3913
2010 3914
794 3915
500 3916
2557 3917
1109 3918
3664 3919
816 3920
2371 3921
152 3922
2238 3923
757 3924
1635 3925
2589 3926
2764 3927
1812 3928
621 3929
2244 3930
944 3931
1278 3932
1079 3933
3837 3934
2643 3935
2289 3936
982 3937
1956 3938
3021 3939
2358 3940
3434 3941
3480 3942
2082 3943
121 3944
2769 3945
2540 3946
2276 3947
3039 3948
3924 3949
2494 3950
659 3951
1031 3952
303 3953
3234 3954
2034 3955
3122 3956
3483 3957
1161 3958
1622 3959
2856 3960
3346 3961
2023 3962
2131 3963
1194 3964
1660 3965
2507 3966
1833 3967
2747 3968
564 3969
705 3970
820 3971
1130 3972
799 3973
1496 3974
2388 3975
2914 3976
541 3977
1343 3978
3054 3979
3781 3980
1717 3981
2426 3982
3974 3983
1294 3984
3573 3985
3304 3986
3387 3987
98 3988
1860 3989
508 3990
2039 3991
3292 3992
2386 3993
2918 3994
1850 3995
724 3996
3192 3997
3704 3998
571 3999
688 4000
958 4001
3013 4002
688 4003
2379 4004
3081 4005
1349 4006
3259 4007
3247 4008
3477 4009
1320 4010
311 4011
226 4012
2645 4013
2126 4014
1088 4015
2711 4016
1384 4017
2018 4018
2030 4019
195 4020
333 4021
1246 4022
1489 4023
1119 4024
3190 4025
3479 4026
2027 4027
1733 4028
188 4029
1918 4030
518 4031
2249 4032
953 4033
3285 4034
2888 4035
3626 4036
2382 4037
3495 4038
3038 4039
1283 4040
433 4041
2744 4042
1166 4043
1803 4044
3258 4045
3749 4046
3707 4047
1542 4048
431 4049
1450 4050
3623 4051
3415 4052
2250 4053
2319 4054
1761 4055
2556 4056
2846 4057
2403 4058
1045 4059
252 4060
3179 4061
1455 4062
3271 4063
533 4064
3360 4065
3268 4066
3696 4067
632 4068
3751 4069
1799 4070
1293 4071
3645 4072
1669 4073
2127 4074
3757 4075
574 4076
722 4077
875 4078
3880 4079
63 4080
139 4081
986 4082
3785 4083
964 4084
810 4085
3940 4086
2731 4087
802 4088
1634 4089
2417 4090
3859 4091
2418 4092
2582 4093
3284 4094
2403 4095
1463 4096
3476 4097
2305 4098
503 4099
602 4100
2269 4101
3515 4102
988 4103
1351 4104
560 4105
3589 4106
424 4107
2821 4108
929 4109
1274 4110
3470 4111
1235 4112
3279 4113
2042 4114
2506 4115
3976 4116
2791 4117
1654 4118
3066 4119
3344 4120
1053 4121
2752 4122
3855 4123
2472 4124
1963 4125
1338 4126
702 4127
3925 4128
3262 4129
3161 4130
613 4131
2198 4132
1421 4133
1179 4134
2209 4135
3582 4136
3094 4137
1913 4138
371 4139
628 4140
2861 4141
2959 4142
3799 4143
1528 4144
2784 4145
2371 4146
1082 4147
1631 4148
2799 4149
2592 4150
3721 4151
567 4152
3414 4153
2569 4154
1375 4155
1442 4156
2363 4157
2449 4158
3180 4159
3810 4160
2556 4161
1838 4162
2575 4163
2412 4164
3760 4165
387 4166
1650 4167
306 4168
2972 4169
2486 4170
2693 4171
1639 4172
1633 4173
465 4174
3872 4175
390 4176
3793 4177
3517 4178
3018 4179
3289 4180
2004 4181
3569 4182
2940 4183
3187 4184
2692 4185
3870 4186
3870 4187
2877 4188
3458 4189
1464 4190
2125 4191
3773 4192
395 4193
584 4194
1669 4195
3524 4196
1637 4197
2100 4198
704 4199
2130 4200
2845 4201
2845 4202
2559 4203
2867 4204
2389 4205
3808 4206
890 4207
738 4208
3219 4209
1271 4210
2562 4211
3859 4212
2479 4213
4087 4214
3063 4215
2500 4216
2360 4217
3216 4218
3098 4219
3610 4220
3123 4221
1336 4222
1336 4223
2258 4224
3458 4225
3717 4226
2007 4227
784 4228
3678 4229
25 4230
2729 4231
141 4232
1874 4233
4067 4234
1602 4235
3684 4236
3989 4237
666 4238
2223 4239
2707 4240
129 4241
1823 4242
2480 4243
2157 4244
3799 4245
1010 4246
2527 4247
3667 4248
3612 4249
1155 4250
615 4251
1779 4252
3154 4253
662 4254
1441 4255
1061 4256
3372 4257
2048 4258
1597 4259
2492 4260
252 4261
3140 4262
1735 4263
3779 4264
3454 4265
2440 4266
3709 4267
203 4268
2019 4269
2566 4270
2513 4271
427 4272
2687 4273
9 4274
2342 4275
2408 4276
665 4277
3104 4278
2618 4279
3062 4280
136 4281
2844 4282
2646 4283
1054 4284
3283 4285
2668 4286
2664 4287
2009 4288
2998 4289
3227 4290
2277 4291
2743 4292
1845 4293
1310 4294
3295 4295
3361 4296
3454 4297
307 4298
760 4299
3341 4300
1256 4301
764 4302
2239 4303
1287 4304
2763 4305
93 4306
719 4307
362 4308
1606 4309
3614 4310
3542 4311
2889 4312
1410 4313
1388 4314
3895 4315
4119 4316
3372 4317
835 4318
669 4319
604 4320
1464 4321
2268 4322
2950 4323
864 4324
1626 4325
3008 4326
4149 4327
3098 4328
1990 4329
1254 4330
2400 4331
452 4332
989 4333
67 4334
291 4335
309 4336
356 4337
3269 4338
962 4339
2365 4340
3531 4341
3353 4342
2924 4343
3534 4344
4268 4345
3597 4346
2688 4347
86 4348
3829 4349
3692 4350
4227 4351
1137 4352
1333 4353
4241 4354
4256 4355
1008 4356
913 4357
3457 4358
3392 4359
3948 4360
795 4361
1076 4362
1321 4363
3988 4364
164 4365
4227 4366
346 4367
4112 4368
1605 4369
1597 4370
658 4371
745 4372
2948 4373
212 4374
1097 4375
4062 4376
4167 4377
67 4378
3618 4379
216 4380
3470 4381
3268 4382
977 4383
978 4384
2092 4385
1600 4386
3340 4387
4173 4388
2916 4389
3627 4390
1546 4391
104 4392
1779 4393
3695 4394
2589 4395
1854 4396
4132 4397
1469 4398
899 4399
4056 4400
980 4401
1136 4402
898 4403
1749 4404
3652 4405
1467 4406
1576 4407
3277 4408
3757 4409
4184 4410
3964 4411
3770 4412
2424 4413
2673 4414
3749 4415
3516 4416
4225 4417
1720 4418
3988 4419
2615 4420
230 4421
720 4422
3762 4423
1120 4424
84 4425
2724 4426
4115 4427
4143 4428
3564 4429
4358 4430
1144 4431
147 4432
3819 4433
1573 4434
1327 4435
3108 4436
2119 4437
2714 4438
272 4439
235 4440
2704 4441
2216 4442
2871 4443
3691 4444
3722 4445
2747 4446
845 4447
966 4448
1189 4449
3976 4450
220 4451
1347 4452
3354 4453
1173 4454
3307 4455
1434 4456
941 4457
1955 4458
4099 4459
3471 4460
3801 4461
1164 4462
605 4463
3105 4464
4046 4465
2544 4466
3193 4467
139 4468
1690 4469
2334 4470
2428 4471
3930 4472
1125 4473
848 4474
1992 4475
3749 4476
3785 4477
3191 4478
2948 4479
4464 4480
3890 4481
659 4482
4304 4483
472 4484
2687 4485
891 4486
1431 4487
3623 4488
3680 4489
1553 4490
678 4491
1337 4492
1988 4493
3960 4494
126 4495
1320 4496
1115 4497
3943 4498
3531 4499
3092 4500
1189 4501
3668 4502
1894 4503
506 4504
1555 4505
853 4506
106 4507
1240 4508
3991 4509
1003 4510
569 4511
1621 4512
2570 4513
3977 4514
1689 4515
1721 4516
1249 4517
1523 4518
4210 4519
945 4520
904 4521
1401 4522
3232 4523
1584 4524
3956 4525
1771 4526
4084 4527
702 4528
4245 4529
1953 4530
963 4531
1868 4532
3645 4533
752 4534
1349 4535
2664 4536
3500 4537
942 4538
3680 4539
4108 4540
1562 4541
822 4542
3773 4543
941 4544
1431 4545
441 4546
3993 4547
1131 4548
37 4549
4470 4550
3338 4551
2537 4552
153 4553
3954 4554
1966 4555
3308 4556
1387 4557
1925 4558
2316 4559
1043 4560
2254 4561
2456 4562
326 4563
3143 4564
2743 4565
849 4566
3221 4567
1518 4568
4553 4569
1723 4570
2812 4571
1118 4572
2031 4573
3123 4574
179 4575
4011 4576
2154 4577
974 4578
2977 4579
4015 4580
1016 4581
700 4582
1606 4583
630 4584
4358 4585
4560 4586
1667 4587
2977 4588
3718 4589
679 4590
2401 4591
1434 4592
2313 4593
346 4594
2653 4595
1010 4596
2863 4597
4293 4598
1882 4599
2334 4600
2523 4601
2219 4602
1947 4603
2750 4604
2506 4605
1883 4606
2535 4607
2016 4608
2347 4609
4153 4610
3212 4611
2462 4612
4534 4613
2784 4614
2621 4615
3387 4616
3469 4617
3560 4618
537 4619
1695 4620
2057 4621
1446 4622
1152 4623
2407 4624
3690 4625
1815 4626
953 4627
3673 4628
1564 4629
1017 4630
3178 4631
4547 4632
4268 4633
2466 4634
2310 4635
3649 4636
4090 4637
4481 4638
3832 4639
2066 4640
715 4641
2795 4642
1767 4643
3273 4644
549 4645
127 4646
3900 4647
87 4648
3655 4649
720 4650
982 4651
1081 4652
2348 4653
250 4654
883 4655
2644 4656
2881 4657
1081 4658
4108 4659
3568 4660
4085 4661
1240 4662
3073 4663
4514 4664
844 4665
2798 4666
3013 4667
4649 4668
1300 4669
331 4670
3712 4671
4067 4672
508 4673
1135 4674
4212 4675
3400 4676
1517 4677
1525 4678
149 4679
1089 4680
1847 4681
2576 4682
3732 4683
311 4684
3141 4685
4651 4686
3552 4687
410 4688
2512 4689
4662 4690
1739 4691
790 4692
268 4693
80 4694
676 4695
267 4696
3728 4697
3798 4698
2702 4699
765 4700
85 4701
1088 4702
3505 4703
1131 4704
4161 4705
1561 4706
1810 4707
3300 4708
315 4709
1159 4710
2497 4711
1449 4712
1708 4713
1963 4714
3747 4715
1641 4716
1507 4717
1625 4718
4411 4719
2145 4720
857 4721
337 4722
3848 4723
927 4724
1420 4725
548 4726
1251 4727
3209 4728
1267 4729
1574 4730
4451 4731
930 4732
1536 4733
2336 4734
3113 4735
1530 4736
3852 4737
3345 4738
924 4739
3621 4740
3904 4741
2252 4742
1710 4743
2108 4744
1465 4745
2629 4746
3183 4747
133 4748
831 4749
3521 4750
3347 4751
3658 4752
7 4753
515 4754
1543 4755
2530 4756
2527 4757
2108 4758
4058 4759
665 4760
725 4761
3141 4762
393 4763
3850 4764
861 4765
842 4766
871 4767
2051 4768
3023 4769
653 4770
2356 4771
4515 4772
4067 4773
1899 4774
711 4775
1491 4776
2443 4777
636 4778
4613 4779
390 4780
3034 4781
3078 4782
2404 4783
4370 4784
1240 4785
3778 4786
3882 4787
3050 4788
433 4789
4463 4790
3631 4791
763 4792
2499 4793
1689 4794
1314 4795
1113 4796
2493 4797
3423 4798
310 4799
444 4800
3596 4801
3267 4802
3927 4803
1525 4804
1436 4805
4209 4806
1579 4807
1593 4808
3105 4809
952 4810
2994 4811
778 4812
2687 4813
3028 4814
262 4815
2598 4816
1974 4817
4475 4818
3453 4819
3301 4820
3501 4821
430 4822
1154 4823
4675 4824
233 4825
3241 4826
2000 4827
3358 4828
2940 4829
3733 4830
266 4831
1996 4832
2508 4833
3009 4834
1393 4835
3551 4836
2139 4837
1557 4838
3286 4839
3192 4840
740 4841
678 4842
3668 4843
2808 4844
1269 4845
3988 4846
4375 4847
857 4848
4652 4849
4283 4850
2362 4851
2831 4852
2194 4853
802 4854
2868 4855
3501 4856
4824 4857
4780 4858
4060 4859
1305 4860
2224 4861
3618 4862
2221 4863
4354 4864
4488 4865
4567 4866
4119 4867
3920 4868
3298 4869
4322 4870
543 4871
3893 4872
3985 4873
1601 4874
2728 4875
4776 4876
3479 4877
1229 4878
1265 4879
3699 4880
1779 4881
1063 4882
1800 4883
3913 4884
4535 4885
437 4886
2615 4887
2529 4888
2342 4889
536 4890
3630 4891
4342 4892
347 4893
409 4894
755 4895
315 4896
2084 4897
1487 4898
2099 4899
2702 4900
663 4901
3874 4902
2731 4903
1025 4904
4520 4905
3998 4906
1713 4907
107 4908
3754 4909
4162 4910
4442 4911
4269 4912
4003 4913
3943 4914
2605 4915
2798 4916
1941 4917
1227 4918
2102 4919
1072 4920
3045 4921
985 4922
4795 4923
857 4924
4847 4925
2611 4926
4479 4927
1131 4928
4604 4929
95 4930
3905 4931
4814 4932
1960 4933
3584 4934
3766 4935
910 4936
4928 4937
2141 4938
1525 4939
3120 4940
1166 4941
885 4942
2701 4943
32 4944
3463 4945
638 4946
3836 4947
3255 4948
3498 4949
2927 4950
4894 4951
3873 4952
1664 4953
3193 4954
767 4955
4919 4956
1451 4957
490 4958
4269 4959
221 4960
777 4961
2036 4962
3726 4963
2108 4964
3007 4965
417 4966
59 4967
103 4968
4832 4969
1443 4970
1139 4971
2434 4972
1853 4973
3969 4974
4968 4975
2228 4976
2343 4977
3963 4978
4834 4979
392 4980
4583 4981
1499 4982
2593 4983
3529 4984
1695 4985
2834 4986
4791 4987
4106 4988
713 4989
878 4990
327 4991
4351 4992
1194 4993
4791 4994
140 4995
4894 4996
337 4997
2309 4998
346 4999
640 5000
