200 222361250 154402264
1 2
2 3
3 4
4 5
5 6
6 7
7 8
8 9
9 10
10 11
11 12
12 13
13 14
14 15
15 16
16 17
17 18
18 19
19 20
20 21
21 22
22 23
23 24
24 25
25 26
26 27
27 28
28 29
29 30
30 31
31 32
32 33
33 34
34 35
35 36
36 37
37 38
38 39
39 40
40 41
41 42
42 43
43 44
44 45
45 46
46 47
47 48
48 49
49 50
50 51
51 52
52 53
53 54
54 55
55 56
56 57
57 58
58 59
59 60
60 61
61 62
62 63
63 64
64 65
65 66
66 67
67 68
68 69
69 70
70 71
71 72
72 73
73 74
74 75
75 76
76 77
77 78
78 79
79 80
80 81
81 82
82 83
83 84
84 85
85 86
86 87
87 88
88 89
89 90
90 91
91 92
92 93
93 94
94 95
95 96
96 97
97 98
98 99
99 100
69 101
3 102
60 103
83 104
1 105
39 106
2 107
26 108
53 109
73 110
75 111
106 112
66 113
83 114
67 115
63 116
106 117
64 118
3 119
38 120
10 121
27 122
63 123
71 124
71 125
16 126
48 127
95 128
106 129
54 130
94 131
120 132
6 133
132 134
119 135
3 136
29 137
13 138
51 139
10 140
16 141
120 142
139 143
81 144
129 145
32 146
13 147
74 148
116 149
141 150
98 151
94 152
98 153
143 154
56 155
72 156
81 157
55 158
92 159
147 160
149 161
155 162
129 163
119 164
2 165
75 166
123 167
132 168
58 169
163 170
39 171
107 172
162 173
57 174
149 175
133 176
1 177
4 178
11 179
1 180
170 181
141 182
149 183
76 184
68 185
179 186
174 187
80 188
138 189
2 190
112 191
82 192
63 193
30 194
10 195
141 196
162 197
67 198
181 199
192 200
