200 79531266 710023360
1 2
2 3
3 4
4 5
5 6
6 7
7 8
8 9
9 10
10 11
11 12
12 13
13 14
14 15
15 16
16 17
17 18
18 19
19 20
20 21
21 22
22 23
23 24
24 25
25 26
26 27
27 28
28 29
29 30
30 31
31 32
32 33
33 34
34 35
35 36
36 37
37 38
38 39
39 40
40 41
41 42
42 43
43 44
44 45
45 46
46 47
47 48
48 49
49 50
50 51
51 52
52 53
53 54
54 55
55 56
56 57
57 58
58 59
59 60
60 61
61 62
62 63
63 64
64 65
65 66
66 67
67 68
68 69
69 70
70 71
71 72
72 73
73 74
74 75
75 76
76 77
77 78
78 79
79 80
80 81
81 82
82 83
83 84
84 85
85 86
86 87
87 88
88 89
89 90
90 91
91 92
92 93
93 94
94 95
95 96
96 97
97 98
98 99
99 100
44 101
18 102
36 103
68 104
91 105
73 106
20 107
21 108
12 109
5 110
15 111
3 112
42 113
83 114
75 115
100 116
111 117
47 118
91 119
73 120
13 121
18 122
14 123
25 124
61 125
62 126
93 127
7 128
30 129
79 130
40 131
85 132
34 133
67 134
72 135
14 136
8 137
36 138
9 139
33 140
46 141
112 142
121 143
11 144
42 145
55 146
95 147
48 148
91 149
27 150
102 151
24 152
5 153
144 154
148 155
133 156
85 157
105 158
122 159
130 160
24 161
15 162
161 163
115 164
9 165
112 166
130 167
124 168
134 169
74 170
66 171
154 172
84 173
7 174
139 175
1 176
146 177
93 178
31 179
127 180
133 181
12 182
46 183
46 184
48 185
2 186
67 187
86 188
137 189
163 190
137 191
71 192
109 193
176 194
11 195
142 196
70 197
52 198
3 199
39 200
