5000 414508122 273387391
1 2
2 3
3 4
4 5
5 6
6 7
7 8
8 9
9 10
10 11
11 12
12 13
13 14
14 15
15 16
16 17
17 18
18 19
19 20
20 21
21 22
22 23
23 24
24 25
25 26
26 27
27 28
28 29
29 30
30 31
31 32
32 33
33 34
34 35
35 36
36 37
37 38
38 39
39 40
40 41
41 42
42 43
43 44
44 45
45 46
46 47
47 48
48 49
49 50
50 51
51 52
52 53
53 54
54 55
55 56
56 57
57 58
58 59
59 60
60 61
61 62
62 63
63 64
64 65
65 66
66 67
67 68
68 69
69 70
70 71
71 72
72 73
73 74
74 75
75 76
76 77
77 78
78 79
79 80
80 81
81 82
82 83
83 84
84 85
85 86
86 87
87 88
88 89
89 90
90 91
91 92
92 93
93 94
94 95
95 96
96 97
97 98
98 99
99 100
100 101
101 102
102 103
103 104
104 105
105 106
106 107
107 108
108 109
109 110
110 111
111 112
112 113
113 114
114 115
115 116
116 117
117 118
118 119
119 120
120 121
121 122
122 123
123 124
124 125
125 126
126 127
127 128
128 129
129 130
130 131
131 132
132 133
133 134
134 135
135 136
136 137
137 138
138 139
139 140
140 141
141 142
142 143
143 144
144 145
145 146
146 147
147 148
148 149
149 150
150 151
151 152
152 153
153 154
154 155
155 156
156 157
157 158
158 159
159 160
160 161
161 162
162 163
163 164
164 165
165 166
166 167
167 168
168 169
169 170
170 171
171 172
172 173
173 174
174 175
175 176
176 177
177 178
178 179
179 180
180 181
181 182
182 183
183 184
184 185
185 186
186 187
187 188
188 189
189 190
190 191
191 192
192 193
193 194
194 195
195 196
196 197
197 198
198 199
199 200
200 201
201 202
202 203
203 204
204 205
205 206
206 207
207 208
208 209
209 210
210 211
211 212
212 213
213 214
214 215
215 216
216 217
217 218
218 219
219 220
220 221
221 222
222 223
223 224
224 225
225 226
226 227
227 228
228 229
229 230
230 231
231 232
232 233
233 234
234 235
235 236
236 237
237 238
238 239
239 240
240 241
241 242
242 243
243 244
244 245
245 246
246 247
247 248
248 249
249 250
250 251
251 252
252 253
253 254
254 255
255 256
256 257
257 258
258 259
259 260
260 261
261 262
262 263
263 264
264 265
265 266
266 267
267 268
268 269
269 270
270 271
271 272
272 273
273 274
274 275
275 276
276 277
277 278
278 279
279 280
280 281
281 282
282 283
283 284
284 285
285 286
286 287
287 288
288 289
289 290
290 291
291 292
292 293
293 294
294 295
295 296
296 297
297 298
298 299
299 300
300 301
301 302
302 303
303 304
304 305
305 306
306 307
307 308
308 309
309 310
310 311
311 312
312 313
313 314
314 315
315 316
316 317
317 318
318 319
319 320
320 321
321 322
322 323
323 324
324 325
325 326
326 327
327 328
328 329
329 330
330 331
331 332
332 333
333 334
334 335
335 336
336 337
337 338
338 339
339 340
340 341
341 342
342 343
343 344
344 345
345 346
346 347
347 348
348 349
349 350
350 351
351 352
352 353
353 354
354 355
355 356
356 357
357 358
358 359
359 360
360 361
361 362
362 363
363 364
364 365
365 366
366 367
367 368
368 369
369 370
370 371
371 372
372 373
373 374
374 375
375 376
376 377
377 378
378 379
379 380
380 381
381 382
382 383
383 384
384 385
385 386
386 387
387 388
388 389
389 390
390 391
391 392
392 393
393 394
394 395
395 396
396 397
397 398
398 399
399 400
400 401
401 402
402 403
403 404
404 405
405 406
406 407
407 408
408 409
409 410
410 411
411 412
412 413
413 414
414 415
415 416
416 417
417 418
418 419
419 420
420 421
421 422
422 423
423 424
424 425
425 426
426 427
427 428
428 429
429 430
430 431
431 432
432 433
433 434
434 435
435 436
436 437
437 438
438 439
439 440
440 441
441 442
442 443
443 444
444 445
445 446
446 447
447 448
448 449
449 450
450 451
451 452
452 453
453 454
454 455
455 456
456 457
457 458
458 459
459 460
460 461
461 462
462 463
463 464
464 465
465 466
466 467
467 468
468 469
469 470
470 471
471 472
472 473
473 474
474 475
475 476
476 477
477 478
478 479
479 480
480 481
481 482
482 483
483 484
484 485
485 486
486 487
487 488
488 489
489 490
490 491
491 492
492 493
493 494
494 495
495 496
496 497
497 498
498 499
499 500
500 501
501 502
502 503
503 504
504 505
505 506
506 507
507 508
508 509
509 510
510 511
511 512
512 513
513 514
514 515
515 516
516 517
517 518
518 519
519 520
520 521
521 522
522 523
523 524
524 525
525 526
526 527
527 528
528 529
529 530
530 531
531 532
532 533
533 534
534 535
535 536
536 537
537 538
538 539
539 540
540 541
541 542
542 543
543 544
544 545
545 546
546 547
547 548
548 549
549 550
550 551
551 552
552 553
553 554
554 555
555 556
556 557
557 558
558 559
559 560
560 561
561 562
562 563
563 564
564 565
565 566
566 567
567 568
568 569
569 570
570 571
571 572
572 573
573 574
574 575
575 576
576 577
577 578
578 579
579 580
580 581
581 582
582 583
583 584
584 585
585 586
586 587
587 588
588 589
589 590
590 591
591 592
592 593
593 594
594 595
595 596
596 597
597 598
598 599
599 600
600 601
601 602
602 603
603 604
604 605
605 606
606 607
607 608
608 609
609 610
610 611
611 612
612 613
613 614
614 615
615 616
616 617
617 618
618 619
619 620
620 621
621 622
622 623
623 624
624 625
625 626
626 627
627 628
628 629
629 630
630 631
631 632
632 633
633 634
634 635
635 636
636 637
637 638
638 639
639 640
640 641
641 642
642 643
643 644
644 645
645 646
646 647
647 648
648 649
649 650
650 651
651 652
652 653
653 654
654 655
655 656
656 657
657 658
658 659
659 660
660 661
661 662
662 663
663 664
664 665
665 666
666 667
667 668
668 669
669 670
670 671
671 672
672 673
673 674
674 675
675 676
676 677
677 678
678 679
679 680
680 681
681 682
682 683
683 684
684 685
685 686
686 687
687 688
688 689
689 690
690 691
691 692
692 693
693 694
694 695
695 696
696 697
697 698
698 699
699 700
700 701
701 702
702 703
703 704
704 705
705 706
706 707
707 708
708 709
709 710
710 711
711 712
712 713
713 714
714 715
715 716
716 717
717 718
718 719
719 720
720 721
721 722
722 723
723 724
724 725
725 726
726 727
727 728
728 729
729 730
730 731
731 732
732 733
733 734
734 735
735 736
736 737
737 738
738 739
739 740
740 741
741 742
742 743
743 744
744 745
745 746
746 747
747 748
748 749
749 750
750 751
751 752
752 753
753 754
754 755
755 756
756 757
757 758
758 759
759 760
760 761
761 762
762 763
763 764
764 765
765 766
766 767
767 768
768 769
769 770
770 771
771 772
772 773
773 774
774 775
775 776
776 777
777 778
778 779
779 780
780 781
781 782
782 783
783 784
784 785
785 786
786 787
787 788
788 789
789 790
790 791
791 792
792 793
793 794
794 795
795 796
796 797
797 798
798 799
799 800
800 801
801 802
802 803
803 804
804 805
805 806
806 807
807 808
808 809
809 810
810 811
811 812
812 813
813 814
814 815
815 816
816 817
817 818
818 819
819 820
820 821
821 822
822 823
823 824
824 825
825 826
826 827
827 828
828 829
829 830
830 831
831 832
832 833
833 834
834 835
835 836
836 837
837 838
838 839
839 840
840 841
841 842
842 843
843 844
844 845
845 846
846 847
847 848
848 849
849 850
850 851
851 852
852 853
853 854
854 855
855 856
856 857
857 858
858 859
859 860
860 861
861 862
862 863
863 864
864 865
865 866
866 867
867 868
868 869
869 870
870 871
871 872
872 873
873 874
874 875
875 876
876 877
877 878
878 879
879 880
880 881
881 882
882 883
883 884
884 885
885 886
886 887
887 888
888 889
889 890
890 891
891 892
892 893
893 894
894 895
895 896
896 897
897 898
898 899
899 900
900 901
901 902
902 903
903 904
904 905
905 906
906 907
907 908
908 909
909 910
910 911
911 912
912 913
913 914
914 915
915 916
916 917
917 918
918 919
919 920
920 921
921 922
922 923
923 924
924 925
925 926
926 927
927 928
928 929
929 930
930 931
931 932
932 933
933 934
934 935
935 936
936 937
937 938
938 939
939 940
940 941
941 942
942 943
943 944
944 945
945 946
946 947
947 948
948 949
949 950
950 951
951 952
952 953
953 954
954 955
955 956
956 957
957 958
958 959
959 960
960 961
961 962
962 963
963 964
964 965
965 966
966 967
967 968
968 969
969 970
970 971
971 972
972 973
973 974
974 975
975 976
976 977
977 978
978 979
979 980
980 981
981 982
982 983
983 984
984 985
985 986
986 987
987 988
988 989
989 990
990 991
991 992
992 993
993 994
994 995
995 996
996 997
997 998
998 999
999 1000
1000 1001
1001 1002
1002 1003
1003 1004
1004 1005
1005 1006
1006 1007
1007 1008
1008 1009
1009 1010
1010 1011
1011 1012
1012 1013
1013 1014
1014 1015
1015 1016
1016 1017
1017 1018
1018 1019
1019 1020
1020 1021
1021 1022
1022 1023
1023 1024
1024 1025
1025 1026
1026 1027
1027 1028
1028 1029
1029 1030
1030 1031
1031 1032
1032 1033
1033 1034
1034 1035
1035 1036
1036 1037
1037 1038
1038 1039
1039 1040
1040 1041
1041 1042
1042 1043
1043 1044
1044 1045
1045 1046
1046 1047
1047 1048
1048 1049
1049 1050
1050 1051
1051 1052
1052 1053
1053 1054
1054 1055
1055 1056
1056 1057
1057 1058
1058 1059
1059 1060
1060 1061
1061 1062
1062 1063
1063 1064
1064 1065
1065 1066
1066 1067
1067 1068
1068 1069
1069 1070
1070 1071
1071 1072
1072 1073
1073 1074
1074 1075
1075 1076
1076 1077
1077 1078
1078 1079
1079 1080
1080 1081
1081 1082
1082 1083
1083 1084
1084 1085
1085 1086
1086 1087
1087 1088
1088 1089
1089 1090
1090 1091
1091 1092
1092 1093
1093 1094
1094 1095
1095 1096
1096 1097
1097 1098
1098 1099
1099 1100
1100 1101
1101 1102
1102 1103
1103 1104
1104 1105
1105 1106
1106 1107
1107 1108
1108 1109
1109 1110
1110 1111
1111 1112
1112 1113
1113 1114
1114 1115
1115 1116
1116 1117
1117 1118
1118 1119
1119 1120
1120 1121
1121 1122
1122 1123
1123 1124
1124 1125
1125 1126
1126 1127
1127 1128
1128 1129
1129 1130
1130 1131
1131 1132
1132 1133
1133 1134
1134 1135
1135 1136
1136 1137
1137 1138
1138 1139
1139 1140
1140 1141
1141 1142
1142 1143
1143 1144
1144 1145
1145 1146
1146 1147
1147 1148
1148 1149
1149 1150
1150 1151
1151 1152
1152 1153
1153 1154
1154 1155
1155 1156
1156 1157
1157 1158
1158 1159
1159 1160
1160 1161
1161 1162
1162 1163
1163 1164
1164 1165
1165 1166
1166 1167
1167 1168
1168 1169
1169 1170
1170 1171
1171 1172
1172 1173
1173 1174
1174 1175
1175 1176
1176 1177
1177 1178
1178 1179
1179 1180
1180 1181
1181 1182
1182 1183
1183 1184
1184 1185
1185 1186
1186 1187
1187 1188
1188 1189
1189 1190
1190 1191
1191 1192
1192 1193
1193 1194
1194 1195
1195 1196
1196 1197
1197 1198
1198 1199
1199 1200
1200 1201
1201 1202
1202 1203
1203 1204
1204 1205
1205 1206
1206 1207
1207 1208
1208 1209
1209 1210
1210 1211
1211 1212
1212 1213
1213 1214
1214 1215
1215 1216
1216 1217
1217 1218
1218 1219
1219 1220
1220 1221
1221 1222
1222 1223
1223 1224
1224 1225
1225 1226
1226 1227
1227 1228
1228 1229
1229 1230
1230 1231
1231 1232
1232 1233
1233 1234
1234 1235
1235 1236
1236 1237
1237 1238
1238 1239
1239 1240
1240 1241
1241 1242
1242 1243
1243 1244
1244 1245
1245 1246
1246 1247
1247 1248
1248 1249
1249 1250
1250 1251
1251 1252
1252 1253
1253 1254
1254 1255
1255 1256
1256 1257
1257 1258
1258 1259
1259 1260
1260 1261
1261 1262
1262 1263
1263 1264
1264 1265
1265 1266
1266 1267
1267 1268
1268 1269
1269 1270
1270 1271
1271 1272
1272 1273
1273 1274
1274 1275
1275 1276
1276 1277
1277 1278
1278 1279
1279 1280
1280 1281
1281 1282
1282 1283
1283 1284
1284 1285
1285 1286
1286 1287
1287 1288
1288 1289
1289 1290
1290 1291
1291 1292
1292 1293
1293 1294
1294 1295
1295 1296
1296 1297
1297 1298
1298 1299
1299 1300
1300 1301
1301 1302
1302 1303
1303 1304
1304 1305
1305 1306
1306 1307
1307 1308
1308 1309
1309 1310
1310 1311
1311 1312
1312 1313
1313 1314
1314 1315
1315 1316
1316 1317
1317 1318
1318 1319
1319 1320
1320 1321
1321 1322
1322 1323
1323 1324
1324 1325
1325 1326
1326 1327
1327 1328
1328 1329
1329 1330
1330 1331
1331 1332
1332 1333
1333 1334
1334 1335
1335 1336
1336 1337
1337 1338
1338 1339
1339 1340
1340 1341
1341 1342
1342 1343
1343 1344
1344 1345
1345 1346
1346 1347
1347 1348
1348 1349
1349 1350
1350 1351
1351 1352
1352 1353
1353 1354
1354 1355
1355 1356
1356 1357
1357 1358
1358 1359
1359 1360
1360 1361
1361 1362
1362 1363
1363 1364
1364 1365
1365 1366
1366 1367
1367 1368
1368 1369
1369 1370
1370 1371
1371 1372
1372 1373
1373 1374
1374 1375
1375 1376
1376 1377
1377 1378
1378 1379
1379 1380
1380 1381
1381 1382
1382 1383
1383 1384
1384 1385
1385 1386
1386 1387
1387 1388
1388 1389
1389 1390
1390 1391
1391 1392
1392 1393
1393 1394
1394 1395
1395 1396
1396 1397
1397 1398
1398 1399
1399 1400
1400 1401
1401 1402
1402 1403
1403 1404
1404 1405
1405 1406
1406 1407
1407 1408
1408 1409
1409 1410
1410 1411
1411 1412
1412 1413
1413 1414
1414 1415
1415 1416
1416 1417
1417 1418
1418 1419
1419 1420
1420 1421
1421 1422
1422 1423
1423 1424
1424 1425
1425 1426
1426 1427
1427 1428
1428 1429
1429 1430
1430 1431
1431 1432
1432 1433
1433 1434
1434 1435
1435 1436
1436 1437
1437 1438
1438 1439
1439 1440
1440 1441
1441 1442
1442 1443
1443 1444
1444 1445
1445 1446
1446 1447
1447 1448
1448 1449
1449 1450
1450 1451
1451 1452
1452 1453
1453 1454
1454 1455
1455 1456
1456 1457
1457 1458
1458 1459
1459 1460
1460 1461
1461 1462
1462 1463
1463 1464
1464 1465
1465 1466
1466 1467
1467 1468
1468 1469
1469 1470
1470 1471
1471 1472
1472 1473
1473 1474
1474 1475
1475 1476
1476 1477
1477 1478
1478 1479
1479 1480
1480 1481
1481 1482
1482 1483
1483 1484
1484 1485
1485 1486
1486 1487
1487 1488
1488 1489
1489 1490
1490 1491
1491 1492
1492 1493
1493 1494
1494 1495
1495 1496
1496 1497
1497 1498
1498 1499
1499 1500
1500 1501
1501 1502
1502 1503
1503 1504
1504 1505
1505 1506
1506 1507
1507 1508
1508 1509
1509 1510
1510 1511
1511 1512
1512 1513
1513 1514
1514 1515
1515 1516
1516 1517
1517 1518
1518 1519
1519 1520
1520 1521
1521 1522
1522 1523
1523 1524
1524 1525
1525 1526
1526 1527
1527 1528
1528 1529
1529 1530
1530 1531
1531 1532
1532 1533
1533 1534
1534 1535
1535 1536
1536 1537
1537 1538
1538 1539
1539 1540
1540 1541
1541 1542
1542 1543
1543 1544
1544 1545
1545 1546
1546 1547
1547 1548
1548 1549
1549 1550
1550 1551
1551 1552
1552 1553
1553 1554
1554 1555
1555 1556
1556 1557
1557 1558
1558 1559
1559 1560
1560 1561
1561 1562
1562 1563
1563 1564
1564 1565
1565 1566
1566 1567
1567 1568
1568 1569
1569 1570
1570 1571
1571 1572
1572 1573
1573 1574
1574 1575
1575 1576
1576 1577
1577 1578
1578 1579
1579 1580
1580 1581
1581 1582
1582 1583
1583 1584
1584 1585
1585 1586
1586 1587
1587 1588
1588 1589
1589 1590
1590 1591
1591 1592
1592 1593
1593 1594
1594 1595
1595 1596
1596 1597
1597 1598
1598 1599
1599 1600
1600 1601
1601 1602
1602 1603
1603 1604
1604 1605
1605 1606
1606 1607
1607 1608
1608 1609
1609 1610
1610 1611
1611 1612
1612 1613
1613 1614
1614 1615
1615 1616
1616 1617
1617 1618
1618 1619
1619 1620
1620 1621
1621 1622
1622 1623
1623 1624
1624 1625
1625 1626
1626 1627
1627 1628
1628 1629
1629 1630
1630 1631
1631 1632
1632 1633
1633 1634
1634 1635
1635 1636
1636 1637
1637 1638
1638 1639
1639 1640
1640 1641
1641 1642
1642 1643
1643 1644
1644 1645
1645 1646
1646 1647
1647 1648
1648 1649
1649 1650
1650 1651
1651 1652
1652 1653
1653 1654
1654 1655
1655 1656
1656 1657
1657 1658
1658 1659
1659 1660
1660 1661
1661 1662
1662 1663
1663 1664
1664 1665
1665 1666
1666 1667
1667 1668
1668 1669
1669 1670
1670 1671
1671 1672
1672 1673
1673 1674
1674 1675
1675 1676
1676 1677
1677 1678
1678 1679
1679 1680
1680 1681
1681 1682
1682 1683
1683 1684
1684 1685
1685 1686
1686 1687
1687 1688
1688 1689
1689 1690
1690 1691
1691 1692
1692 1693
1693 1694
1694 1695
1695 1696
1696 1697
1697 1698
1698 1699
1699 1700
1700 1701
1701 1702
1702 1703
1703 1704
1704 1705
1705 1706
1706 1707
1707 1708
1708 1709
1709 1710
1710 1711
1711 1712
1712 1713
1713 1714
1714 1715
1715 1716
1716 1717
1717 1718
1718 1719
1719 1720
1720 1721
1721 1722
1722 1723
1723 1724
1724 1725
1725 1726
1726 1727
1727 1728
1728 1729
1729 1730
1730 1731
1731 1732
1732 1733
1733 1734
1734 1735
1735 1736
1736 1737
1737 1738
1738 1739
1739 1740
1740 1741
1741 1742
1742 1743
1743 1744
1744 1745
1745 1746
1746 1747
1747 1748
1748 1749
1749 1750
1750 1751
1751 1752
1752 1753
1753 1754
1754 1755
1755 1756
1756 1757
1757 1758
1758 1759
1759 1760
1760 1761
1761 1762
1762 1763
1763 1764
1764 1765
1765 1766
1766 1767
1767 1768
1768 1769
1769 1770
1770 1771
1771 1772
1772 1773
1773 1774
1774 1775
1775 1776
1776 1777
1777 1778
1778 1779
1779 1780
1780 1781
1781 1782
1782 1783
1783 1784
1784 1785
1785 1786
1786 1787
1787 1788
1788 1789
1789 1790
1790 1791
1791 1792
1792 1793
1793 1794
1794 1795
1795 1796
1796 1797
1797 1798
1798 1799
1799 1800
1800 1801
1801 1802
1802 1803
1803 1804
1804 1805
1805 1806
1806 1807
1807 1808
1808 1809
1809 1810
1810 1811
1811 1812
1812 1813
1813 1814
1814 1815
1815 1816
1816 1817
1817 1818
1818 1819
1819 1820
1820 1821
1821 1822
1822 1823
1823 1824
1824 1825
1825 1826
1826 1827
1827 1828
1828 1829
1829 1830
1830 1831
1831 1832
1832 1833
1833 1834
1834 1835
1835 1836
1836 1837
1837 1838
1838 1839
1839 1840
1840 1841
1841 1842
1842 1843
1843 1844
1844 1845
1845 1846
1846 1847
1847 1848
1848 1849
1849 1850
1850 1851
1851 1852
1852 1853
1853 1854
1854 1855
1855 1856
1856 1857
1857 1858
1858 1859
1859 1860
1860 1861
1861 1862
1862 1863
1863 1864
1864 1865
1865 1866
1866 1867
1867 1868
1868 1869
1869 1870
1870 1871
1871 1872
1872 1873
1873 1874
1874 1875
1875 1876
1876 1877
1877 1878
1878 1879
1879 1880
1880 1881
1881 1882
1882 1883
1883 1884
1884 1885
1885 1886
1886 1887
1887 1888
1888 1889
1889 1890
1890 1891
1891 1892
1892 1893
1893 1894
1894 1895
1895 1896
1896 1897
1897 1898
1898 1899
1899 1900
1900 1901
1901 1902
1902 1903
1903 1904
1904 1905
1905 1906
1906 1907
1907 1908
1908 1909
1909 1910
1910 1911
1911 1912
1912 1913
1913 1914
1914 1915
1915 1916
1916 1917
1917 1918
1918 1919
1919 1920
1920 1921
1921 1922
1922 1923
1923 1924
1924 1925
1925 1926
1926 1927
1927 1928
1928 1929
1929 1930
1930 1931
1931 1932
1932 1933
1933 1934
1934 1935
1935 1936
1936 1937
1937 1938
1938 1939
1939 1940
1940 1941
1941 1942
1942 1943
1943 1944
1944 1945
1945 1946
1946 1947
1947 1948
1948 1949
1949 1950
1950 1951
1951 1952
1952 1953
1953 1954
1954 1955
1955 1956
1956 1957
1957 1958
1958 1959
1959 1960
1960 1961
1961 1962
1962 1963
1963 1964
1964 1965
1965 1966
1966 1967
1967 1968
1968 1969
1969 1970
1970 1971
1971 1972
1972 1973
1973 1974
1974 1975
1975 1976
1976 1977
1977 1978
1978 1979
1979 1980
1980 1981
1981 1982
1982 1983
1983 1984
1984 1985
1985 1986
1986 1987
1987 1988
1988 1989
1989 1990
1990 1991
1991 1992
1992 1993
1993 1994
1994 1995
1995 1996
1996 1997
1997 1998
1998 1999
1999 2000
2000 2001
2001 2002
2002 2003
2003 2004
2004 2005
2005 2006
2006 2007
2007 2008
2008 2009
2009 2010
2010 2011
2011 2012
2012 2013
2013 2014
2014 2015
2015 2016
2016 2017
2017 2018
2018 2019
2019 2020
2020 2021
2021 2022
2022 2023
2023 2024
2024 2025
2025 2026
2026 2027
2027 2028
2028 2029
2029 2030
2030 2031
2031 2032
2032 2033
2033 2034
2034 2035
2035 2036
2036 2037
2037 2038
2038 2039
2039 2040
2040 2041
2041 2042
2042 2043
2043 2044
2044 2045
2045 2046
2046 2047
2047 2048
2048 2049
2049 2050
2050 2051
2051 2052
2052 2053
2053 2054
2054 2055
2055 2056
2056 2057
2057 2058
2058 2059
2059 2060
2060 2061
2061 2062
2062 2063
2063 2064
2064 2065
2065 2066
2066 2067
2067 2068
2068 2069
2069 2070
2070 2071
2071 2072
2072 2073
2073 2074
2074 2075
2075 2076
2076 2077
2077 2078
2078 2079
2079 2080
2080 2081
2081 2082
2082 2083
2083 2084
2084 2085
2085 2086
2086 2087
2087 2088
2088 2089
2089 2090
2090 2091
2091 2092
2092 2093
2093 2094
2094 2095
2095 2096
2096 2097
2097 2098
2098 2099
2099 2100
2100 2101
2101 2102
2102 2103
2103 2104
2104 2105
2105 2106
2106 2107
2107 2108
2108 2109
2109 2110
2110 2111
2111 2112
2112 2113
2113 2114
2114 2115
2115 2116
2116 2117
2117 2118
2118 2119
2119 2120
2120 2121
2121 2122
2122 2123
2123 2124
2124 2125
2125 2126
2126 2127
2127 2128
2128 2129
2129 2130
2130 2131
2131 2132
2132 2133
2133 2134
2134 2135
2135 2136
2136 2137
2137 2138
2138 2139
2139 2140
2140 2141
2141 2142
2142 2143
2143 2144
2144 2145
2145 2146
2146 2147
2147 2148
2148 2149
2149 2150
2150 2151
2151 2152
2152 2153
2153 2154
2154 2155
2155 2156
2156 2157
2157 2158
2158 2159
2159 2160
2160 2161
2161 2162
2162 2163
2163 2164
2164 2165
2165 2166
2166 2167
2167 2168
2168 2169
2169 2170
2170 2171
2171 2172
2172 2173
2173 2174
2174 2175
2175 2176
2176 2177
2177 2178
2178 2179
2179 2180
2180 2181
2181 2182
2182 2183
2183 2184
2184 2185
2185 2186
2186 2187
2187 2188
2188 2189
2189 2190
2190 2191
2191 2192
2192 2193
2193 2194
2194 2195
2195 2196
2196 2197
2197 2198
2198 2199
2199 2200
2200 2201
2201 2202
2202 2203
2203 2204
2204 2205
2205 2206
2206 2207
2207 2208
2208 2209
2209 2210
2210 2211
2211 2212
2212 2213
2213 2214
2214 2215
2215 2216
2216 2217
2217 2218
2218 2219
2219 2220
2220 2221
2221 2222
2222 2223
2223 2224
2224 2225
2225 2226
2226 2227
2227 2228
2228 2229
2229 2230
2230 2231
2231 2232
2232 2233
2233 2234
2234 2235
2235 2236
2236 2237
2237 2238
2238 2239
2239 2240
2240 2241
2241 2242
2242 2243
2243 2244
2244 2245
2245 2246
2246 2247
2247 2248
2248 2249
2249 2250
2250 2251
2251 2252
2252 2253
2253 2254
2254 2255
2255 2256
2256 2257
2257 2258
2258 2259
2259 2260
2260 2261
2261 2262
2262 2263
2263 2264
2264 2265
2265 2266
2266 2267
2267 2268
2268 2269
2269 2270
2270 2271
2271 2272
2272 2273
2273 2274
2274 2275
2275 2276
2276 2277
2277 2278
2278 2279
2279 2280
2280 2281
2281 2282
2282 2283
2283 2284
2284 2285
2285 2286
2286 2287
2287 2288
2288 2289
2289 2290
2290 2291
2291 2292
2292 2293
2293 2294
2294 2295
2295 2296
2296 2297
2297 2298
2298 2299
2299 2300
2300 2301
2301 2302
2302 2303
2303 2304
2304 2305
2305 2306
2306 2307
2307 2308
2308 2309
2309 2310
2310 2311
2311 2312
2312 2313
2313 2314
2314 2315
2315 2316
2316 2317
2317 2318
2318 2319
2319 2320
2320 2321
2321 2322
2322 2323
2323 2324
2324 2325
2325 2326
2326 2327
2327 2328
2328 2329
2329 2330
2330 2331
2331 2332
2332 2333
2333 2334
2334 2335
2335 2336
2336 2337
2337 2338
2338 2339
2339 2340
2340 2341
2341 2342
2342 2343
2343 2344
2344 2345
2345 2346
2346 2347
2347 2348
2348 2349
2349 2350
2350 2351
2351 2352
2352 2353
2353 2354
2354 2355
2355 2356
2356 2357
2357 2358
2358 2359
2359 2360
2360 2361
2361 2362
2362 2363
2363 2364
2364 2365
2365 2366
2366 2367
2367 2368
2368 2369
2369 2370
2370 2371
2371 2372
2372 2373
2373 2374
2374 2375
2375 2376
2376 2377
2377 2378
2378 2379
2379 2380
2380 2381
2381 2382
2382 2383
2383 2384
2384 2385
2385 2386
2386 2387
2387 2388
2388 2389
2389 2390
2390 2391
2391 2392
2392 2393
2393 2394
2394 2395
2395 2396
2396 2397
2397 2398
2398 2399
2399 2400
2400 2401
2401 2402
2402 2403
2403 2404
2404 2405
2405 2406
2406 2407
2407 2408
2408 2409
2409 2410
2410 2411
2411 2412
2412 2413
2413 2414
2414 2415
2415 2416
2416 2417
2417 2418
2418 2419
2419 2420
2420 2421
2421 2422
2422 2423
2423 2424
2424 2425
2425 2426
2426 2427
2427 2428
2428 2429
2429 2430
2430 2431
2431 2432
2432 2433
2433 2434
2434 2435
2435 2436
2436 2437
2437 2438
2438 2439
2439 2440
2440 2441
2441 2442
2442 2443
2443 2444
2444 2445
2445 2446
2446 2447
2447 2448
2448 2449
2449 2450
2450 2451
2451 2452
2452 2453
2453 2454
2454 2455
2455 2456
2456 2457
2457 2458
2458 2459
2459 2460
2460 2461
2461 2462
2462 2463
2463 2464
2464 2465
2465 2466
2466 2467
2467 2468
2468 2469
2469 2470
2470 2471
2471 2472
2472 2473
2473 2474
2474 2475
2475 2476
2476 2477
2477 2478
2478 2479
2479 2480
2480 2481
2481 2482
2482 2483
2483 2484
2484 2485
2485 2486
2486 2487
2487 2488
2488 2489
2489 2490
2490 2491
2491 2492
2492 2493
2493 2494
2494 2495
2495 2496
2496 2497
2497 2498
2498 2499
2499 2500
2169 2501
706 2502
1253 2503
2266 2504
1737 2505
1138 2506
163 2507
2345 2508
1160 2509
873 2510
2455 2511
2023 2512
1924 2513
1178 2514
875 2515
725 2516
1767 2517
1487 2518
236 2519
1108 2520
1474 2521
1090 2522
1086 2523
1253 2524
388 2525
1018 2526
194 2527
2258 2528
2417 2529
336 2530
1071 2531
1709 2532
1562 2533
2419 2534
1048 2535
2482 2536
1077 2537
2106 2538
489 2539
1566 2540
547 2541
2204 2542
68 2543
2364 2544
245 2545
2471 2546
1094 2547
1852 2548
1313 2549
1844 2550
1957 2551
1552 2552
1347 2553
1201 2554
1656 2555
1043 2556
2112 2557
109 2558
1739 2559
429 2560
2146 2561
618 2562
2400 2563
1335 2564
2405 2565
2486 2566
777 2567
1464 2568
403 2569
542 2570
2220 2571
1124 2572
1141 2573
1990 2574
202 2575
2365 2576
1768 2577
212 2578
1369 2579
583 2580
258 2581
857 2582
2040 2583
2332 2584
2058 2585
324 2586
1920 2587
403 2588
652 2589
2337 2590
245 2591
1309 2592
888 2593
2474 2594
1498 2595
37 2596
490 2597
2466 2598
2075 2599
166 2600
647 2601
2496 2602
948 2603
1759 2604
111 2605
2330 2606
1764 2607
842 2608
1314 2609
1985 2610
209 2611
1832 2612
1794 2613
2399 2614
422 2615
687 2616
1532 2617
1832 2618
2276 2619
2417 2620
2604 2621
2236 2622
2086 2623
1343 2624
1468 2625
834 2626
1111 2627
2332 2628
1612 2629
2092 2630
2126 2631
2474 2632
474 2633
399 2634
2448 2635
2106 2636
1920 2637
2368 2638
462 2639
2483 2640
203 2641
2248 2642
952 2643
524 2644
2197 2645
2382 2646
2563 2647
1965 2648
477 2649
549 2650
932 2651
2143 2652
659 2653
2054 2654
12 2655
1827 2656
1995 2657
2014 2658
2239 2659
1851 2660
1036 2661
939 2662
1622 2663
2607 2664
2218 2665
247 2666
1630 2667
42 2668
1035 2669
493 2670
1532 2671
2122 2672
2482 2673
1968 2674
1918 2675
635 2676
2373 2677
1496 2678
66 2679
124 2680
2403 2681
898 2682
2540 2683
1233 2684
1548 2685
665 2686
1996 2687
1434 2688
707 2689
394 2690
316 2691
1703 2692
1619 2693
927 2694
2354 2695
2388 2696
37 2697
818 2698
1457 2699
1865 2700
1376 2701
816 2702
1580 2703
2684 2704
1898 2705
1625 2706
1700 2707
2370 2708
1931 2709
2512 2710
1190 2711
2127 2712
2616 2713
1359 2714
977 2715
689 2716
2056 2717
1102 2718
2590 2719
1583 2720
1664 2721
2698 2722
2365 2723
34 2724
1932 2725
1696 2726
1481 2727
492 2728
1342 2729
1855 2730
1994 2731
2725 2732
362 2733
1138 2734
77 2735
1493 2736
700 2737
569 2738
239 2739
1625 2740
448 2741
645 2742
2147 2743
919 2744
2654 2745
2428 2746
411 2747
206 2748
695 2749
1137 2750
2589 2751
818 2752
2653 2753
69 2754
2242 2755
328 2756
226 2757
784 2758
1422 2759
1308 2760
1391 2761
2722 2762
879 2763
2106 2764
335 2765
217 2766
1636 2767
2180 2768
353 2769
1114 2770
892 2771
1374 2772
459 2773
1445 2774
1831 2775
2196 2776
2638 2777
1796 2778
1447 2779
2063 2780
94 2781
83 2782
1106 2783
2400 2784
158 2785
11 2786
1617 2787
111 2788
549 2789
638 2790
2543 2791
394 2792
1872 2793
76 2794
691 2795
2149 2796
1402 2797
258 2798
109 2799
164 2800
1258 2801
2345 2802
2731 2803
1010 2804
1160 2805
1964 2806
2312 2807
22 2808
756 2809
2336 2810
1520 2811
715 2812
1130 2813
1164 2814
2208 2815
547 2816
817 2817
469 2818
2713 2819
2642 2820
9 2821
2025 2822
999 2823
52 2824
1685 2825
1894 2826
2355 2827
1368 2828
1252 2829
1571 2830
504 2831
1753 2832
1504 2833
2720 2834
177 2835
2106 2836
1913 2837
1644 2838
2233 2839
1237 2840
2087 2841
1885 2842
706 2843
1063 2844
2632 2845
1279 2846
2215 2847
2484 2848
1727 2849
2811 2850
627 2851
1399 2852
1091 2853
861 2854
1908 2855
673 2856
2303 2857
2732 2858
2668 2859
223 2860
2780 2861
1894 2862
2249 2863
1811 2864
1105 2865
38 2866
37 2867
1837 2868
1743 2869
923 2870
1602 2871
1966 2872
2773 2873
965 2874
2665 2875
1179 2876
913 2877
449 2878
510 2879
1417 2880
2817 2881
1333 2882
989 2883
2326 2884
1940 2885
2736 2886
1596 2887
550 2888
2065 2889
1602 2890
2167 2891
202 2892
671 2893
2235 2894
1507 2895
1671 2896
2865 2897
2823 2898
465 2899
948 2900
2899 2901
1527 2902
1954 2903
261 2904
1910 2905
2139 2906
1535 2907
810 2908
2808 2909
1959 2910
1173 2911
1911 2912
1987 2913
461 2914
944 2915
1874 2916
137 2917
113 2918
463 2919
1875 2920
2909 2921
186 2922
348 2923
2229 2924
1600 2925
166 2926
1280 2927
1985 2928
2880 2929
678 2930
1476 2931
1904 2932
139 2933
1402 2934
309 2935
2289 2936
471 2937
1659 2938
1260 2939
2094 2940
460 2941
2500 2942
1493 2943
518 2944
2428 2945
2682 2946
821 2947
287 2948
1986 2949
978 2950
138 2951
2772 2952
505 2953
2805 2954
2325 2955
2104 2956
462 2957
1056 2958
390 2959
2424 2960
1687 2961
1487 2962
435 2963
1204 2964
1337 2965
1401 2966
2949 2967
2049 2968
134 2969
1115 2970
2783 2971
1754 2972
727 2973
1555 2974
2058 2975
1703 2976
809 2977
1824 2978
124 2979
2619 2980
2204 2981
2966 2982
43 2983
710 2984
773 2985
1352 2986
2674 2987
2175 2988
2055 2989
2924 2990
1114 2991
1874 2992
2260 2993
411 2994
2399 2995
1774 2996
506 2997
177 2998
1553 2999
418 3000
2135 3001
596 3002
568 3003
2313 3004
179 3005
813 3006
133 3007
1920 3008
1529 3009
1004 3010
156 3011
2347 3012
705 3013
1563 3014
2374 3015
2451 3016
2699 3017
1250 3018
1972 3019
2857 3020
1925 3021
1934 3022
2201 3023
2644 3024
1650 3025
490 3026
1172 3027
2692 3028
157 3029
2376 3030
699 3031
293 3032
172 3033
432 3034
2408 3035
2268 3036
2217 3037
3030 3038
256 3039
144 3040
2394 3041
939 3042
2488 3043
189 3044
1454 3045
1719 3046
2963 3047
1129 3048
1420 3049
1775 3050
1052 3051
152 3052
1506 3053
148 3054
141 3055
93 3056
2132 3057
2313 3058
1717 3059
2813 3060
414 3061
2320 3062
804 3063
1223 3064
748 3065
57 3066
796 3067
1083 3068
2856 3069
716 3070
2948 3071
308 3072
2603 3073
2413 3074
1556 3075
869 3076
962 3077
47 3078
2175 3079
2854 3080
573 3081
1207 3082
1565 3083
242 3084
826 3085
1748 3086
539 3087
230 3088
1655 3089
2641 3090
932 3091
1885 3092
929 3093
337 3094
1829 3095
1225 3096
456 3097
2746 3098
1838 3099
2970 3100
2155 3101
935 3102
2485 3103
1769 3104
1772 3105
827 3106
1380 3107
703 3108
1576 3109
354 3110
1321 3111
20 3112
2862 3113
2910 3114
2226 3115
1244 3116
278 3117
1453 3118
3075 3119
1154 3120
672 3121
9 3122
2141 3123
2805 3124
2499 3125
1329 3126
1867 3127
648 3128
1075 3129
2164 3130
2250 3131
289 3132
1089 3133
230 3134
2385 3135
740 3136
1381 3137
1856 3138
2662 3139
1492 3140
107 3141
3114 3142
89 3143
3054 3144
2188 3145
2513 3146
434 3147
2520 3148
499 3149
91 3150
874 3151
614 3152
2665 3153
3017 3154
526 3155
2792 3156
1889 3157
1301 3158
2591 3159
2866 3160
779 3161
371 3162
2684 3163
2855 3164
794 3165
2841 3166
1632 3167
286 3168
2832 3169
677 3170
2301 3171
2435 3172
2240 3173
670 3174
1887 3175
1842 3176
1794 3177
2581 3178
2324 3179
1096 3180
2498 3181
1135 3182
2334 3183
793 3184
175 3185
515 3186
1826 3187
1544 3188
1734 3189
3069 3190
2408 3191
2415 3192
916 3193
1424 3194
2105 3195
1486 3196
904 3197
3188 3198
2977 3199
40 3200
1110 3201
2966 3202
2201 3203
422 3204
2503 3205
180 3206
2771 3207
1194 3208
2793 3209
665 3210
764 3211
1635 3212
463 3213
3205 3214
1160 3215
318 3216
1800 3217
2326 3218
3182 3219
1060 3220
2636 3221
1020 3222
2460 3223
2258 3224
404 3225
1255 3226
2705 3227
632 3228
1450 3229
1769 3230
3157 3231
1691 3232
1247 3233
3190 3234
2089 3235
2823 3236
703 3237
956 3238
962 3239
3080 3240
818 3241
2422 3242
2841 3243
2910 3244
795 3245
966 3246
2652 3247
1338 3248
35 3249
81 3250
2985 3251
3124 3252
2552 3253
50 3254
2263 3255
1001 3256
2384 3257
29 3258
1334 3259
683 3260
2169 3261
1123 3262
2233 3263
3184 3264
1368 3265
298 3266
2087 3267
602 3268
328 3269
245 3270
2545 3271
3248 3272
2495 3273
1605 3274
335 3275
997 3276
48 3277
3023 3278
1270 3279
875 3280
805 3281
945 3282
1609 3283
1172 3284
1092 3285
2886 3286
2755 3287
2575 3288
2684 3289
1596 3290
2016 3291
2109 3292
1939 3293
2500 3294
892 3295
2915 3296
1458 3297
2701 3298
275 3299
1730 3300
2336 3301
3187 3302
2126 3303
1492 3304
1036 3305
2789 3306
679 3307
3101 3308
1793 3309
1681 3310
3050 3311
1594 3312
2608 3313
2845 3314
2066 3315
1408 3316
872 3317
1615 3318
321 3319
377 3320
2632 3321
137 3322
2539 3323
2575 3324
2028 3325
1587 3326
309 3327
2509 3328
1800 3329
465 3330
619 3331
271 3332
2655 3333
432 3334
824 3335
1814 3336
2012 3337
632 3338
2527 3339
375 3340
667 3341
1736 3342
2694 3343
2109 3344
393 3345
1676 3346
1555 3347
1049 3348
1307 3349
3294 3350
1888 3351
406 3352
2887 3353
3248 3354
154 3355
18 3356
1755 3357
3134 3358
1386 3359
527 3360
1167 3361
1686 3362
2421 3363
17 3364
2912 3365
332 3366
262 3367
2809 3368
483 3369
2191 3370
137 3371
1470 3372
2500 3373
3198 3374
1954 3375
1485 3376
1341 3377
3006 3378
2336 3379
54 3380
1974 3381
1307 3382
2093 3383
2922 3384
1782 3385
1710 3386
2618 3387
1688 3388
466 3389
1709 3390
2161 3391
1771 3392
578 3393
695 3394
512 3395
2526 3396
1791 3397
695 3398
551 3399
3022 3400
2968 3401
2824 3402
825 3403
1017 3404
934 3405
2833 3406
583 3407
1014 3408
2960 3409
1831 3410
3223 3411
450 3412
676 3413
136 3414
1420 3415
322 3416
818 3417
1558 3418
2278 3419
3147 3420
303 3421
2446 3422
2241 3423
1520 3424
72 3425
3052 3426
2980 3427
1714 3428
223 3429
1295 3430
1050 3431
413 3432
66 3433
2572 3434
1916 3435
62 3436
2400 3437
2499 3438
424 3439
261 3440
833 3441
1524 3442
1656 3443
1430 3444
1040 3445
2879 3446
1116 3447
2901 3448
2049 3449
2970 3450
1950 3451
456 3452
1645 3453
3075 3454
2429 3455
192 3456
854 3457
1328 3458
1637 3459
912 3460
3272 3461
2294 3462
948 3463
2611 3464
396 3465
1429 3466
3189 3467
355 3468
1213 3469
2435 3470
1245 3471
2194 3472
1794 3473
3006 3474
103 3475
1347 3476
680 3477
353 3478
653 3479
2177 3480
795 3481
80 3482
1430 3483
2180 3484
3062 3485
1033 3486
840 3487
1833 3488
205 3489
68 3490
1326 3491
3291 3492
2002 3493
3283 3494
1142 3495
234 3496
3028 3497
1600 3498
2921 3499
3169 3500
2962 3501
161 3502
1118 3503
2791 3504
225 3505
998 3506
251 3507
2004 3508
3219 3509
2755 3510
1429 3511
381 3512
666 3513
1546 3514
69 3515
1460 3516
537 3517
2697 3518
2698 3519
958 3520
3326 3521
2941 3522
1834 3523
3428 3524
44 3525
959 3526
1370 3527
100 3528
2538 3529
2408 3530
1974 3531
1755 3532
2098 3533
946 3534
1545 3535
3294 3536
2407 3537
3478 3538
2325 3539
3435 3540
392 3541
1813 3542
1171 3543
1573 3544
1145 3545
594 3546
1883 3547
431 3548
869 3549
3319 3550
1197 3551
213 3552
1671 3553
251 3554
2122 3555
2681 3556
1246 3557
1210 3558
1017 3559
2343 3560
2752 3561
626 3562
3086 3563
1813 3564
1023 3565
1279 3566
107 3567
2851 3568
1938 3569
3266 3570
1221 3571
2230 3572
1937 3573
1272 3574
2035 3575
3054 3576
643 3577
2349 3578
2991 3579
978 3580
3477 3581
2399 3582
1593 3583
2408 3584
3112 3585
1108 3586
252 3587
2312 3588
3465 3589
2057 3590
1861 3591
2371 3592
104 3593
2019 3594
2765 3595
447 3596
3440 3597
2657 3598
9 3599
2584 3600
1626 3601
2655 3602
451 3603
123 3604
52 3605
1302 3606
2841 3607
992 3608
832 3609
2301 3610
2599 3611
1654 3612
400 3613
1446 3614
1886 3615
1438 3616
2742 3617
2595 3618
2187 3619
2069 3620
1295 3621
3239 3622
622 3623
1422 3624
652 3625
2112 3626
3393 3627
1317 3628
3262 3629
1316 3630
647 3631
2177 3632
3555 3633
592 3634
969 3635
240 3636
3607 3637
458 3638
3626 3639
2806 3640
2846 3641
15 3642
328 3643
2528 3644
2775 3645
1870 3646
799 3647
560 3648
1223 3649
923 3650
1321 3651
2623 3652
1076 3653
1980 3654
3439 3655
245 3656
3162 3657
513 3658
206 3659
260 3660
2967 3661
2406 3662
2574 3663
2019 3664
2218 3665
346 3666
2392 3667
90 3668
109 3669
3296 3670
1691 3671
2519 3672
1516 3673
3351 3674
1016 3675
2902 3676
2396 3677
1806 3678
2005 3679
2207 3680
4 3681
3148 3682
3494 3683
2232 3684
1986 3685
3072 3686
419 3687
798 3688
113 3689
295 3690
1382 3691
2203 3692
2963 3693
1599 3694
908 3695
2922 3696
232 3697
748 3698
1523 3699
3036 3700
1423 3701
622 3702
1220 3703
954 3704
2600 3705
2849 3706
360 3707
3533 3708
2318 3709
700 3710
704 3711
1949 3712
3194 3713
1448 3714
3524 3715
1921 3716
1983 3717
2172 3718
564 3719
2499 3720
2795 3721
2058 3722
2711 3723
29 3724
177 3725
1413 3726
2203 3727
560 3728
2753 3729
1938 3730
1039 3731
2855 3732
2374 3733
2448 3734
1326 3735
1175 3736
292 3737
1746 3738
2735 3739
3043 3740
1046 3741
3175 3742
1067 3743
1971 3744
2662 3745
3659 3746
1171 3747
1876 3748
1329 3749
2452 3750
3002 3751
1270 3752
1707 3753
3165 3754
883 3755
2497 3756
52 3757
2790 3758
1784 3759
2850 3760
512 3761
852 3762
184 3763
1887 3764
2004 3765
1321 3766
41 3767
2231 3768
2982 3769
193 3770
2442 3771
957 3772
511 3773
1760 3774
2336 3775
893 3776
3593 3777
3526 3778
578 3779
1375 3780
3031 3781
1942 3782
2268 3783
2235 3784
3164 3785
2835 3786
453 3787
609 3788
323 3789
1072 3790
3079 3791
3745 3792
3272 3793
813 3794
3324 3795
2986 3796
2273 3797
1610 3798
3352 3799
1969 3800
196 3801
719 3802
3122 3803
2759 3804
3707 3805
3436 3806
3472 3807
1926 3808
2786 3809
1610 3810
3804 3811
1825 3812
3203 3813
3640 3814
3637 3815
3666 3816
2000 3817
782 3818
2961 3819
1702 3820
2169 3821
543 3822
3158 3823
2291 3824
1982 3825
1481 3826
2994 3827
855 3828
3184 3829
56 3830
3734 3831
983 3832
3270 3833
344 3834
522 3835
2604 3836
2526 3837
2758 3838
1129 3839
576 3840
3298 3841
1945 3842
2286 3843
634 3844
22 3845
2776 3846
2787 3847
2724 3848
1311 3849
3731 3850
2106 3851
2025 3852
1285 3853
1000 3854
3409 3855
2053 3856
2926 3857
134 3858
567 3859
1560 3860
3734 3861
1716 3862
2421 3863
1544 3864
2402 3865
3573 3866
657 3867
525 3868
1981 3869
3023 3870
2064 3871
971 3872
994 3873
3585 3874
2261 3875
3852 3876
757 3877
2021 3878
3756 3879
2910 3880
1386 3881
891 3882
132 3883
541 3884
1871 3885
885 3886
968 3887
20 3888
1723 3889
3138 3890
3164 3891
1674 3892
2162 3893
2215 3894
545 3895
929 3896
925 3897
1906 3898
3254 3899
275 3900
1280 3901
2817 3902
2609 3903
280 3904
3159 3905
1337 3906
3669 3907
2004 3908
2538 3909
1185 3910
2251 3911
1446 3912
3556 3913
2712 3914
391 3915
3261 3916
3026 3917
3167 3918
1940 3919
1502 3920
3327 3921
2984 3922
1105 3923
2906 3924
3429 3925
2349 3926
1807 3927
2619 3928
838 3929
49 3930
3108 3931
3304 3932
2225 3933
1047 3934
1298 3935
541 3936
2049 3937
2138 3938
3194 3939
462 3940
356 3941
133 3942
225 3943
3256 3944
1088 3945
694 3946
942 3947
2471 3948
2972 3949
152 3950
1583 3951
3757 3952
2835 3953
1510 3954
105 3955
931 3956
1438 3957
163 3958
2093 3959
3716 3960
137 3961
2752 3962
1773 3963
513 3964
3517 3965
2979 3966
840 3967
1159 3968
3078 3969
2606 3970
2009 3971
1368 3972
2794 3973
3881 3974
2821 3975
987 3976
2725 3977
887 3978
3036 3979
1864 3980
1659 3981
2435 3982
2115 3983
2220 3984
614 3985
3923 3986
1904 3987
956 3988
3348 3989
43 3990
3552 3991
3553 3992
1796 3993
2280 3994
2459 3995
2821 3996
12 3997
573 3998
599 3999
2470 4000
1548 4001
532 4002
777 4003
1761 4004
2960 4005
660 4006
1111 4007
297 4008
3526 4009
2856 4010
2424 4011
3784 4012
1795 4013
2507 4014
2151 4015
1669 4016
3989 4017
1348 4018
3423 4019
3615 4020
583 4021
4000 4022
1562 4023
3249 4024
1072 4025
2509 4026
1646 4027
2428 4028
439 4029
2385 4030
3934 4031
1492 4032
1013 4033
1579 4034
226 4035
3930 4036
1380 4037
2697 4038
2461 4039
568 4040
184 4041
2322 4042
1894 4043
3061 4044
2003 4045
2092 4046
1131 4047
3395 4048
336 4049
3322 4050
2008 4051
3213 4052
57 4053
424 4054
1189 4055
3566 4056
2605 4057
2984 4058
508 4059
2033 4060
1958 4061
2114 4062
455 4063
766 4064
3901 4065
1272 4066
880 4067
660 4068
3543 4069
3661 4070
3497 4071
63 4072
910 4073
1487 4074
2523 4075
2480 4076
3578 4077
1143 4078
1037 4079
356 4080
3780 4081
2574 4082
494 4083
3372 4084
3215 4085
966 4086
1362 4087
564 4088
2909 4089
1424 4090
1300 4091
3672 4092
1613 4093
3871 4094
978 4095
3679 4096
1521 4097
2122 4098
671 4099
66 4100
640 4101
4061 4102
688 4103
3436 4104
3408 4105
826 4106
3235 4107
1930 4108
3030 4109
3228 4110
3819 4111
769 4112
2549 4113
1330 4114
939 4115
332 4116
248 4117
3156 4118
316 4119
2774 4120
304 4121
1469 4122
3770 4123
789 4124
2163 4125
854 4126
2200 4127
1796 4128
3837 4129
4096 4130
3790 4131
2176 4132
4021 4133
1207 4134
934 4135
1536 4136
1185 4137
2705 4138
437 4139
3479 4140
1974 4141
572 4142
1880 4143
2643 4144
462 4145
3991 4146
3742 4147
1357 4148
3797 4149
3370 4150
1496 4151
3551 4152
180 4153
2904 4154
4145 4155
762 4156
410 4157
785 4158
3007 4159
1384 4160
2413 4161
3360 4162
2028 4163
963 4164
2756 4165
2977 4166
932 4167
2160 4168
1170 4169
2442 4170
683 4171
456 4172
4030 4173
1428 4174
861 4175
704 4176
2327 4177
1328 4178
3131 4179
613 4180
3356 4181
232 4182
1443 4183
1340 4184
905 4185
2953 4186
1916 4187
2129 4188
3507 4189
1731 4190
1858 4191
1613 4192
449 4193
2806 4194
3976 4195
995 4196
3330 4197
4026 4198
2027 4199
3659 4200
2939 4201
4184 4202
3363 4203
102 4204
1181 4205
3737 4206
377 4207
362 4208
1773 4209
3975 4210
1470 4211
3636 4212
3662 4213
877 4214
3847 4215
2559 4216
2177 4217
1267 4218
1446 4219
2714 4220
4077 4221
969 4222
2581 4223
2450 4224
2812 4225
2538 4226
2165 4227
894 4228
1950 4229
553 4230
1921 4231
2119 4232
2296 4233
1259 4234
1635 4235
314 4236
1660 4237
3105 4238
3173 4239
2841 4240
3098 4241
1484 4242
3630 4243
2698 4244
3750 4245
3877 4246
599 4247
2278 4248
833 4249
4001 4250
644 4251
2955 4252
2364 4253
4172 4254
3375 4255
765 4256
2449 4257
1718 4258
3769 4259
3834 4260
4152 4261
2311 4262
2795 4263
772 4264
4259 4265
2446 4266
1205 4267
3458 4268
4037 4269
3870 4270
2590 4271
2894 4272
2695 4273
3994 4274
1312 4275
4008 4276
328 4277
1616 4278
3949 4279
3516 4280
1150 4281
3220 4282
1369 4283
4178 4284
3655 4285
2610 4286
5 4287
1388 4288
324 4289
3679 4290
1140 4291
2886 4292
2868 4293
1121 4294
1001 4295
2685 4296
1335 4297
2987 4298
3380 4299
1195 4300
1536 4301
3606 4302
902 4303
3877 4304
3463 4305
3008 4306
2095 4307
3332 4308
369 4309
1000 4310
3938 4311
996 4312
3919 4313
3277 4314
669 4315
2075 4316
3961 4317
3220 4318
4225 4319
3198 4320
2241 4321
1934 4322
341 4323
783 4324
946 4325
2621 4326
2630 4327
3207 4328
2731 4329
3456 4330
4278 4331
3833 4332
2969 4333
103 4334
1792 4335
3182 4336
3602 4337
3820 4338
4255 4339
1626 4340
4004 4341
1992 4342
1878 4343
2481 4344
652 4345
2610 4346
3154 4347
3131 4348
831 4349
1154 4350
1410 4351
3436 4352
3283 4353
3377 4354
2982 4355
252 4356
1598 4357
2764 4358
2284 4359
2312 4360
617 4361
4142 4362
1071 4363
132 4364
3290 4365
4190 4366
99 4367
1551 4368
3030 4369
4150 4370
3627 4371
4293 4372
1498 4373
2724 4374
1622 4375
1846 4376
222 4377
332 4378
3580 4379
1389 4380
825 4381
738 4382
1489 4383
67 4384
2657 4385
816 4386
2822 4387
4333 4388
144 4389
3006 4390
3550 4391
1764 4392
1365 4393
2091 4394
303 4395
3607 4396
1103 4397
4388 4398
3317 4399
1591 4400
902 4401
3115 4402
673 4403
3997 4404
2593 4405
3867 4406
4211 4407
3023 4408
2969 4409
2096 4410
738 4411
1297 4412
720 4413
772 4414
1032 4415
761 4416
1350 4417
2892 4418
3988 4419
71 4420
4177 4421
209 4422
3170 4423
492 4424
432 4425
1252 4426
1002 4427
2152 4428
717 4429
2868 4430
2980 4431
1624 4432
2843 4433
3372 4434
2426 4435
2909 4436
78 4437
1091 4438
307 4439
742 4440
3737 4441
2273 4442
2942 4443
380 4444
3153 4445
2501 4446
1040 4447
3383 4448
2664 4449
1647 4450
1769 4451
847 4452
1476 4453
2913 4454
1984 4455
4286 4456
2532 4457
3145 4458
703 4459
3419 4460
985 4461
3601 4462
499 4463
3650 4464
3526 4465
1327 4466
1521 4467
712 4468
1804 4469
2431 4470
1450 4471
3700 4472
1208 4473
3045 4474
2376 4475
1097 4476
3227 4477
926 4478
3515 4479
713 4480
2209 4481
1575 4482
1905 4483
1800 4484
4441 4485
971 4486
676 4487
3490 4488
2481 4489
1144 4490
2717 4491
1774 4492
2286 4493
2148 4494
4288 4495
3513 4496
3340 4497
632 4498
2511 4499
2596 4500
561 4501
4134 4502
3045 4503
4191 4504
985 4505
3459 4506
778 4507
3363 4508
2338 4509
994 4510
3794 4511
882 4512
2136 4513
3775 4514
3418 4515
803 4516
3901 4517
2106 4518
2225 4519
3192 4520
2250 4521
1682 4522
2783 4523
544 4524
2818 4525
3285 4526
3477 4527
4172 4528
1515 4529
1967 4530
1518 4531
431 4532
122 4533
3035 4534
2794 4535
3863 4536
3493 4537
2307 4538
12 4539
3619 4540
3292 4541
960 4542
1146 4543
1105 4544
4203 4545
1764 4546
887 4547
2673 4548
154 4549
1121 4550
1764 4551
1413 4552
2901 4553
40 4554
577 4555
3279 4556
1190 4557
1199 4558
1142 4559
2922 4560
2329 4561
2809 4562
4417 4563
95 4564
1396 4565
1148 4566
253 4567
2142 4568
4020 4569
2172 4570
4556 4571
1773 4572
194 4573
4517 4574
12 4575
2518 4576
3139 4577
1658 4578
2527 4579
732 4580
4092 4581
3115 4582
3548 4583
3676 4584
3728 4585
316 4586
4347 4587
3554 4588
2011 4589
2703 4590
2243 4591
4342 4592
1267 4593
4423 4594
4495 4595
2513 4596
1727 4597
1948 4598
902 4599
3375 4600
2854 4601
334 4602
836 4603
1428 4604
870 4605
1771 4606
1247 4607
1585 4608
1746 4609
133 4610
3653 4611
4555 4612
4574 4613
206 4614
3687 4615
2280 4616
1543 4617
1703 4618
4539 4619
1635 4620
2673 4621
3873 4622
3401 4623
1274 4624
1660 4625
2735 4626
1895 4627
1675 4628
806 4629
2713 4630
933 4631
261 4632
3027 4633
306 4634
1420 4635
3608 4636
1095 4637
2771 4638
909 4639
1997 4640
3632 4641
3655 4642
3856 4643
4210 4644
3997 4645
2467 4646
4541 4647
4417 4648
8 4649
2794 4650
3818 4651
1199 4652
1783 4653
3547 4654
2499 4655
2796 4656
3149 4657
297 4658
3863 4659
4433 4660
3963 4661
4197 4662
4230 4663
890 4664
505 4665
3677 4666
1783 4667
4323 4668
843 4669
1238 4670
4066 4671
283 4672
2299 4673
1363 4674
2166 4675
3260 4676
2376 4677
2078 4678
731 4679
2145 4680
796 4681
267 4682
2187 4683
3884 4684
771 4685
2527 4686
2887 4687
3099 4688
1525 4689
1486 4690
4429 4691
700 4692
1781 4693
3078 4694
684 4695
715 4696
1658 4697
4316 4698
1454 4699
1015 4700
2585 4701
4328 4702
3597 4703
3365 4704
322 4705
953 4706
3235 4707
269 4708
1019 4709
2674 4710
1578 4711
1870 4712
1951 4713
279 4714
3197 4715
4237 4716
91 4717
1233 4718
771 4719
2499 4720
4115 4721
1756 4722
3229 4723
1272 4724
81 4725
139 4726
1135 4727
4224 4728
471 4729
2053 4730
1829 4731
428 4732
2813 4733
1736 4734
431 4735
4089 4736
3513 4737
3500 4738
2156 4739
4724 4740
2693 4741
3003 4742
3217 4743
4644 4744
3605 4745
2356 4746
3888 4747
3520 4748
93 4749
3185 4750
1107 4751
1711 4752
3980 4753
1425 4754
1743 4755
2173 4756
2790 4757
981 4758
2247 4759
3468 4760
2740 4761
7 4762
3725 4763
4342 4764
2659 4765
896 4766
2564 4767
2873 4768
1902 4769
4422 4770
4069 4771
1226 4772
4284 4773
2477 4774
3551 4775
336 4776
3327 4777
1338 4778
3109 4779
735 4780
2761 4781
4233 4782
4413 4783
1225 4784
1358 4785
1518 4786
354 4787
2453 4788
3842 4789
2285 4790
279 4791
4692 4792
4711 4793
4507 4794
4401 4795
2083 4796
3241 4797
894 4798
506 4799
2388 4800
3321 4801
2491 4802
3853 4803
517 4804
1468 4805
1995 4806
3590 4807
130 4808
603 4809
3318 4810
4748 4811
1244 4812
3468 4813
341 4814
3081 4815
1162 4816
4332 4817
1456 4818
1866 4819
198 4820
4540 4821
4782 4822
792 4823
2338 4824
2681 4825
776 4826
1370 4827
3972 4828
4783 4829
996 4830
346 4831
899 4832
1646 4833
3378 4834
1386 4835
539 4836
2600 4837
2073 4838
4235 4839
464 4840
101 4841
2853 4842
2559 4843
2599 4844
1694 4845
4825 4846
1653 4847
4625 4848
2488 4849
2679 4850
64 4851
3964 4852
3714 4853
416 4854
4430 4855
1476 4856
111 4857
2555 4858
2786 4859
2511 4860
3541 4861
1832 4862
4304 4863
1608 4864
4802 4865
4085 4866
2273 4867
2926 4868
1607 4869
1257 4870
3599 4871
2839 4872
706 4873
293 4874
2445 4875
504 4876
991 4877
1914 4878
610 4879
3849 4880
1185 4881
1992 4882
3879 4883
4755 4884
1082 4885
4505 4886
2107 4887
3393 4888
1319 4889
1139 4890
437 4891
4616 4892
3758 4893
1279 4894
1795 4895
126 4896
463 4897
400 4898
2273 4899
307 4900
4262 4901
4664 4902
3463 4903
736 4904
2019 4905
3614 4906
4886 4907
2220 4908
68 4909
3879 4910
4872 4911
4463 4912
4209 4913
1806 4914
3356 4915
1938 4916
1755 4917
2695 4918
635 4919
2713 4920
3504 4921
4876 4922
701 4923
4781 4924
3314 4925
281 4926
4787 4927
1531 4928
698 4929
2409 4930
4830 4931
3688 4932
3956 4933
3400 4934
4266 4935
1226 4936
4165 4937
3514 4938
1892 4939
2483 4940
3940 4941
1099 4942
788 4943
3811 4944
359 4945
1817 4946
4011 4947
1349 4948
980 4949
1396 4950
1736 4951
2854 4952
2679 4953
4030 4954
4492 4955
2261 4956
1609 4957
978 4958
3704 4959
1183 4960
1786 4961
1496 4962
3440 4963
1438 4964
1971 4965
1753 4966
4050 4967
3397 4968
3059 4969
1807 4970
2343 4971
366 4972
1684 4973
296 4974
1450 4975
838 4976
697 4977
873 4978
3583 4979
4528 4980
4604 4981
400 4982
4447 4983
4427 4984
209 4985
2803 4986
4386 4987
3015 4988
2851 4989
2154 4990
4260 4991
3211 4992
3577 4993
4498 4994
4009 4995
1026 4996
2117 4997
160 4998
1025 4999
1094 5000
