5000 697573965 790977536
1 2
2 3
3 4
4 5
5 6
6 7
7 8
8 9
9 10
10 11
11 12
12 13
13 14
14 15
15 16
16 17
17 18
18 19
19 20
20 21
21 22
22 23
23 24
24 25
25 26
26 27
27 28
28 29
29 30
30 31
31 32
32 33
33 34
34 35
35 36
36 37
37 38
38 39
39 40
40 41
41 42
42 43
43 44
44 45
45 46
46 47
47 48
48 49
49 50
50 51
51 52
52 53
53 54
54 55
55 56
56 57
57 58
58 59
59 60
60 61
61 62
62 63
63 64
64 65
65 66
66 67
67 68
68 69
69 70
70 71
71 72
72 73
73 74
74 75
75 76
76 77
77 78
78 79
79 80
80 81
81 82
82 83
83 84
84 85
85 86
86 87
87 88
88 89
89 90
90 91
91 92
92 93
93 94
94 95
95 96
96 97
97 98
98 99
99 100
100 101
101 102
102 103
103 104
104 105
105 106
106 107
107 108
108 109
109 110
110 111
111 112
112 113
113 114
114 115
115 116
116 117
117 118
118 119
119 120
120 121
121 122
122 123
123 124
124 125
125 126
126 127
127 128
128 129
129 130
130 131
131 132
132 133
133 134
134 135
135 136
136 137
137 138
138 139
139 140
140 141
141 142
142 143
143 144
144 145
145 146
146 147
147 148
148 149
149 150
150 151
151 152
152 153
153 154
154 155
155 156
156 157
157 158
158 159
159 160
160 161
161 162
162 163
163 164
164 165
165 166
166 167
167 168
168 169
169 170
170 171
171 172
172 173
173 174
174 175
175 176
176 177
177 178
178 179
179 180
180 181
181 182
182 183
183 184
184 185
185 186
186 187
187 188
188 189
189 190
190 191
191 192
192 193
193 194
194 195
195 196
196 197
197 198
198 199
199 200
200 201
201 202
202 203
203 204
204 205
205 206
206 207
207 208
208 209
209 210
210 211
211 212
212 213
213 214
214 215
215 216
216 217
217 218
218 219
219 220
220 221
221 222
222 223
223 224
224 225
225 226
226 227
227 228
228 229
229 230
230 231
231 232
232 233
233 234
234 235
235 236
236 237
237 238
238 239
239 240
240 241
241 242
242 243
243 244
244 245
245 246
246 247
247 248
248 249
249 250
250 251
251 252
252 253
253 254
254 255
255 256
256 257
257 258
258 259
259 260
260 261
261 262
262 263
263 264
264 265
265 266
266 267
267 268
268 269
269 270
270 271
271 272
272 273
273 274
274 275
275 276
276 277
277 278
278 279
279 280
280 281
281 282
282 283
283 284
284 285
285 286
286 287
287 288
288 289
289 290
290 291
291 292
292 293
293 294
294 295
295 296
296 297
297 298
298 299
299 300
300 301
301 302
302 303
303 304
304 305
305 306
306 307
307 308
308 309
309 310
310 311
311 312
312 313
313 314
314 315
315 316
316 317
317 318
318 319
319 320
320 321
321 322
322 323
323 324
324 325
325 326
326 327
327 328
328 329
329 330
330 331
331 332
332 333
333 334
334 335
335 336
336 337
337 338
338 339
339 340
340 341
341 342
342 343
343 344
344 345
345 346
346 347
347 348
348 349
349 350
350 351
351 352
352 353
353 354
354 355
355 356
356 357
357 358
358 359
359 360
360 361
361 362
362 363
363 364
364 365
365 366
366 367
367 368
368 369
369 370
370 371
371 372
372 373
373 374
374 375
375 376
376 377
377 378
378 379
379 380
380 381
381 382
382 383
383 384
384 385
385 386
386 387
387 388
388 389
389 390
390 391
391 392
392 393
393 394
394 395
395 396
396 397
397 398
398 399
399 400
400 401
401 402
402 403
403 404
404 405
405 406
406 407
407 408
408 409
409 410
410 411
411 412
412 413
413 414
414 415
415 416
416 417
417 418
418 419
419 420
420 421
421 422
422 423
423 424
424 425
425 426
426 427
427 428
428 429
429 430
430 431
431 432
432 433
433 434
434 435
435 436
436 437
437 438
438 439
439 440
440 441
441 442
442 443
443 444
444 445
445 446
446 447
447 448
448 449
449 450
450 451
451 452
452 453
453 454
454 455
455 456
456 457
457 458
458 459
459 460
460 461
461 462
462 463
463 464
464 465
465 466
466 467
467 468
468 469
469 470
470 471
471 472
472 473
473 474
474 475
475 476
476 477
477 478
478 479
479 480
480 481
481 482
482 483
483 484
484 485
485 486
486 487
487 488
488 489
489 490
490 491
491 492
492 493
493 494
494 495
495 496
496 497
497 498
498 499
499 500
500 501
501 502
502 503
503 504
504 505
505 506
506 507
507 508
508 509
509 510
510 511
511 512
512 513
513 514
514 515
515 516
516 517
517 518
518 519
519 520
520 521
521 522
522 523
523 524
524 525
525 526
526 527
527 528
528 529
529 530
530 531
531 532
532 533
533 534
534 535
535 536
536 537
537 538
538 539
539 540
540 541
541 542
542 543
543 544
544 545
545 546
546 547
547 548
548 549
549 550
550 551
551 552
552 553
553 554
554 555
555 556
556 557
557 558
558 559
559 560
560 561
561 562
562 563
563 564
564 565
565 566
566 567
567 568
568 569
569 570
570 571
571 572
572 573
573 574
574 575
575 576
576 577
577 578
578 579
579 580
580 581
581 582
582 583
583 584
584 585
585 586
586 587
587 588
588 589
589 590
590 591
591 592
592 593
593 594
594 595
595 596
596 597
597 598
598 599
599 600
600 601
601 602
602 603
603 604
604 605
605 606
606 607
607 608
608 609
609 610
610 611
611 612
612 613
613 614
614 615
615 616
616 617
617 618
618 619
619 620
620 621
621 622
622 623
623 624
624 625
625 626
626 627
627 628
628 629
629 630
630 631
631 632
632 633
633 634
634 635
635 636
636 637
637 638
638 639
639 640
640 641
641 642
642 643
643 644
644 645
645 646
646 647
647 648
648 649
649 650
650 651
651 652
652 653
653 654
654 655
655 656
656 657
657 658
658 659
659 660
660 661
661 662
662 663
663 664
664 665
665 666
666 667
667 668
668 669
669 670
670 671
671 672
672 673
673 674
674 675
675 676
676 677
677 678
678 679
679 680
680 681
681 682
682 683
683 684
684 685
685 686
686 687
687 688
688 689
689 690
690 691
691 692
692 693
693 694
694 695
695 696
696 697
697 698
698 699
699 700
700 701
701 702
702 703
703 704
704 705
705 706
706 707
707 708
708 709
709 710
710 711
711 712
712 713
713 714
714 715
715 716
716 717
717 718
718 719
719 720
720 721
721 722
722 723
723 724
724 725
725 726
726 727
727 728
728 729
729 730
730 731
731 732
732 733
733 734
734 735
735 736
736 737
737 738
738 739
739 740
740 741
741 742
742 743
743 744
744 745
745 746
746 747
747 748
748 749
749 750
750 751
751 752
752 753
753 754
754 755
755 756
756 757
757 758
758 759
759 760
760 761
761 762
762 763
763 764
764 765
765 766
766 767
767 768
768 769
769 770
770 771
771 772
772 773
773 774
774 775
775 776
776 777
777 778
778 779
779 780
780 781
781 782
782 783
783 784
784 785
785 786
786 787
787 788
788 789
789 790
790 791
791 792
792 793
793 794
794 795
795 796
796 797
797 798
798 799
799 800
800 801
801 802
802 803
803 804
804 805
805 806
806 807
807 808
808 809
809 810
810 811
811 812
812 813
813 814
814 815
815 816
816 817
817 818
818 819
819 820
820 821
821 822
822 823
823 824
824 825
825 826
826 827
827 828
828 829
829 830
830 831
831 832
832 833
833 834
834 835
835 836
836 837
837 838
838 839
839 840
840 841
841 842
842 843
843 844
844 845
845 846
846 847
847 848
848 849
849 850
850 851
851 852
852 853
853 854
854 855
855 856
856 857
857 858
858 859
859 860
860 861
861 862
862 863
863 864
864 865
865 866
866 867
867 868
868 869
869 870
870 871
871 872
872 873
873 874
874 875
875 876
876 877
877 878
878 879
879 880
880 881
881 882
882 883
883 884
884 885
885 886
886 887
887 888
888 889
889 890
890 891
891 892
892 893
893 894
894 895
895 896
896 897
897 898
898 899
899 900
900 901
901 902
902 903
903 904
904 905
905 906
906 907
907 908
908 909
909 910
910 911
911 912
912 913
913 914
914 915
915 916
916 917
917 918
918 919
919 920
920 921
921 922
922 923
923 924
924 925
925 926
926 927
927 928
928 929
929 930
930 931
931 932
932 933
933 934
934 935
935 936
936 937
937 938
938 939
939 940
940 941
941 942
942 943
943 944
944 945
945 946
946 947
947 948
948 949
949 950
950 951
951 952
952 953
953 954
954 955
955 956
956 957
957 958
958 959
959 960
960 961
961 962
962 963
963 964
964 965
965 966
966 967
967 968
968 969
969 970
970 971
971 972
972 973
973 974
974 975
975 976
976 977
977 978
978 979
979 980
980 981
981 982
982 983
983 984
984 985
985 986
986 987
987 988
988 989
989 990
990 991
991 992
992 993
993 994
994 995
995 996
996 997
997 998
998 999
999 1000
1000 1001
1001 1002
1002 1003
1003 1004
1004 1005
1005 1006
1006 1007
1007 1008
1008 1009
1009 1010
1010 1011
1011 1012
1012 1013
1013 1014
1014 1015
1015 1016
1016 1017
1017 1018
1018 1019
1019 1020
1020 1021
1021 1022
1022 1023
1023 1024
1024 1025
1025 1026
1026 1027
1027 1028
1028 1029
1029 1030
1030 1031
1031 1032
1032 1033
1033 1034
1034 1035
1035 1036
1036 1037
1037 1038
1038 1039
1039 1040
1040 1041
1041 1042
1042 1043
1043 1044
1044 1045
1045 1046
1046 1047
1047 1048
1048 1049
1049 1050
1050 1051
1051 1052
1052 1053
1053 1054
1054 1055
1055 1056
1056 1057
1057 1058
1058 1059
1059 1060
1060 1061
1061 1062
1062 1063
1063 1064
1064 1065
1065 1066
1066 1067
1067 1068
1068 1069
1069 1070
1070 1071
1071 1072
1072 1073
1073 1074
1074 1075
1075 1076
1076 1077
1077 1078
1078 1079
1079 1080
1080 1081
1081 1082
1082 1083
1083 1084
1084 1085
1085 1086
1086 1087
1087 1088
1088 1089
1089 1090
1090 1091
1091 1092
1092 1093
1093 1094
1094 1095
1095 1096
1096 1097
1097 1098
1098 1099
1099 1100
1100 1101
1101 1102
1102 1103
1103 1104
1104 1105
1105 1106
1106 1107
1107 1108
1108 1109
1109 1110
1110 1111
1111 1112
1112 1113
1113 1114
1114 1115
1115 1116
1116 1117
1117 1118
1118 1119
1119 1120
1120 1121
1121 1122
1122 1123
1123 1124
1124 1125
1125 1126
1126 1127
1127 1128
1128 1129
1129 1130
1130 1131
1131 1132
1132 1133
1133 1134
1134 1135
1135 1136
1136 1137
1137 1138
1138 1139
1139 1140
1140 1141
1141 1142
1142 1143
1143 1144
1144 1145
1145 1146
1146 1147
1147 1148
1148 1149
1149 1150
1150 1151
1151 1152
1152 1153
1153 1154
1154 1155
1155 1156
1156 1157
1157 1158
1158 1159
1159 1160
1160 1161
1161 1162
1162 1163
1163 1164
1164 1165
1165 1166
1166 1167
1167 1168
1168 1169
1169 1170
1170 1171
1171 1172
1172 1173
1173 1174
1174 1175
1175 1176
1176 1177
1177 1178
1178 1179
1179 1180
1180 1181
1181 1182
1182 1183
1183 1184
1184 1185
1185 1186
1186 1187
1187 1188
1188 1189
1189 1190
1190 1191
1191 1192
1192 1193
1193 1194
1194 1195
1195 1196
1196 1197
1197 1198
1198 1199
1199 1200
1200 1201
1201 1202
1202 1203
1203 1204
1204 1205
1205 1206
1206 1207
1207 1208
1208 1209
1209 1210
1210 1211
1211 1212
1212 1213
1213 1214
1214 1215
1215 1216
1216 1217
1217 1218
1218 1219
1219 1220
1220 1221
1221 1222
1222 1223
1223 1224
1224 1225
1225 1226
1226 1227
1227 1228
1228 1229
1229 1230
1230 1231
1231 1232
1232 1233
1233 1234
1234 1235
1235 1236
1236 1237
1237 1238
1238 1239
1239 1240
1240 1241
1241 1242
1242 1243
1243 1244
1244 1245
1245 1246
1246 1247
1247 1248
1248 1249
1249 1250
1250 1251
1251 1252
1252 1253
1253 1254
1254 1255
1255 1256
1256 1257
1257 1258
1258 1259
1259 1260
1260 1261
1261 1262
1262 1263
1263 1264
1264 1265
1265 1266
1266 1267
1267 1268
1268 1269
1269 1270
1270 1271
1271 1272
1272 1273
1273 1274
1274 1275
1275 1276
1276 1277
1277 1278
1278 1279
1279 1280
1280 1281
1281 1282
1282 1283
1283 1284
1284 1285
1285 1286
1286 1287
1287 1288
1288 1289
1289 1290
1290 1291
1291 1292
1292 1293
1293 1294
1294 1295
1295 1296
1296 1297
1297 1298
1298 1299
1299 1300
1300 1301
1301 1302
1302 1303
1303 1304
1304 1305
1305 1306
1306 1307
1307 1308
1308 1309
1309 1310
1310 1311
1311 1312
1312 1313
1313 1314
1314 1315
1315 1316
1316 1317
1317 1318
1318 1319
1319 1320
1320 1321
1321 1322
1322 1323
1323 1324
1324 1325
1325 1326
1326 1327
1327 1328
1328 1329
1329 1330
1330 1331
1331 1332
1332 1333
1333 1334
1334 1335
1335 1336
1336 1337
1337 1338
1338 1339
1339 1340
1340 1341
1341 1342
1342 1343
1343 1344
1344 1345
1345 1346
1346 1347
1347 1348
1348 1349
1349 1350
1350 1351
1351 1352
1352 1353
1353 1354
1354 1355
1355 1356
1356 1357
1357 1358
1358 1359
1359 1360
1360 1361
1361 1362
1362 1363
1363 1364
1364 1365
1365 1366
1366 1367
1367 1368
1368 1369
1369 1370
1370 1371
1371 1372
1372 1373
1373 1374
1374 1375
1375 1376
1376 1377
1377 1378
1378 1379
1379 1380
1380 1381
1381 1382
1382 1383
1383 1384
1384 1385
1385 1386
1386 1387
1387 1388
1388 1389
1389 1390
1390 1391
1391 1392
1392 1393
1393 1394
1394 1395
1395 1396
1396 1397
1397 1398
1398 1399
1399 1400
1400 1401
1401 1402
1402 1403
1403 1404
1404 1405
1405 1406
1406 1407
1407 1408
1408 1409
1409 1410
1410 1411
1411 1412
1412 1413
1413 1414
1414 1415
1415 1416
1416 1417
1417 1418
1418 1419
1419 1420
1420 1421
1421 1422
1422 1423
1423 1424
1424 1425
1425 1426
1426 1427
1427 1428
1428 1429
1429 1430
1430 1431
1431 1432
1432 1433
1433 1434
1434 1435
1435 1436
1436 1437
1437 1438
1438 1439
1439 1440
1440 1441
1441 1442
1442 1443
1443 1444
1444 1445
1445 1446
1446 1447
1447 1448
1448 1449
1449 1450
1450 1451
1451 1452
1452 1453
1453 1454
1454 1455
1455 1456
1456 1457
1457 1458
1458 1459
1459 1460
1460 1461
1461 1462
1462 1463
1463 1464
1464 1465
1465 1466
1466 1467
1467 1468
1468 1469
1469 1470
1470 1471
1471 1472
1472 1473
1473 1474
1474 1475
1475 1476
1476 1477
1477 1478
1478 1479
1479 1480
1480 1481
1481 1482
1482 1483
1483 1484
1484 1485
1485 1486
1486 1487
1487 1488
1488 1489
1489 1490
1490 1491
1491 1492
1492 1493
1493 1494
1494 1495
1495 1496
1496 1497
1497 1498
1498 1499
1499 1500
1500 1501
1501 1502
1502 1503
1503 1504
1504 1505
1505 1506
1506 1507
1507 1508
1508 1509
1509 1510
1510 1511
1511 1512
1512 1513
1513 1514
1514 1515
1515 1516
1516 1517
1517 1518
1518 1519
1519 1520
1520 1521
1521 1522
1522 1523
1523 1524
1524 1525
1525 1526
1526 1527
1527 1528
1528 1529
1529 1530
1530 1531
1531 1532
1532 1533
1533 1534
1534 1535
1535 1536
1536 1537
1537 1538
1538 1539
1539 1540
1540 1541
1541 1542
1542 1543
1543 1544
1544 1545
1545 1546
1546 1547
1547 1548
1548 1549
1549 1550
1550 1551
1551 1552
1552 1553
1553 1554
1554 1555
1555 1556
1556 1557
1557 1558
1558 1559
1559 1560
1560 1561
1561 1562
1562 1563
1563 1564
1564 1565
1565 1566
1566 1567
1567 1568
1568 1569
1569 1570
1570 1571
1571 1572
1572 1573
1573 1574
1574 1575
1575 1576
1576 1577
1577 1578
1578 1579
1579 1580
1580 1581
1581 1582
1582 1583
1583 1584
1584 1585
1585 1586
1586 1587
1587 1588
1588 1589
1589 1590
1590 1591
1591 1592
1592 1593
1593 1594
1594 1595
1595 1596
1596 1597
1597 1598
1598 1599
1599 1600
1600 1601
1601 1602
1602 1603
1603 1604
1604 1605
1605 1606
1606 1607
1607 1608
1608 1609
1609 1610
1610 1611
1611 1612
1612 1613
1613 1614
1614 1615
1615 1616
1616 1617
1617 1618
1618 1619
1619 1620
1620 1621
1621 1622
1622 1623
1623 1624
1624 1625
1625 1626
1626 1627
1627 1628
1628 1629
1629 1630
1630 1631
1631 1632
1632 1633
1633 1634
1634 1635
1635 1636
1636 1637
1637 1638
1638 1639
1639 1640
1640 1641
1641 1642
1642 1643
1643 1644
1644 1645
1645 1646
1646 1647
1647 1648
1648 1649
1649 1650
1650 1651
1651 1652
1652 1653
1653 1654
1654 1655
1655 1656
1656 1657
1657 1658
1658 1659
1659 1660
1660 1661
1661 1662
1662 1663
1663 1664
1664 1665
1665 1666
1666 1667
1667 1668
1668 1669
1669 1670
1670 1671
1671 1672
1672 1673
1673 1674
1674 1675
1675 1676
1676 1677
1677 1678
1678 1679
1679 1680
1680 1681
1681 1682
1682 1683
1683 1684
1684 1685
1685 1686
1686 1687
1687 1688
1688 1689
1689 1690
1690 1691
1691 1692
1692 1693
1693 1694
1694 1695
1695 1696
1696 1697
1697 1698
1698 1699
1699 1700
1700 1701
1701 1702
1702 1703
1703 1704
1704 1705
1705 1706
1706 1707
1707 1708
1708 1709
1709 1710
1710 1711
1711 1712
1712 1713
1713 1714
1714 1715
1715 1716
1716 1717
1717 1718
1718 1719
1719 1720
1720 1721
1721 1722
1722 1723
1723 1724
1724 1725
1725 1726
1726 1727
1727 1728
1728 1729
1729 1730
1730 1731
1731 1732
1732 1733
1733 1734
1734 1735
1735 1736
1736 1737
1737 1738
1738 1739
1739 1740
1740 1741
1741 1742
1742 1743
1743 1744
1744 1745
1745 1746
1746 1747
1747 1748
1748 1749
1749 1750
1750 1751
1751 1752
1752 1753
1753 1754
1754 1755
1755 1756
1756 1757
1757 1758
1758 1759
1759 1760
1760 1761
1761 1762
1762 1763
1763 1764
1764 1765
1765 1766
1766 1767
1767 1768
1768 1769
1769 1770
1770 1771
1771 1772
1772 1773
1773 1774
1774 1775
1775 1776
1776 1777
1777 1778
1778 1779
1779 1780
1780 1781
1781 1782
1782 1783
1783 1784
1784 1785
1785 1786
1786 1787
1787 1788
1788 1789
1789 1790
1790 1791
1791 1792
1792 1793
1793 1794
1794 1795
1795 1796
1796 1797
1797 1798
1798 1799
1799 1800
1800 1801
1801 1802
1802 1803
1803 1804
1804 1805
1805 1806
1806 1807
1807 1808
1808 1809
1809 1810
1810 1811
1811 1812
1812 1813
1813 1814
1814 1815
1815 1816
1816 1817
1817 1818
1818 1819
1819 1820
1820 1821
1821 1822
1822 1823
1823 1824
1824 1825
1825 1826
1826 1827
1827 1828
1828 1829
1829 1830
1830 1831
1831 1832
1832 1833
1833 1834
1834 1835
1835 1836
1836 1837
1837 1838
1838 1839
1839 1840
1840 1841
1841 1842
1842 1843
1843 1844
1844 1845
1845 1846
1846 1847
1847 1848
1848 1849
1849 1850
1850 1851
1851 1852
1852 1853
1853 1854
1854 1855
1855 1856
1856 1857
1857 1858
1858 1859
1859 1860
1860 1861
1861 1862
1862 1863
1863 1864
1864 1865
1865 1866
1866 1867
1867 1868
1868 1869
1869 1870
1870 1871
1871 1872
1872 1873
1873 1874
1874 1875
1875 1876
1876 1877
1877 1878
1878 1879
1879 1880
1880 1881
1881 1882
1882 1883
1883 1884
1884 1885
1885 1886
1886 1887
1887 1888
1888 1889
1889 1890
1890 1891
1891 1892
1892 1893
1893 1894
1894 1895
1895 1896
1896 1897
1897 1898
1898 1899
1899 1900
1900 1901
1901 1902
1902 1903
1903 1904
1904 1905
1905 1906
1906 1907
1907 1908
1908 1909
1909 1910
1910 1911
1911 1912
1912 1913
1913 1914
1914 1915
1915 1916
1916 1917
1917 1918
1918 1919
1919 1920
1920 1921
1921 1922
1922 1923
1923 1924
1924 1925
1925 1926
1926 1927
1927 1928
1928 1929
1929 1930
1930 1931
1931 1932
1932 1933
1933 1934
1934 1935
1935 1936
1936 1937
1937 1938
1938 1939
1939 1940
1940 1941
1941 1942
1942 1943
1943 1944
1944 1945
1945 1946
1946 1947
1947 1948
1948 1949
1949 1950
1950 1951
1951 1952
1952 1953
1953 1954
1954 1955
1955 1956
1956 1957
1957 1958
1958 1959
1959 1960
1960 1961
1961 1962
1962 1963
1963 1964
1964 1965
1965 1966
1966 1967
1967 1968
1968 1969
1969 1970
1970 1971
1971 1972
1972 1973
1973 1974
1974 1975
1975 1976
1976 1977
1977 1978
1978 1979
1979 1980
1980 1981
1981 1982
1982 1983
1983 1984
1984 1985
1985 1986
1986 1987
1987 1988
1988 1989
1989 1990
1990 1991
1991 1992
1992 1993
1993 1994
1994 1995
1995 1996
1996 1997
1997 1998
1998 1999
1999 2000
2000 2001
2001 2002
2002 2003
2003 2004
2004 2005
2005 2006
2006 2007
2007 2008
2008 2009
2009 2010
2010 2011
2011 2012
2012 2013
2013 2014
2014 2015
2015 2016
2016 2017
2017 2018
2018 2019
2019 2020
2020 2021
2021 2022
2022 2023
2023 2024
2024 2025
2025 2026
2026 2027
2027 2028
2028 2029
2029 2030
2030 2031
2031 2032
2032 2033
2033 2034
2034 2035
2035 2036
2036 2037
2037 2038
2038 2039
2039 2040
2040 2041
2041 2042
2042 2043
2043 2044
2044 2045
2045 2046
2046 2047
2047 2048
2048 2049
2049 2050
2050 2051
2051 2052
2052 2053
2053 2054
2054 2055
2055 2056
2056 2057
2057 2058
2058 2059
2059 2060
2060 2061
2061 2062
2062 2063
2063 2064
2064 2065
2065 2066
2066 2067
2067 2068
2068 2069
2069 2070
2070 2071
2071 2072
2072 2073
2073 2074
2074 2075
2075 2076
2076 2077
2077 2078
2078 2079
2079 2080
2080 2081
2081 2082
2082 2083
2083 2084
2084 2085
2085 2086
2086 2087
2087 2088
2088 2089
2089 2090
2090 2091
2091 2092
2092 2093
2093 2094
2094 2095
2095 2096
2096 2097
2097 2098
2098 2099
2099 2100
2100 2101
2101 2102
2102 2103
2103 2104
2104 2105
2105 2106
2106 2107
2107 2108
2108 2109
2109 2110
2110 2111
2111 2112
2112 2113
2113 2114
2114 2115
2115 2116
2116 2117
2117 2118
2118 2119
2119 2120
2120 2121
2121 2122
2122 2123
2123 2124
2124 2125
2125 2126
2126 2127
2127 2128
2128 2129
2129 2130
2130 2131
2131 2132
2132 2133
2133 2134
2134 2135
2135 2136
2136 2137
2137 2138
2138 2139
2139 2140
2140 2141
2141 2142
2142 2143
2143 2144
2144 2145
2145 2146
2146 2147
2147 2148
2148 2149
2149 2150
2150 2151
2151 2152
2152 2153
2153 2154
2154 2155
2155 2156
2156 2157
2157 2158
2158 2159
2159 2160
2160 2161
2161 2162
2162 2163
2163 2164
2164 2165
2165 2166
2166 2167
2167 2168
2168 2169
2169 2170
2170 2171
2171 2172
2172 2173
2173 2174
2174 2175
2175 2176
2176 2177
2177 2178
2178 2179
2179 2180
2180 2181
2181 2182
2182 2183
2183 2184
2184 2185
2185 2186
2186 2187
2187 2188
2188 2189
2189 2190
2190 2191
2191 2192
2192 2193
2193 2194
2194 2195
2195 2196
2196 2197
2197 2198
2198 2199
2199 2200
2200 2201
2201 2202
2202 2203
2203 2204
2204 2205
2205 2206
2206 2207
2207 2208
2208 2209
2209 2210
2210 2211
2211 2212
2212 2213
2213 2214
2214 2215
2215 2216
2216 2217
2217 2218
2218 2219
2219 2220
2220 2221
2221 2222
2222 2223
2223 2224
2224 2225
2225 2226
2226 2227
2227 2228
2228 2229
2229 2230
2230 2231
2231 2232
2232 2233
2233 2234
2234 2235
2235 2236
2236 2237
2237 2238
2238 2239
2239 2240
2240 2241
2241 2242
2242 2243
2243 2244
2244 2245
2245 2246
2246 2247
2247 2248
2248 2249
2249 2250
2250 2251
2251 2252
2252 2253
2253 2254
2254 2255
2255 2256
2256 2257
2257 2258
2258 2259
2259 2260
2260 2261
2261 2262
2262 2263
2263 2264
2264 2265
2265 2266
2266 2267
2267 2268
2268 2269
2269 2270
2270 2271
2271 2272
2272 2273
2273 2274
2274 2275
2275 2276
2276 2277
2277 2278
2278 2279
2279 2280
2280 2281
2281 2282
2282 2283
2283 2284
2284 2285
2285 2286
2286 2287
2287 2288
2288 2289
2289 2290
2290 2291
2291 2292
2292 2293
2293 2294
2294 2295
2295 2296
2296 2297
2297 2298
2298 2299
2299 2300
2300 2301
2301 2302
2302 2303
2303 2304
2304 2305
2305 2306
2306 2307
2307 2308
2308 2309
2309 2310
2310 2311
2311 2312
2312 2313
2313 2314
2314 2315
2315 2316
2316 2317
2317 2318
2318 2319
2319 2320
2320 2321
2321 2322
2322 2323
2323 2324
2324 2325
2325 2326
2326 2327
2327 2328
2328 2329
2329 2330
2330 2331
2331 2332
2332 2333
2333 2334
2334 2335
2335 2336
2336 2337
2337 2338
2338 2339
2339 2340
2340 2341
2341 2342
2342 2343
2343 2344
2344 2345
2345 2346
2346 2347
2347 2348
2348 2349
2349 2350
2350 2351
2351 2352
2352 2353
2353 2354
2354 2355
2355 2356
2356 2357
2357 2358
2358 2359
2359 2360
2360 2361
2361 2362
2362 2363
2363 2364
2364 2365
2365 2366
2366 2367
2367 2368
2368 2369
2369 2370
2370 2371
2371 2372
2372 2373
2373 2374
2374 2375
2375 2376
2376 2377
2377 2378
2378 2379
2379 2380
2380 2381
2381 2382
2382 2383
2383 2384
2384 2385
2385 2386
2386 2387
2387 2388
2388 2389
2389 2390
2390 2391
2391 2392
2392 2393
2393 2394
2394 2395
2395 2396
2396 2397
2397 2398
2398 2399
2399 2400
2400 2401
2401 2402
2402 2403
2403 2404
2404 2405
2405 2406
2406 2407
2407 2408
2408 2409
2409 2410
2410 2411
2411 2412
2412 2413
2413 2414
2414 2415
2415 2416
2416 2417
2417 2418
2418 2419
2419 2420
2420 2421
2421 2422
2422 2423
2423 2424
2424 2425
2425 2426
2426 2427
2427 2428
2428 2429
2429 2430
2430 2431
2431 2432
2432 2433
2433 2434
2434 2435
2435 2436
2436 2437
2437 2438
2438 2439
2439 2440
2440 2441
2441 2442
2442 2443
2443 2444
2444 2445
2445 2446
2446 2447
2447 2448
2448 2449
2449 2450
2450 2451
2451 2452
2452 2453
2453 2454
2454 2455
2455 2456
2456 2457
2457 2458
2458 2459
2459 2460
2460 2461
2461 2462
2462 2463
2463 2464
2464 2465
2465 2466
2466 2467
2467 2468
2468 2469
2469 2470
2470 2471
2471 2472
2472 2473
2473 2474
2474 2475
2475 2476
2476 2477
2477 2478
2478 2479
2479 2480
2480 2481
2481 2482
2482 2483
2483 2484
2484 2485
2485 2486
2486 2487
2487 2488
2488 2489
2489 2490
2490 2491
2491 2492
2492 2493
2493 2494
2494 2495
2495 2496
2496 2497
2497 2498
2498 2499
2499 2500
1674 2501
2257 2502
1243 2503
1325 2504
1358 2505
1827 2506
1795 2507
2241 2508
245 2509
1595 2510
1080 2511
1711 2512
2001 2513
713 2514
734 2515
669 2516
1483 2517
2147 2518
138 2519
2287 2520
2005 2521
2439 2522
1148 2523
1438 2524
736 2525
449 2526
864 2527
2347 2528
1453 2529
1870 2530
960 2531
882 2532
568 2533
152 2534
2390 2535
2330 2536
1135 2537
2088 2538
2204 2539
1707 2540
700 2541
190 2542
2432 2543
2541 2544
758 2545
993 2546
1506 2547
796 2548
1307 2549
1825 2550
1425 2551
1029 2552
1644 2553
1192 2554
2358 2555
1562 2556
487 2557
1445 2558
834 2559
1559 2560
2428 2561
971 2562
850 2563
342 2564
2429 2565
1480 2566
93 2567
923 2568
513 2569
2257 2570
327 2571
139 2572
902 2573
830 2574
1185 2575
1703 2576
842 2577
1979 2578
2527 2579
211 2580
1770 2581
595 2582
494 2583
2161 2584
238 2585
572 2586
347 2587
2178 2588
873 2589
1944 2590
2013 2591
1043 2592
2459 2593
1330 2594
1954 2595
1630 2596
1990 2597
2201 2598
2173 2599
1185 2600
2295 2601
132 2602
2101 2603
860 2604
1548 2605
1742 2606
1518 2607
2428 2608
1229 2609
1433 2610
602 2611
1690 2612
600 2613
586 2614
261 2615
491 2616
2544 2617
119 2618
2025 2619
1849 2620
1467 2621
2428 2622
1545 2623
1175 2624
1013 2625
1185 2626
551 2627
2261 2628
1841 2629
936 2630
889 2631
1534 2632
553 2633
1753 2634
111 2635
2329 2636
2351 2637
151 2638
1294 2639
2080 2640
1060 2641
1186 2642
2146 2643
957 2644
125 2645
678 2646
1537 2647
1347 2648
2232 2649
1494 2650
393 2651
641 2652
1390 2653
1871 2654
497 2655
1180 2656
102 2657
1434 2658
2045 2659
2412 2660
810 2661
1315 2662
865 2663
1667 2664
377 2665
734 2666
772 2667
826 2668
433 2669
1593 2670
2139 2671
1743 2672
1921 2673
2094 2674
1614 2675
933 2676
1936 2677
1712 2678
1963 2679
2318 2680
2067 2681
1611 2682
468 2683
2056 2684
2269 2685
2555 2686
1816 2687
1189 2688
355 2689
38 2690
122 2691
891 2692
1006 2693
2266 2694
1324 2695
1037 2696
2555 2697
2029 2698
2412 2699
2472 2700
235 2701
419 2702
330 2703
2113 2704
2559 2705
1314 2706
1287 2707
2357 2708
724 2709
804 2710
2498 2711
1382 2712
1510 2713
1105 2714
1996 2715
1966 2716
2534 2717
1968 2718
1100 2719
2653 2720
1506 2721
1943 2722
2058 2723
261 2724
1056 2725
2002 2726
2072 2727
2403 2728
1470 2729
1034 2730
2666 2731
2531 2732
1323 2733
1064 2734
2283 2735
2641 2736
2675 2737
1707 2738
2343 2739
1804 2740
723 2741
2692 2742
1058 2743
1956 2744
1749 2745
1376 2746
2230 2747
1371 2748
414 2749
1481 2750
2601 2751
699 2752
703 2753
1189 2754
1398 2755
991 2756
2419 2757
280 2758
761 2759
1986 2760
14 2761
1377 2762
1714 2763
863 2764
2477 2765
1789 2766
685 2767
2050 2768
475 2769
1010 2770
2277 2771
1858 2772
1214 2773
2 2774
2324 2775
1533 2776
430 2777
64 2778
224 2779
691 2780
1053 2781
1475 2782
19 2783
31 2784
2536 2785
252 2786
679 2787
1873 2788
825 2789
1223 2790
1560 2791
1659 2792
2193 2793
607 2794
2054 2795
2335 2796
2316 2797
371 2798
242 2799
280 2800
781 2801
1422 2802
1391 2803
2587 2804
2610 2805
1991 2806
1549 2807
12 2808
821 2809
157 2810
254 2811
1586 2812
2774 2813
2410 2814
2504 2815
1619 2816
889 2817
1489 2818
22 2819
2659 2820
1282 2821
1766 2822
517 2823
3 2824
2802 2825
1194 2826
382 2827
2368 2828
1526 2829
2607 2830
2722 2831
2675 2832
761 2833
600 2834
1998 2835
1595 2836
119 2837
664 2838
2586 2839
2332 2840
26 2841
2204 2842
2114 2843
1321 2844
2808 2845
693 2846
1036 2847
1586 2848
2448 2849
2290 2850
393 2851
240 2852
2509 2853
351 2854
1126 2855
459 2856
1994 2857
2036 2858
927 2859
1231 2860
1693 2861
1708 2862
1811 2863
2185 2864
2104 2865
1012 2866
2036 2867
1718 2868
1663 2869
2750 2870
2849 2871
901 2872
2231 2873
2522 2874
1885 2875
1157 2876
1056 2877
2805 2878
1403 2879
620 2880
2618 2881
2816 2882
2299 2883
1787 2884
1342 2885
229 2886
620 2887
2043 2888
2030 2889
2002 2890
2407 2891
1063 2892
2217 2893
2890 2894
948 2895
723 2896
63 2897
2627 2898
873 2899
2053 2900
594 2901
613 2902
1092 2903
766 2904
686 2905
1247 2906
2608 2907
1177 2908
1447 2909
1707 2910
2867 2911
41 2912
769 2913
9 2914
301 2915
2528 2916
1837 2917
1063 2918
316 2919
1161 2920
1835 2921
2317 2922
2268 2923
2402 2924
2766 2925
2849 2926
2125 2927
34 2928
2243 2929
470 2930
892 2931
1577 2932
947 2933
1674 2934
2707 2935
172 2936
2725 2937
2406 2938
839 2939
1210 2940
930 2941
1496 2942
1758 2943
1547 2944
2884 2945
1463 2946
2727 2947
988 2948
721 2949
994 2950
2300 2951
2079 2952
439 2953
2794 2954
2498 2955
2865 2956
1321 2957
571 2958
1004 2959
356 2960
821 2961
1361 2962
2460 2963
1287 2964
621 2965
481 2966
2635 2967
305 2968
2380 2969
2276 2970
2908 2971
154 2972
1628 2973
2598 2974
2426 2975
1382 2976
1042 2977
403 2978
399 2979
960 2980
181 2981
2472 2982
1160 2983
149 2984
1047 2985
1855 2986
1293 2987
1130 2988
1895 2989
202 2990
797 2991
1240 2992
1273 2993
2805 2994
1588 2995
2070 2996
2491 2997
2085 2998
2213 2999
867 3000
2620 3001
2884 3002
64 3003
1560 3004
766 3005
579 3006
2569 3007
1593 3008
776 3009
933 3010
2663 3011
1994 3012
1139 3013
1340 3014
1486 3015
2200 3016
1470 3017
2415 3018
1070 3019
218 3020
2082 3021
1188 3022
1452 3023
2593 3024
1951 3025
2622 3026
519 3027
1057 3028
2264 3029
2725 3030
1904 3031
1075 3032
2729 3033
2940 3034
2787 3035
635 3036
1217 3037
1637 3038
962 3039
1655 3040
2522 3041
1137 3042
2923 3043
1564 3044
1946 3045
1636 3046
2344 3047
2939 3048
1151 3049
1193 3050
821 3051
418 3052
2772 3053
1532 3054
928 3055
1370 3056
1978 3057
916 3058
938 3059
2661 3060
149 3061
1813 3062
2414 3063
1982 3064
2388 3065
1232 3066
2394 3067
2589 3068
443 3069
2761 3070
861 3071
1341 3072
2389 3073
2596 3074
2842 3075
1261 3076
251 3077
548 3078
1898 3079
766 3080
364 3081
293 3082
33 3083
2053 3084
157 3085
124 3086
772 3087
2679 3088
2606 3089
2718 3090
558 3091
212 3092
2816 3093
2727 3094
2563 3095
279 3096
1284 3097
948 3098
2788 3099
1150 3100
3076 3101
1856 3102
1810 3103
191 3104
2750 3105
2002 3106
1114 3107
230 3108
1961 3109
756 3110
1318 3111
1823 3112
706 3113
21 3114
2526 3115
1737 3116
1490 3117
2312 3118
2493 3119
2390 3120
377 3121
718 3122
2884 3123
618 3124
2401 3125
1519 3126
2001 3127
2127 3128
2387 3129
2626 3130
237 3131
2978 3132
2846 3133
1455 3134
844 3135
2669 3136
1476 3137
302 3138
2718 3139
595 3140
2810 3141
106 3142
2863 3143
2104 3144
305 3145
459 3146
1198 3147
1796 3148
2648 3149
1252 3150
2445 3151
2496 3152
2673 3153
1694 3154
1675 3155
290 3156
715 3157
1864 3158
527 3159
2388 3160
1493 3161
455 3162
2191 3163
792 3164
28 3165
1704 3166
2529 3167
1296 3168
678 3169
2531 3170
991 3171
1865 3172
537 3173
922 3174
2723 3175
2763 3176
1048 3177
2652 3178
200 3179
1418 3180
2918 3181
2473 3182
1576 3183
2334 3184
164 3185
2353 3186
1662 3187
1981 3188
2926 3189
573 3190
203 3191
3056 3192
1551 3193
1245 3194
1479 3195
367 3196
2908 3197
56 3198
1405 3199
2001 3200
3151 3201
2361 3202
2895 3203
1748 3204
1008 3205
50 3206
1565 3207
663 3208
1854 3209
2048 3210
1005 3211
1305 3212
2085 3213
74 3214
2893 3215
247 3216
1095 3217
1553 3218
1514 3219
278 3220
1752 3221
1044 3222
477 3223
2230 3224
1103 3225
1435 3226
2114 3227
538 3228
1511 3229
1621 3230
715 3231
534 3232
238 3233
2646 3234
3203 3235
1071 3236
544 3237
2122 3238
1387 3239
2718 3240
2156 3241
799 3242
2359 3243
837 3244
2184 3245
1313 3246
2375 3247
254 3248
2202 3249
2695 3250
354 3251
2115 3252
2571 3253
1862 3254
1703 3255
2126 3256
275 3257
2174 3258
303 3259
1959 3260
983 3261
707 3262
2932 3263
1099 3264
1291 3265
1865 3266
999 3267
105 3268
803 3269
588 3270
2015 3271
41 3272
2793 3273
1768 3274
304 3275
2026 3276
1465 3277
2363 3278
1355 3279
22 3280
1435 3281
462 3282
1016 3283
557 3284
17 3285
827 3286
476 3287
4 3288
1024 3289
326 3290
1315 3291
772 3292
2392 3293
13 3294
421 3295
11 3296
1491 3297
2742 3298
880 3299
2035 3300
284 3301
1531 3302
2927 3303
419 3304
937 3305
2927 3306
285 3307
2759 3308
560 3309
2384 3310
731 3311
1807 3312
2727 3313
1629 3314
48 3315
1326 3316
1480 3317
1332 3318
943 3319
1694 3320
1098 3321
1527 3322
3052 3323
399 3324
2275 3325
2586 3326
2354 3327
2596 3328
719 3329
958 3330
1018 3331
3227 3332
2414 3333
2472 3334
191 3335
2199 3336
258 3337
2870 3338
2188 3339
3034 3340
3335 3341
2378 3342
2352 3343
2554 3344
1937 3345
3123 3346
377 3347
3094 3348
500 3349
2737 3350
869 3351
3059 3352
2950 3353
396 3354
2226 3355
908 3356
1337 3357
2769 3358
3042 3359
2680 3360
1383 3361
673 3362
1952 3363
1390 3364
3296 3365
3199 3366
2942 3367
29 3368
1537 3369
1775 3370
599 3371
1452 3372
2963 3373
357 3374
1369 3375
1678 3376
1972 3377
1751 3378
2339 3379
96 3380
3075 3381
2579 3382
1907 3383
3277 3384
1162 3385
462 3386
3258 3387
1932 3388
1161 3389
128 3390
770 3391
2539 3392
157 3393
1050 3394
2814 3395
755 3396
1543 3397
2343 3398
2129 3399
951 3400
1831 3401
1301 3402
2388 3403
2451 3404
2559 3405
3025 3406
3254 3407
4 3408
2942 3409
394 3410
1696 3411
2244 3412
1337 3413
2825 3414
2422 3415
3228 3416
773 3417
2988 3418
1316 3419
1930 3420
1554 3421
2688 3422
2918 3423
730 3424
173 3425
2003 3426
3331 3427
2845 3428
130 3429
976 3430
2681 3431
2403 3432
1069 3433
2441 3434
3002 3435
2400 3436
2484 3437
1029 3438
2053 3439
3109 3440
2339 3441
1179 3442
2976 3443
10 3444
3066 3445
2200 3446
2561 3447
395 3448
625 3449
2144 3450
630 3451
1785 3452
1840 3453
2332 3454
2029 3455
817 3456
3024 3457
1547 3458
1257 3459
1409 3460
2797 3461
629 3462
2097 3463
951 3464
1758 3465
3239 3466
1410 3467
1518 3468
1908 3469
2015 3470
433 3471
88 3472
742 3473
2908 3474
1259 3475
1269 3476
2539 3477
3033 3478
1986 3479
1346 3480
574 3481
2528 3482
2375 3483
2351 3484
2023 3485
1492 3486
699 3487
223 3488
1227 3489
1251 3490
1549 3491
2737 3492
1397 3493
1617 3494
2031 3495
2345 3496
2075 3497
728 3498
658 3499
2331 3500
365 3501
2769 3502
728 3503
2653 3504
1982 3505
621 3506
2810 3507
3223 3508
1958 3509
1587 3510
2515 3511
1725 3512
1141 3513
1935 3514
962 3515
2413 3516
1236 3517
1288 3518
1669 3519
3211 3520
310 3521
125 3522
3276 3523
2116 3524
672 3525
169 3526
2310 3527
3313 3528
2094 3529
1412 3530
957 3531
2466 3532
2135 3533
2535 3534
1564 3535
208 3536
453 3537
2772 3538
171 3539
2062 3540
1708 3541
621 3542
2843 3543
2202 3544
894 3545
3469 3546
2637 3547
533 3548
3146 3549
3125 3550
2611 3551
2122 3552
2934 3553
2422 3554
22 3555
3054 3556
3351 3557
2726 3558
422 3559
1666 3560
3298 3561
1205 3562
1786 3563
2839 3564
2392 3565
2391 3566
3426 3567
3139 3568
2486 3569
499 3570
1149 3571
2814 3572
1861 3573
2198 3574
1083 3575
1415 3576
1019 3577
2807 3578
3363 3579
1382 3580
2921 3581
3368 3582
356 3583
959 3584
2402 3585
1442 3586
2352 3587
3209 3588
3183 3589
1421 3590
2175 3591
2005 3592
580 3593
1362 3594
978 3595
2663 3596
1836 3597
2575 3598
1336 3599
1679 3600
53 3601
2466 3602
1107 3603
2049 3604
974 3605
2970 3606
544 3607
2002 3608
3112 3609
591 3610
3040 3611
2846 3612
1617 3613
1262 3614
176 3615
897 3616
3513 3617
257 3618
631 3619
278 3620
207 3621
2286 3622
1165 3623
2864 3624
1292 3625
3516 3626
2879 3627
2416 3628
271 3629
634 3630
1496 3631
864 3632
2617 3633
328 3634
1700 3635
2597 3636
2303 3637
424 3638
3016 3639
1283 3640
1651 3641
3623 3642
2135 3643
44 3644
3264 3645
2703 3646
1989 3647
577 3648
1239 3649
2972 3650
483 3651
1651 3652
729 3653
1683 3654
3025 3655
1716 3656
2401 3657
2038 3658
1774 3659
2822 3660
2544 3661
3212 3662
1952 3663
1418 3664
3586 3665
2462 3666
629 3667
2533 3668
332 3669
1335 3670
504 3671
2124 3672
1752 3673
1780 3674
1826 3675
149 3676
3265 3677
1264 3678
2625 3679
2456 3680
2966 3681
3032 3682
1083 3683
732 3684
2246 3685
49 3686
2365 3687
2158 3688
29 3689
1825 3690
2358 3691
51 3692
2077 3693
407 3694
202 3695
785 3696
1753 3697
1368 3698
3143 3699
135 3700
102 3701
610 3702
880 3703
3007 3704
2263 3705
1669 3706
1911 3707
353 3708
1596 3709
601 3710
2848 3711
1814 3712
2339 3713
394 3714
1733 3715
2117 3716
3491 3717
2163 3718
3305 3719
230 3720
1212 3721
1667 3722
2405 3723
3517 3724
3592 3725
3056 3726
456 3727
1137 3728
1932 3729
3707 3730
1010 3731
3007 3732
181 3733
2958 3734
1321 3735
2662 3736
3389 3737
3607 3738
3546 3739
455 3740
2227 3741
371 3742
525 3743
3680 3744
1292 3745
703 3746
1361 3747
3702 3748
1335 3749
1561 3750
384 3751
1348 3752
1948 3753
2470 3754
480 3755
1521 3756
1724 3757
2215 3758
1448 3759
1101 3760
889 3761
122 3762
686 3763
1963 3764
2866 3765
1315 3766
1421 3767
1515 3768
311 3769
330 3770
620 3771
3506 3772
359 3773
1193 3774
2416 3775
1620 3776
3618 3777
1022 3778
691 3779
455 3780
495 3781
2066 3782
2238 3783
2789 3784
2068 3785
205 3786
1073 3787
155 3788
2489 3789
2657 3790
343 3791
2684 3792
3573 3793
2042 3794
3485 3795
146 3796
1407 3797
3492 3798
1088 3799
1571 3800
825 3801
3276 3802
3276 3803
426 3804
353 3805
627 3806
3525 3807
3433 3808
500 3809
854 3810
3127 3811
1774 3812
3630 3813
423 3814
229 3815
1689 3816
2433 3817
2506 3818
2323 3819
199 3820
379 3821
46 3822
2763 3823
184 3824
2358 3825
561 3826
1863 3827
1101 3828
1341 3829
3070 3830
433 3831
231 3832
1553 3833
2784 3834
184 3835
3166 3836
2436 3837
419 3838
1559 3839
1780 3840
2561 3841
2047 3842
3480 3843
3141 3844
577 3845
1211 3846
1636 3847
1283 3848
2829 3849
1870 3850
2056 3851
1284 3852
2947 3853
2437 3854
2046 3855
262 3856
1517 3857
1156 3858
3385 3859
1724 3860
3086 3861
2589 3862
1085 3863
1220 3864
1723 3865
3321 3866
485 3867
1959 3868
2605 3869
2084 3870
3575 3871
1150 3872
2620 3873
1930 3874
1456 3875
789 3876
1745 3877
3020 3878
2486 3879
491 3880
3561 3881
2321 3882
424 3883
373 3884
3283 3885
2365 3886
3621 3887
2825 3888
3868 3889
590 3890
2858 3891
602 3892
2256 3893
3531 3894
2198 3895
2946 3896
2839 3897
3140 3898
3810 3899
2772 3900
2084 3901
3205 3902
1075 3903
1849 3904
3162 3905
3816 3906
3375 3907
3376 3908
3335 3909
567 3910
1459 3911
1278 3912
1604 3913
1422 3914
3234 3915
1761 3916
179 3917
1270 3918
2442 3919
3615 3920
2512 3921
3489 3922
1893 3923
1081 3924
1422 3925
895 3926
627 3927
692 3928
565 3929
3815 3930
42 3931
2328 3932
3316 3933
456 3934
3193 3935
777 3936
1140 3937
3735 3938
2147 3939
3215 3940
2321 3941
1105 3942
3850 3943
1487 3944
2148 3945
3420 3946
318 3947
3627 3948
2477 3949
1636 3950
3454 3951
2893 3952
2250 3953
758 3954
2322 3955
3442 3956
2233 3957
628 3958
2597 3959
2993 3960
322 3961
1320 3962
1418 3963
1774 3964
1720 3965
1265 3966
129 3967
1033 3968
2676 3969
3111 3970
3408 3971
1923 3972
1336 3973
616 3974
1375 3975
1300 3976
2416 3977
3777 3978
3963 3979
3887 3980
11 3981
233 3982
1352 3983
2100 3984
2438 3985
447 3986
1298 3987
153 3988
2942 3989
3751 3990
3560 3991
2644 3992
1024 3993
2028 3994
2727 3995
3889 3996
2482 3997
1714 3998
1308 3999
2626 4000
1548 4001
1480 4002
131 4003
413 4004
1213 4005
1548 4006
2239 4007
470 4008
2192 4009
2727 4010
38 4011
457 4012
1900 4013
3954 4014
3421 4015
2363 4016
2144 4017
599 4018
3319 4019
2737 4020
136 4021
245 4022
1865 4023
939 4024
3356 4025
1669 4026
837 4027
3203 4028
1576 4029
2138 4030
3045 4031
2284 4032
2269 4033
3375 4034
112 4035
1277 4036
864 4037
2477 4038
3945 4039
784 4040
1649 4041
2322 4042
3600 4043
385 4044
1090 4045
1325 4046
3673 4047
395 4048
3600 4049
2963 4050
2679 4051
979 4052
667 4053
151 4054
47 4055
503 4056
915 4057
1296 4058
386 4059
461 4060
335 4061
636 4062
2098 4063
951 4064
234 4065
1514 4066
1507 4067
893 4068
3064 4069
1371 4070
2476 4071
2315 4072
237 4073
2335 4074
3498 4075
1524 4076
578 4077
1152 4078
1868 4079
939 4080
12 4081
2975 4082
766 4083
2595 4084
1441 4085
1630 4086
1958 4087
230 4088
1364 4089
4073 4090
4066 4091
3796 4092
3833 4093
3269 4094
3991 4095
339 4096
1232 4097
2784 4098
3224 4099
1828 4100
4030 4101
727 4102
1839 4103
252 4104
2415 4105
3051 4106
3307 4107
149 4108
168 4109
412 4110
2119 4111
5 4112
1584 4113
1459 4114
1511 4115
51 4116
2230 4117
3144 4118
341 4119
2646 4120
3312 4121
4060 4122
1239 4123
3393 4124
4056 4125
3594 4126
1806 4127
2273 4128
2369 4129
1120 4130
99 4131
3965 4132
2471 4133
757 4134
2193 4135
3929 4136
1810 4137
2602 4138
3816 4139
2237 4140
3828 4141
2837 4142
3410 4143
3442 4144
3048 4145
3117 4146
1016 4147
56 4148
2844 4149
179 4150
3253 4151
1915 4152
3413 4153
3556 4154
1080 4155
2018 4156
998 4157
814 4158
1755 4159
854 4160
3138 4161
2004 4162
19 4163
1749 4164
689 4165
3788 4166
748 4167
1421 4168
4098 4169
4141 4170
2213 4171
797 4172
2306 4173
771 4174
4085 4175
3702 4176
3565 4177
3520 4178
2729 4179
3227 4180
4102 4181
411 4182
3026 4183
779 4184
2485 4185
332 4186
3692 4187
3285 4188
3534 4189
2036 4190
840 4191
3092 4192
1631 4193
3480 4194
120 4195
1613 4196
1292 4197
2665 4198
3505 4199
3851 4200
1090 4201
225 4202
1819 4203
77 4204
2649 4205
648 4206
2991 4207
3073 4208
1458 4209
1584 4210
2154 4211
1052 4212
2854 4213
3995 4214
36 4215
1954 4216
3692 4217
2530 4218
502 4219
2150 4220
3010 4221
3109 4222
2365 4223
2157 4224
974 4225
1762 4226
3872 4227
3591 4228
1112 4229
928 4230
3809 4231
1124 4232
1715 4233
3310 4234
2898 4235
3164 4236
468 4237
2842 4238
4156 4239
659 4240
2552 4241
3237 4242
1240 4243
751 4244
3496 4245
3902 4246
1867 4247
4114 4248
2208 4249
102 4250
1579 4251
1581 4252
2365 4253
780 4254
1989 4255
3264 4256
3496 4257
1800 4258
1679 4259
2933 4260
3963 4261
3838 4262
865 4263
2038 4264
2806 4265
2908 4266
1869 4267
2744 4268
3298 4269
681 4270
1564 4271
2627 4272
3792 4273
1807 4274
2494 4275
3006 4276
1214 4277
775 4278
3716 4279
1174 4280
2014 4281
1040 4282
4106 4283
2172 4284
535 4285
4267 4286
3940 4287
2949 4288
4265 4289
2119 4290
4076 4291
779 4292
267 4293
683 4294
1107 4295
16 4296
246 4297
1495 4298
4153 4299
3870 4300
812 4301
2301 4302
4148 4303
1199 4304
870 4305
2040 4306
3530 4307
659 4308
1267 4309
4002 4310
2051 4311
147 4312
3141 4313
1340 4314
1264 4315
3918 4316
773 4317
3193 4318
581 4319
3780 4320
1653 4321
2756 4322
2053 4323
1543 4324
3195 4325
113 4326
556 4327
519 4328
1677 4329
225 4330
3451 4331
1052 4332
27 4333
2589 4334
4105 4335
418 4336
2363 4337
838 4338
242 4339
128 4340
3753 4341
3538 4342
3698 4343
3666 4344
3402 4345
1110 4346
2168 4347
816 4348
631 4349
37 4350
3018 4351
1968 4352
1370 4353
3598 4354
861 4355
2751 4356
4078 4357
2841 4358
1812 4359
1689 4360
883 4361
574 4362
2144 4363
1470 4364
1710 4365
1225 4366
1884 4367
3448 4368
1289 4369
3011 4370
3795 4371
1629 4372
585 4373
3330 4374
2433 4375
459 4376
2101 4377
2857 4378
2273 4379
2988 4380
2899 4381
2130 4382
1199 4383
3454 4384
315 4385
1787 4386
1414 4387
3076 4388
185 4389
77 4390
1501 4391
1529 4392
682 4393
1339 4394
4003 4395
2940 4396
990 4397
2893 4398
2793 4399
2634 4400
2919 4401
1124 4402
3830 4403
4289 4404
3143 4405
2518 4406
1962 4407
2447 4408
1282 4409
2048 4410
4142 4411
2080 4412
1353 4413
2030 4414
2768 4415
2536 4416
1670 4417
985 4418
1524 4419
1736 4420
2805 4421
2453 4422
3626 4423
1254 4424
3411 4425
2446 4426
2593 4427
4397 4428
535 4429
4087 4430
4304 4431
998 4432
807 4433
2757 4434
2367 4435
1120 4436
2526 4437
3974 4438
3780 4439
3739 4440
640 4441
3355 4442
2550 4443
1352 4444
256 4445
2373 4446
2939 4447
1007 4448
3091 4449
2303 4450
794 4451
1900 4452
1290 4453
3401 4454
152 4455
1630 4456
1000 4457
2481 4458
2820 4459
2776 4460
128 4461
2875 4462
2113 4463
2764 4464
3193 4465
425 4466
4273 4467
2207 4468
3424 4469
1343 4470
3570 4471
1182 4472
3790 4473
3753 4474
2179 4475
1373 4476
1325 4477
562 4478
4064 4479
2416 4480
1247 4481
1574 4482
1651 4483
2875 4484
808 4485
4468 4486
2872 4487
3371 4488
3961 4489
779 4490
2234 4491
2081 4492
3681 4493
2591 4494
806 4495
3655 4496
3389 4497
3043 4498
1789 4499
1974 4500
3954 4501
3965 4502
2012 4503
1136 4504
3697 4505
1882 4506
539 4507
1089 4508
3112 4509
4509 4510
1185 4511
1953 4512
2675 4513
1002 4514
1689 4515
1705 4516
996 4517
2032 4518
1064 4519
469 4520
977 4521
1134 4522
4371 4523
3202 4524
2991 4525
2735 4526
438 4527
2777 4528
280 4529
3464 4530
3305 4531
1108 4532
3442 4533
3195 4534
2086 4535
1921 4536
3833 4537
3599 4538
1704 4539
3166 4540
1736 4541
3213 4542
466 4543
3079 4544
4046 4545
1944 4546
4289 4547
1777 4548
929 4549
3699 4550
1812 4551
3198 4552
1356 4553
1149 4554
2318 4555
2427 4556
1052 4557
4054 4558
1131 4559
3622 4560
2149 4561
3709 4562
3416 4563
4352 4564
1400 4565
3313 4566
2607 4567
3913 4568
1623 4569
4567 4570
1725 4571
3865 4572
874 4573
2588 4574
1486 4575
3443 4576
4119 4577
3697 4578
4079 4579
3051 4580
105 4581
1623 4582
1658 4583
3506 4584
2817 4585
4212 4586
4351 4587
2552 4588
3404 4589
3859 4590
1049 4591
1590 4592
187 4593
3294 4594
2732 4595
233 4596
4055 4597
3913 4598
2896 4599
2265 4600
1525 4601
4106 4602
536 4603
447 4604
1878 4605
1005 4606
4475 4607
2007 4608
1347 4609
985 4610
1381 4611
2833 4612
928 4613
992 4614
3445 4615
4327 4616
1697 4617
2172 4618
1906 4619
3202 4620
4509 4621
2220 4622
2742 4623
2375 4624
1268 4625
2395 4626
3198 4627
4072 4628
11 4629
2343 4630
713 4631
3025 4632
2175 4633
390 4634
3363 4635
3470 4636
871 4637
4212 4638
3850 4639
2077 4640
3333 4641
3614 4642
3893 4643
1276 4644
2928 4645
1637 4646
1137 4647
3105 4648
2557 4649
1904 4650
379 4651
1825 4652
3714 4653
3554 4654
3445 4655
1030 4656
587 4657
4657 4658
1283 4659
940 4660
1160 4661
1451 4662
2474 4663
3977 4664
398 4665
2592 4666
25 4667
547 4668
718 4669
4601 4670
731 4671
797 4672
834 4673
4562 4674
2905 4675
2592 4676
2876 4677
3056 4678
2890 4679
319 4680
748 4681
2860 4682
698 4683
3653 4684
200 4685
1017 4686
3099 4687
10 4688
2223 4689
2788 4690
77 4691
2372 4692
3461 4693
2845 4694
1542 4695
3675 4696
3912 4697
3002 4698
3934 4699
2436 4700
2450 4701
411 4702
687 4703
555 4704
37 4705
4644 4706
2331 4707
4667 4708
2654 4709
220 4710
2668 4711
4504 4712
129 4713
3601 4714
4055 4715
1706 4716
2078 4717
1988 4718
37 4719
301 4720
4532 4721
401 4722
854 4723
2868 4724
1389 4725
1109 4726
1774 4727
501 4728
3826 4729
3674 4730
3192 4731
1889 4732
632 4733
444 4734
2949 4735
827 4736
4141 4737
2782 4738
2790 4739
3651 4740
1404 4741
1726 4742
1107 4743
3631 4744
2060 4745
2976 4746
19 4747
4010 4748
2121 4749
3172 4750
2564 4751
2522 4752
3035 4753
1850 4754
4159 4755
4031 4756
4348 4757
3781 4758
2674 4759
1237 4760
2580 4761
833 4762
3504 4763
2839 4764
2516 4765
2237 4766
2539 4767
4605 4768
112 4769
1124 4770
2314 4771
1913 4772
2882 4773
747 4774
586 4775
1029 4776
4201 4777
4676 4778
3843 4779
1771 4780
3536 4781
4371 4782
2083 4783
4239 4784
3419 4785
2784 4786
3368 4787
4497 4788
2547 4789
3509 4790
4537 4791
3952 4792
799 4793
3132 4794
4055 4795
1123 4796
877 4797
703 4798
231 4799
1333 4800
3615 4801
1551 4802
2467 4803
1825 4804
4226 4805
1394 4806
2886 4807
2614 4808
2528 4809
3748 4810
2423 4811
3870 4812
2240 4813
2702 4814
3205 4815
2452 4816
1098 4817
494 4818
49 4819
3733 4820
181 4821
3125 4822
4619 4823
2019 4824
3287 4825
1829 4826
97 4827
493 4828
310 4829
460 4830
2681 4831
3504 4832
2843 4833
3457 4834
3484 4835
3377 4836
1396 4837
4577 4838
1359 4839
2281 4840
2452 4841
3584 4842
541 4843
698 4844
1281 4845
1479 4846
904 4847
2319 4848
1181 4849
4366 4850
2585 4851
185 4852
4757 4853
1136 4854
4248 4855
3986 4856
2325 4857
2757 4858
833 4859
4767 4860
3785 4861
3018 4862
2548 4863
3295 4864
1212 4865
3441 4866
2409 4867
3034 4868
2423 4869
4219 4870
1015 4871
2006 4872
1330 4873
3416 4874
1167 4875
1859 4876
297 4877
1019 4878
2873 4879
2457 4880
1113 4881
553 4882
2894 4883
2336 4884
3393 4885
3253 4886
2102 4887
1751 4888
2781 4889
128 4890
2468 4891
3708 4892
4071 4893
4378 4894
1053 4895
2589 4896
2147 4897
2302 4898
2062 4899
4891 4900
1629 4901
4404 4902
2246 4903
3193 4904
3215 4905
2591 4906
2158 4907
1000 4908
3770 4909
4545 4910
2535 4911
2745 4912
3312 4913
4742 4914
67 4915
3054 4916
158 4917
2719 4918
749 4919
1843 4920
796 4921
1023 4922
2604 4923
2529 4924
339 4925
4608 4926
3756 4927
3755 4928
3815 4929
4920 4930
2657 4931
576 4932
4761 4933
3862 4934
4060 4935
1005 4936
3570 4937
3101 4938
3262 4939
4939 4940
3007 4941
3498 4942
2152 4943
599 4944
3994 4945
2401 4946
3776 4947
4922 4948
3085 4949
3230 4950
1616 4951
1108 4952
246 4953
130 4954
1083 4955
3889 4956
2228 4957
2017 4958
4105 4959
590 4960
3266 4961
1411 4962
2119 4963
1389 4964
3647 4965
2075 4966
3679 4967
3328 4968
3081 4969
42 4970
2790 4971
2243 4972
4510 4973
2419 4974
3331 4975
3885 4976
715 4977
3306 4978
1720 4979
3059 4980
3190 4981
309 4982
2612 4983
4335 4984
3755 4985
2280 4986
476 4987
4855 4988
3486 4989
2170 4990
1288 4991
4485 4992
2347 4993
3679 4994
52 4995
110 4996
1677 4997
4978 4998
3803 4999
733 5000
