97 4 1000
ducrycmdcmdmmrrccdmcmmvmrcmcumrcccclmummmmclvmcumrmucmvlcmmmmumlccccrmucmmlvruclcccclcurvlmclwcyd
uudrmdlmmdumudmudmmlddrmmdddmdmdddmmrddlmmmummumculdduuu
ddmdmmmdm
ajmmffmjmmfajjjjjjafmmjmmjff
czzjzzc
3 50
42 66
15 23
32 64
16 82
27 91
36 43
83 93
65 82
3 36
6 85
29 88
60 82
3 40
49 50
51 68
35 59
19 20
56 67
26 87
17 57
7 48
16 63
1 80
73 84
25 33
20 42
79 86
39 66
29 81
15 73
9 81
42 89
33 75
3 72
62 97
54 55
64 97
32 86
2 80
39 48
41 79
37 75
5 62
88 93
63 77
10 49
32 95
37 45
35 47
11 62
15 21
11 17
21 25
12 42
73 86
16 52
66 96
48 87
8 21
18 27
42 53
68 89
23 23
33 97
25 70
75 92
53 67
35 96
55 92
57 82
35 46
73 89
54 67
22 26
10 43
23 39
30 31
45 83
11 68
17 54
14 20
41 48
60 79
10 22
14 77
24 36
29 30
33 66
43 60
13 30
18 80
84 89
17 96
19 54
26 75
25 82
19 38
23 53
47 56
13 26
24 43
83 95
19 21
51 85
73 85
22 78
15 44
56 94
12 51
55 80
1 81
19 20
18 63
52 93
25 65
29 65
40 53
34 63
1 31
34 65
5 14
41 56
20 83
10 68
17 52
37 46
29 97
1 28
32 87
43 52
72 91
36 94
14 56
15 38
12 20
59 68
43 88
2 57
36 93
55 78
2 55
19 44
29 95
66 83
39 45
25 44
4 32
91 95
87 95
4 80
40 44
23 55
20 93
10 15
15 44
51 65
9 71
6 70
11 95
58 86
23 78
34 79
29 93
4 14
18 32
42 79
25 26
27 34
5 29
3 12
69 72
28 73
36 53
19 34
26 82
27 60
23 33
13 59
34 57
23 41
3 64
12 70
10 22
5 78
45 79
40 78
28 85
11 95
39 62
33 48
5 46
18 95
39 87
41 62
68 81
2 63
51 54
13 23
78 81
10 65
37 97
6 62
35 53
19 54
29 66
67 71
21 96
63 88
52 68
39 48
48 66
68 88
46 94
73 89
31 54
6 7
34 89
15 57
22 51
16 27
76 84
36 64
37 43
27 96
26 53
45 52
69 77
70 91
35 54
16 88
42 79
11 92
64 77
22 25
2 18
38 46
4 77
39 59
78 86
93 94
8 19
32 41
28 51
43 91
55 85
13 62
12 56
14 44
29 33
8 21
10 40
7 64
57 82
82 95
47 76
22 26
8 35
47 76
61 86
55 97
41 72
36 47
80 90
5 35
11 45
14 61
13 68
2 85
75 82
14 25
35 92
10 23
32 53
23 50
18 75
32 65
14 49
27 97
74 97
47 96
41 95
12 34
11 45
21 54
56 60
50 90
35 70
44 55
6 75
67 86
1 52
21 95
5 46
39 59
35 45
64 85
26 30
7 36
74 95
77 95
17 83
52 65
64 78
74 93
73 85
35 92
6 7
36 74
1 88
19 92
13 54
81 87
5 50
7 49
25 29
63 82
44 50
18 41
23 73
24 58
61 71
70 82
5 73
29 32
9 32
88 92
55 72
7 28
71 79
30 75
38 87
16 71
19 40
26 85
8 93
28 44
38 67
36 71
8 50
19 95
16 67
22 70
28 95
33 53
84 88
12 60
24 95
23 76
6 72
55 60
95 96
11 23
64 66
53 96
40 82
49 97
20 68
2 91
24 91
13 21
10 73
17 70
32 32
24 63
27 65
50 54
35 67
42 83
4 87
32 87
17 24
6 6
68 81
14 27
17 54
51 71
33 58
8 36
29 80
1 65
60 89
50 59
37 67
42 59
2 55
20 82
52 54
52 81
20 38
42 72
21 79
16 37
51 94
28 81
32 52
14 44
22 39
7 36
65 74
36 47
50 70
16 77
14 40
52 53
3 28
46 77
42 85
33 89
3 94
5 8
40 90
81 83
22 29
50 95
33 35
9 70
50 80
4 46
16 61
3 27
9 23
29 47
14 36
2 82
23 70
10 58
9 73
64 77
41 76
2 70
10 23
87 97
71 91
5 91
40 84
13 17
83 88
37 51
10 36
16 59
35 60
38 71
34 69
27 30
5 60
7 60
2 33
36 83
26 71
41 62
39 62
26 26
16 76
38 65
9 13
11 28
57 67
59 78
49 55
35 59
36 38
9 88
78 88
46 88
56 87
49 70
16 77
68 73
65 87
65 75
4 82
14 66
10 11
56 62
18 34
21 26
1 42
1 21
19 64
57 78
28 39
9 60
71 71
48 75
30 81
69 83
10 29
17 58
5 96
13 21
76 93
32 33
15 36
75 85
2 55
86 92
24 86
35 45
43 48
47 51
36 70
45 72
35 53
1 38
28 55
3 72
29 75
4 95
20 49
5 18
68 87
57 70
3 63
41 73
51 70
31 39
23 47
85 90
55 66
9 83
36 58
25 38
54 76
53 66
2 91
36 38
3 35
5 18
8 51
54 75
49 74
17 42
53 84
57 70
71 78
48 48
13 61
14 72
55 91
17 74
62 93
26 96
24 25
54 68
37 84
29 69
33 65
39 41
8 16
44 75
31 73
18 52
5 68
6 92
7 40
21 85
26 57
26 34
12 74
37 69
7 76
81 93
19 86
2 14
35 36
1 36
47 57
2 87
53 62
26 48
74 91
52 95
75 78
38 92
68 92
9 87
54 81
44 75
1 38
20 80
33 42
6 10
60 73
6 48
23 25
10 63
9 37
2 13
23 33
42 66
17 95
48 87
68 76
87 89
30 73
47 60
13 48
67 85
28 73
66 88
11 23
33 70
48 56
54 59
14 66
65 74
58 72
62 79
8 30
4 87
34 48
50 63
54 88
35 40
59 62
11 69
15 16
64 80
22 65
49 65
31 56
25 45
39 57
39 54
89 97
76 86
15 30
1 83
13 29
42 43
11 51
20 94
7 93
10 58
43 57
30 79
26 70
80 97
28 87
52 70
65 83
49 54
32 68
15 31
5 78
5 29
47 48
16 91
1 64
28 48
57 78
30 41
65 85
58 89
55 85
34 36
29 66
22 22
42 46
21 73
27 81
83 84
7 50
8 93
6 63
85 87
42 84
37 75
19 41
55 65
65 94
4 97
70 90
63 63
50 71
10 30
12 69
24 34
45 94
11 70
16 41
41 68
29 55
70 94
8 12
40 51
7 53
23 48
24 31
6 63
11 92
3 54
32 43
60 66
26 68
11 87
15 71
84 97
70 96
24 35
30 88
21 32
21 92
46 56
23 23
40 49
53 66
28 33
14 87
51 57
2 78
7 47
17 82
17 77
4 74
51 82
36 92
51 88
42 57
11 62
72 80
11 14
48 58
21 25
15 86
24 92
72 97
25 83
20 67
41 55
5 23
88 89
10 30
29 42
1 35
86 89
66 93
22 25
5 54
46 67
2 18
2 69
36 38
35 64
25 92
12 24
69 97
49 88
20 78
28 65
74 90
75 96
22 95
19 66
5 70
28 44
21 43
17 42
76 95
46 92
6 45
33 71
2 18
66 83
89 97
42 77
50 83
55 72
43 71
1 49
13 43
13 66
32 66
43 50
20 84
36 37
42 87
46 95
45 69
69 96
25 88
23 35
55 78
42 44
51 59
10 64
22 55
1 54
40 53
9 97
45 46
46 91
38 94
66 78
44 93
38 85
18 45
30 88
12 26
59 80
10 59
15 92
28 55
35 94
22 46
73 81
36 38
42 96
52 62
77 81
12 44
28 28
36 36
72 94
5 71
10 75
46 73
22 52
17 49
47 57
69 87
51 97
50 63
73 77
35 91
16 41
37 78
9 82
70 80
1 46
1 6
16 45
35 85
12 88
13 55
4 67
11 64
85 95
3 93
81 91
21 88
30 42
25 42
7 91
30 52
24 46
28 80
11 93
1 38
38 59
54 76
56 58
26 90
54 95
44 93
54 67
75 94
64 79
55 93
32 44
20 41
45 87
23 87
40 58
15 82
22 47
87 97
29 68
73 74
32 78
21 78
63 96
7 47
16 60
59 67
37 92
45 74
50 85
91 97
43 45
20 22
39 57
58 90
79 93
64 68
69 79
27 33
39 77
28 83
70 71
43 45
20 32
46 92
1 63
30 46
47 50
56 81
4 45
28 87
10 18
9 90
76 87
28 64
31 90
64 83
19 55
31 76
5 19
2 49
41 66
58 89
27 48
55 56
44 84
47 80
61 62
56 73
9 59
40 89
37 80
24 97
42 72
21 29
58 82
41 93
2 6
20 36
10 58
1 94
61 87
53 62
18 73
9 63
6 23
65 70
2 71
77 95
29 50
39 86
5 38
17 47
16 57
34 37
22 36
2 85
21 90
34 61
3 93
17 85
43 65
13 46
76 95
28 92
19 21
86 94
69 96
39 79
30 40
13 22
11 73
86 96
19 83
4 88
49 81
19 40
42 52
5 78
9 94
25 57
22 54
71 84
2 20
49 67
6 24
71 77
38 72
16 58
30 53
26 64
7 57
16 44
12 32
55 57
30 30
23 71
23 54
37 95
4 30
14 63
49 96
8 56
21 66
89 90
16 56
2 77
21 25
12 72
76 90
2 13
