99
1 2
1 3
1 4
1 5
1 6
1 7
1 8
1 9
1 10
1 11
1 12
1 13
1 14
1 15
1 16
1 17
1 18
1 19
1 20
1 21
1 22
1 23
1 24
1 25
1 26
1 27
1 28
1 29
1 30
1 31
1 32
1 33
33 34
34 35
35 36
36 37
37 38
38 39
39 40
40 41
41 42
42 43
43 44
44 45
45 46
46 47
47 48
48 49
49 50
50 51
51 52
52 53
53 54
54 55
55 56
56 57
57 58
58 59
59 60
60 61
61 62
62 63
63 64
64 65
57 66
49 67
18 68
36 69
5 70
57 71
49 72
64 73
32 74
54 75
54 76
18 77
48 78
7 79
60 80
24 81
17 82
9 83
31 84
27 85
22 86
17 87
11 88
36 89
1 90
71 91
30 92
80 93
4 94
90 95
36 96
9 97
82 98
41 99
