478
1 2
1 3
1 4
1 5
1 6
1 7
1 8
1 9
1 10
1 11
1 12
1 13
1 14
1 15
1 16
1 17
1 18
1 19
1 20
1 21
1 22
1 23
1 24
1 25
1 26
1 27
1 28
1 29
1 30
1 31
1 32
1 33
1 34
1 35
1 36
1 37
1 38
1 39
1 40
1 41
1 42
1 43
1 44
1 45
1 46
1 47
1 48
1 49
1 50
1 51
1 52
1 53
1 54
1 55
1 56
1 57
1 58
1 59
1 60
1 61
1 62
1 63
1 64
1 65
1 66
1 67
1 68
1 69
1 70
1 71
1 72
1 73
1 74
1 75
1 76
1 77
1 78
1 79
1 80
1 81
1 82
1 83
1 84
1 85
1 86
1 87
1 88
1 89
1 90
1 91
1 92
1 93
1 94
1 95
1 96
1 97
1 98
1 99
1 100
1 101
1 102
1 103
1 104
1 105
1 106
1 107
1 108
1 109
1 110
1 111
1 112
1 113
1 114
1 115
1 116
1 117
1 118
1 119
1 120
1 121
1 122
1 123
1 124
1 125
1 126
1 127
1 128
1 129
1 130
1 131
1 132
1 133
1 134
1 135
1 136
1 137
1 138
1 139
1 140
1 141
1 142
1 143
1 144
1 145
1 146
1 147
1 148
1 149
1 150
1 151
1 152
1 153
1 154
1 155
1 156
1 157
1 158
1 159
1 160
160 161
161 162
162 163
163 164
164 165
165 166
166 167
167 168
168 169
169 170
170 171
171 172
172 173
173 174
174 175
175 176
176 177
177 178
178 179
179 180
180 181
181 182
182 183
183 184
184 185
185 186
186 187
187 188
188 189
189 190
190 191
191 192
192 193
193 194
194 195
195 196
196 197
197 198
198 199
199 200
200 201
201 202
202 203
203 204
204 205
205 206
206 207
207 208
208 209
209 210
210 211
211 212
212 213
213 214
214 215
215 216
216 217
217 218
218 219
219 220
220 221
221 222
222 223
223 224
224 225
225 226
226 227
227 228
228 229
229 230
230 231
231 232
232 233
233 234
234 235
235 236
236 237
237 238
238 239
239 240
240 241
241 242
242 243
243 244
244 245
245 246
246 247
247 248
248 249
249 250
250 251
251 252
252 253
253 254
254 255
255 256
256 257
257 258
258 259
259 260
260 261
261 262
262 263
263 264
264 265
265 266
266 267
267 268
268 269
269 270
270 271
271 272
272 273
273 274
274 275
275 276
276 277
277 278
278 279
279 280
280 281
281 282
282 283
283 284
284 285
285 286
286 287
287 288
288 289
289 290
290 291
291 292
292 293
293 294
294 295
295 296
296 297
297 298
298 299
299 300
300 301
301 302
302 303
303 304
304 305
305 306
306 307
307 308
308 309
309 310
310 311
311 312
312 313
313 314
314 315
315 316
316 317
317 318
318 319
66 320
305 321
107 322
139 323
322 324
252 325
257 326
55 327
285 328
143 329
106 330
217 331
219 332
65 333
121 334
307 335
105 336
45 337
99 338
125 339
213 340
152 341
196 342
105 343
293 344
309 345
243 346
243 347
171 348
194 349
314 350
284 351
31 352
46 353
327 354
232 355
6 356
233 357
38 358
322 359
258 360
57 361
206 362
199 363
344 364
269 365
158 366
59 367
63 368
21 369
38 370
69 371
139 372
279 373
234 374
173 375
5 376
114 377
51 378
195 379
46 380
8 381
157 382
278 383
348 384
92 385
196 386
294 387
282 388
361 389
141 390
169 391
176 392
210 393
23 394
119 395
35 396
203 397
372 398
395 399
167 400
85 401
329 402
299 403
177 404
327 405
202 406
171 407
57 408
169 409
386 410
230 411
23 412
198 413
388 414
198 415
201 416
357 417
381 418
107 419
335 420
226 421
209 422
180 423
90 424
403 425
6 426
241 427
96 428
323 429
391 430
294 431
297 432
158 433
213 434
432 435
300 436
247 437
287 438
298 439
360 440
131 441
186 442
372 443
331 444
236 445
30 446
230 447
279 448
203 449
15 450
393 451
198 452
201 453
7 454
417 455
161 456
405 457
147 458
166 459
397 460
180 461
304 462
426 463
300 464
322 465
296 466
223 467
309 468
329 469
184 470
352 471
83 472
304 473
260 474
164 475
292 476
79 477
449 478
