340
0 0 1
49
0 1 1
8
1 0 1
23
1 1 1
56
0 0 2
123 89
0 1 2
16 103
0 2 2
146 129
0 3 2
6 158
1 0 2
12 56
1 1 2
29 28
1 2 2
27 27
1 3 2
29 36
2 0 2
37 25
2 1 2
31 39
2 2 2
5 196
2 3 2
41 24
3 0 2
26 61
3 1 2
129 7
3 2 2
99 117
3 3 2
167 181
0 0 3
11 38 50
0 1 3
25 65 72
0 2 3
21 27 70
0 3 3
29 42 36
0 4 3
14 55 67
0 5 3
22 49 30
0 6 3
9 60 27
0 7 3
73 61 183
1 0 3
62 148 194
1 1 3
80 97 64
1 2 3
27 152 92
1 3 3
115 101 145
1 4 3
1 37 35
1 5 3
7 26 34
1 6 3
21 62 38
1 7 3
28 88 149
2 0 3
17 34 62
2 1 3
143 153 198
2 2 3
21 18 61
2 3 3
23 40 69
2 4 3
192 14 99
2 5 3
53 18 4
2 6 3
46 27 41
2 7 3
187 170 75
3 0 3
33 170 190
3 1 3
44 33 66
3 2 3
52 186 138
3 3 3
123 95 134
3 4 3
14 29 21
3 5 3
31 27 34
3 6 3
11 12 49
3 7 3
36 22 65
4 0 3
8 51 35
4 1 3
119 182 78
4 2 3
173 10 129
4 3 3
24 37 37
4 4 3
32 13 47
4 5 3
3 19 60
4 6 3
25 19 61
4 7 3
16 40 69
5 0 3
1 20 54
5 1 3
3 40 30
5 2 3
33 67 82
5 3 3
125 183 170
5 4 3
38 40 32
5 5 3
5 48 69
5 6 3
23 43 51
5 7 3
48 52 33
6 0 3
138 185 193
6 1 3
26 14 49
6 2 3
13 39 56
6 3 3
29 37 24
6 4 3
14 27 34
6 5 3
128 27 127
6 6 3
195 52 129
6 7 3
36 55 61
7 0 3
43 47 67
7 1 3
121 88 84
7 2 3
40 30 45
7 3 3
26 26 43
7 4 3
194 191 64
7 5 3
19 48 60
7 6 3
50 55 39
7 7 3
6 96 79
0 0 4
27 11 49 36
0 1 4
1 40 43 51
0 2 4
93 98 124 56
0 3 4
23 60 30 67
0 4 4
4 48 40 58
0 5 4
19 17 47 52
0 6 4
116 84 55 107
0 7 4
123 145 200 57
0 8 4
44 56 32 63
0 9 4
3 48 50 70
0 10 4
21 149 72 39
0 11 4
25 51 35 80
0 12 4
81 11 13 90
0 13 4
11 113 151 17
0 14 4
32 22 37 50
0 15 4
195 47 148 188
1 0 4
4 22 57 79
1 1 4
3 40 53 45
1 2 4
82 96 8 94
1 3 4
38 16 38 64
1 4 4
39 56 57 52
1 5 4
71 14 182 25
1 6 4
26 26 57 79
1 7 4
192 86 151 173
1 8 4
29 40 36 61
1 9 4
14 30 46 59
1 10 4
7 22 54 70
1 11 4
42 56 38 42
1 12 4
107 147 179 67
1 13 4
2 17 67 46
1 14 4
27 16 36 38
1 15 4
164 135 153 57
2 0 4
197 142 60 21
2 1 4
18 49 27 53
2 2 4
162 71 13 31
2 3 4
43 56 29 65
2 4 4
41 25 67 33
2 5 4
120 197 112 113
2 6 4
32 52 66 37
2 7 4
162 123 23 65
2 8 4
49 23 46 34
2 9 4
23 50 24 79
2 10 4
49 25 185 106
2 11 4
48 175 6 30
2 12 4
41 45 63 44
2 13 4
35 11 45 45
2 14 4
75 57 167 129
2 15 4
194 182 18 36
3 0 4
133 93 105 99
3 1 4
26 53 32 52
3 2 4
14 47 38 33
3 3 4
43 11 191 98
3 4 4
10 20 26 55
3 5 4
34 13 28 68
3 6 4
88 101 122 179
3 7 4
153 187 132 62
3 8 4
188 170 176 136
3 9 4
42 23 57 49
3 10 4
1 167 197 70
3 11 4
122 147 75 175
3 12 4
13 13 27 80
3 13 4
184 190 105 61
3 14 4
12 12 59 53
3 15 4
40 47 49 43
4 0 4
14 16 52 78
4 1 4
42 76 67 69
4 2 4
45 20 47 64
4 3 4
9 12 67 63
4 4 4
127 145 196 153
4 5 4
43 53 26 61
4 6 4
6 15 43 56
4 7 4
44 65 180 2
4 8 4
76 159 185 61
4 9 4
33 14 66 38
4 10 4
35 36 28 43
4 11 4
93 62 120 149
4 12 4
20 168 187 153
4 13 4
8 20 32 71
4 14 4
35 50 34 59
4 15 4
45 18 69 59
5 0 4
46 22 40 55
5 1 4
7 20 69 46
5 2 4
48 38 24 48
5 3 4
169 147 179 200
5 4 4
1 60 36 66
5 5 4
44 60 68 50
5 6 4
34 190 192 167
5 7 4
34 51 24 49
5 8 4
23 176 171 178
5 9 4
49 34 27 57
5 10 4
169 156 162 129
5 11 4
77 40 154 166
5 12 4
157 193 65 180
5 13 4
24 11 48 77
5 14 4
20 41 38 73
5 15 4
175 87 77 9
6 0 4
162 1 50 24
6 1 4
48 49 34 68
6 2 4
28 33 40 66
6 3 4
22 74 83 48
6 4 4
24 57 60 53
6 5 4
32 12 34 62
6 6 4
168 5 24 29
6 7 4
157 159 6 105
6 8 4
120 30 155 171
6 9 4
11 17 32 70
6 10 4
30 141 182 172
6 11 4
182 67 20 89
6 12 4
7 31 21 71
6 13 4
128 171 72 23
6 14 4
14 79 193 152
6 15 4
174 26 29 189
7 0 4
40 33 32 66
7 1 4
46 18 54 77
7 2 4
26 13 58 45
7 3 4
14 37 27 63
7 4 4
13 51 30 63
7 5 4
111 21 46 152
7 6 4
41 16 49 74
7 7 4
168 24 132 117
7 8 4
22 39 55 76
7 9 4
7 42 62 78
7 10 4
20 15 23 47
7 11 4
14 45 70 60
7 12 4
42 50 51 44
7 13 4
43 57 70 35
7 14 4
3 41 25 52
7 15 4
21 34 39 38
8 0 4
99 127 156 137
8 1 4
8 24 50 41
8 2 4
29 17 22 68
8 3 4
16 26 67 67
8 4 4
99 4 55 126
8 5 4
1 177 72 49
8 6 4
25 45 56 69
8 7 4
19 33 53 71
8 8 4
40 17 49 59
8 9 4
106 31 33 156
8 10 4
23 15 39 65
8 11 4
25 36 46 51
8 12 4
41 58 57 57
8 13 4
42 44 61 65
8 14 4
7 19 56 73
8 15 4
180 186 167 84
9 0 4
93 85 42 130
9 1 4
53 162 130 26
9 2 4
7 17 41 79
9 3 4
23 36 63 50
9 4 4
30 11 154 68
9 5 4
47 141 146 72
9 6 4
59 25 82 154
9 7 4
24 39 53 58
9 8 4
19 43 41 51
9 9 4
98 100 69 183
9 10 4
165 137 130 196
9 11 4
7 56 30 61
9 12 4
35 52 64 64
9 13 4
33 20 64 59
9 14 4
32 17 40 41
9 15 4
199 160 138 185
10 0 4
21 41 24 39
10 1 4
55 112 189 64
10 2 4
23 20 25 57
10 3 4
135 42 173 19
10 4 4
24 43 45 43
10 5 4
102 90 10 120
10 6 4
149 42 149 13
10 7 4
49 29 36 78
10 8 4
21 41 34 32
10 9 4
40 41 40 65
10 10 4
20 24 45 41
10 11 4
2 56 63 56
10 12 4
17 34 30 77
10 13 4
49 16 26 50
10 14 4
25 28 38 35
10 15 4
39 22 67 45
11 0 4
3 13 26 54
11 1 4
53 1 25 111
11 2 4
41 190 50 89
11 3 4
40 27 41 64
11 4 4
88 200 124 42
11 5 4
111 44 166 24
11 6 4
47 42 67 33
11 7 4
26 32 29 79
11 8 4
94 107 14 2
11 9 4
71 64 119 181
11 10 4
35 42 25 49
11 11 4
23 46 40 42
11 12 4
134 179 35 25
11 13 4
26 45 44 79
11 14 4
187 97 47 69
11 15 4
160 170 174 36
12 0 4
36 45 68 58
12 1 4
12 84 41 19
12 2 4
150 3 16 64
12 3 4
21 29 52 70
12 4 4
32 38 40 66
12 5 4
50 60 47 37
12 6 4
177 96 113 91
12 7 4
42 38 42 51
12 8 4
58 196 49 40
12 9 4
37 48 123 50
12 10 4
12 24 44 59
12 11 4
80 53 187 99
12 12 4
91 148 78 57
12 13 4
43 38 25 33
12 14 4
19 50 40 68
12 15 4
4 36 38 47
13 0 4
108 43 187 190
13 1 4
31 78 189 37
13 2 4
20 43 31 35
13 3 4
50 49 70 47
13 4 4
43 35 58 75
13 5 4
26 45 61 31
13 6 4
14 24 42 36
13 7 4
41 65 180 118
13 8 4
39 34 46 67
13 9 4
4 11 50 71
13 10 4
28 158 70 29
13 11 4
10 169 161 88
13 12 4
20 38 23 75
13 13 4
20 55 51 66
13 14 4
90 63 132 66
13 15 4
50 33 69 59
14 0 4
23 60 49 38
14 1 4
57 88 180 156
14 2 4
29 41 35 52
14 3 4
94 105 130 190
14 4 4
47 45 50 69
14 5 4
49 19 54 46
14 6 4
13 56 24 51
14 7 4
45 50 64 52
14 8 4
50 37 27 60
14 9 4
37 114 64 173
14 10 4
5 110 157 144
14 11 4
101 152 76 158
14 12 4
178 54 195 115
14 13 4
20 41 69 55
14 14 4
151 6 152 178
14 15 4
24 53 60 64
15 0 4
26 16 25 34
15 1 4
23 14 62 4
15 2 4
14 34 27 72
15 3 4
104 78 140 200
15 4 4
37 21 56 75
15 5 4
28 24 67 69
15 6 4
31 60 24 39
15 7 4
46 60 33 63
15 8 4
18 153 36 170
15 9 4
38 45 46 68
15 10 4
159 44 161 184
15 11 4
5 30 67 69
15 12 4
96 142 114 118
15 13 4
6 59 40 47
15 14 4
44 47 57 75
15 15 4
35 50 49 65
