5
100
1 2 1 1 1 1 1 2 2 1 1 2 1 1 2 2 1 1 2 2 1 2 1 2 1 1 1 2 1 1 1 2 2 1 1 1 1 1 2 1 1 1 2 2 1 1 1 1 1 1 2 1 2 2 2 2 2 2 2 2 1 2 2 2 1 2 1 2 2 2 1 1 1 2 1 2 2 1 2 2 1 2 2 1 2 2 1 2 1 2 1 2 1 2 1 1 1 2 1 1 
200
1 1 2 1 1 1 2 1 2 2 1 1 1 2 1 1 2 1 2 2 1 2 1 2 2 1 1 2 2 1 2 2 2 2 2 1 2 1 2 2 2 2 1 2 2 2 2 1 1 1 2 2 2 1 1 1 1 2 1 1 1 2 1 1 1 2 2 2 2 2 2 2 2 2 1 1 1 2 1 2 2 1 1 1 2 2 2 1 1 2 1 1 2 1 2 2 2 1 1 1 1 1 2 1 1 1 2 2 1 1 1 1 1 1 2 1 1 1 2 1 2 1 1 2 2 1 2 2 1 1 1 2 1 1 2 1 1 1 2 1 1 2 2 1 2 1 2 2 2 2 1 1 2 1 2 2 1 2 1 2 2 2 1 2 2 1 2 2 2 1 1 1 2 2 2 2 2 2 2 1 1 1 1 2 2 1 1 1 2 1 2 1 1 2 1 2 1 1 1 1 
300
2 2 2 1 1 2 1 1 1 2 1 1 2 2 2 2 1 2 1 2 1 2 2 2 1 2 2 1 1 2 2 1 1 2 2 2 1 1 2 1 2 1 1 1 1 2 1 1 2 1 1 1 1 2 2 1 2 1 2 1 2 1 2 1 2 2 2 1 1 2 1 2 1 1 1 1 1 1 1 1 1 1 1 1 2 2 2 2 2 2 2 1 1 2 1 1 2 1 2 1 2 1 1 1 1 2 2 1 1 1 1 2 2 1 1 2 1 1 2 2 1 1 2 2 1 1 1 2 2 2 1 1 1 2 1 1 2 1 2 1 1 1 2 2 1 2 1 2 2 1 1 2 2 2 2 2 2 2 1 2 2 1 1 2 1 2 1 1 2 1 2 1 1 1 1 2 2 1 1 2 2 1 1 2 1 1 1 1 1 2 2 1 1 1 1 1 1 2 2 2 1 2 2 1 2 1 2 1 1 1 1 2 1 2 2 2 1 1 2 1 2 2 2 2 1 2 2 2 2 1 1 2 1 2 2 1 2 2 1 1 1 1 2 1 1 2 2 2 1 1 1 1 2 1 2 2 1 2 2 2 2 2 1 2 1 1 1 1 2 1 2 2 2 1 2 1 2 1 1 2 1 2 1 1 1 1 1 1 1 1 2 2 2 2 2 2 1 2 1 1 
400
1 2 2 2 2 2 2 1 1 1 2 2 2 1 1 1 2 1 2 1 2 1 2 1 1 1 2 2 1 2 2 1 1 1 1 2 2 1 1 2 1 1 2 2 2 2 2 2 2 1 1 2 1 1 2 1 2 2 1 1 2 1 2 1 1 2 2 2 1 1 1 1 1 1 1 2 2 1 1 1 1 2 2 2 2 1 2 1 2 1 1 1 1 2 1 2 2 2 2 2 1 1 2 1 1 1 1 1 1 2 2 2 1 2 2 2 2 1 1 2 2 1 2 2 2 1 1 1 1 1 1 1 2 1 2 1 2 2 1 2 2 1 2 2 1 2 1 2 2 2 1 2 2 2 1 1 1 2 2 1 2 2 2 2 1 1 2 1 2 1 2 2 1 2 2 1 2 1 2 1 2 1 2 2 2 2 1 1 1 1 2 1 2 2 2 1 2 1 1 2 1 2 2 1 1 1 1 1 1 2 1 2 2 2 1 1 1 1 1 1 2 2 1 1 2 1 2 1 2 1 2 1 2 2 1 1 1 2 2 2 1 2 2 2 1 1 1 2 1 2 2 2 1 1 1 2 2 1 2 1 2 2 1 2 1 1 1 2 1 2 2 2 2 1 2 1 1 2 2 2 1 2 1 2 2 2 2 2 1 1 1 2 2 2 2 1 1 1 2 2 1 2 2 1 2 2 2 2 2 1 1 2 2 1 2 1 1 2 1 1 2 1 1 2 2 2 2 1 1 1 2 1 1 2 1 1 1 2 2 1 1 1 2 2 2 2 1 1 2 2 1 2 2 1 2 1 2 1 1 1 2 1 2 1 2 2 1 2 2 2 1 1 2 1 2 1 1 1 1 1 2 1 2 2 1 1 2 1 2 2 1 2 1 2 2 1 1 2 2 1 
500
1 1 1 1 1 2 1 2 1 1 1 2 1 2 1 1 2 2 2 1 2 1 2 2 1 1 2 2 2 2 1 2 2 1 1 1 2 1 1 2 1 2 2 1 2 1 1 1 1 1 2 2 2 2 2 2 2 1 1 1 2 1 1 2 1 1 1 1 1 2 2 1 1 2 1 2 2 2 1 2 1 2 1 2 1 2 2 2 1 1 2 2 2 1 2 2 2 2 2 1 1 2 2 1 2 2 2 1 2 2 1 1 1 1 1 2 2 1 2 2 1 2 2 2 2 1 1 1 2 2 2 2 2 2 1 2 1 1 1 1 2 1 2 2 1 2 2 2 1 1 1 2 1 1 2 1 1 2 1 1 2 1 2 1 2 1 1 2 1 1 2 2 1 2 2 2 2 2 2 1 1 2 2 2 2 2 2 2 1 2 2 2 1 2 2 1 1 2 2 2 1 2 2 2 2 1 1 1 2 1 1 2 1 2 1 2 1 1 1 2 2 1 1 1 1 2 2 1 1 2 2 1 1 1 2 2 1 2 1 2 1 2 1 2 2 1 2 2 2 2 2 1 2 1 2 2 2 2 2 2 1 1 1 2 2 1 1 2 2 2 2 2 1 2 2 1 1 1 1 2 1 2 2 2 2 1 2 2 2 2 2 2 1 2 1 2 1 1 1 2 2 2 2 1 2 2 2 2 1 2 1 1 2 1 1 2 2 2 2 1 1 2 1 1 1 2 2 2 2 1 1 1 2 1 1 2 1 2 2 1 1 1 2 1 1 2 1 1 2 1 1 2 1 1 1 2 1 1 1 2 1 2 1 2 1 1 1 2 1 1 1 2 1 2 1 1 1 2 2 2 1 1 1 2 1 2 2 1 2 2 1 1 2 2 2 2 1 1 2 1 2 1 1 2 1 2 1 2 2 1 2 1 1 1 2 1 1 1 1 2 1 1 1 1 2 2 1 1 1 2 1 2 2 2 1 1 1 1 2 2 1 1 1 1 2 2 1 2 1 2 2 1 1 1 1 2 1 2 2 1 1 1 1 2 2 2 1 2 1 1 2 1 1 2 2 1 2 2 2 2 2 1 1 1 2 2 1 1 2 1 2 1 1 2 1 1 1 1 2 1 
