5000
1208363 8973980
6960423 8973980
580465 8973980
9943783 8973980
9316520 8973980
9510908 8973980
9238811 8973980
7990812 8973980
3780623 8973980
658778 8973980
5861572 8973980
4795309 8973980
5331455 8973980
2917309 8973980
6193960 8973980
952525 8973980
2442877 8973980
4250508 8973980
9887128 8973980
4721427 8973980
7814943 8973980
9927461 8973980
6068144 8973980
7796782 8973980
3425933 8973980
7080863 8973980
4168825 8973980
6789071 8973980
8229434 8973980
8552041 8973980
8320386 8973980
6375285 8973980
3934554 8973980
1687686 8973980
6210199 8973980
5375498 8973980
7287450 8973980
2737041 8973980
8428873 8973980
2872977 8973980
5897123 8973980
9550404 8973980
6253219 8973980
2679745 8973980
9399546 8973980
3383818 8973980
2697608 8973980
1771483 8973980
3369866 8973980
6470322 8973980
6213005 8973980
4351615 8973980
9749856 8973980
8359173 8973980
7462019 8973980
5121974 8973980
1296269 8973980
3718670 8973980
9129415 8973980
7772150 8973980
3960676 8973980
7383314 8973980
2154307 8973980
785847 8973980
999331 8973980
3131452 8973980
964422 8973980
1565191 8973980
2089063 8973980
5888613 8973980
5644035 8973980
538844 8973980
5071981 8973980
2405281 8973980
9638137 8973980
4425250 8973980
8936285 8973980
6695784 8973980
1438834 8973980
3402850 8973980
6211386 8973980
2203408 8973980
9436941 8973980
8668531 8973980
1686143 8973980
1669372 8973980
2066582 8973980
8072888 8973980
8834706 8973980
3454430 8973980
6408041 8973980
4328085 8973980
7688312 8973980
87526 8973980
3046009 8973980
806709 8973980
798472 8973980
3288466 8973980
4279058 8973980
6861455 8973980
5787808 8973980
973305 8973980
4512684 8973980
5068754 8973980
592481 8973980
2908100 8973980
2115122 8973980
2075182 8973980
8034074 8973980
5163275 8973980
9373067 8973980
2717159 8973980
9961880 8973980
914286 8973980
3419336 8973980
7521829 8973980
4434823 8973980
5488204 8973980
4431507 8973980
9025656 8973980
4212467 8973980
4678900 8973980
5446931 8973980
3173394 8973980
2315780 8973980
3996258 8973980
3652149 8973980
3915129 8973980
6054453 8973980
3090791 8973980
8616972 8973980
4301470 8973980
27709 8973980
5344676 8973980
7207716 8973980
5672124 8973980
4379261 8973980
4601783 8973980
6273191 8973980
6262876 8973980
630686 8973980
5852713 8973980
8032839 8973980
9143018 8973980
9919756 8973980
2649785 8973980
6833216 8973980
3797493 8973980
1498275 8973980
6372906 8973980
6001890 8973980
8304013 8973980
7931729 8973980
7128225 8973980
3534545 8973980
3516592 8973980
1618752 8973980
7601615 8973980
9638644 8973980
4657068 8973980
7824709 8973980
5155707 8973980
6686700 8973980
5871848 8973980
322484 8973980
7300334 8973980
8757487 8973980
8079887 8973980
9021825 8973980
9608646 8973980
1057774 8973980
5311382 8973980
8328892 8973980
6176040 8973980
670622 8973980
2564857 8973980
538805 8973980
9376514 8973980
5344041 8973980
3741197 8973980
1409702 8973980
5719088 8973980
7259213 8973980
684251 8973980
8124551 8973980
2320503 8973980
9041754 8973980
3534068 8973980
9646850 8973980
9533345 8973980
1453162 8973980
8242368 8973980
6773888 8973980
1885952 8973980
1383302 8973980
1299188 8973980
9340491 8973980
6763350 8973980
699825 8973980
3219425 8973980
5856793 8973980
1779729 8973980
4904101 8973980
7372438 8973980
8078853 8973980
4463381 8973980
7347420 8973980
3554717 8973980
4171915 8973980
1347737 8973980
1471501 8973980
3742229 8973980
6465247 8973980
578673 8973980
4772036 8973980
4181303 8973980
8893911 8973980
26277 8973980
9977939 8973980
8567750 8973980
7463121 8973980
6802618 8973980
9665669 8973980
7262390 8973980
118810 8973980
5542483 8973980
1378431 8973980
9261023 8973980
2513521 8973980
3284056 8973980
3329909 8973980
7894580 8973980
8205660 8973980
9044569 8973980
2574144 8973980
8541075 8973980
1632637 8973980
8515639 8973980
2008239 8973980
400496 8973980
3962446 8973980
153895 8973980
9112120 8973980
1523618 8973980
3604510 8973980
8189309 8973980
2145604 8973980
1037059 8973980
5255187 8973980
5380970 8973980
7581539 8973980
7351326 8973980
8658704 8973980
2146267 8973980
9870809 8973980
9876252 8973980
114289 8973980
3281132 8973980
3666128 8973980
2975632 8973980
376095 8973980
6158215 8973980
5203779 8973980
6070758 8973980
4234905 8973980
8480400 8973980
8329140 8973980
3910282 8973980
7760239 8973980
1949614 8973980
9295618 8973980
9975921 8973980
2307881 8973980
6878996 8973980
1144008 8973980
5751586 8973980
2497880 8973980
5770055 8973980
1958681 8973980
5633606 8973980
3804968 8973980
7090816 8973980
5502037 8973980
7510693 8973980
7515263 8973980
2442194 8973980
6452870 8973980
1764967 8973980
6001345 8973980
3251098 8973980
1506611 8973980
537220 8973980
5735396 8973980
3291748 8973980
9099535 8973980
7912031 8973980
5163773 8973980
3202042 8973980
3116763 8973980
9576347 8973980
4376421 8973980
3407882 8973980
7144683 8973980
8109419 8973980
4899210 8973980
4494516 8973980
6154388 8973980
5538763 8973980
2200314 8973980
8668080 8973980
3891045 8973980
5619122 8973980
9410718 8973980
1382509 8973980
1222084 8973980
5382570 8973980
6123200 8973980
4032870 8973980
2079572 8973980
9453573 8973980
7606952 8973980
4124483 8973980
7373 8973980
1685790 8973980
1572530 8973980
2620949 8973980
4115669 8973980
3882246 8973980
2858107 8973980
2295905 8973980
801824 8973980
8553613 8973980
322687 8973980
9309871 8973980
7704756 8973980
741072 8973980
2995691 8973980
1585969 8973980
7893999 8973980
2301289 8973980
7906128 8973980
3854802 8973980
4314928 8973980
6726745 8973980
6241228 8973980
8892958 8973980
7215609 8973980
5443528 8973980
4563631 8973980
1316944 8973980
9055736 8973980
5121919 8973980
8810754 8973980
5112352 8973980
5065763 8973980
4009653 8973980
123672 8973980
384353 8973980
6317023 8973980
9887979 8973980
2546406 8973980
9384305 8973980
824599 8973980
3843382 8973980
237518 8973980
3324363 8973980
6802549 8973980
2355867 8973980
584325 8973980
881082 8973980
3444302 8973980
418149 8973980
7327206 8973980
9695368 8973980
8034211 8973980
8286148 8973980
9313519 8973980
365528 8973980
1093777 8973980
3986822 8973980
3360972 8973980
624646 8973980
787539 8973980
1803299 8973980
7450090 8973980
3457284 8973980
5350456 8973980
5078896 8973980
6377188 8973980
360825 8973980
8206555 8973980
34346 8973980
7796041 8973980
4187189 8973980
9674748 8973980
853358 8973980
1116030 8973980
9084354 8973980
2566447 8973980
6742199 8973980
8036518 8973980
1440427 8973980
15716 8973980
3805630 8973980
5342025 8973980
7048610 8973980
6046251 8973980
2155033 8973980
9007186 8973980
9210528 8973980
8012996 8973980
7015154 8973980
7503219 8973980
7348799 8973980
8167111 8973980
438715 8973980
4886557 8973980
6223440 8973980
516464 8973980
1126048 8973980
7323252 8973980
4079253 8973980
2242085 8973980
5579372 8973980
3246396 8973980
2770684 8973980
1480861 8973980
3006381 8973980
110682 8973980
8978279 8973980
5198217 8973980
8520627 8973980
8273314 8973980
4997394 8973980
3838064 8973980
4232622 8973980
2702647 8973980
1349093 8973980
1727985 8973980
5067549 8973980
822866 8973980
1425950 8973980
5718228 8973980
2310439 8973980
3114270 8973980
5203038 8973980
3020917 8973980
5274500 8973980
9161729 8973980
6574326 8973980
8059537 8973980
3241364 8973980
7789422 8973980
6921326 8973980
3940109 8973980
7935434 8973980
1865983 8973980
928048 8973980
4615006 8973980
8739044 8973980
6929845 8973980
5353414 8973980
9614036 8973980
1695874 8973980
8924513 8973980
2269271 8973980
8817405 8973980
9081790 8973980
6626382 8973980
225830 8973980
8851839 8973980
9814921 8973980
5547439 8973980
6218142 8973980
3936534 8973980
118627 8973980
5408032 8973980
2746974 8973980
2464506 8973980
8997984 8973980
8669821 8973980
9383270 8973980
5469675 8973980
2810475 8973980
1063334 8973980
2447930 8973980
1615922 8973980
4517988 8973980
4649838 8973980
9669781 8973980
5954486 8973980
8732521 8973980
5703916 8973980
669313 8973980
7265147 8973980
4483844 8973980
2140193 8973980
4677246 8973980
1351528 8973980
1795238 8973980
3129061 8973980
841074 8973980
2539026 8973980
4328777 8973980
8509264 8973980
707473 8973980
3181905 8973980
3406965 8973980
7914947 8973980
4442394 8973980
3566904 8973980
7264671 8973980
7026831 8973980
3817449 8973980
8170266 8973980
2898707 8973980
3409057 8973980
4292671 8973980
8398154 8973980
6115671 8973980
5176344 8973980
1132449 8973980
363737 8973980
6592132 8973980
8264850 8973980
815394 8973980
6524250 8973980
9229850 8973980
1762371 8973980
7126042 8973980
6825708 8973980
914238 8973980
832970 8973980
1470630 8973980
1333764 8973980
9267595 8973980
3841971 8973980
644651 8973980
7074525 8973980
5687942 8973980
560586 8973980
4799002 8973980
169985 8973980
5508362 8973980
3480138 8973980
1595641 8973980
3795419 8973980
3940823 8973980
193858 8973980
5437866 8973980
9240223 8973980
7130057 8973980
5098719 8973980
1707643 8973980
1588526 8973980
5265643 8973980
2383036 8973980
4054115 8973980
7695182 8973980
6422008 8973980
419679 8973980
8090237 8973980
567014 8973980
2382347 8973980
4197414 8973980
932478 8973980
4014035 8973980
1989094 8973980
5631549 8973980
16346 8973980
830756 8973980
5746681 8973980
1030984 8973980
4304487 8973980
8986488 8973980
6989596 8973980
2023210 8973980
1117740 8973980
7823910 8973980
1601135 8973980
7696584 8973980
2847413 8973980
9981442 8973980
1470277 8973980
8855032 8973980
4248948 8973980
5012073 8973980
4945038 8973980
6672507 8973980
9697420 8973980
1762481 8973980
3629614 8973980
6697279 8973980
7401084 8973980
6163371 8973980
3396073 8973980
9063574 8973980
9938607 8973980
8577749 8973980
1034087 8973980
9031915 8973980
4208591 8973980
6758827 8973980
4776376 8973980
1104477 8973980
5610395 8973980
5583198 8973980
5504647 8973980
7922043 8973980
7746387 8973980
6921021 8973980
5232278 8973980
9383202 8973980
7562248 8973980
6057196 8973980
6845776 8973980
1598058 8973980
4505784 8973980
5645134 8973980
9658726 8973980
3504289 8973980
3246008 8973980
4776155 8973980
228202 8973980
7591594 8973980
981012 8973980
1489805 8973980
2981128 8973980
6834371 8973980
473712 8973980
4116700 8973980
8402044 8973980
2850821 8973980
8172723 8973980
5161670 8973980
3483223 8973980
7792842 8973980
651359 8973980
7202685 8973980
1895445 8973980
6146075 8973980
1032460 8973980
6210754 8973980
9287367 8973980
7716699 8973980
2189138 8973980
9746930 8973980
7582174 8973980
4945489 8973980
313913 8973980
1958268 8973980
1088898 8973980
4758465 8973980
4400336 8973980
4998435 8973980
293267 8973980
9160362 8973980
580816 8973980
5136447 8973980
1740738 8973980
9446560 8973980
3175102 8973980
1142384 8973980
6877080 8973980
6900662 8973980
1469584 8973980
4854852 8973980
1260526 8973980
2274322 8973980
1058962 8973980
3525096 8973980
1635146 8973980
3864696 8973980
6911629 8973980
411478 8973980
4920350 8973980
753136 8973980
1388624 8973980
933565 8973980
3187346 8973980
119579 8973980
7884068 8973980
4953734 8973980
9503838 8973980
8050516 8973980
9363178 8973980
1977183 8973980
4589438 8973980
155838 8973980
9291136 8973980
564598 8973980
2220567 8973980
4943568 8973980
7574499 8973980
9785586 8973980
3114104 8973980
5644182 8973980
1903513 8973980
669457 8973980
8887282 8973980
1946369 8973980
6711340 8973980
760588 8973980
9546070 8973980
5060997 8973980
2331060 8973980
7893079 8973980
5004230 8973980
3619473 8973980
9682459 8973980
7048260 8973980
5814564 8973980
2999906 8973980
8897185 8973980
2765950 8973980
6826797 8973980
3677031 8973980
6597321 8973980
8287487 8973980
7423159 8973980
6135423 8973980
48798 8973980
6521403 8973980
3133385 8973980
4553424 8973980
6745181 8973980
8824032 8973980
5051991 8973980
4767584 8973980
3064586 8973980
9603565 8973980
2795482 8973980
4879290 8973980
3058894 8973980
1481502 8973980
4050370 8973980
2475077 8973980
2748068 8973980
9900476 8973980
9223412 8973980
5636081 8973980
1892527 8973980
2184600 8973980
4668188 8973980
919935 8973980
2863784 8973980
8084649 8973980
8338106 8973980
5036104 8973980
7675633 8973980
4685311 8973980
8526319 8973980
4198288 8973980
2364285 8973980
8521642 8973980
1624390 8973980
951126 8973980
8405787 8973980
667043 8973980
1077688 8973980
1870416 8973980
8166167 8973980
4562774 8973980
1903926 8973980
4082507 8973980
4870334 8973980
9579748 8973980
5772261 8973980
7120807 8973980
8624284 8973980
2534956 8973980
695285 8973980
5897499 8973980
6947719 8973980
9976467 8973980
5622383 8973980
2539548 8973980
5351497 8973980
9857670 8973980
4934962 8973980
6559764 8973980
8554043 8973980
3619519 8973980
3089528 8973980
3739978 8973980
3208718 8973980
7707581 8973980
3231021 8973980
6762016 8973980
4492473 8973980
8752992 8973980
369044 8973980
7444643 8973980
8567871 8973980
8440397 8973980
3105305 8973980
9173945 8973980
6826018 8973980
4096247 8973980
6638415 8973980
8166 8973980
5180132 8973980
2019899 8973980
9665752 8973980
7617837 8973980
1641000 8973980
8003956 8973980
2331591 8973980
8877632 8973980
6939408 8973980
6769921 8973980
3441847 8973980
4301163 8973980
2603864 8973980
4230842 8973980
131712 8973980
2073513 8973980
8793823 8973980
4640764 8973980
8771919 8973980
1652438 8973980
5418776 8973980
5834963 8973980
6850468 8973980
9679167 8973980
9249086 8973980
4384638 8973980
795461 8973980
1786317 8973980
1943811 8973980
3727224 8973980
2321144 8973980
5086470 8973980
7138536 8973980
5505523 8973980
9006648 8973980
9295954 8973980
7435534 8973980
2793864 8973980
1133652 8973980
5887967 8973980
1566364 8973980
6486616 8973980
7246134 8973980
1046301 8973980
9894140 8973980
8460245 8973980
7199863 8973980
545936 8973980
3704584 8973980
7446289 8973980
3794372 8973980
2672349 8973980
6374223 8973980
2967783 8973980
907909 8973980
7517644 8973980
9175823 8973980
2643417 8973980
2417516 8973980
6989773 8973980
4067215 8973980
6065608 8973980
4719401 8973980
366462 8973980
7495582 8973980
5207191 8973980
9092638 8973980
1018066 8973980
6889244 8973980
859383 8973980
8057305 8973980
3584238 8973980
7378179 8973980
4450464 8973980
1865138 8973980
1815143 8973980
6604942 8973980
3028091 8973980
6251932 8973980
3341626 8973980
2471310 8973980
2533280 8973980
92409 8973980
3086850 8973980
9633629 8973980
9774077 8973980
6017723 8973980
1811228 8973980
2380627 8973980
7405769 8973980
2417644 8973980
7065863 8973980
1361509 8973980
299031 8973980
8294488 8973980
4842792 8973980
9057523 8973980
3546948 8973980
6242927 8973980
7200251 8973980
4067096 8973980
4233083 8973980
8454304 8973980
692964 8973980
5047951 8973980
8752961 8973980
5386725 8973980
3259869 8973980
8008502 8973980
9637590 8973980
3242315 8973980
7300884 8973980
561605 8973980
7512521 8973980
3861527 8973980
3019708 8973980
7801963 8973980
4085151 8973980
2304029 8973980
6878393 8973980
1778815 8973980
8307993 8973980
678149 8973980
3266226 8973980
8416118 8973980
1731071 8973980
7635783 8973980
4494735 8973980
9795902 8973980
1709080 8973980
2618517 8973980
3574892 8973980
5588391 8973980
5335662 8973980
2001731 8973980
4234703 8973980
7176192 8973980
3803024 8973980
1891044 8973980
5188538 8973980
3722139 8973980
5105165 8973980
5956457 8973980
5094890 8973980
5689809 8973980
2308673 8973980
424657 8973980
5022583 8973980
2892118 8973980
3888905 8973980
7390545 8973980
7953924 8973980
9426317 8973980
6226647 8973980
6167845 8973980
6594333 8973980
7874840 8973980
2411056 8973980
566532 8973980
2934877 8973980
9023196 8973980
2384298 8973980
8233365 8973980
1523149 8973980
6619181 8973980
5796110 8973980
3815309 8973980
8659410 8973980
8113245 8973980
2243775 8973980
1258428 8973980
932150 8973980
9295076 8973980
9316250 8973980
8035489 8973980
5655736 8973980
2576989 8973980
3376324 8973980
6200369 8973980
8402070 8973980
9064328 8973980
8804421 8973980
7217850 8973980
6795784 8973980
4402912 8973980
5858694 8973980
6909180 8973980
9535379 8973980
1049880 8973980
9558217 8973980
5410359 8973980
9166643 8973980
6162842 8973980
5440369 8973980
7180306 8973980
2147252 8973980
5054705 8973980
5150828 8973980
2856997 8973980
2493763 8973980
6119376 8973980
116418 8973980
6237511 8973980
9515755 8973980
8171096 8973980
2890517 8973980
7484515 8973980
5828949 8973980
8594485 8973980
4475121 8973980
2252179 8973980
2440642 8973980
8494882 8973980
8614407 8973980
3060411 8973980
2788552 8973980
4807868 8973980
5529212 8973980
548747 8973980
1557774 8973980
1591600 8973980
4011832 8973980
5925973 8973980
872621 8973980
6153620 8973980
7720128 8973980
8434813 8973980
2643758 8973980
5681406 8973980
3697510 8973980
571339 8973980
9574579 8973980
3781835 8973980
573887 8973980
8397690 8973980
3277731 8973980
2341169 8973980
2263070 8973980
7070034 8973980
463793 8973980
3198574 8973980
3579735 8973980
4570501 8973980
6291209 8973980
961901 8973980
423423 8973980
7596238 8973980
989592 8973980
5090985 8973980
819169 8973980
8237365 8973980
45331 8973980
3913597 8973980
8054623 8973980
8919417 8973980
9255184 8973980
7678473 8973980
5042082 8973980
7022119 8973980
19932 8973980
2326051 8973980
8486112 8973980
406122 8973980
4679730 8973980
4311451 8973980
3215659 8973980
7598010 8973980
6338407 8973980
7898975 8973980
4111332 8973980
1985184 8973980
4282197 8973980
9329368 8973980
4155584 8973980
8783304 8973980
9155145 8973980
524164 8973980
9591467 8973980
4040640 8973980
6774752 8973980
2579663 8973980
2182693 8973980
6739862 8973980
2964866 8973980
3494300 8973980
3681605 8973980
7843608 8973980
4541625 8973980
5881649 8973980
9786169 8973980
2732747 8973980
8185113 8973980
2847078 8973980
2435238 8973980
1474734 8973980
1073705 8973980
1988251 8973980
2679497 8973980
7424116 8973980
1278871 8973980
6966693 8973980
1283493 8973980
2865376 8973980
636976 8973980
2647732 8973980
1993640 8973980
106964 8973980
7321529 8973980
9015541 8973980
3483493 8973980
6319216 8973980
255288 8973980
8786328 8973980
9867810 8973980
233457 8973980
4774842 8973980
5840245 8973980
4410840 8973980
1328734 8973980
2885855 8973980
9392523 8973980
8567246 8973980
2815013 8973980
8824212 8973980
6567757 8973980
3353980 8973980
7892997 8973980
156203 8973980
3387192 8973980
2315646 8973980
3440175 8973980
8549778 8973980
5641605 8973980
4259465 8973980
1175987 8973980
4554642 8973980
3817919 8973980
9048623 8973980
5130438 8973980
7983509 8973980
6874614 8973980
4002515 8973980
1415020 8973980
9146904 8973980
6552599 8973980
7655282 8973980
5795926 8973980
935037 8973980
5132836 8973980
5261692 8973980
9227700 8973980
1278944 8973980
1883608 8973980
947060 8973980
8086875 8973980
9888691 8973980
4434569 8973980
5878776 8973980
2753966 8973980
7874121 8973980
3592763 8973980
1499651 8973980
4995232 8973980
8794216 8973980
7249572 8973980
5383339 8973980
309702 8973980
7742056 8973980
9744292 8973980
4957984 8973980
3065011 8973980
8373155 8973980
5585788 8973980
469283 8973980
8585791 8973980
7872382 8973980
6099964 8973980
7214298 8973980
9722289 8973980
5571281 8973980
6567419 8973980
2033796 8973980
1321110 8973980
5608268 8973980
1804435 8973980
5182029 8973980
166804 8973980
2564214 8973980
5293522 8973980
8477733 8973980
1156190 8973980
8455177 8973980
2880836 8973980
5665555 8973980
8847251 8973980
7099466 8973980
1469069 8973980
7838395 8973980
7089700 8973980
6895657 8973980
8280613 8973980
9225024 8973980
9123695 8973980
5568777 8973980
1277042 8973980
7930876 8973980
7336933 8973980
6325150 8973980
6107048 8973980
7086072 8973980
9435488 8973980
9407070 8973980
7537154 8973980
2018679 8973980
7964971 8973980
4520415 8973980
5321502 8973980
6813084 8973980
2762006 8973980
5817397 8973980
66149 8973980
7990707 8973980
7004974 8973980
9036058 8973980
5886863 8973980
4716247 8973980
555018 8973980
2884428 8973980
6129874 8973980
9278452 8973980
8597442 8973980
9896000 8973980
8124873 8973980
9089747 8973980
9829412 8973980
7244316 8973980
3271699 8973980
4397520 8973980
3866660 8973980
5258940 8973980
7289628 8973980
3519191 8973980
1731209 8973980
8651407 8973980
2538242 8973980
2002028 8973980
6973986 8973980
6604899 8973980
566400 8973980
2697324 8973980
6742251 8973980
1992139 8973980
7830640 8973980
1633038 8973980
4502493 8973980
4876498 8973980
5139438 8973980
1082608 8973980
2305202 8973980
5284765 8973980
6749537 8973980
2730651 8973980
9667761 8973980
8091503 8973980
9148077 8973980
6741635 8973980
2940546 8973980
9987052 8973980
171893 8973980
1636217 8973980
2268864 8973980
1909912 8973980
2665265 8973980
7352682 8973980
4173312 8973980
9321725 8973980
619903 8973980
3908500 8973980
8831717 8973980
8217089 8973980
7682319 8973980
8449842 8973980
7296372 8973980
6134431 8973980
3247904 8973980
8953929 8973980
9519612 8973980
9200972 8973980
2655678 8973980
7683887 8973980
9843583 8973980
4564502 8973980
8327896 8973980
8074393 8973980
8947969 8973980
3424195 8973980
8605301 8973980
1888980 8973980
7601710 8973980
2181348 8973980
3380287 8973980
4658164 8973980
7814795 8973980
6973190 8973980
1482750 8973980
8515414 8973980
9290373 8973980
154839 8973980
3714210 8973980
4929504 8973980
5242812 8973980
6060618 8973980
1039849 8973980
7622204 8973980
9216203 8973980
9739595 8973980
5154481 8973980
4531690 8973980
6949142 8973980
5368415 8973980
9099429 8973980
972661 8973980
953174 8973980
1858759 8973980
4781322 8973980
2062406 8973980
6020458 8973980
1798115 8973980
5395268 8973980
3288155 8973980
5717367 8973980
1888169 8973980
677829 8973980
4990629 8973980
3341032 8973980
2371018 8973980
6352586 8973980
1956583 8973980
5112748 8973980
7313986 8973980
3870172 8973980
8630390 8973980
5909679 8973980
9438991 8973980
5656867 8973980
5526422 8973980
8334645 8973980
7308830 8973980
6330717 8973980
4482375 8973980
1909831 8973980
4641729 8973980
3372492 8973980
2709322 8973980
3032354 8973980
4779883 8973980
4192697 8973980
1413121 8973980
701568 8973980
2264649 8973980
9914559 8973980
6118036 8973980
2562028 8973980
2179539 8973980
3255460 8973980
3532266 8973980
1033944 8973980
2501260 8973980
2168450 8973980
9726330 8973980
3159575 8973980
6642882 8973980
336008 8973980
3891166 8973980
8918553 8973980
7058700 8973980
3010139 8973980
6698212 8973980
6356744 8973980
4865898 8973980
5586276 8973980
14997 8973980
5231331 8973980
6458704 8973980
1200506 8973980
5762705 8973980
1414245 8973980
6449251 8973980
469801 8973980
8180139 8973980
2419531 8973980
4059773 8973980
5295303 8973980
3135203 8973980
6127008 8973980
95355 8973980
1022228 8973980
1998881 8973980
2427426 8973980
8898870 8973980
830038 8973980
5136642 8973980
1086248 8973980
80747 8973980
7047949 8973980
5706338 8973980
5657167 8973980
4467070 8973980
610228 8973980
3983337 8973980
3583763 8973980
2855833 8973980
7669012 8973980
2052647 8973980
848752 8973980
8051772 8973980
8824246 8973980
7581228 8973980
7214939 8973980
934680 8973980
2613866 8973980
5774457 8973980
1937860 8973980
1485770 8973980
4737668 8973980
812370 8973980
9947184 8973980
253710 8973980
2860426 8973980
3585304 8973980
4357678 8973980
595120 8973980
8482726 8973980
5512552 8973980
7344389 8973980
2295148 8973980
9917881 8973980
3237846 8973980
8141076 8973980
4451079 8973980
8909011 8973980
4923158 8973980
1676168 8973980
840090 8973980
4711565 8973980
7914381 8973980
6858400 8973980
4978313 8973980
2371571 8973980
5743351 8973980
4396326 8973980
8307849 8973980
7258206 8973980
2251625 8973980
1903777 8973980
8850462 8973980
9927656 8973980
9033015 8973980
6481122 8973980
2907595 8973980
8406662 8973980
3241535 8973980
2489324 8973980
445665 8973980
1466301 8973980
4608695 8973980
5566421 8973980
8487174 8973980
5875039 8973980
7333694 8973980
991889 8973980
8568037 8973980
7903337 8973980
7449226 8973980
4900473 8973980
9314428 8973980
3579683 8973980
6048918 8973980
1869120 8973980
194151 8973980
7350307 8973980
5125377 8973980
4046159 8973980
1661507 8973980
2103332 8973980
9953138 8973980
5311150 8973980
8536436 8973980
83369 8973980
3961330 8973980
4794724 8973980
8273008 8973980
1969315 8973980
8014815 8973980
8893567 8973980
5801320 8973980
6426385 8973980
3664848 8973980
7338019 8973980
6055442 8973980
6636880 8973980
9770573 8973980
8709295 8973980
3690210 8973980
8805775 8973980
711470 8973980
2083904 8973980
762190 8973980
7939616 8973980
3499461 8973980
6306100 8973980
986152 8973980
3478942 8973980
4644923 8973980
5727257 8973980
9072072 8973980
417845 8973980
1839799 8973980
9888973 8973980
552939 8973980
1713752 8973980
7852957 8973980
112267 8973980
8315830 8973980
2959253 8973980
1511017 8973980
8474355 8973980
9361538 8973980
5812659 8973980
8575565 8973980
6561776 8973980
7198129 8973980
3598109 8973980
2785806 8973980
8556425 8973980
8995026 8973980
9143277 8973980
6596929 8973980
3457177 8973980
3933299 8973980
8267625 8973980
3800895 8973980
5625171 8973980
158781 8973980
9127855 8973980
9690850 8973980
9878606 8973980
3156882 8973980
7752190 8973980
4119938 8973980
6267769 8973980
5900339 8973980
6164272 8973980
5467323 8973980
2945437 8973980
4035671 8973980
3342721 8973980
9092126 8973980
324519 8973980
9689544 8973980
3512821 8973980
4119784 8973980
5005146 8973980
8585762 8973980
1156405 8973980
3960068 8973980
7679664 8973980
8997446 8973980
3265188 8973980
3943550 8973980
1303147 8973980
8789585 8973980
2890148 8973980
4759343 8973980
7492183 8973980
1632080 8973980
9893666 8973980
1122688 8973980
9779484 8973980
8764585 8973980
3100835 8973980
6811104 8973980
6827193 8973980
8937365 8973980
8933947 8973980
1220571 8973980
4772804 8973980
6587813 8973980
2392329 8973980
7446968 8973980
6804488 8973980
3118647 8973980
9202766 8973980
8974818 8973980
797616 8973980
8773400 8973980
636247 8973980
5387004 8973980
8453208 8973980
3951095 8973980
2139279 8973980
9807354 8973980
4258212 8973980
2431686 8973980
2006461 8973980
7773295 8973980
1306055 8973980
8253091 8973980
7225690 8973980
1707655 8973980
5501792 8973980
9295151 8973980
9109062 8973980
8699558 8973980
3481177 8973980
1401158 8973980
9680626 8973980
6855187 8973980
9413296 8973980
8666988 8973980
4366061 8973980
6331050 8973980
3637756 8973980
5532935 8973980
8798124 8973980
6084122 8973980
9281160 8973980
9944760 8973980
1943006 8973980
9080310 8973980
1095714 8973980
9117958 8973980
3383786 8973980
7418691 8973980
4663879 8973980
3334095 8973980
5830417 8973980
9477667 8973980
5939868 8973980
897650 8973980
4534662 8973980
3451063 8973980
8795733 8973980
9142358 8973980
7109788 8973980
9630404 8973980
7298822 8973980
2047984 8973980
6145430 8973980
5845922 8973980
5600673 8973980
4799681 8973980
315563 8973980
7862589 8973980
2280617 8973980
8758292 8973980
9075669 8973980
9652415 8973980
7434424 8973980
1119362 8973980
1393559 8973980
4907234 8973980
1258861 8973980
9637760 8973980
4486620 8973980
3018645 8973980
8446635 8973980
8741758 8973980
8098329 8973980
7715681 8973980
8287745 8973980
1293734 8973980
5592820 8973980
734944 8973980
2949168 8973980
5692163 8973980
2551807 8973980
5515730 8973980
6871470 8973980
6345047 8973980
29760 8973980
2058430 8973980
1996235 8973980
9375150 8973980
6851118 8973980
9672134 8973980
1233939 8973980
7449786 8973980
5195892 8973980
5795748 8973980
8452736 8973980
6578263 8973980
7204449 8973980
7517136 8973980
4077741 8973980
7841715 8973980
531319 8973980
2483856 8973980
1087814 8973980
4395005 8973980
2142349 8973980
1700712 8973980
4059036 8973980
9880070 8973980
3953583 8973980
9054832 8973980
9131278 8973980
9183260 8973980
6892636 8973980
2595727 8973980
8402504 8973980
6583577 8973980
8938104 8973980
1177863 8973980
7659696 8973980
5774917 8973980
4947841 8973980
8892198 8973980
4441285 8973980
7173907 8973980
578020 8973980
1680541 8973980
1234362 8973980
2503313 8973980
7226152 8973980
4122525 8973980
2006161 8973980
7848350 8973980
1167296 8973980
591223 8973980
1236279 8973980
9794174 8973980
8768902 8973980
563532 8973980
1477062 8973980
624829 8973980
918687 8973980
4328555 8973980
6052445 8973980
6535 8973980
2845400 8973980
6286547 8973980
4932739 8973980
9202130 8973980
3627208 8973980
6076418 8973980
7547161 8973980
5083998 8973980
6396294 8973980
7936208 8973980
6869423 8973980
2485219 8973980
3056376 8973980
6177882 8973980
8351003 8973980
6942658 8973980
1367174 8973980
2068549 8973980
5233769 8973980
5566177 8973980
4421915 8973980
429856 8973980
3003505 8973980
8180898 8973980
3876425 8973980
5794528 8973980
3827015 8973980
8713956 8973980
651802 8973980
307268 8973980
888991 8973980
8810465 8973980
713372 8973980
6168858 8973980
6368423 8973980
7742253 8973980
7443751 8973980
6714712 8973980
5113095 8973980
1103128 8973980
6777775 8973980
7912129 8973980
3106259 8973980
7938615 8973980
9725437 8973980
266502 8973980
2781234 8973980
1582390 8973980
2608705 8973980
472654 8973980
4216231 8973980
4499750 8973980
6170583 8973980
3520551 8973980
7825551 8973980
3835642 8973980
4484778 8973980
5391435 8973980
7216760 8973980
8190256 8973980
2562147 8973980
3177290 8973980
1242342 8973980
1606079 8973980
8263157 8973980
6078504 8973980
3468294 8973980
1645178 8973980
272430 8973980
2525008 8973980
4370276 8973980
6068094 8973980
3504624 8973980
9155093 8973980
477015 8973980
916924 8973980
7985180 8973980
6710946 8973980
710221 8973980
9144534 8973980
8171465 8973980
737247 8973980
1407461 8973980
1102686 8973980
3496744 8973980
7692918 8973980
5894776 8973980
6534592 8973980
4548482 8973980
7952371 8973980
5189895 8973980
9897849 8973980
2075851 8973980
5427669 8973980
1285993 8973980
5034638 8973980
2520780 8973980
2702529 8973980
6401751 8973980
7651478 8973980
947772 8973980
3376105 8973980
6739130 8973980
5115835 8973980
8625812 8973980
353972 8973980
4761987 8973980
4637729 8973980
5392326 8973980
538720 8973980
8557046 8973980
656816 8973980
1453709 8973980
5517498 8973980
7535492 8973980
2353800 8973980
6890679 8973980
7554029 8973980
4423077 8973980
1316479 8973980
4996817 8973980
6876676 8973980
8001199 8973980
9636777 8973980
7108744 8973980
3417583 8973980
1486197 8973980
5530786 8973980
4393256 8973980
9572948 8973980
6002002 8973980
4648803 8973980
7839031 8973980
9401596 8973980
5955034 8973980
1047121 8973980
8808408 8973980
8197289 8973980
5871534 8973980
6536994 8973980
3393872 8973980
3415813 8973980
419768 8973980
7750368 8973980
8822304 8973980
810938 8973980
7655884 8973980
6423020 8973980
8682903 8973980
6290273 8973980
3065755 8973980
9829466 8973980
4077438 8973980
551526 8973980
6522180 8973980
7813173 8973980
1310950 8973980
418189 8973980
9623438 8973980
8604909 8973980
9480596 8973980
6478597 8973980
2071125 8973980
3795469 8973980
6046495 8973980
593539 8973980
9719315 8973980
5148595 8973980
833066 8973980
5339764 8973980
6091591 8973980
3574416 8973980
7654071 8973980
4915470 8973980
8487757 8973980
8387267 8973980
4699620 8973980
5397564 8973980
2623951 8973980
9398459 8973980
1253878 8973980
8097873 8973980
563756 8973980
3959028 8973980
5723558 8973980
7840094 8973980
9346880 8973980
7264299 8973980
1036022 8973980
8264366 8973980
9646987 8973980
932502 8973980
8541802 8973980
1275416 8973980
2779901 8973980
3999372 8973980
8842155 8973980
9267562 8973980
7492830 8973980
2018167 8973980
806418 8973980
3512961 8973980
7698098 8973980
7517320 8973980
8288829 8973980
8518797 8973980
6009956 8973980
3259761 8973980
3421447 8973980
5318991 8973980
9995989 8973980
9182848 8973980
3154724 8973980
4393254 8973980
705666 8973980
8057669 8973980
4835741 8973980
2138609 8973980
5920351 8973980
8408195 8973980
9857003 8973980
7703128 8973980
5648859 8973980
4219843 8973980
1188208 8973980
4545412 8973980
628259 8973980
4512872 8973980
410937 8973980
4345532 8973980
4374727 8973980
541284 8973980
7825822 8973980
9125121 8973980
3590851 8973980
3505119 8973980
7251593 8973980
8048842 8973980
2216247 8973980
3953282 8973980
3826738 8973980
8330758 8973980
6288111 8973980
3053354 8973980
3842477 8973980
8003817 8973980
9193955 8973980
2510825 8973980
7084698 8973980
5766288 8973980
2165199 8973980
4045548 8973980
5225857 8973980
7369104 8973980
1856303 8973980
8714572 8973980
7965694 8973980
5060873 8973980
8512365 8973980
7613013 8973980
1124629 8973980
5659600 8973980
4235689 8973980
9747078 8973980
1115241 8973980
3505018 8973980
7038422 8973980
9217817 8973980
8539864 8973980
4286200 8973980
9524006 8973980
4942164 8973980
5288894 8973980
1642903 8973980
2097976 8973980
6407216 8973980
7604688 8973980
4036976 8973980
9557532 8973980
8619434 8973980
8888182 8973980
2955864 8973980
9861770 8973980
2105185 8973980
538509 8973980
6434643 8973980
1517751 8973980
5776206 8973980
2531772 8973980
8403358 8973980
1365640 8973980
4426673 8973980
4584895 8973980
6602054 8973980
270024 8973980
5877082 8973980
4987283 8973980
4243777 8973980
298904 8973980
1812747 8973980
825463 8973980
9616403 8973980
5316331 8973980
4487579 8973980
2164170 8973980
1799410 8973980
1055502 8973980
6283667 8973980
657500 8973980
5745869 8973980
3674494 8973980
8025168 8973980
841878 8973980
965030 8973980
3630986 8973980
4328497 8973980
9750893 8973980
8016765 8973980
9045764 8973980
9694980 8973980
5869586 8973980
3678209 8973980
2270980 8973980
604251 8973980
7269300 8973980
1134390 8973980
1777277 8973980
4176676 8973980
9425431 8973980
9728351 8973980
5010176 8973980
8611188 8973980
3680725 8973980
4100062 8973980
592240 8973980
9945827 8973980
4599012 8973980
8600534 8973980
552890 8973980
2619762 8973980
3634911 8973980
4474381 8973980
2737996 8973980
7091916 8973980
7951323 8973980
245539 8973980
8847612 8973980
6541928 8973980
2097679 8973980
5831859 8973980
7206438 8973980
625360 8973980
2983557 8973980
7833551 8973980
1439299 8973980
815046 8973980
40188 8973980
3566570 8973980
364105 8973980
1303629 8973980
5200788 8973980
2363313 8973980
2747925 8973980
3162802 8973980
3627422 8973980
273964 8973980
959070 8973980
6192675 8973980
195663 8973980
2054394 8973980
8124075 8973980
6390498 8973980
3894457 8973980
3604909 8973980
9427473 8973980
2407381 8973980
5898325 8973980
9845753 8973980
6762183 8973980
4652236 8973980
4169063 8973980
1987840 8973980
3871974 8973980
4581494 8973980
3964538 8973980
1131072 8973980
1965201 8973980
4441953 8973980
3225832 8973980
4584169 8973980
1019697 8973980
8301832 8973980
3880486 8973980
6536905 8973980
3719113 8973980
8340934 8973980
8652480 8973980
5616629 8973980
1117345 8973980
9168947 8973980
6816517 8973980
4138884 8973980
6886295 8973980
650339 8973980
9424111 8973980
1154244 8973980
6577110 8973980
9759841 8973980
5654529 8973980
2679608 8973980
3935655 8973980
5644675 8973980
6322810 8973980
8672064 8973980
8057047 8973980
270092 8973980
5249116 8973980
1620119 8973980
9467717 8973980
2818997 8973980
2441493 8973980
5928828 8973980
7839136 8973980
4125130 8973980
9739157 8973980
6198140 8973980
4356283 8973980
1507418 8973980
3599351 8973980
4528249 8973980
4747791 8973980
9973429 8973980
5345746 8973980
7816871 8973980
2521752 8973980
1777593 8973980
9879988 8973980
4999123 8973980
8026658 8973980
3781477 8973980
7187343 8973980
3551231 8973980
5386303 8973980
7096600 8973980
1458174 8973980
6233510 8973980
4505979 8973980
1805744 8973980
1832721 8973980
246993 8973980
1411755 8973980
1467260 8973980
127277 8973980
2182079 8973980
1954530 8973980
6927376 8973980
1030205 8973980
9554476 8973980
1356295 8973980
3314918 8973980
4949225 8973980
4942774 8973980
4480817 8973980
4568291 8973980
3377272 8973980
9919816 8973980
8764331 8973980
5064461 8973980
3146750 8973980
7148254 8973980
7116348 8973980
2598838 8973980
6149555 8973980
6734768 8973980
3824516 8973980
7902663 8973980
6729894 8973980
7411176 8973980
6447376 8973980
901735 8973980
2832989 8973980
6561555 8973980
1543188 8973980
2656655 8973980
9198885 8973980
1797007 8973980
8598558 8973980
8767670 8973980
4003705 8973980
5111944 8973980
3977548 8973980
7082508 8973980
8220050 8973980
6084330 8973980
1727858 8973980
4487202 8973980
1672262 8973980
1476894 8973980
6630604 8973980
7030801 8973980
4107718 8973980
4612626 8973980
329742 8973980
162820 8973980
7337258 8973980
5379029 8973980
8856935 8973980
2878528 8973980
8644725 8973980
2624547 8973980
9510078 8973980
1237525 8973980
7667739 8973980
5768579 8973980
8177950 8973980
9764522 8973980
225164 8973980
7189930 8973980
938476 8973980
6825486 8973980
7646818 8973980
6402442 8973980
5483398 8973980
9031872 8973980
5937830 8973980
9637590 8973980
6983491 8973980
8720378 8973980
4765262 8973980
2976304 8973980
6846165 8973980
2315470 8973980
462303 8973980
9717613 8973980
9700550 8973980
4796300 8973980
2761683 8973980
1787215 8973980
5649017 8973980
5549705 8973980
5353325 8973980
6492123 8973980
9019368 8973980
5615415 8973980
6796343 8973980
9586831 8973980
1310020 8973980
9619607 8973980
6042633 8973980
1064881 8973980
4752931 8973980
3495355 8973980
8334047 8973980
5289138 8973980
9513324 8973980
5809267 8973980
845108 8973980
8562945 8973980
8707444 8973980
8993494 8973980
2833339 8973980
6073420 8973980
8890110 8973980
1757234 8973980
870108 8973980
239001 8973980
5228422 8973980
7051459 8973980
8137538 8973980
3866569 8973980
3396192 8973980
2014129 8973980
1610718 8973980
5514856 8973980
5590259 8973980
5694049 8973980
2650908 8973980
8273281 8973980
6748642 8973980
4147934 8973980
1426816 8973980
2148846 8973980
3950981 8973980
3073435 8973980
3363242 8973980
5060343 8973980
2786328 8973980
449073 8973980
6465608 8973980
664857 8973980
5971771 8973980
4678064 8973980
8325582 8973980
1912814 8973980
2937405 8973980
4710129 8973980
7367022 8973980
1308387 8973980
969737 8973980
814622 8973980
8050721 8973980
3873625 8973980
3351112 8973980
5504229 8973980
6547242 8973980
921906 8973980
4812314 8973980
9530363 8973980
4215183 8973980
4000207 8973980
6115611 8973980
5546973 8973980
5380419 8973980
4700102 8973980
1274220 8973980
3631820 8973980
973443 8973980
124942 8973980
8521508 8973980
6202819 8973980
938127 8973980
8012082 8973980
4618283 8973980
7982859 8973980
5269105 8973980
3914144 8973980
6176486 8973980
8628387 8973980
1496688 8973980
9425772 8973980
3248918 8973980
5150759 8973980
7582533 8973980
3445893 8973980
8292082 8973980
113513 8973980
7530943 8973980
4984468 8973980
2244924 8973980
3647562 8973980
236485 8973980
4617604 8973980
6393298 8973980
9678527 8973980
3721853 8973980
4125356 8973980
3370491 8973980
9315179 8973980
5581161 8973980
4384239 8973980
8340015 8973980
7510240 8973980
6301992 8973980
3973660 8973980
5043507 8973980
997136 8973980
79117 8973980
6341529 8973980
9785874 8973980
6428130 8973980
8351497 8973980
3490468 8973980
337027 8973980
7668904 8973980
1401424 8973980
1102545 8973980
1580715 8973980
9506648 8973980
7463453 8973980
8077986 8973980
3395378 8973980
7474164 8973980
2034808 8973980
2815197 8973980
8065870 8973980
8028838 8973980
1182412 8973980
2082550 8973980
5135983 8973980
8698661 8973980
1656107 8973980
8392157 8973980
9234805 8973980
3160342 8973980
6481050 8973980
530295 8973980
5924386 8973980
3654751 8973980
8703055 8973980
1610029 8973980
7325830 8973980
496737 8973980
6313131 8973980
8201262 8973980
782205 8973980
8762763 8973980
8568466 8973980
316871 8973980
162120 8973980
5463171 8973980
7257244 8973980
6388835 8973980
3164466 8973980
3727118 8973980
7860824 8973980
9617029 8973980
5438889 8973980
1248897 8973980
866263 8973980
6062945 8973980
6428806 8973980
6052851 8973980
7767680 8973980
5822256 8973980
2872585 8973980
2679247 8973980
3793215 8973980
3589298 8973980
6901126 8973980
8510872 8973980
4687088 8973980
4396978 8973980
778365 8973980
1323282 8973980
4053040 8973980
7128337 8973980
6702384 8973980
4819796 8973980
1732843 8973980
4322836 8973980
2678791 8973980
4373385 8973980
2331150 8973980
1412154 8973980
294667 8973980
4507972 8973980
6529853 8973980
626177 8973980
5512065 8973980
6063433 8973980
7708232 8973980
9269093 8973980
8039208 8973980
1237719 8973980
3231382 8973980
209646 8973980
5596344 8973980
4529077 8973980
1095820 8973980
6400689 8973980
1671155 8973980
8147586 8973980
4864152 8973980
5297172 8973980
2644858 8973980
7734356 8973980
1656752 8973980
7643021 8973980
8543325 8973980
8590930 8973980
7159808 8973980
7895660 8973980
2068310 8973980
6415079 8973980
1524849 8973980
8044090 8973980
1761769 8973980
2210795 8973980
9408989 8973980
877793 8973980
3722992 8973980
2467793 8973980
48178 8973980
252854 8973980
798018 8973980
2862704 8973980
4714360 8973980
9860210 8973980
4254151 8973980
450888 8973980
6009660 8973980
2677964 8973980
6066426 8973980
6321446 8973980
9954714 8973980
784432 8973980
595441 8973980
1681612 8973980
9310705 8973980
6839632 8973980
6197197 8973980
664495 8973980
2995841 8973980
5356826 8973980
1905588 8973980
2753087 8973980
5556719 8973980
7697767 8973980
7045478 8973980
86204 8973980
1084817 8973980
401908 8973980
7315047 8973980
2960 8973980
6561101 8973980
4403003 8973980
9082235 8973980
1576535 8973980
8910121 8973980
2271272 8973980
9276647 8973980
8618490 8973980
2025450 8973980
7097279 8973980
460341 8973980
8244285 8973980
3762341 8973980
6665053 8973980
6652451 8973980
9117606 8973980
1579819 8973980
3421682 8973980
1136243 8973980
8293926 8973980
6254723 8973980
8924423 8973980
5631173 8973980
8309713 8973980
7308799 8973980
9490406 8973980
689533 8973980
3327739 8973980
6626677 8973980
8353139 8973980
7541469 8973980
2101161 8973980
5643538 8973980
1028071 8973980
6736312 8973980
1860236 8973980
6393513 8973980
5218645 8973980
3584952 8973980
3336153 8973980
3209528 8973980
9075517 8973980
5003674 8973980
3710448 8973980
5386033 8973980
2410165 8973980
9921640 8973980
9065256 8973980
7974393 8973980
5896229 8973980
5933601 8973980
7811611 8973980
9702934 8973980
9001713 8973980
9520922 8973980
5496562 8973980
5171113 8973980
4531820 8973980
8664274 8973980
2830038 8973980
5213686 8973980
6787619 8973980
7331076 8973980
5651003 8973980
825673 8973980
1989383 8973980
2464222 8973980
8880566 8973980
9977404 8973980
1867779 8973980
948170 8973980
6818656 8973980
8057098 8973980
5697066 8973980
1631192 8973980
4233324 8973980
8844498 8973980
1654039 8973980
8353959 8973980
7727971 8973980
7831793 8973980
9992273 8973980
6671472 8973980
3043334 8973980
8951395 8973980
6898727 8973980
4690789 8973980
9676491 8973980
3455576 8973980
4027879 8973980
3471228 8973980
105712 8973980
9173039 8973980
8821890 8973980
7703967 8973980
8150412 8973980
9223917 8973980
3667674 8973980
4076422 8973980
6573156 8973980
4969201 8973980
5615405 8973980
7797351 8973980
3743786 8973980
3252957 8973980
146337 8973980
3786708 8973980
6961766 8973980
4122813 8973980
1880735 8973980
8446950 8973980
5535669 8973980
4153971 8973980
6622577 8973980
518428 8973980
1079111 8973980
7717827 8973980
7828037 8973980
3254170 8973980
5871953 8973980
3779473 8973980
2730317 8973980
9469711 8973980
5681955 8973980
8534909 8973980
2959141 8973980
5881595 8973980
3790987 8973980
6950871 8973980
1978218 8973980
1091751 8973980
2962054 8973980
9317864 8973980
1915511 8973980
6463037 8973980
9448785 8973980
5974891 8973980
3610392 8973980
1588547 8973980
9466727 8973980
3479044 8973980
2475143 8973980
8182214 8973980
5734186 8973980
6962525 8973980
1655013 8973980
848542 8973980
305370 8973980
9102403 8973980
9300092 8973980
3687882 8973980
4064554 8973980
9670795 8973980
7667606 8973980
9899560 8973980
9593840 8973980
6114665 8973980
4742247 8973980
3205925 8973980
5257282 8973980
270615 8973980
3002946 8973980
2476162 8973980
6610009 8973980
4134420 8973980
5608591 8973980
430206 8973980
2440299 8973980
7178294 8973980
5169120 8973980
2870104 8973980
4124721 8973980
8272776 8973980
5431589 8973980
7247023 8973980
6113209 8973980
6668195 8973980
7592542 8973980
147014 8973980
2858557 8973980
2380578 8973980
6256643 8973980
1163452 8973980
359389 8973980
9396565 8973980
3423420 8973980
4920504 8973980
1280959 8973980
4175281 8973980
4743885 8973980
8426387 8973980
3291650 8973980
6211327 8973980
209782 8973980
2476696 8973980
6810852 8973980
3609497 8973980
7471462 8973980
1812038 8973980
8845294 8973980
410846 8973980
7455040 8973980
8836988 8973980
431478 8973980
7885293 8973980
9523972 8973980
5623201 8973980
1555968 8973980
7632868 8973980
4536701 8973980
4228117 8973980
6429354 8973980
9010441 8973980
6647046 8973980
6656397 8973980
6471763 8973980
277191 8973980
9019102 8973980
1388820 8973980
1456548 8973980
4908329 8973980
1418136 8973980
3903431 8973980
1630258 8973980
9957004 8973980
6098601 8973980
8487974 8973980
3657235 8973980
1744657 8973980
2390349 8973980
3981103 8973980
8952236 8973980
6877495 8973980
1984629 8973980
7935559 8973980
23588 8973980
6128434 8973980
973617 8973980
3267073 8973980
5784866 8973980
2081472 8973980
3926964 8973980
4454743 8973980
2782677 8973980
8599793 8973980
7839886 8973980
9099479 8973980
6973852 8973980
6978431 8973980
6244677 8973980
6340996 8973980
4585031 8973980
1727260 8973980
2993661 8973980
2537055 8973980
91485 8973980
6426972 8973980
505118 8973980
8958609 8973980
8631900 8973980
781013 8973980
9072876 8973980
3241649 8973980
7353078 8973980
7287524 8973980
9875051 8973980
1650474 8973980
3802683 8973980
9599168 8973980
2458730 8973980
7284055 8973980
6181086 8973980
8352608 8973980
8323685 8973980
7602383 8973980
4267736 8973980
597319 8973980
5007420 8973980
2104241 8973980
7374745 8973980
4810584 8973980
2249585 8973980
1512712 8973980
8926790 8973980
920397 8973980
803356 8973980
5007766 8973980
3524046 8973980
9560512 8973980
29128 8973980
9176831 8973980
1620174 8973980
6544381 8973980
651915 8973980
8513724 8973980
7989250 8973980
2704796 8973980
6770696 8973980
5646816 8973980
3310070 8973980
4424727 8973980
2173202 8973980
4882353 8973980
1807798 8973980
3243498 8973980
6084885 8973980
5492810 8973980
2420113 8973980
4402280 8973980
8538715 8973980
8449477 8973980
1049211 8973980
9263000 8973980
4637729 8973980
8753141 8973980
6322787 8973980
2816164 8973980
2264198 8973980
970852 8973980
1057432 8973980
5612595 8973980
6431577 8973980
1748004 8973980
9224067 8973980
7047644 8973980
4180017 8973980
2231186 8973980
9308485 8973980
768943 8973980
2799138 8973980
2178569 8973980
8686892 8973980
6668275 8973980
1651722 8973980
521801 8973980
6662983 8973980
5642003 8973980
5315337 8973980
9177374 8973980
2643083 8973980
1772759 8973980
4923681 8973980
1936192 8973980
6051545 8973980
9256900 8973980
7235122 8973980
8913509 8973980
7573865 8973980
713052 8973980
1830739 8973980
8701435 8973980
5720835 8973980
6182050 8973980
5498903 8973980
9728208 8973980
4199368 8973980
3863401 8973980
1499323 8973980
9057544 8973980
6417948 8973980
4523283 8973980
2575176 8973980
3189322 8973980
3561894 8973980
8685924 8973980
9428119 8973980
5547112 8973980
7778479 8973980
8809379 8973980
561780 8973980
9281937 8973980
3990535 8973980
8211568 8973980
6133687 8973980
4767348 8973980
1738249 8973980
6095397 8973980
6399441 8973980
2153928 8973980
3208160 8973980
4382775 8973980
9169692 8973980
8552720 8973980
3312674 8973980
7635764 8973980
2462673 8973980
2607164 8973980
8784698 8973980
6231265 8973980
3806820 8973980
605865 8973980
4039882 8973980
316356 8973980
685568 8973980
6337531 8973980
3130343 8973980
8791671 8973980
3399854 8973980
606097 8973980
751545 8973980
4301667 8973980
1282179 8973980
2418290 8973980
2589951 8973980
7645803 8973980
1664388 8973980
2021894 8973980
8008551 8973980
1893277 8973980
3946728 8973980
3531591 8973980
8804650 8973980
8156038 8973980
52981 8973980
6656104 8973980
7506701 8973980
9051294 8973980
1166483 8973980
299166 8973980
2481601 8973980
8431980 8973980
3802747 8973980
2222607 8973980
1981687 8973980
514065 8973980
3538201 8973980
2681658 8973980
7347773 8973980
8015628 8973980
3661039 8973980
7009654 8973980
8692527 8973980
7007836 8973980
2380223 8973980
8119320 8973980
409802 8973980
8640583 8973980
8774877 8973980
5846931 8973980
5812099 8973980
2817288 8973980
8881331 8973980
604778 8973980
7116181 8973980
2655771 8973980
1858641 8973980
149246 8973980
8127277 8973980
3951481 8973980
3751688 8973980
5483205 8973980
6965572 8973980
6631755 8973980
8746596 8973980
9347249 8973980
713469 8973980
1936288 8973980
2263199 8973980
4667367 8973980
8465507 8973980
4329510 8973980
4672680 8973980
9362549 8973980
1069488 8973980
5476255 8973980
8494583 8973980
6004876 8973980
7344336 8973980
4096573 8973980
2048392 8973980
1500596 8973980
4780726 8973980
3167770 8973980
806426 8973980
5606621 8973980
6209946 8973980
3141343 8973980
7678519 8973980
147130 8973980
1303376 8973980
2980014 8973980
1461960 8973980
3977392 8973980
5099819 8973980
3727772 8973980
2378351 8973980
5185258 8973980
7114669 8973980
4049651 8973980
1008781 8973980
4392290 8973980
1475665 8973980
8213498 8973980
5685712 8973980
4227960 8973980
4127309 8973980
535330 8973980
6248905 8973980
6391438 8973980
9330186 8973980
1977696 8973980
847986 8973980
2692505 8973980
4248547 8973980
3086654 8973980
6809473 8973980
7063889 8973980
5177516 8973980
5767882 8973980
2376699 8973980
8330025 8973980
4139981 8973980
177427 8973980
45226 8973980
8095261 8973980
204037 8973980
1723564 8973980
2244779 8973980
3123445 8973980
3570871 8973980
9018316 8973980
8751338 8973980
7124805 8973980
800197 8973980
4350917 8973980
5006931 8973980
5699594 8973980
9425665 8973980
5480222 8973980
8472233 8973980
601657 8973980
4502296 8973980
7960616 8973980
7771679 8973980
5804212 8973980
7499869 8973980
8686054 8973980
4907085 8973980
694917 8973980
1305769 8973980
8907359 8973980
340372 8973980
3736955 8973980
5526803 8973980
5214481 8973980
5272906 8973980
9224199 8973980
5093424 8973980
8123763 8973980
4971097 8973980
2321637 8973980
1375993 8973980
8265377 8973980
4877076 8973980
6101127 8973980
5826582 8973980
4771727 8973980
9888743 8973980
596761 8973980
1866075 8973980
2765025 8973980
1437709 8973980
5211049 8973980
9431861 8973980
8392233 8973980
8273117 8973980
5003936 8973980
6547764 8973980
5751313 8973980
8012728 8973980
835650 8973980
1036966 8973980
9748040 8973980
4682266 8973980
96486 8973980
3358383 8973980
9045221 8973980
4539717 8973980
2979909 8973980
5078321 8973980
3697195 8973980
185209 8973980
5450036 8973980
9917797 8973980
7487267 8973980
1639695 8973980
9309484 8973980
3176731 8973980
5140177 8973980
6741400 8973980
432540 8973980
7891248 8973980
5162422 8973980
8760580 8973980
9095051 8973980
6728080 8973980
1614206 8973980
6728756 8973980
6763448 8973980
2752197 8973980
8232924 8973980
7156269 8973980
8449169 8973980
8317719 8973980
8088022 8973980
5562327 8973980
3548682 8973980
1077297 8973980
8441102 8973980
4354773 8973980
9034975 8973980
3017258 8973980
7251833 8973980
9405701 8973980
7291530 8973980
5703258 8973980
2817932 8973980
6175309 8973980
6165863 8973980
6902255 8973980
8450834 8973980
4120896 8973980
5258085 8973980
6612837 8973980
5029433 8973980
2573311 8973980
2124534 8973980
2441373 8973980
4849971 8973980
5469221 8973980
6918963 8973980
6854795 8973980
6880350 8973980
2460395 8973980
1383668 8973980
7960041 8973980
6324543 8973980
9432344 8973980
8330738 8973980
7447967 8973980
1750455 8973980
3285060 8973980
3420898 8973980
6271387 8973980
7979221 8973980
3378184 8973980
4626863 8973980
3348959 8973980
449941 8973980
4432463 8973980
1517660 8973980
3555026 8973980
244159 8973980
3568941 8973980
8316757 8973980
632663 8973980
4035700 8973980
4324858 8973980
9927228 8973980
7270084 8973980
2902862 8973980
2323092 8973980
2695193 8973980
6451280 8973980
305635 8973980
3323231 8973980
1252369 8973980
1687841 8973980
5054478 8973980
9708949 8973980
5502044 8973980
1168664 8973980
7568219 8973980
5138984 8973980
9169759 8973980
8363267 8973980
8564294 8973980
9037657 8973980
1619936 8973980
2556410 8973980
1561227 8973980
8139905 8973980
1590844 8973980
3368866 8973980
1877304 8973980
1362086 8973980
4944489 8973980
1285154 8973980
4966490 8973980
9093612 8973980
3742317 8973980
9248699 8973980
7155952 8973980
7114367 8973980
7720281 8973980
6029718 8973980
1045824 8973980
9652382 8973980
2519690 8973980
5427176 8973980
3547771 8973980
4253134 8973980
7067481 8973980
2613123 8973980
6463728 8973980
9003132 8973980
3798875 8973980
3607182 8973980
16966 8973980
6935120 8973980
2306609 8973980
6977028 8973980
9881880 8973980
9260398 8973980
9230367 8973980
9930904 8973980
9310081 8973980
8185364 8973980
7249012 8973980
4111893 8973980
6941616 8973980
6768269 8973980
5677849 8973980
4416562 8973980
9368750 8973980
9289581 8973980
1340597 8973980
6572499 8973980
5690615 8973980
9250676 8973980
4598817 8973980
1169637 8973980
7895906 8973980
1815809 8973980
6144654 8973980
9593773 8973980
8296198 8973980
4700889 8973980
2197997 8973980
8040615 8973980
8448921 8973980
1106656 8973980
1042140 8973980
9760575 8973980
6230171 8973980
225491 8973980
5897238 8973980
2217278 8973980
8177665 8973980
3584629 8973980
6189788 8973980
4045179 8973980
4303187 8973980
1640795 8973980
2799167 8973980
8894287 8973980
9364133 8973980
5073947 8973980
1893230 8973980
8333502 8973980
4843764 8973980
576418 8973980
3778246 8973980
4393756 8973980
5001565 8973980
2128999 8973980
1620333 8973980
4190881 8973980
8282420 8973980
8362682 8973980
5046966 8973980
7257632 8973980
5713966 8973980
3534792 8973980
8737167 8973980
5934199 8973980
7642421 8973980
7842550 8973980
3531741 8973980
9773409 8973980
111455 8973980
3207633 8973980
201304 8973980
4631289 8973980
2343874 8973980
7982990 8973980
9191131 8973980
5093663 8973980
2968935 8973980
6189412 8973980
2498490 8973980
6474915 8973980
3669508 8973980
1139293 8973980
6838601 8973980
4567562 8973980
9731651 8973980
5545790 8973980
9272252 8973980
5082769 8973980
811568 8973980
4448741 8973980
8634268 8973980
2344927 8973980
6565015 8973980
4433976 8973980
5427737 8973980
9196939 8973980
935489 8973980
422354 8973980
6202122 8973980
7294151 8973980
7241052 8973980
6642844 8973980
4859298 8973980
8052820 8973980
1322202 8973980
1569939 8973980
5781925 8973980
8132540 8973980
6140236 8973980
7898273 8973980
6848138 8973980
310417 8973980
3560442 8973980
1431259 8973980
7808063 8973980
7373112 8973980
7072089 8973980
6319439 8973980
6598629 8973980
1271011 8973980
71435 8973980
2060346 8973980
7385299 8973980
8946569 8973980
5045416 8973980
6505698 8973980
907198 8973980
9476835 8973980
796661 8973980
9019069 8973980
4329701 8973980
1507427 8973980
186848 8973980
3837700 8973980
776026 8973980
696274 8973980
2908283 8973980
8868798 8973980
3650931 8973980
7325342 8973980
8902016 8973980
9731562 8973980
6129818 8973980
7811791 8973980
6741479 8973980
7088308 8973980
5987791 8973980
8844839 8973980
5565913 8973980
5236834 8973980
792432 8973980
5665308 8973980
4759915 8973980
6321014 8973980
1448720 8973980
6852364 8973980
653271 8973980
8921139 8973980
5556 8973980
2658237 8973980
4509085 8973980
9679707 8973980
9628245 8973980
8272447 8973980
4554850 8973980
6210591 8973980
1845444 8973980
6012344 8973980
483768 8973980
4162725 8973980
6273533 8973980
5878099 8973980
3172100 8973980
1297673 8973980
9790194 8973980
8732370 8973980
7841492 8973980
2413173 8973980
9165417 8973980
2791520 8973980
7171963 8973980
5928206 8973980
331945 8973980
6070293 8973980
9332559 8973980
1946087 8973980
6858627 8973980
5221371 8973980
1067370 8973980
8118220 8973980
8080365 8973980
3151194 8973980
8345604 8973980
7972955 8973980
6425242 8973980
9354959 8973980
5772483 8973980
3791724 8973980
2766775 8973980
4458255 8973980
47108 8973980
4440997 8973980
4635196 8973980
4515104 8973980
7290379 8973980
828977 8973980
8110867 8973980
8951752 8973980
9599992 8973980
1108681 8973980
972430 8973980
4529980 8973980
4779416 8973980
7281591 8973980
8402840 8973980
9293215 8973980
729946 8973980
2207862 8973980
8524725 8973980
2091484 8973980
8020755 8973980
8237074 8973980
2823497 8973980
5724937 8973980
2823689 8973980
7569022 8973980
4450783 8973980
2792468 8973980
2972063 8973980
648038 8973980
4538529 8973980
3963769 8973980
9263147 8973980
1965017 8973980
7080327 8973980
1854149 8973980
1759438 8973980
2053577 8973980
804341 8973980
3274599 8973980
1179708 8973980
5898248 8973980
677743 8973980
9671027 8973980
2739966 8973980
7702198 8973980
3972870 8973980
4756699 8973980
6687587 8973980
3455152 8973980
2476654 8973980
8938323 8973980
3122890 8973980
1870564 8973980
419812 8973980
5555844 8973980
7140005 8973980
5209843 8973980
5036257 8973980
6274084 8973980
4466315 8973980
413510 8973980
2314566 8973980
8496326 8973980
5981315 8973980
879459 8973980
832276 8973980
8925468 8973980
3713258 8973980
2839216 8973980
8009185 8973980
5460517 8973980
5631614 8973980
1409858 8973980
170872 8973980
7818214 8973980
6120229 8973980
4917546 8973980
6742175 8973980
4295465 8973980
8514252 8973980
1752100 8973980
9673153 8973980
3550472 8973980
1608438 8973980
1873333 8973980
8710961 8973980
1314211 8973980
4412607 8973980
7232686 8973980
3500098 8973980
8143374 8973980
9701079 8973980
9493270 8973980
6607595 8973980
3519844 8973980
6522101 8973980
3492067 8973980
5130649 8973980
5491611 8973980
4259377 8973980
3196206 8973980
1393415 8973980
5387666 8973980
1963071 8973980
2525321 8973980
4648420 8973980
1641381 8973980
7563359 8973980
9580871 8973980
2798857 8973980
2121684 8973980
5558263 8973980
1003045 8973980
3248019 8973980
488519 8973980
5609766 8973980
9282162 8973980
3628361 8973980
4291 8973980
4529481 8973980
5152018 8973980
6351199 8973980
2887817 8973980
9883381 8973980
6759902 8973980
762309 8973980
425999 8973980
6256360 8973980
6598495 8973980
1771330 8973980
7767475 8973980
7933012 8973980
5075865 8973980
6810606 8973980
7498341 8973980
5798263 8973980
4863002 8973980
278017 8973980
3763871 8973980
8067992 8973980
8759811 8973980
1943091 8973980
5659925 8973980
1478520 8973980
3494203 8973980
7917797 8973980
8619774 8973980
4766652 8973980
2219927 8973980
8525040 8973980
5349759 8973980
4206792 8973980
7579452 8973980
6032134 8973980
2217166 8973980
9285960 8973980
2815282 8973980
1150678 8973980
7358073 8973980
9201296 8973980
1206126 8973980
4232855 8973980
5673819 8973980
7488193 8973980
9148097 8973980
6110283 8973980
4030667 8973980
4622925 8973980
8362661 8973980
3186058 8973980
2438570 8973980
8456762 8973980
1565151 8973980
3843188 8973980
2064907 8973980
7099283 8973980
1304432 8973980
6877659 8973980
6117321 8973980
9105582 8973980
2824311 8973980
4453815 8973980
2768059 8973980
8581461 8973980
6189032 8973980
4576582 8973980
4336551 8973980
8995263 8973980
7430002 8973980
9329485 8973980
1678640 8973980
467900 8973980
4320921 8973980
6636560 8973980
6689522 8973980
8022546 8973980
6507414 8973980
5401918 8973980
8382656 8973980
1152135 8973980
9714195 8973980
3810622 8973980
7601365 8973980
3291216 8973980
9634534 8973980
8809309 8973980
5144195 8973980
8725607 8973980
1975245 8973980
4968467 8973980
3080952 8973980
5744241 8973980
9849387 8973980
1991423 8973980
5927232 8973980
2865224 8973980
1135587 8973980
6829368 8973980
4539264 8973980
2591514 8973980
8204281 8973980
5504529 8973980
8180777 8973980
9741134 8973980
8783440 8973980
1194037 8973980
9346787 8973980
8335783 8973980
8906206 8973980
9305442 8973980
9365336 8973980
9193587 8973980
9903926 8973980
2934895 8973980
5645164 8973980
269841 8973980
597599 8973980
8109812 8973980
3364140 8973980
2213601 8973980
1904734 8973980
9068798 8973980
2575087 8973980
6780003 8973980
5406212 8973980
7593697 8973980
1716181 8973980
3642004 8973980
5655708 8973980
843287 8973980
9993728 8973980
7331960 8973980
4356341 8973980
4926445 8973980
9918325 8973980
1000137 8973980
8298492 8973980
5172116 8973980
9907408 8973980
3728149 8973980
1930136 8973980
3015812 8973980
3023835 8973980
2510930 8973980
3611815 8973980
7396394 8973980
26139 8973980
8827287 8973980
4869269 8973980
5911319 8973980
5114323 8973980
1012209 8973980
3876570 8973980
1562091 8973980
4838287 8973980
9206426 8973980
8316491 8973980
8435450 8973980
4739172 8973980
7581384 8973980
7824560 8973980
33088 8973980
369358 8973980
5279745 8973980
7495966 8973980
5878660 8973980
7841146 8973980
4947927 8973980
1073511 8973980
841361 8973980
4998156 8973980
1400100 8973980
3354326 8973980
3553318 8973980
3929650 8973980
8846538 8973980
3121312 8973980
6164277 8973980
9461213 8973980
7639315 8973980
8287099 8973980
2064522 8973980
7952839 8973980
4433793 8973980
7532625 8973980
1154583 8973980
329760 8973980
5677672 8973980
3148940 8973980
6283168 8973980
5601694 8973980
7027057 8973980
2742499 8973980
5705494 8973980
8909586 8973980
3716795 8973980
1491200 8973980
2371963 8973980
4454149 8973980
1502504 8973980
7554562 8973980
5352297 8973980
8218683 8973980
5627214 8973980
7387396 8973980
7221152 8973980
7664294 8973980
5344345 8973980
3402270 8973980
1680419 8973980
3456616 8973980
3267694 8973980
1625864 8973980
9226169 8973980
3259674 8973980
4533334 8973980
9413921 8973980
6243697 8973980
4548677 8973980
9115675 8973980
8327373 8973980
704037 8973980
1896495 8973980
1722656 8973980
2303103 8973980
9617327 8973980
8121591 8973980
1098371 8973980
5404184 8973980
9561014 8973980
2378271 8973980
6763290 8973980
6735576 8973980
539630 8973980
4218403 8973980
8510336 8973980
3962138 8973980
4978816 8973980
9649988 8973980
881648 8973980
6961558 8973980
9202682 8973980
3951148 8973980
6633865 8973980
8257194 8973980
2077178 8973980
6818591 8973980
5071065 8973980
1530603 8973980
2176091 8973980
5143537 8973980
3462223 8973980
9278586 8973980
1517329 8973980
1171287 8973980
596838 8973980
921365 8973980
785647 8973980
1739949 8973980
5604983 8973980
6713697 8973980
646804 8973980
7024592 8973980
5417559 8973980
1193071 8973980
3430423 8973980
47499 8973980
4500663 8973980
9891622 8973980
9089310 8973980
3372053 8973980
9401311 8973980
3914253 8973980
2467513 8973980
7272573 8973980
7908085 8973980
3335886 8973980
1377993 8973980
4400200 8973980
1077207 8973980
691345 8973980
5636919 8973980
5289085 8973980
6334704 8973980
1937721 8973980
95780 8973980
7392402 8973980
6162156 8973980
2632739 8973980
6598597 8973980
9401312 8973980
1107213 8973980
5562930 8973980
4224702 8973980
758695 8973980
5197420 8973980
1626058 8973980
8045815 8973980
4314099 8973980
9714511 8973980
8900550 8973980
6186529 8973980
5234281 8973980
9260606 8973980
4306878 8973980
8211635 8973980
6774414 8973980
7096152 8973980
976461 8973980
838646 8973980
6816066 8973980
6691489 8973980
4807142 8973980
9482518 8973980
6743583 8973980
3483821 8973980
450811 8973980
7258834 8973980
3115100 8973980
4759895 8973980
7653358 8973980
3589017 8973980
5800479 8973980
3165372 8973980
3909361 8973980
1888930 8973980
1321573 8973980
3161518 8973980
3515497 8973980
4315392 8973980
3259977 8973980
1572315 8973980
6924636 8973980
3428329 8973980
3178699 8973980
4808121 8973980
9170160 8973980
4914204 8973980
4238055 8973980
1716609 8973980
5164152 8973980
625303 8973980
7141518 8973980
7294953 8973980
8341575 8973980
5621025 8973980
1601871 8973980
1710246 8973980
8990954 8973980
2562969 8973980
4218166 8973980
8106291 8973980
7533844 8973980
3732018 8973980
811835 8973980
722954 8973980
7024795 8973980
2358090 8973980
314346 8973980
561975 8973980
1839739 8973980
4708787 8973980
1156639 8973980
574958 8973980
7344231 8973980
245662 8973980
5719030 8973980
1132216 8973980
7284466 8973980
8665469 8973980
850984 8973980
6187391 8973980
8901319 8973980
8894301 8973980
1659861 8973980
3030827 8973980
5583905 8973980
1036787 8973980
7828645 8973980
2316952 8973980
861123 8973980
7534927 8973980
4888185 8973980
4273888 8973980
1397503 8973980
2966298 8973980
1166327 8973980
8374803 8973980
3088808 8973980
2160262 8973980
9392072 8973980
5601670 8973980
8363203 8973980
7005185 8973980
1562944 8973980
209798 8973980
7072341 8973980
7376416 8973980
6499929 8973980
5336169 8973980
9366218 8973980
3120852 8973980
32465 8973980
9849648 8973980
3754088 8973980
1864523 8973980
1763097 8973980
6273062 8973980
7815215 8973980
8779130 8973980
431871 8973980
7081424 8973980
3572630 8973980
5529540 8973980
7741704 8973980
4553324 8973980
1489826 8973980
2018605 8973980
9990683 8973980
6350031 8973980
4325698 8973980
1648716 8973980
1239209 8973980
6190781 8973980
9596131 8973980
9218268 8973980
1241433 8973980
782747 8973980
6256626 8973980
1258429 8973980
5912401 8973980
7301763 8973980
9305058 8973980
7026333 8973980
1915155 8973980
499166 8973980
1821124 8973980
3652990 8973980
5583048 8973980
7207344 8973980
2934855 8973980
1802047 8973980
3020145 8973980
5103763 8973980
9497444 8973980
8113447 8973980
2920528 8973980
1029680 8973980
5597634 8973980
9104077 8973980
4304347 8973980
8858182 8973980
153998 8973980
8055011 8973980
5827593 8973980
1472339 8973980
2343835 8973980
6208604 8973980
4989046 8973980
1969051 8973980
7417792 8973980
4702269 8973980
7820715 8973980
495145 8973980
56096 8973980
11008 8973980
5703013 8973980
9655850 8973980
3541255 8973980
5039176 8973980
3958188 8973980
3529639 8973980
7946334 8973980
3471827 8973980
4256631 8973980
6375730 8973980
8632089 8973980
6079831 8973980
9140981 8973980
4451579 8973980
2536225 8973980
2451794 8973980
5325678 8973980
4104995 8973980
2541686 8973980
9638832 8973980
4379266 8973980
5188139 8973980
4670950 8973980
9678467 8973980
8798556 8973980
6075091 8973980
8124395 8973980
3222528 8973980
3947102 8973980
993826 8973980
1721487 8973980
6319268 8973980
9501334 8973980
6943588 8973980
7764629 8973980
9283420 8973980
4916300 8973980
6201529 8973980
4926803 8973980
2328186 8973980
2215548 8973980
504665 8973980
3726201 8973980
4681061 8973980
2063794 8973980
409299 8973980
4986196 8973980
1700922 8973980
2696878 8973980
3091215 8973980
7423164 8973980
9238988 8973980
9030306 8973980
5817898 8973980
2042271 8973980
6730775 8973980
7525150 8973980
5124564 8973980
7547708 8973980
293903 8973980
319768 8973980
1858124 8973980
5525457 8973980
5541240 8973980
6721803 8973980
4760208 8973980
6676691 8973980
1425006 8973980
1713340 8973980
4715629 8973980
2713661 8973980
8417874 8973980
7856143 8973980
9970554 8973980
7550062 8973980
6382742 8973980
8204483 8973980
9320835 8973980
6394122 8973980
441977 8973980
6063233 8973980
4593304 8973980
7013969 8973980
3691212 8973980
4255582 8973980
1475278 8973980
1230722 8973980
6184367 8973980
5393204 8973980
5326666 8973980
9370245 8973980
8356331 8973980
8022022 8973980
4440107 8973980
9056769 8973980
9853593 8973980
1611327 8973980
521591 8973980
3176933 8973980
3453584 8973980
3346162 8973980
9038410 8973980
2572717 8973980
4526162 8973980
2881675 8973980
8224504 8973980
6026466 8973980
3943244 8973980
8310910 8973980
3909375 8973980
122270 8973980
2427546 8973980
5498629 8973980
6639696 8973980
7680680 8973980
6956880 8973980
5932074 8973980
3815944 8973980
3961619 8973980
922073 8973980
3084806 8973980
8373563 8973980
6214144 8973980
6688625 8973980
114629 8973980
598205 8973980
4495273 8973980
735202 8973980
8624550 8973980
206254 8973980
4442048 8973980
1025636 8973980
1089450 8973980
9402458 8973980
1776114 8973980
7945364 8973980
5051239 8973980
3674088 8973980
2543706 8973980
570100 8973980
1040149 8973980
97797 8973980
5871379 8973980
5625291 8973980
9312686 8973980
4180146 8973980
3171611 8973980
238134 8973980
6860743 8973980
3656075 8973980
1515521 8973980
7213168 8973980
3865941 8973980
5252168 8973980
7775204 8973980
1576144 8973980
8960879 8973980
9044731 8973980
2839583 8973980
955953 8973980
1699602 8973980
8274608 8973980
913895 8973980
8169258 8973980
7233834 8973980
1127795 8973980
5534140 8973980
7626517 8973980
1981045 8973980
5438649 8973980
5739246 8973980
2824163 8973980
7824095 8973980
2142632 8973980
4242277 8973980
4875909 8973980
5903989 8973980
1942544 8973980
3103211 8973980
3918402 8973980
3001426 8973980
1794326 8973980
604595 8973980
5172338 8973980
7884552 8973980
9396916 8973980
6671122 8973980
4477828 8973980
976636 8973980
7662570 8973980
2907730 8973980
4287821 8973980
9216799 8973980
738956 8973980
4770135 8973980
8170989 8973980
7156213 8973980
6539846 8973980
6629451 8973980
3959639 8973980
5003219 8973980
6074307 8973980
4134546 8973980
5568997 8973980
7305329 8973980
6484731 8973980
936384 8973980
5918449 8973980
7046382 8973980
8921604 8973980
4310890 8973980
1666471 8973980
844947 8973980
2511639 8973980
7116215 8973980
6210932 8973980
2779090 8973980
6969730 8973980
901710 8973980
5631447 8973980
1825665 8973980
3081394 8973980
9776158 8973980
7915401 8973980
1145741 8973980
9404749 8973980
629417 8973980
341233 8973980
1853965 8973980
149959 8973980
5386956 8973980
7850149 8973980
6453947 8973980
9668477 8973980
7616070 8973980
2101742 8973980
4858280 8973980
8200674 8973980
3078703 8973980
5454900 8973980
5411011 8973980
5095804 8973980
2283171 8973980
2904858 8973980
5811459 8973980
5799754 8973980
485393 8973980
8136007 8973980
6342643 8973980
9919054 8973980
6872577 8973980
4545553 8973980
8152846 8973980
2663415 8973980
6798008 8973980
9044720 8973980
2825171 8973980
719559 8973980
3479305 8973980
3587032 8973980
44441 8973980
4234271 8973980
9074051 8973980
5634714 8973980
6016955 8973980
5125255 8973980
9529399 8973980
4062770 8973980
1506565 8973980
6661026 8973980
5728328 8973980
8653768 8973980
6772359 8973980
1584043 8973980
6068017 8973980
76513 8973980
6685154 8973980
8475193 8973980
3678969 8973980
5841627 8973980
3297178 8973980
2688161 8973980
1241395 8973980
1589063 8973980
9073917 8973980
5541103 8973980
738760 8973980
9872122 8973980
4176472 8973980
7152703 8973980
1645569 8973980
8477780 8973980
4252027 8973980
6327758 8973980
2082936 8973980
3348900 8973980
5276998 8973980
4502812 8973980
1588756 8973980
1733899 8973980
775684 8973980
8456619 8973980
3196491 8973980
1544100 8973980
1915652 8973980
9273802 8973980
3489070 8973980
9741308 8973980
7157552 8973980
96053 8973980
2428873 8973980
9544645 8973980
5095043 8973980
5104605 8973980
1034121 8973980
8101315 8973980
164247 8973980
8375488 8973980
5995989 8973980
9913550 8973980
655683 8973980
8911540 8973980
641980 8973980
2815986 8973980
1430125 8973980
6765989 8973980
8206760 8973980
2297371 8973980
3337485 8973980
741695 8973980
3721647 8973980
6581387 8973980
9691353 8973980
2604618 8973980
7715003 8973980
5745300 8973980
7864504 8973980
468788 8973980
9358221 8973980
4045423 8973980
2637396 8973980
6651295 8973980
2159750 8973980
189407 8973980
2763206 8973980
4609407 8973980
9160947 8973980
7978602 8973980
9928825 8973980
4996571 8973980
2359332 8973980
4499779 8973980
171231 8973980
2098208 8973980
1708394 8973980
7639592 8973980
1631776 8973980
4235719 8973980
5390015 8973980
7237699 8973980
7853210 8973980
6657971 8973980
7208059 8973980
7927086 8973980
5610994 8973980
6403017 8973980
7487920 8973980
7132850 8973980
3875567 8973980
5592073 8973980
403345 8973980
8452030 8973980
5214157 8973980
20156 8973980
4150745 8973980
5736850 8973980
3153532 8973980
111433 8973980
3244570 8973980
1497312 8973980
9857340 8973980
3866261 8973980
3331102 8973980
8051543 8973980
7970595 8973980
9410822 8973980
4323035 8973980
913459 8973980
6843045 8973980
1699856 8973980
2491789 8973980
8656454 8973980
4241550 8973980
6810119 8973980
8020196 8973980
6501936 8973980
7081113 8973980
3677303 8973980
3303846 8973980
3056258 8973980
5917302 8973980
4917240 8973980
9632859 8973980
1783836 8973980
8865121 8973980
1765626 8973980
5181181 8973980
7012854 8973980
8939263 8973980
5460083 8973980
8271489 8973980
6519076 8973980
595187 8973980
8836129 8973980
1304014 8973980
5553121 8973980
7779230 8973980
8001678 8973980
384939 8973980
5338087 8973980
6161815 8973980
1298207 8973980
301049 8973980
2498217 8973980
2996891 8973980
1677822 8973980
2901167 8973980
2715876 8973980
3912766 8973980
2803139 8973980
5987871 8973980
9473007 8973980
4739402 8973980
1179222 8973980
4630734 8973980
5500641 8973980
6798779 8973980
6540049 8973980
5896700 8973980
1223831 8973980
872993 8973980
7230410 8973980
5099971 8973980
6379353 8973980
3635992 8973980
791293 8973980
9807997 8973980
9959122 8973980
6543603 8973980
9743074 8973980
2149934 8973980
9591246 8973980
247232 8973980
6940567 8973980
4756551 8973980
6391376 8973980
5748020 8973980
6501164 8973980
7883209 8973980
8473012 8973980
1922891 8973980
2347297 8973980
9883122 8973980
4506279 8973980
2752483 8973980
1120666 8973980
3946248 8973980
9718420 8973980
3675179 8973980
8024600 8973980
7027675 8973980
3990518 8973980
7380835 8973980
9946211 8973980
5415870 8973980
4023104 8973980
7428658 8973980
2370216 8973980
3830580 8973980
9256057 8973980
7052916 8973980
5747646 8973980
1993558 8973980
4460474 8973980
6698216 8973980
507316 8973980
5593610 8973980
7552820 8973980
9547914 8973980
3994108 8973980
8081088 8973980
149722 8973980
385497 8973980
910657 8973980
7131156 8973980
7003130 8973980
3059659 8973980
4832774 8973980
3880193 8973980
5360742 8973980
4492843 8973980
3007120 8973980
2921267 8973980
7057502 8973980
5745045 8973980
1025842 8973980
6269076 8973980
4302493 8973980
5840528 8973980
5580741 8973980
5972898 8973980
864857 8973980
4358231 8973980
9572933 8973980
128186 8973980
5967508 8973980
9223548 8973980
9202696 8973980
2046128 8973980
3492501 8973980
260119 8973980
3665790 8973980
678852 8973980
7213490 8973980
4982248 8973980
7660326 8973980
6995848 8973980
576600 8973980
2013950 8973980
4314602 8973980
4165193 8973980
961973 8973980
8410238 8973980
1715512 8973980
2168987 8973980
5493565 8973980
9052714 8973980
8614323 8973980
1132285 8973980
1851615 8973980
111176 8973980
1469775 8973980
1698220 8973980
6491323 8973980
5193602 8973980
7769204 8973980
7467312 8973980
2443744 8973980
948306 8973980
8609930 8973980
3070152 8973980
5214105 8973980
1767920 8973980
469929 8973980
8902709 8973980
5798618 8973980
5132184 8973980
224472 8973980
1262527 8973980
2671180 8973980
4128483 8973980
291092 8973980
7062280 8973980
2760964 8973980
8473566 8973980
8312471 8973980
6224498 8973980
688216 8973980
9770215 8973980
93804 8973980
105574 8973980
8953977 8973980
7852234 8973980
5994082 8973980
776436 8973980
8089724 8973980
8018666 8973980
3682370 8973980
7492665 8973980
8255149 8973980
437537 8973980
4239273 8973980
664106 8973980
8459481 8973980
1609426 8973980
1257476 8973980
7384731 8973980
4319555 8973980
9366500 8973980
8644331 8973980
9567010 8973980
8556462 8973980
4929214 8973980
8870975 8973980
6168715 8973980
516941 8973980
7959078 8973980
966906 8973980
9479184 8973980
5919329 8973980
3941019 8973980
7317103 8973980
829778 8973980
6926406 8973980
9028540 8973980
6685663 8973980
6704027 8973980
9125849 8973980
9069060 8973980
155869 8973980
3719941 8973980
539591 8973980
4128641 8973980
5284212 8973980
273128 8973980
3802220 8973980
8056440 8973980
4253236 8973980
1283340 8973980
8962777 8973980
6136283 8973980
8780832 8973980
9569037 8973980
9412668 8973980
6189901 8973980
3531235 8973980
2822744 8973980
203509 8973980
8004545 8973980
9487689 8973980
8460852 8973980
2850516 8973980
3640842 8973980
4128043 8973980
1321238 8973980
6886745 8973980
2498741 8973980
2445967 8973980
7724235 8973980
3938412 8973980
6916207 8973980
915902 8973980
6829813 8973980
2725241 8973980
3710235 8973980
578201 8973980
9397228 8973980
9644908 8973980
5612211 8973980
3786256 8973980
5376790 8973980
3512393 8973980
9295356 8973980
3815309 8973980
3361783 8973980
3709694 8973980
1337826 8973980
5173615 8973980
2516077 8973980
6482007 8973980
2102817 8973980
7431656 8973980
8690759 8973980
645248 8973980
9955833 8973980
2218534 8973980
1580697 8973980
6727642 8973980
9069234 8973980
4303080 8973980
7869896 8973980
9962287 8973980
3218065 8973980
9663505 8973980
1344101 8973980
8165591 8973980
9886484 8973980
9868458 8973980
3915303 8973980
6274922 8973980
2810952 8973980
307597 8973980
9060168 8973980
7614142 8973980
5852533 8973980
5981426 8973980
713112 8973980
4780196 8973980
6832559 8973980
5396160 8973980
6342472 8973980
5424362 8973980
2771084 8973980
1693717 8973980
4166195 8973980
7689108 8973980
4576686 8973980
5846703 8973980
6321819 8973980
875123 8973980
752862 8973980
7759051 8973980
3781419 8973980
509148 8973980
9682330 8973980
1030940 8973980
3296745 8973980
5641924 8973980
6170926 8973980
3491797 8973980
7135300 8973980
409849 8973980
4642489 8973980
1001279 8973980
3724704 8973980
7792644 8973980
923062 8973980
6625448 8973980
1771513 8973980
9386845 8973980
7636070 8973980
6578727 8973980
7789597 8973980
6658711 8973980
3640665 8973980
7707363 8973980
6501205 8973980
8662691 8973980
577235 8973980
999893 8973980
7813283 8973980
9018449 8973980
5411022 8973980
6965952 8973980
8005179 8973980
6417263 8973980
1052512 8973980
5926149 8973980
3522715 8973980
3900650 8973980
8056658 8973980
2450586 8973980
439659 8973980
7056565 8973980
5307350 8973980
4296194 8973980
1890378 8973980
3546444 8973980
4876153 8973980
7494112 8973980
979109 8973980
35406 8973980
7856198 8973980
284856 8973980
1590239 8973980
2004982 8973980
9606469 8973980
1963117 8973980
3564392 8973980
4745183 8973980
4303691 8973980
2122286 8973980
5499773 8973980
5845276 8973980
9507358 8973980
3101107 8973980
5428792 8973980
8919461 8973980
6658631 8973980
2999747 8973980
7928267 8973980
5869222 8973980
2874278 8973980
2044661 8973980
3814882 8973980
5048966 8973980
9384890 8973980
5391930 8973980
9776074 8973980
1058037 8973980
9147297 8973980
3939143 8973980
9167227 8973980
6432799 8973980
4152638 8973980
5456011 8973980
1979772 8973980
316627 8973980
8906994 8973980
844514 8973980
477803 8973980
5857397 8973980
7533104 8973980
6613167 8973980
2331845 8973980
6865625 8973980
437760 8973980
2437541 8973980
5370777 8973980
1423243 8973980
7171571 8973980
4810831 8973980
6862816 8973980
7291669 8973980
2317085 8973980
5060142 8973980
1829531 8973980
3157813 8973980
8380289 8973980
6742692 8973980
6773000 8973980
873985 8973980
4570442 8973980
2345190 8973980
1082047 8973980
9160851 8973980
6441836 8973980
3209051 8973980
5604474 8973980
8608433 8973980
9983993 8973980
3046684 8973980
6580356 8973980
7288360 8973980
6980723 8973980
545912 8973980
4323681 8973980
8978949 8973980
7524669 8973980
8540477 8973980
158996 8973980
2038576 8973980
8132970 8973980
4985277 8973980
3799541 8973980
9686855 8973980
5510011 8973980
4787708 8973980
3175437 8973980
7725284 8973980
9226468 8973980
1191877 8973980
1678478 8973980
2034285 8973980
8998762 8973980
5553284 8973980
4843762 8973980
5489184 8973980
8295584 8973980
3689068 8973980
9253723 8973980
2370018 8973980
5982430 8973980
7709888 8973980
6687002 8973980
8953565 8973980
5767411 8973980
6899428 8973980
4770586 8973980
7566862 8973980
624526 8973980
9114604 8973980
612451 8973980
8689095 8973980
3977694 8973980
9646811 8973980
5883344 8973980
5872506 8973980
2129430 8973980
3582763 8973980
5744722 8973980
172560 8973980
660928 8973980
9517577 8973980
1618649 8973980
8394535 8973980
6399598 8973980
1117106 8973980
8221886 8973980
4862871 8973980
3808443 8973980
1683301 8973980
3583242 8973980
4060567 8973980
9598081 8973980
8799408 8973980
5430920 8973980
1157738 8973980
8101104 8973980
4106410 8973980
7642569 8973980
8059735 8973980
9992564 8973980
7722084 8973980
670481 8973980
9765078 8973980
7138451 8973980
6356974 8973980
5895458 8973980
225531 8973980
6722771 8973980
8179721 8973980
6283979 8973980
6397244 8973980
8018446 8973980
8286644 8973980
7452907 8973980
1296772 8973980
4702694 8973980
1943604 8973980
1545189 8973980
245734 8973980
1933754 8973980
4947780 8973980
3963904 8973980
5430174 8973980
7237576 8973980
1464808 8973980
1209907 8973980
1469479 8973980
459701 8973980
6595357 8973980
1381711 8973980
2207304 8973980
4989712 8973980
3271400 8973980
4179572 8973980
7971721 8973980
7196833 8973980
6002512 8973980
8123375 8973980
38473 8973980
5340193 8973980
6455093 8973980
3295778 8973980
3727099 8973980
3748207 8973980
5088328 8973980
9918980 8973980
4282326 8973980
255809 8973980
8179108 8973980
9262403 8973980
2983355 8973980
3508549 8973980
6273545 8973980
8120351 8973980
7267894 8973980
8023540 8973980
2381947 8973980
9381988 8973980
1953266 8973980
4822466 8973980
7080185 8973980
2562743 8973980
3896793 8973980
