1000
36 52
36 52
84 74
69 22
95 2
84 74
70 47
97 96
84 74
70 47
11 91
25 43
8 25
70 47
11 91
81 20
8 25
54 25
40 22
53 30
70 47
14 58
14 58
36 52
97 96
7 63
97 96
14 58
14 58
82 96
7 63
36 52
69 22
69 22
11 91
81 20
40 22
8 25
97 96
53 52
38 96
82 96
50 29
14 47
53 30
53 52
14 47
36 52
53 30
81 20
25 43
14 58
14 47
50 29
84 74
53 52
8 25
8 25
82 96
40 22
40 22
50 29
82 96
40 22
95 2
69 22
40 22
95 2
36 52
69 22
53 52
25 43
14 58
82 96
81 20
82 96
36 52
82 96
97 96
7 63
84 74
36 52
14 58
11 91
38 96
14 47
50 29
69 22
84 74
81 20
53 52
97 96
11 91
53 30
53 30
84 74
36 52
84 74
14 47
14 58
25 43
95 2
69 22
14 58
14 58
53 52
84 74
50 29
69 22
11 91
25 43
14 47
11 91
40 22
54 25
70 47
53 52
81 20
7 63
81 20
8 25
82 96
70 47
36 52
97 96
97 96
84 74
40 22
70 47
8 25
38 96
69 22
81 20
53 30
50 29
38 96
70 47
7 63
69 22
53 52
36 52
14 58
84 74
70 47
14 47
14 47
38 96
8 25
53 52
7 63
50 29
7 63
11 91
36 52
70 47
50 29
36 52
53 30
8 25
40 22
53 30
38 96
8 25
84 74
53 30
81 20
81 20
69 22
36 52
14 47
53 52
11 91
69 22
81 20
95 2
14 58
14 58
36 52
70 47
8 25
36 52
50 29
84 74
50 29
69 22
81 20
7 63
97 96
8 25
8 25
69 22
7 63
70 47
25 43
8 25
82 96
97 96
69 22
14 58
7 63
53 52
8 25
14 58
7 63
95 2
8 25
97 96
50 29
53 30
40 22
53 52
81 20
53 52
14 58
82 96
7 63
70 47
81 20
81 20
84 74
82 96
8 25
14 58
14 47
25 43
38 96
36 52
7 63
8 25
53 30
81 20
11 91
69 22
36 52
53 52
7 63
53 30
84 74
14 47
25 43
95 2
14 47
50 29
95 2
14 58
50 29
11 91
97 96
11 91
11 91
14 47
14 47
53 52
7 63
14 58
53 30
11 91
7 63
50 29
69 22
8 25
14 58
40 22
84 74
84 74
14 58
40 22
40 22
40 22
38 96
53 30
95 2
54 25
14 58
25 43
95 2
53 52
38 96
69 22
54 25
53 52
36 52
81 20
97 96
50 29
7 63
81 20
40 22
11 91
7 63
50 29
81 20
40 22
8 25
40 22
50 29
97 96
11 91
97 96
14 58
54 25
14 47
84 74
82 96
8 25
70 47
7 63
50 29
53 30
40 22
53 30
14 47
7 63
84 74
95 2
14 58
53 52
38 96
14 58
84 74
14 58
81 20
97 96
14 47
95 2
7 63
36 52
82 96
7 63
11 91
11 91
25 43
53 52
14 58
25 43
53 30
7 63
82 96
82 96
50 29
53 52
53 52
8 25
97 96
54 25
14 47
81 20
69 22
97 96
38 96
11 91
11 91
14 47
82 96
54 25
8 25
11 91
11 91
8 25
11 91
11 91
38 96
84 74
53 30
40 22
69 22
14 58
50 29
95 2
53 30
8 25
14 58
50 29
25 43
69 22
50 29
84 74
97 96
11 91
53 52
14 47
54 25
38 96
36 52
8 25
53 30
95 2
11 91
11 91
97 96
7 63
81 20
40 22
40 22
38 96
11 91
95 2
84 74
40 22
97 96
81 20
70 47
95 2
69 22
7 63
84 74
14 58
40 22
36 52
14 47
69 22
54 25
7 63
82 96
38 96
38 96
97 96
82 96
81 20
7 63
14 47
25 43
38 96
84 74
11 91
81 20
53 52
7 63
84 74
38 96
84 74
36 52
95 2
53 30
7 63
69 22
14 58
54 25
7 63
36 52
70 47
82 96
14 47
84 74
14 58
25 43
36 52
81 20
81 20
53 52
82 96
50 29
69 22
53 52
97 96
95 2
7 63
8 25
53 52
8 25
50 29
82 96
81 20
53 30
40 22
97 96
14 47
70 47
84 74
82 96
14 58
14 47
84 74
50 29
14 58
50 29
11 91
97 96
82 96
14 58
70 47
14 58
14 58
69 22
53 30
7 63
25 43
84 74
53 30
8 25
50 29
53 52
40 22
8 25
40 22
11 91
69 22
14 47
40 22
54 25
11 91
36 52
36 52
70 47
82 96
14 58
95 2
50 29
14 47
84 74
70 47
14 58
50 29
36 52
81 20
14 58
25 43
54 25
11 91
40 22
84 74
40 22
53 30
14 58
84 74
53 52
82 96
70 47
53 30
38 96
82 96
14 58
97 96
38 96
69 22
36 52
36 52
14 58
7 63
70 47
7 63
25 43
81 20
81 20
40 22
36 52
36 52
97 96
40 22
14 58
69 22
97 96
82 96
70 47
36 52
95 2
69 22
53 30
11 91
36 52
95 2
14 47
7 63
14 58
36 52
53 52
7 63
50 29
8 25
84 74
38 96
40 22
14 47
81 20
25 43
7 63
38 96
11 91
97 96
81 20
53 52
70 47
69 22
54 25
97 96
95 2
53 30
40 22
81 20
70 47
95 2
38 96
38 96
84 74
11 91
14 47
95 2
53 52
69 22
69 22
53 30
70 47
38 96
38 96
53 30
81 20
7 63
50 29
84 74
53 30
84 74
11 91
82 96
84 74
53 30
14 58
40 22
8 25
53 52
69 22
38 96
14 58
70 47
38 96
81 20
54 25
82 96
54 25
84 74
14 47
7 63
40 22
25 43
14 47
95 2
11 91
40 22
95 2
81 20
54 25
38 96
84 74
54 25
97 96
25 43
8 25
53 30
95 2
25 43
84 74
40 22
25 43
53 52
40 22
38 96
40 22
53 52
97 96
7 63
53 30
84 74
14 58
14 58
53 30
81 20
82 96
69 22
8 25
84 74
54 25
69 22
25 43
7 63
7 63
95 2
7 63
53 30
8 25
95 2
50 29
7 63
14 58
53 30
11 91
38 96
7 63
40 22
97 96
70 47
7 63
14 58
84 74
11 91
40 22
95 2
97 96
8 25
82 96
82 96
14 58
69 22
81 20
7 63
38 96
38 96
25 43
50 29
54 25
95 2
14 47
50 29
25 43
84 74
38 96
36 52
38 96
38 96
84 74
40 22
50 29
70 47
53 30
50 29
14 58
82 96
54 25
36 52
81 20
7 63
95 2
8 25
84 74
82 96
53 52
69 22
54 25
53 30
11 91
84 74
40 22
97 96
50 29
11 91
36 52
53 52
40 22
97 96
11 91
8 25
14 47
8 25
38 96
14 47
36 52
70 47
97 96
7 63
25 43
70 47
36 52
14 47
97 96
40 22
36 52
97 96
7 63
82 96
81 20
38 96
95 2
70 47
8 25
8 25
82 96
81 20
95 2
53 52
53 30
8 25
54 25
54 25
11 91
84 74
53 30
54 25
95 2
70 47
40 22
70 47
95 2
54 25
54 25
14 58
53 30
7 63
53 30
97 96
14 47
84 74
40 22
7 63
7 63
81 20
70 47
38 96
14 58
7 63
38 96
97 96
95 2
54 25
97 96
84 74
14 58
14 58
81 20
81 20
7 63
81 20
8 25
36 52
82 96
54 25
53 30
81 20
81 20
50 29
14 47
53 30
38 96
7 63
53 52
38 96
84 74
38 96
53 52
54 25
14 58
70 47
81 20
82 96
97 96
53 30
84 74
97 96
7 63
54 25
82 96
95 2
82 96
84 74
95 2
81 20
40 22
25 43
14 47
53 30
40 22
14 47
82 96
82 96
14 47
50 29
40 22
69 22
11 91
50 29
25 43
53 52
14 47
25 43
40 22
95 2
25 43
14 58
81 20
54 25
70 47
53 30
84 74
40 22
38 96
53 52
53 52
95 2
53 30
36 52
95 2
95 2
82 96
40 22
38 96
50 29
70 47
7 63
81 20
14 47
54 25
14 58
8 25
53 52
69 22
40 22
69 22
38 96
7 63
53 52
8 25
69 22
50 29
97 96
95 2
81 20
70 47
14 58
53 30
25 43
53 30
69 22
8 25
25 43
95 2
8 25
25 43
82 96
36 52
81 20
69 22
7 63
82 96
70 47
53 30
38 96
95 2
11 91
40 22
36 52
50 29
70 47
7 63
8 25
8 25
53 52
40 22
7 63
69 22
95 2
8 25
70 47
82 96
8 25
50 29
84 74
53 30
38 96
82 96
97 96
81 20
11 91
69 22
82 96
36 52
53 30
36 52
69 22
53 52
38 96
14 47
25 43
36 52
82 96
14 47
38 96
54 25
69 22
53 30
82 96
25 43
38 96
11 91
54 25
84 74
53 30
53 30
69 22
53 52
7 63
38 96
36 52
84 74
70 47
11 91
25 43
53 30
82 96
53 30
25 43
53 52
36 52
81 20
