5000
1 9998000
2001 9996001
4000 9994001
6003 9992000
8003 9990003
10003 9988000
12003 9986003
14002 9983999
16003 9981999
17999 9980000
20003 9978002
22003 9975999
24001 9974000
26003 9972003
28002 9970000
30000 9967999
32002 9965999
34003 9964002
36000 9962002
38002 9960003
40002 9958000
42002 9956003
44000 9954003
45999 9952002
48002 9950000
50001 9948002
52003 9946001
53999 9944000
55999 9942002
58002 9940001
60000 9938001
62003 9936000
64001 9933999
66001 9932001
68003 9930003
70000 9928001
72002 9926002
74000 9924000
76001 9922001
78002 9920002
80000 9918000
82002 9916002
84000 9914002
86003 9911999
88000 9910003
90003 9908002
91999 9906002
94003 9903999
96003 9902003
98001 9900002
100002 9897999
102000 9896001
104001 9894002
106001 9892003
108001 9889999
110000 9887999
112000 9886000
113999 9884002
116001 9881999
117999 9880003
120000 9878002
122000 9875999
124000 9874003
126000 9872000
128001 9870003
130003 9868001
132001 9866001
134000 9864002
136002 9862003
138001 9860000
139999 9858002
142003 9855999
143999 9854001
145999 9852002
148000 9850001
149999 9848000
152002 9846003
154000 9844001
156001 9842001
158001 9840003
160002 9837999
161999 9836001
164002 9833999
166003 9832000
167999 9829999
169999 9828002
172001 9826003
174000 9824002
176000 9822001
178000 9820003
180002 9818003
182001 9816000
184001 9814001
186001 9811999
188001 9809999
190002 9808000
192002 9805999
194002 9804000
196002 9802001
197999 9799999
200000 9798001
202002 9796002
204001 9793999
205999 9792001
208000 9789999
210003 9788001
212001 9786001
214003 9784000
215999 9782001
218001 9780001
220000 9778000
222002 9775999
223999 9774002
226003 9772000
228002 9770002
230000 9768003
232003 9766000
233999 9764000
235999 9762001
238002 9759999
240002 9758000
242001 9755999
244001 9754001
245999 9752003
248000 9749999
250001 9748002
252001 9746002
254003 9743999
256003 9742000
258002 9740002
260003 9738000
262000 9735999
264002 9734002
266001 9732000
267999 9730003
270002 9728002
272002 9725999
274001 9724003
276000 9722003
278002 9719999
280001 9718000
282000 9716002
284001 9714000
286000 9712000
288003 9710000
290003 9707999
292002 9706002
294001 9704002
296002 9702002
298000 9700003
300002 9698002
302001 9696001
304001 9693999
306000 9692000
308003 9690001
309999 9687999
312003 9686002
314002 9684000
316002 9681999
317999 9680001
320002 9678003
322003 9676002
324000 9674001
326001 9672001
328003 9669999
330002 9668002
332001 9665999
334003 9664000
336001 9662002
338003 9660000
340001 9658001
342000 9656003
344002 9654000
345999 9651999
347999 9650002
350001 9647999
352003 9646003
353999 9644000
356003 9642001
358002 9640003
360000 9638002
362003 9636000
363999 9633999
366003 9632001
367999 9630001
370000 9628001
372001 9626003
373999 9624001
375999 9622001
378003 9620002
380002 9617999
382001 9616002
384000 9613999
386000 9612000
388000 9610000
390001 9608003
392001 9606001
394002 9604003
396002 9602000
398001 9600002
400001 9598003
402001 9595999
404003 9594003
406002 9592002
407999 9590002
409999 9588003
412000 9586001
413999 9584000
416001 9582001
418000 9580003
420001 9578001
421999 9576000
424000 9574001
425999 9571999
428002 9569999
429999 9568002
432001 9566002
434003 9564001
436000 9562000
438002 9560002
439999 9558002
442000 9556000
444000 9554001
446001 9551999
448000 9550003
450000 9548001
452000 9545999
453999 9544000
456000 9542002
458002 9540001
459999 9538000
462003 9535999
464002 9534003
466003 9532002
468003 9529999
470002 9528001
471999 9526002
474003 9523999
476002 9522000
478000 9520003
480003 9518003
482002 9516000
484002 9513999
486001 9512003
488002 9510000
490002 9508002
492003 9506000
494001 9503999
495999 9502000
498002 9500002
499999 9498001
501999 9496002
504002 9494001
506002 9492000
508002 9490000
509999 9488000
512001 9486000
513999 9484002
516001 9481999
518002 9479999
520000 9478000
522000 9476000
523999 9474003
526001 9472003
528000 9470001
530003 9468000
531999 9466000
534003 9464000
536000 9462003
537999 9460003
540000 9458001
541999 9456000
543999 9454003
546001 9452001
548001 9450000
550001 9448003
552000 9446003
554002 9444000
556003 9442000
558003 9440000
560002 9437999
562003 9436002
564000 9434000
566002 9432000
568001 9429999
570000 9428003
572002 9426002
574003 9424002
576001 9422002
578002 9420002
580003 9418003
582001 9415999
584003 9413999
585999 9412001
588001 9410000
590003 9408001
592001 9406001
594002 9403999
596002 9402002
598001 9400003
600002 9397999
601999 9395999
604000 9394000
606001 9391999
608002 9389999
610000 9387999
612002 9385999
614000 9384000
616002 9382000
618001 9380000
619999 9377999
621999 9375999
623999 9374001
626003 9371999
628003 9370000
630002 9368000
632001 9366002
633999 9364000
635999 9362003
638002 9360003
640001 9357999
642000 9356001
644001 9354003
645999 9352002
648001 9350000
650001 9348002
652002 9346002
654003 9344000
656000 9342000
658000 9340000
660003 9338002
662003 9336003
664002 9334000
666000 9331999
668002 9330002
670002 9328001
671999 9326003
674001 9324000
676000 9322000
678000 9320001
679999 9318003
682000 9316003
683999 9314003
686002 9311999
688002 9310003
690002 9308002
692002 9305999
693999 9304001
696000 9302002
698001 9300002
700000 9298000
702001 9296000
704001 9294001
705999 9292001
708002 9290003
710001 9288003
712000 9286002
713999 9283999
716003 9282001
718002 9280000
720003 9278000
722001 9275999
723999 9273999
726002 9271999
728002 9270002
730002 9268000
732000 9265999
734003 9264001
736002 9262000
738002 9259999
740002 9258003
742003 9256001
743999 9254001
746003 9252000
747999 9250000
749999 9248000
752000 9246001
754000 9244000
755999 9242003
758003 9240000
760000 9238003
762002 9236000
764000 9234002
766000 9231999
768003 9229999
770000 9228001
772001 9226002
774000 9224001
776001 9222000
777999 9220003
779999 9218002
782002 9216000
784002 9213999
786000 9211999
788001 9209999
790000 9208000
791999 9206000
794002 9204002
796002 9202002
797999 9200002
800000 9198002
802001 9196003
804003 9194000
806003 9192002
808002 9189999
810000 9188000
812002 9186002
814002 9183999
816002 9181999
818001 9180000
820002 9177999
822000 9176002
824003 9174002
826001 9172002
827999 9170001
830000 9168001
832003 9165999
834000 9163999
836000 9162000
838002 9160001
840000 9158003
842001 9156000
844002 9154003
846002 9152001
848003 9150001
850000 9148002
852003 9146001
854000 9144002
856002 9142002
858003 9140001
859999 9137999
862001 9136000
864003 9134003
866001 9132001
868001 9130001
870002 9128002
872000 9125999
873999 9124002
876001 9122002
878000 9120000
880001 9118002
882000 9116002
883999 9114003
886002 9112000
888003 9109999
889999 9108001
891999 9105999
894002 9104002
896002 9102003
898003 9100001
900002 9097999
902000 9096001
904002 9094003
905999 9091999
907999 9090001
910001 9088002
911999 9086001
914002 9084000
916003 9082003
917999 9080000
919999 9078003
922002 9076000
923999 9073999
925999 9072000
928001 9070000
930003 9068000
932002 9065999
934001 9064001
935999 9062002
938002 9059999
940003 9058001
942003 9056003
944001 9053999
946000 9052001
948000 9050002
950000 9047999
951999 9046002
954001 9044002
956002 9042001
958001 9040002
960003 9037999
962002 9036000
963999 9034002
966002 9032000
968003 9030002
969999 9028001
972001 9026002
974002 9023999
976002 9022002
978000 9020002
980003 9018003
982000 9016001
984000 9014000
985999 9012002
988002 9010003
990002 9008000
992000 9006003
993999 9004002
995999 9002000
997999 9000002
1000000 8998003
1002002 8995999
1004001 8994001
1005999 8992003
1008002 8990001
1010003 8988001
1012003 8986000
1014002 8983999
1015999 8981999
1018002 8980001
1020001 8977999
1022002 8976000
1024000 8974002
1026002 8972002
1028001 8970003
1030003 8968003
1032003 8966001
1034001 8963999
1036002 8962003
1038003 8960003
1040003 8958002
1042003 8956003
1044003 8954001
1045999 8952003
1047999 8950001
1050001 8948003
1052002 8946003
1054000 8944000
1055999 8942000
1057999 8940001
1060003 8938000
1061999 8936001
1064003 8934002
1066001 8932002
1068000 8930002
1069999 8927999
1072001 8926000
1074003 8924001
1076002 8922002
1078002 8919999
1080000 8918000
1082002 8916003
1084003 8914000
1085999 8912001
1088002 8909999
1090003 8907999
1092000 8905999
1094003 8904002
1096003 8902003
1098001 8900001
1100002 8897999
1102003 8895999
1103999 8894002
1105999 8892002
1108003 8890000
1110001 8888001
1111999 8886002
1114000 8884002
1116000 8882003
1118000 8880001
1120002 8878000
1122003 8876003
1124000 8874000
1126002 8872002
1128003 8870003
1130001 8868003
1132001 8866001
1134002 8864003
1136001 8861999
1137999 8860001
1140000 8858000
1141999 8855999
1143999 8854003
1146002 8852001
1148003 8850000
1150002 8848002
1151999 8846003
1154000 8844002
1156003 8842003
1158003 8840003
1160003 8838002
1162001 8836002
1164003 8834001
1166002 8832003
1168000 8830002
1170002 8828000
1172003 8826000
1174001 8823999
1176001 8822003
1178002 8819999
1179999 8818001
1182002 8816000
1184001 8814003
1185999 8812000
1188001 8810003
1190001 8808001
1192001 8806001
1194002 8804003
1196000 8802001
1198002 8800000
1200001 8798001
1202003 8796001
1204002 8793999
1206000 8792003
1208001 8790000
1210003 8788001
1212002 8786001
1214003 8784003
1215999 8781999
1218001 8780001
1220002 8777999
1222002 8776003
1224001 8773999
1226002 8772002
1227999 8770000
1229999 8768003
1232003 8766003
1234000 8764002
1236003 8761999
1238002 8759999
1240000 8758000
1241999 8755999
1244001 8754002
1246001 8752001
1247999 8750001
1250003 8748001
1252003 8746000
1254001 8743999
1256001 8742000
1257999 8740001
1260000 8738001
1262002 8736001
1264000 8733999
1266000 8732001
1268003 8730003
1270000 8727999
1272002 8725999
1274000 8724002
1275999 8722000
1277999 8720003
1280000 8718000
1282003 8716002
1284001 8714001
1286003 8712003
1288003 8710002
1290000 8708001
1291999 8706000
1294002 8704000
1296000 8701999
1298001 8700001
1300002 8698001
1301999 8696002
1303999 8694001
1306003 8692000
1308002 8690002
1310002 8688002
1312002 8685999
1314002 8684002
1316003 8682003
1318003 8680002
1320002 8678002
1321999 8675999
1324001 8674000
1326000 8671999
1328000 8669999
1330003 8668003
1332002 8666003
1333999 8664003
1336002 8661999
1337999 8660002
1340001 8658000
1342002 8656002
1344002 8653999
1345999 8651999
1348002 8650001
1350003 8648002
1352000 8645999
1354003 8644000
1356000 8642003
1358001 8639999
1360001 8638000
1362002 8636002
1364001 8634000
1366001 8632003
1368002 8629999
1370001 8628000
1372003 8626002
1374002 8624002
1375999 8622000
1378000 8620000
1379999 8618000
1381999 8616000
1384003 8613999
1385999 8612000
1388002 8610000
1390000 8607999
1392002 8606003
1394002 8603999
1396000 8602000
1397999 8600001
1400001 8598001
1401999 8596000
1404002 8594002
1405999 8592002
1408003 8590000
1410000 8587999
1412003 8586001
1414001 8584003
1416002 8582001
1418002 8579999
1420002 8577999
1422003 8575999
1424003 8573999
1425999 8571999
1427999 8569999
1430002 8568003
1431999 8566003
1434003 8564000
1436003 8562000
1438001 8560001
1440001 8558001
1441999 8556001
1444000 8553999
1446003 8551999
1448001 8550002
1450001 8548001
1452003 8546000
1454002 8543999
1456002 8542003
1458000 8540000
1460003 8538002
1462003 8536002
1464003 8534003
1466002 8532003
1468000 8529999
1470000 8528002
1472001 8526000
1474000 8524001
1476003 8522003
1478003 8519999
1480002 8517999
1482003 8516000
1484000 8514000
1486000 8511999
1488000 8510000
1490002 8508000
1492001 8506000
1494000 8503999
1496002 8501999
1498000 8500001
1500002 8498001
1501999 8496000
1504002 8494002
1506003 8491999
1508002 8489999
1510000 8488002
1512001 8486000
1514003 8483999
1516000 8482001
1517999 8480000
1520002 8477999
1522003 8476002
1524000 8473999
1525999 8472003
1528003 8470000
1529999 8468000
1532002 8465999
1534000 8464001
1536000 8462002
1538001 8460003
1540000 8458000
1542002 8456003
1544001 8454003
1546000 8452002
1548003 8449999
1550002 8448000
1552001 8446001
1554001 8443999
1556002 8442003
1558002 8440001
1560000 8437999
1562002 8436003
1564001 8433999
1565999 8432003
1568001 8430003
1570003 8428003
1571999 8426002
1574002 8423999
1575999 8421999
1578000 8420003
1580001 8418002
1582001 8416000
1583999 8414002
1586002 8412000
1588003 8409999
1590002 8407999
1592003 8406000
1594002 8404001
1596001 8402003
1598001 8399999
1599999 8398001
1602001 8396001
1604001 8394001
1605999 8392003
1608003 8390002
1610000 8388000
1612001 8386000
1614001 8383999
1615999 8382000
1618002 8380001
1620001 8378002
1622002 8375999
1624001 8374001
1626000 8371999
1628003 8370003
1630001 8368001
1632000 8366001
1634002 8363999
1636001 8362000
1638001 8360002
1640000 8358002
1642000 8356001
1643999 8354003
1646000 8352001
1648003 8349999
1650000 8348000
1652003 8345999
1654001 8344002
1656003 8341999
1658001 8340000
1660001 8338001
1662003 8335999
1663999 8334002
1666001 8332000
1667999 8330001
1670003 8328003
1672003 8326003
1673999 8324001
1676003 8322001
1678000 8320002
1680002 8318001
1682001 8316002
1684003 8314000
1686001 8312000
1688002 8309999
1690000 8308000
1692001 8306002
1694003 8303999
1695999 8302000
1698000 8299999
1700000 8298000
1701999 8296001
1703999 8294001
1706003 8292000
1708000 8290000
1710002 8287999
1712001 8286001
1714001 8284003
1715999 8282003
1718002 8279999
1720001 8278001
1722001 8275999
1724002 8274001
1726001 8271999
1728002 8270003
1730000 8268002
1732000 8266000
1733999 8263999
1735999 8261999
1738000 8259999
1740000 8258000
1741999 8256003
1744003 8254000
1746000 8251999
1748002 8250000
1750000 8248003
1752001 8246000
1754001 8243999
1756000 8242000
1758003 8240003
1760002 8237999
1762001 8236003
1764002 8234000
1765999 8232003
1767999 8229999
1770001 8228002
1772003 8225999
1774002 8224003
1776002 8222003
1777999 8220000
1780003 8218002
1782000 8216001
1784002 8214001
1786003 8212000
1787999 8210002
1790000 8208003
1791999 8206002
1794001 8204003
1796003 8202002
1798001 8200003
1799999 8198001
1802003 8195999
1804002 8193999
1806003 8192001
1808002 8189999
1810003 8187999
1812003 8186002
1814003 8184002
1816001 8182002
1818003 8180001
1820001 8178003
1821999 8176000
1824001 8174002
1826002 8172002
1828003 8170001
1830002 8167999
1831999 8166001
1834001 8164000
1836001 8162001
1838003 8160001
1840001 8158002
1842001 8156001
1844001 8153999
1846000 8152001
1848003 8150001
1850002 8147999
1852002 8146003
1854002 8144002
1856002 8142000
1857999 8140003
1859999 8137999
1862000 8135999
1863999 8134000
1866000 8132003
1868000 8130001
1869999 8128002
1872001 8125999
1874001 8124002
1876002 8122000
1878000 8119999
1880002 8118003
1882000 8116002
1884002 8114002
1885999 8112002
1888001 8110001
1889999 8107999
1891999 8106002
1894003 8104003
1896002 8102000
1898002 8100001
1900001 8098002
1901999 8096000
1904000 8094000
1906000 8092001
1908001 8090001
1910002 8088001
1912002 8086002
1914003 8084001
1916003 8082001
1918002 8080000
1920003 8078002
1922002 8076001
1924002 8074003
1926003 8072003
1927999 8070002
1930002 8068003
1932003 8065999
1934002 8064001
1936001 8062001
1938002 8060001
1940003 8058001
1942002 8056001
1944000 8053999
1946001 8051999
1948002 8050002
1950002 8048000
1952000 8045999
1954001 8044000
1956002 8042000
1958003 8040000
1960001 8038002
1962000 8036000
1964001 8034000
1966000 8032003
1967999 8030000
1970003 8028002
1972003 8026001
1974002 8023999
1976003 8022001
1978000 8020000
1980002 8018001
1981999 8015999
1984001 8014000
1986001 8012003
1988000 8010003
1990001 8007999
1992003 8006001
1993999 8004003
1996000 8002002
1998000 7999999
1999999 7998000
2002001 7996002
2004003 7994003
2006000 7992002
2008001 7990002
2010000 7988001
2011999 7986002
2014003 7984001
2016002 7982001
2018001 7979999
2020002 7978003
2022003 7976001
2023999 7974002
2026001 7972000
2028000 7970001
2030000 7967999
2032000 7966001
2034000 7964000
2036000 7961999
2038001 7960003
2039999 7958002
2042002 7956000
2044000 7953999
2046001 7952002
2047999 7950000
2049999 7948002
2052001 7946002
2054000 7944003
2055999 7942002
2058002 7940002
2060003 7938003
2062002 7935999
2064003 7934000
2065999 7931999
2068003 7929999
2070002 7928001
2072000 7925999
2073999 7923999
2076001 7922003
2078003 7919999
2080003 7918003
2081999 7916001
2083999 7914000
2086001 7911999
2088002 7910003
2090000 7908002
2092000 7906001
2094002 7903999
2096002 7902002
2098003 7899999
2099999 7898002
2101999 7896002
2104001 7894003
2106000 7892003
2107999 7890001
2110002 7887999
2111999 7886003
2114003 7884001
2116000 7882001
2118001 7880003
2120001 7878000
2122001 7876002
2123999 7874003
2126000 7872003
2128000 7870002
2129999 7868001
2131999 7866001
2134001 7864003
2135999 7862003
2138001 7860003
2140001 7858003
2142003 7855999
2144003 7854002
2146001 7852002
2148000 7850002
2150000 7848000
2152003 7845999
2154002 7844003
2156001 7842002
2157999 7840001
2159999 7838000
2161999 7836002
2164003 7834000
2166003 7832002
2168003 7829999
2170002 7828003
2172003 7825999
2174002 7824000
2175999 7822000
2178001 7820003
2180001 7818000
2182000 7816002
2183999 7814002
2186002 7812001
2187999 7810001
2190000 7807999
2191999 7806001
2194001 7804003
2196002 7802003
2198002 7800001
2200000 7798000
2202002 7795999
2204003 7793999
2205999 7792001
2208000 7790001
2210001 7788000
2212001 7786000
2213999 7784001
2216002 7782003
2218003 7779999
2220003 7778001
2222003 7776002
2224001 7774003
2226002 7771999
2228002 7770002
2229999 7768002
2232001 7766001
2233999 7764001
2236000 7762000
2238002 7760000
2240001 7758000
2241999 7756002
2244000 7754002
2246000 7751999
2248003 7750003
2250001 7747999
2252001 7746003
2254003 7744003
2256000 7742002
2258000 7740002
2260003 7737999
2262001 7736003
2264002 7734003
2266001 7732000
2268002 7730000
2270002 7728003
2271999 7726000
2274000 7724000
2276002 7722000
2277999 7720000
2280003 7718001
2282000 7716002
2283999 7714000
2286001 7712000
2287999 7710003
2290001 7708003
2292002 7706002
2293999 7704001
2296003 7702002
2298003 7700001
2300001 7698001
2302001 7696000
2303999 7694003
2305999 7692002
2308002 7690003
2310002 7688000
2311999 7686000
2314001 7684003
2316000 7682000
2318000 7680002
2320001 7678003
2322003 7676001
2324002 7673999
2326001 7672001
2328000 7670003
2329999 7668001
2332002 7666003
2334003 7664002
2335999 7662000
2338003 7660000
2340001 7658003
2342003 7655999
2344002 7654003
2346003 7651999
2348000 7650001
2350000 7648000
2352000 7645999
2353999 7643999
2356002 7642002
2357999 7640001
2360002 7637999
2362003 7636002
2364001 7634000
2365999 7632001
2367999 7630003
2370002 7628002
2372000 7626003
2374002 7624002
2376001 7622000
2378001 7620001
2379999 7618000
2382002 7616002
2384000 7613999
2386001 7612002
2388002 7610000
2390003 7607999
2391999 7606002
2393999 7604003
2396002 7602002
2397999 7599999
2399999 7598000
2402000 7596002
2404003 7593999
2406001 7592002
2407999 7590003
2410002 7588003
2411999 7585999
2414002 7584000
2416000 7582003
2418003 7580000
2420002 7578000
2422000 7576002
2424003 7574000
2426000 7572003
2428002 7570003
2430000 7568000
2432002 7566002
2434002 7564001
2435999 7562002
2438000 7560003
2440001 7558001
2442003 7555999
2443999 7554002
2445999 7552000
2447999 7549999
2450001 7548002
2452003 7546002
2453999 7544002
2456003 7542001
2458002 7540001
2460000 7538002
2462001 7535999
2464002 7534003
2466003 7532002
2468001 7530001
2469999 7527999
2472003 7525999
2473999 7524003
2475999 7522000
2477999 7520000
2480001 7518003
2482000 7516002
2484001 7514002
2486003 7512000
2488001 7510003
2489999 7508000
2492002 7506003
2494000 7503999
2496001 7502001
2498000 7499999
2499999 7498002
2501999 7496002
2504000 7493999
2506002 7492003
2508001 7490003
2510002 7488001
2511999 7486003
2514000 7483999
2516003 7482000
2517999 7480003
2520000 7477999
2522003 7476001
2524003 7474000
2525999 7472000
2528002 7470000
2530002 7468001
2532003 7465999
2534000 7464000
2536003 7462002
2538003 7460003
2540002 7457999
2542000 7456002
2544001 7453999
2546003 7452001
2548003 7450000
2550002 7447999
2552001 7446000
2553999 7444001
2556003 7441999
2558001 7440000
2559999 7438001
2562002 7435999
2564002 7434000
2565999 7432000
2568003 7430001
2569999 7427999
2571999 7426003
2574003 7424002
2576002 7422001
2577999 7419999
2579999 7418002
2582000 7415999
2584002 7414002
2586003 7412003
2588003 7410002
2589999 7407999
2592002 7406002
2594001 7404003
2596000 7401999
2598001 7400001
2600002 7398001
2602002 7396003
2604002 7394001
2606003 7392003
2608002 7390001
2610003 7387999
2611999 7386003
2613999 7383999
2616000 7382003
2618001 7380002
2620002 7378002
2622003 7376002
2623999 7374001
2626001 7372002
2628001 7370002
2630003 7367999
2632001 7366003
2634002 7364003
2636001 7362003
2638001 7359999
2640003 7358000
2642002 7356002
2644002 7354002
2646001 7352002
2648001 7350002
2650003 7348002
2651999 7346000
2654000 7344002
2656001 7341999
2658001 7340001
2660000 7338001
2662002 7336003
2664003 7333999
2665999 7332001
2668000 7330001
2670003 7328000
2672003 7326001
2674000 7324002
2675999 7321999
2678003 7319999
2680000 7317999
2682003 7316000
2683999 7314000
2686003 7312003
2687999 7310002
2690000 7307999
2691999 7306001
2694001 7304002
2696000 7302000
2697999 7299999
2700000 7297999
2702000 7296002
2704000 7294002
2705999 7291999
2708000 7290002
2710003 7287999
2711999 7286001
2714000 7284003
2716000 7282003
2718001 7280002
2720001 7278003
2721999 7276001
2724002 7274003
2726003 7272001
2728001 7269999
2730003 7268000
2732003 7266002
2734000 7264001
2736000 7262003
2738003 7259999
2740003 7258000
2741999 7256002
2743999 7254001
2746002 7252001
2748003 7249999
2749999 7248002
2752000 7246002
2754002 7243999
2755999 7242001
2758003 7240001
2760003 7238003
2762001 7236000
2764001 7234003
2766000 7232000
2768001 7230003
2770002 7228003
2771999 7226001
2774003 7224002
2776002 7222001
2778000 7220001
2780002 7218002
2782002 7216003
2784003 7214001
2786003 7212002
2788002 7210003
2790003 7208001
2792002 7206002
2794002 7204002
2796002 7202002
2798001 7200000
2800000 7198002
2802003 7196001
2804002 7194000
2806001 7192000
2808000 7189999
2809999 7188000
2812002 7186002
2814001 7184002
2816002 7182003
2818001 7180001
2820001 7177999
2822002 7176001
2823999 7174003
2826001 7171999
2828002 7170002
2830003 7168003
2832000 7166002
2834002 7164003
2836001 7162003
2838001 7159999
2840001 7158000
2842002 7156003
2844001 7153999
2846003 7151999
2848003 7150002
2850002 7148003
2852002 7146001
2854002 7144001
2856002 7142002
2857999 7140003
2860002 7138002
2862002 7136002
2864000 7134002
2865999 7132002
2868002 7129999
2870001 7128000
2872000 7126003
2874003 7124000
2875999 7122001
2877999 7119999
2880003 7118003
2882003 7115999
2884001 7114001
2886001 7112001
2887999 7110001
2890001 7108001
2892001 7106002
2893999 7104000
2896003 7102000
2898001 7100002
2900001 7098001
2902003 7096002
2904003 7094001
2906001 7092003
2908001 7089999
2910001 7087999
2911999 7085999
2913999 7084002
2916000 7081999
2918000 7079999
2920002 7078000
2922002 7076000
2924003 7073999
2926002 7071999
2928000 7070003
2930003 7068000
2931999 7066003
2934003 7064002
2936001 7062002
2938003 7060001
2940003 7058002
2942003 7056002
2944003 7053999
2946001 7051999
2948002 7050000
2949999 7048002
2952000 7046001
2954002 7044000
2956003 7042002
2957999 7040001
2960001 7038001
2962003 7036002
2964001 7033999
2966003 7032002
2968000 7030001
2970001 7028003
2972003 7026002
2974001 7024000
2976001 7022002
2978002 7020003
2980002 7018000
2982002 7015999
2984001 7014003
2986003 7012001
2988001 7010002
2990003 7008000
2991999 7006000
2994003 7004003
2996003 7002001
2998000 7000001
3000000 6998000
3002003 6995999
3003999 6993999
3006001 6992000
3007999 6989999
3010003 6987999
3012001 6986000
3014003 6984002
3016003 6982000
3018000 6980001
3019999 6978003
3022001 6976003
3024000 6974001
3026003 6971999
3028003 6970001
3030000 6968001
3031999 6965999
3034002 6964001
3035999 6962003
3038002 6959999
3040002 6957999
3042001 6956000
3044003 6954003
3046000 6952000
3048003 6950001
3050002 6948000
3052002 6946002
3054000 6944001
3055999 6941999
3057999 6940003
3060002 6938000
3062003 6936000
3064002 6934001
3065999 6932001
3068003 6930003
3070002 6928003
3072000 6926001
3074001 6924002
3076000 6922002
3078003 6920002
3079999 6918003
3082001 6916000
3083999 6914003
3086000 6912002
3088001 6909999
3090002 6908001
3091999 6905999
3094003 6904001
3096000 6902003
3098003 6900001
3099999 6898001
3101999 6895999
3104001 6894001
3105999 6892003
3108001 6889999
3110002 6887999
3112000 6886002
3114003 6884001
3115999 6882000
3118002 6880000
3119999 6878001
3122002 6875999
3124002 6873999
3125999 6872002
3128002 6870001
3130003 6868002
3132001 6866003
3134003 6864001
3136003 6862000
3138001 6860002
3140003 6858001
3142003 6856002
3144003 6853999
3146002 6852003
3148003 6850000
3150003 6848003
3152002 6846000
3153999 6844003
3156000 6842002
3158000 6840003
3160000 6838000
3162001 6835999
3164002 6834002
3166000 6832001
3168002 6830000
3170002 6827999
3172003 6826001
3174002 6824000
3176002 6822001
3177999 6820001
3180000 6818001
3182002 6816001
3183999 6814002
3185999 6812000
3187999 6809999
3189999 6808000
3192002 6806002
3194003 6804002
3196002 6802000
3197999 6800001
3200000 6798000
3202003 6796000
3204002 6794003
3205999 6792000
3208001 6789999
3209999 6787999
3211999 6785999
3214000 6784000
3216003 6782001
3218002 6780003
3220002 6778000
3222001 6776001
3224001 6774001
3226003 6772000
3228003 6769999
3230000 6768000
3232002 6766003
3234000 6764000
3236003 6762002
3238002 6760003
3240001 6758000
3241999 6756000
3244003 6754002
3246000 6752000
3247999 6750003
3249999 6748001
3252001 6746002
3254003 6744001
3256003 6742000
3258000 6740001
3259999 6738003
3262001 6735999
3264002 6734000
3266001 6732001
3268000 6730001
3269999 6728000
3272003 6726003
3273999 6724002
3276002 6721999
3278002 6720000
3280001 6718001
3282002 6716003
3284001 6714002
3286001 6712000
3288000 6710001
3290002 6707999
3291999 6706003
3293999 6704000
3296000 6702000
3298002 6700000
3300000 6698001
3301999 6696001
3304000 6694003
3306001 6691999
3308002 6690001
3310001 6688002
3312000 6686003
3314002 6684000
3316003 6682003
3318001 6680003
3320002 6677999
3321999 6676001
3323999 6674002
3326001 6672000
3328000 6670002
3330002 6668001
3332002 6665999
3334003 6664000
3336003 6662001
3338002 6660000
3340000 6657999
3342000 6656001
3344002 6654001
3346000 6651999
3348002 6650000
3349999 6648003
3352000 6646001
3354002 6644003
3356003 6642003
3358002 6640000
3360000 6638001
3362002 6636003
3364000 6634000
3366002 6632002
3368003 6630000
3370002 6628001
3372003 6626003
3373999 6624002
3376002 6622003
3378001 6620002
3379999 6618001
3382002 6615999
3384001 6614002
3386001 6612000
3388000 6609999
3390003 6607999
3392001 6605999
3394001 6604000
3396001 6602003
3398001 6600000
3399999 6598001
3401999 6596002
3404003 6594000
3405999 6592003
3407999 6590002
3410000 6588001
3412002 6585999
3414001 6584001
3416002 6582000
3418003 6580003
3420003 6578003
3422000 6576001
3423999 6574002
3426003 6571999
3428001 6570001
3430001 6568002
3432000 6566000
3434000 6564001
3436000 6562001
3438000 6560003
3440001 6557999
3442000 6555999
3443999 6553999
3445999 6552001
3448000 6550003
3449999 6547999
3452002 6546002
3454001 6544001
3456003 6542000
3458003 6540003
3460002 6537999
3462002 6536001
3464003 6534002
3466003 6532000
3468000 6530000
3469999 6528000
3472002 6525999
3474002 6524003
3476002 6522000
3477999 6519999
3480000 6518000
3481999 6516002
3484003 6514003
3486002 6512003
3488002 6509999
3490001 6508002
3491999 6506003
3494000 6504002
3496003 6501999
3498003 6499999
3499999 6498001
3502000 6496003
3504001 6494003
3506001 6492003
3508003 6489999
3509999 6488003
3512002 6486000
3514003 6484001
3516000 6482000
3518001 6479999
3519999 6478002
3521999 6475999
3524003 6474003
3526002 6472001
3528003 6469999
3530002 6468003
3531999 6465999
3533999 6464002
3535999 6462001
3538003 6460003
3540003 6458002
3542000 6456003
3544002 6454003
3546000 6451999
3548003 6450001
3550003 6448003
3552000 6446000
3554001 6444001
3555999 6442002
3558003 6440002
3560000 6437999
3561999 6436000
3564002 6433999
3566003 6432002
3567999 6430003
3570000 6428002
3572001 6425999
3574000 6424003
3575999 6422000
3577999 6420002
3580002 6418003
3582001 6416002
3584002 6414003
3586003 6412000
3588001 6410001
3590003 6408002
3592000 6406001
3594000 6404001
3596000 6401999
3598003 6400001
3600001 6398002
3602002 6395999
3604001 6394000
3606002 6392000
3608000 6389999
3610002 6388002
3612002 6386001
3614000 6384003
3615999 6381999
3617999 6379999
3620002 6378002
3622001 6376000
3623999 6374002
3625999 6372000
3628002 6369999
3629999 6368003
3631999 6366002
3633999 6364001
3636000 6362001
3638003 6360000
3640001 6358001
3642001 6356003
3644003 6354000
3646003 6351999
3648001 6350003
3650001 6348003
3652001 6346000
3654003 6343999
3656003 6342000
3657999 6340003
3660003 6338001
3662001 6336002
3664002 6334002
3666002 6332003
3668001 6330000
3670001 6328001
3672000 6326002
3674002 6324000
3676000 6322001
3678001 6320000
3680000 6318001
3682003 6316002
3684003 6314003
3686003 6312003
3688000 6310003
3690000 6308000
3692003 6306001
3694002 6304003
3696003 6302003
3698001 6299999
3699999 6298002
3702000 6296002
3704001 6293999
3705999 6292001
3708002 6290000
3710002 6287999
3712001 6285999
3714000 6284003
3716003 6282002
3718002 6280001
3719999 6277999
3722003 6276002
3724001 6274002
3726000 6272000
3728001 6269999
3730001 6268000
3732003 6265999
3734001 6264001
3736001 6262002
3737999 6260002
3740000 6257999
3742002 6256000
3743999 6253999
3746001 6252001
3748001 6250000
3750000 6247999
3752000 6246001
3754000 6243999
3756003 6242002
3758000 6240000
3760003 6238003
3762003 6236002
3763999 6234002
3765999 6232002
3767999 6230002
3770000 6228001
3772000 6225999
3774003 6223999
3776003 6221999
3778000 6219999
3780002 6217999
3781999 6216000
3784000 6214002
3786003 6212002
3788002 6210001
3790001 6208002
3792003 6206000
3793999 6204003
3795999 6202003
3798001 6200000
3800001 6197999
3801999 6195999
3804002 6193999
3806003 6192003
3808003 6190003
3810000 6188003
3812000 6186003
3814003 6184003
3816000 6182002
3818001 6180002
3820003 6178002
3822003 6176002
3824002 6174000
3826002 6172002
3828003 6170001
3830001 6167999
3832003 6166003
3834003 6164003
3836001 6162003
3838003 6160000
3840003 6157999
3842000 6156002
3844003 6154001
3846002 6152001
3848003 6149999
3850001 6148000
3851999 6146001
3854001 6144003
3856000 6142002
3858001 6140000
3860001 6138000
3862002 6136003
3864003 6134003
3866002 6132001
3868003 6130001
3870002 6128003
3872001 6125999
3874002 6124002
3876003 6122000
3877999 6120001
3880002 6118000
3881999 6116003
3884000 6114003
3886000 6112001
3888002 6110001
3890000 6107999
3892000 6106002
3894002 6104003
3896000 6101999
3898001 6100001
3900000 6098003
3901999 6095999
3904003 6094001
3906001 6091999
3908003 6089999
3909999 6088000
3912002 6086000
3914001 6084000
3916001 6082002
3918003 6080002
3920001 6078003
3922002 6076003
3924001 6074001
3926003 6072001
3928001 6070000
3930002 6068001
3932001 6066003
3933999 6064000
3935999 6062002
3937999 6059999
3940000 6058001
3942002 6056002
3944001 6054002
3946003 6051999
3948001 6050001
3950001 6048001
3952001 6046001
3954000 6044000
3956000 6042001
3958001 6040000
3960001 6037999
3962002 6036003
3963999 6034003
3966000 6032000
3968001 6030000
3970002 6028002
3972001 6026002
3974001 6024000
3975999 6022001
3977999 6020000
3979999 6018000
3982001 6016003
3984003 6014002
3986000 6012002
3988000 6010000
3990003 6008001
3992001 6006002
3994002 6003999
3996000 6002003
3998001 6000001
4000002 5998000
4002000 5996003
4004003 5994002
4006003 5992002
4008000 5990001
4010001 5988002
4012001 5986003
4013999 5984000
4016001 5982002
4018000 5980003
4020002 5978001
4021999 5976000
4024002 5974001
4026003 5972000
4028000 5970001
4030002 5968003
4032000 5966003
4034000 5963999
4036000 5962002
4038001 5960002
4040000 5958001
4042002 5956002
4043999 5954001
4046003 5951999
4048000 5950003
4050003 5948003
4052000 5945999
4054001 5944001
4056000 5942001
4058002 5940003
4059999 5938003
4062000 5936002
4064000 5934002
4066003 5932000
4068000 5930003
4070001 5928002
4071999 5926003
4074000 5924003
4075999 5922001
4078000 5920000
4080002 5918003
4082003 5916000
4084000 5914000
4085999 5912002
4088003 5910000
4089999 5908003
4092002 5905999
4094000 5904003
4096002 5902001
4098003 5900002
4100002 5897999
4102003 5896002
4104001 5893999
4106000 5892002
4108002 5889999
4110003 5888000
4112001 5885999
4114003 5883999
4116002 5882000
4118000 5880000
4120002 5877999
4122000 5876002
4124002 5874000
4126002 5872001
4128002 5869999
4130000 5868002
4132001 5865999
4133999 5863999
4135999 5862003
4138002 5860002
4140002 5858000
4142003 5856002
4144002 5854000
4146001 5852003
4147999 5849999
4150000 5848002
4152001 5846000
4154001 5844002
4155999 5842002
4158001 5840001
4160002 5838000
4162000 5836003
4164000 5834000
4166002 5832003
4168001 5830002
4170000 5828003
4172002 5826001
4174002 5824002
4176000 5821999
4178003 5820000
4180003 5818003
4182001 5815999
4184002 5814003
4186002 5812002
4187999 5810001
4190003 5808000
4191999 5806002
4194000 5804002
4196003 5802003
4198000 5800000
4200002 5798003
4201999 5796001
4203999 5794000
4206001 5792001
4208003 5790000
4210003 5788003
4211999 5786001
4214001 5784002
4216003 5782000
4218002 5779999
4220002 5777999
4221999 5776001
4223999 5773999
4226001 5771999
4227999 5770003
4230002 5768003
4232003 5766000
4234001 5764001
4236002 5762003
4238003 5760002
4240002 5757999
4242002 5755999
4244003 5754000
4246000 5751999
4247999 5750000
4249999 5748002
4252002 5746001
4254002 5744000
4256001 5742000
4258000 5740001
4260002 5738001
4262002 5735999
4264002 5734002
4265999 5732000
4267999 5730001
4270000 5728003
4272003 5726003
4274000 5724003
4276002 5722003
4278002 5719999
4280003 5718000
4282002 5716001
4284000 5714001
4285999 5712000
4288000 5710001
4290002 5708002
4292001 5706001
4293999 5704003
4296000 5702000
4298001 5700003
4300000 5698001
4302000 5695999
4304003 5693999
4306000 5692001
4308000 5690000
4310000 5688000
4312000 5686002
4314000 5684001
4315999 5682003
4318002 5680003
4320001 5678000
4321999 5676003
4324001 5674001
4326001 5672001
4328000 5669999
4330000 5667999
4332002 5666003
4334002 5664002
4336000 5662000
4337999 5660003
4340000 5658003
4342003 5655999
4344001 5654000
4345999 5652003
4348000 5650002
4349999 5648001
4352002 5646001
4354002 5644002
4356002 5641999
4358000 5640003
4360003 5638003
4362002 5636000
4364000 5634001
4366002 5631999
4368000 5630000
4370000 5628000
4372003 5626001
4374002 5624002
4376002 5622003
4378002 5620002
4380001 5618000
4381999 5616002
4384003 5613999
4386002 5612001
4388003 5609999
4390000 5608001
4392001 5606001
4394003 5604001
4396001 5602003
4398001 5600000
4399999 5597999
4402003 5596003
4404003 5594002
4406002 5592002
4408001 5590001
4410002 5588002
4412000 5586003
4414002 5584000
4416003 5582001
4417999 5579999
4420003 5578001
4422003 5576001
4424001 5574001
4426002 5571999
4428000 5569999
4430001 5568001
4432003 5565999
4433999 5564001
4436000 5562002
4438001 5560000
4439999 5558000
4441999 5555999
4444001 5553999
4446003 5552001
4448000 5549999
4450003 5548002
4451999 5545999
4454002 5544003
4456002 5542000
4458003 5540002
4460000 5538003
4462000 5536003
4464003 5534001
4466001 5532003
4468002 5529999
4469999 5528002
4472002 5526002
4473999 5524000
4475999 5522002
4478000 5519999
4480002 5518000
4481999 5516002
4483999 5513999
4486002 5512000
4488000 5510002
4490001 5508000
4491999 5506000
4494001 5504000
4496001 5502003
4498000 5500003
4500003 5497999
4502001 5496001
4503999 5494002
4506001 5491999
4508001 5490001
4510002 5488002
4512001 5486000
4514001 5484002
4515999 5482001
4518002 5480001
4520000 5478001
4522002 5476002
4523999 5474001
4526002 5472002
4528001 5470001
4530000 5468003
4532000 5465999
4534003 5464002
4536000 5461999
4537999 5460001
4539999 5458003
4542001 5456000
4543999 5454002
4545999 5452000
4548003 5450000
4550002 5447999
4552003 5446000
4554000 5444001
4556003 5442002
4558002 5440003
4560002 5438000
4562000 5436003
4564003 5434002
4566003 5432001
4568003 5430001
4570002 5428001
4572003 5426003
4574001 5424001
4575999 5421999
4578000 5419999
4580003 5417999
4582002 5416003
4584003 5414003
4586003 5411999
4588003 5410003
4589999 5408002
4592001 5406000
4594001 5404003
4595999 5401999
4598000 5400000
4600000 5398001
4602002 5396002
4604001 5394000
4606002 5392001
4608001 5390002
4610000 5388000
4612001 5386001
4614003 5384002
4616002 5382001
4618002 5380003
4620003 5378000
4622000 5376001
4624000 5374003
4626002 5372003
4628002 5370000
4630000 5368001
4632002 5366001
4634003 5364000
4635999 5362002
4637999 5359999
4640003 5358002
4642002 5355999
4644003 5353999
4645999 5352002
4648002 5350000
4650000 5348001
4652000 5346003
4654001 5344002
4656003 5342001
4658002 5340000
4659999 5338002
4662000 5336000
4664003 5334000
4666003 5332003
4668002 5330003
4670000 5328003
4672002 5326002
4674002 5324000
4676001 5322000
4678003 5320002
4680003 5318000
4681999 5316001
4684000 5314003
4686003 5312001
4688000 5310003
4689999 5308000
4692001 5306000
4694003 5304000
4696003 5301999
4698001 5300001
4699999 5298002
4701999 5296000
4704002 5294001
4706001 5291999
4708000 5290003
4710003 5288000
4712002 5286001
4714001 5284001
4715999 5282000
4718003 5280003
4720003 5278002
4721999 5276000
4724001 5273999
4726001 5272001
4728002 5270003
4730002 5267999
4731999 5266002
4734001 5264003
4735999 5262001
4738002 5260001
4739999 5258002
4742000 5256002
4744000 5254001
4746002 5252001
4748001 5250002
4750003 5248003
4752002 5246002
4754001 5244003
4756001 5242002
4758003 5240002
4760001 5237999
4762001 5236002
4763999 5233999
4766002 5232002
4768003 5230003
4770002 5228000
4771999 5225999
4773999 5224003
4776002 5221999
4778002 5220002
4780001 5218000
4782002 5215999
4783999 5213999
4786003 5212000
4788002 5210002
4789999 5208002
4792002 5206001
4794001 5204000
4796003 5201999
4798002 5200000
4799999 5198001
4802002 5196000
4803999 5194001
4806001 5192000
4808002 5190003
4810001 5188003
4812000 5185999
4814002 5184001
4816000 5182001
4818000 5179999
4820002 5178000
4822003 5175999
4824000 5174002
4826003 5172002
4828000 5170001
4830001 5168000
4832002 5166002
4834001 5164002
4836003 5162002
4837999 5160001
4839999 5158000
4842003 5156000
4843999 5154000
4846000 5152000
4848003 5150002
4850003 5148001
4851999 5146000
4854002 5144000
4856003 5142000
4858000 5140001
4860001 5138001
4862001 5136002
4864002 5134002
4866003 5132002
4868000 5129999
4870003 5128001
4872001 5126003
4874003 5124002
4876003 5122000
4877999 5119999
4880002 5117999
4882003 5116001
4884002 5114001
4885999 5112002
4888000 5110002
4889999 5108002
4891999 5106003
4894001 5104002
4896002 5102002
4898002 5100002
4900002 5098001
4902003 5096002
4903999 5094001
4906002 5092001
4908000 5089999
4910001 5088000
4911999 5085999
4914000 5084001
4916001 5081999
4917999 5080001
4920001 5078003
4922000 5076000
4924001 5073999
4926002 5072003
4928001 5069999
4930002 5068000
4932000 5065999
4934003 5064003
4936003 5061999
4938000 5060000
4940003 5058000
4942002 5055999
4944002 5054000
4946000 5051999
4948003 5049999
4950001 5048001
4951999 5046003
4954002 5044002
4956002 5042001
4958000 5040001
4959999 5037999
4962003 5036003
4964002 5034002
4966002 5032000
4968003 5030000
4970002 5028003
4972000 5026000
4974000 5024001
4976003 5022000
4978003 5019999
4980001 5017999
4981999 5016002
4984002 5014000
4986001 5012001
4988002 5010003
4989999 5007999
4992003 5006001
4994001 5004003
4996001 5002002
4998003 5000000
5000000 4998002
5002000 4996002
5004000 4994000
5005999 4992001
5008002 4990000
5010003 4988002
5012001 4985999
5014000 4984003
5016000 4982003
5017999 4980003
5019999 4978002
5022003 4975999
5024003 4973999
5026000 4972003
5027999 4970003
5030003 4968003
5032001 4966000
5034000 4964003
5036002 4962003
5037999 4960002
5039999 4958001
5041999 4956002
5044002 4954003
5046003 4952002
5048000 4950002
5050000 4948001
5052001 4945999
5054002 4944003
5056000 4942002
5058000 4940001
5060003 4938001
5062001 4936000
5064002 4934000
5066003 4931999
5068003 4930000
5069999 4928003
5072002 4926001
5074002 4924001
5076000 4922001
5078001 4920002
5079999 4918003
5081999 4916000
5084002 4914003
5086000 4912000
5087999 4909999
5089999 4908003
5091999 4906003
5093999 4904001
5096003 4902003
5098002 4900002
5100003 4898003
5102000 4896003
5103999 4893999
5106002 4892002
5108001 4890000
5109999 4888001
5112001 4885999
5114002 4884003
5115999 4882001
5118003 4880000
5120001 4878001
5122001 4876003
5124003 4874003
5125999 4872000
5128002 4870002
5129999 4868002
5131999 4866000
5134000 4864002
5135999 4861999
5137999 4859999
5140003 4858001
5142000 4856003
5144000 4853999
5146002 4852000
5147999 4850000
5150001 4848002
5151999 4845999
5154002 4844002
5156003 4842001
5158000 4840002
5159999 4838001
5162003 4836000
5164000 4834003
5165999 4832001
5168000 4830001
5170003 4828001
5172000 4826002
5174000 4823999
5176002 4822000
5178003 4820000
5179999 4818002
5182001 4816001
5183999 4814001
5186001 4812003
5188003 4810002
5189999 4807999
5192002 4806003
5194003 4804003
5196003 4802000
5198001 4800002
5200002 4798000
5202002 4796001
5203999 4794003
5206003 4792000
5208003 4790003
5210001 4788003
5212003 4786003
5214001 4784002
5215999 4782002
5217999 4780002
5220002 4777999
5222000 4776003
5224000 4774002
5226002 4771999
5227999 4769999
5229999 4768001
5232001 4766003
5234001 4764002
5236001 4761999
5238001 4760001
5240002 4758003
5242001 4756000
5244001 4754003
5246000 4752003
5248003 4750003
5250000 4747999
5252003 4745999
5254001 4743999
5256002 4742000
5258002 4740003
5260001 4738003
5261999 4736002
5264002 4734003
5265999 4732000
5268001 4730003
5269999 4728000
5272003 4726002
5274002 4723999
5276001 4721999
5278000 4720001
5280001 4718000
5282002 4715999
5284001 4714003
5285999 4711999
5288002 4710002
5290000 4708000
5291999 4706002
5294002 4704002
5296001 4701999
5297999 4699999
5299999 4698003
5302000 4696001
5303999 4694001
5306003 4692002
5308001 4690000
5310001 4688001
5312001 4685999
5314003 4684000
5316001 4681999
5318001 4680002
5320002 4678003
5322001 4676000
5324002 4674000
5325999 4672000
5328003 4670001
5330000 4668000
5332002 4666000
5334002 4664003
5336001 4661999
5338000 4660003
5340003 4658000
5342002 4656000
5344000 4654001
5346003 4652000
5348000 4649999
5349999 4647999
5351999 4646000
5353999 4644000
5356003 4641999
5357999 4640003
5360003 4638003
5361999 4636001
5364002 4634000
5365999 4632000
5368000 4630002
5369999 4628002
5372001 4626003
5374001 4624001
5376003 4622003
5378002 4620002
5380003 4617999
5382001 4616003
5384000 4614003
5386002 4612003
5388002 4610001
5390001 4607999
5392001 4606003
5393999 4603999
5395999 4601999
5398002 4600003
5399999 4598002
5402001 4596002
5404003 4594001
5406001 4592003
5408002 4590002
5410001 4588002
5412000 4586000
5414003 4584002
5416001 4582000
5418002 4580000
5420001 4578000
5422002 4575999
5424001 4573999
5426003 4571999
5428000 4570001
5430000 4568002
5432002 4566003
5434002 4564003
5436002 4562002
5437999 4560002
5440001 4558002
5442002 4556001
5444001 4553999
5446003 4551999
5447999 4550001
5450003 4548000
5452001 4546003
5453999 4543999
5455999 4542002
5458000 4540001
5460003 4538003
5462000 4536000
5464001 4534001
5465999 4532003
5468000 4529999
5469999 4528001
5472001 4525999
5474001 4524000
5476003 4522001
5478001 4520001
5480002 4518000
5482001 4516000
5484003 4514001
5486000 4512002
5488000 4510003
5490000 4508001
5491999 4506003
5494000 4504000
5496002 4502003
5498001 4500001
5500001 4498000
5502003 4496001
5504003 4493999
5506003 4492001
5508003 4490002
5509999 4488001
5512003 4486003
5514001 4484000
5516003 4482003
5518002 4480001
5520000 4478000
5521999 4476000
5524003 4474003
5526002 4471999
5528001 4470003
5530002 4468000
5532002 4466003
5534002 4464003
5536001 4462003
5538001 4460003
5539999 4458003
5542000 4455999
5544000 4453999
5545999 4452000
5547999 4450000
5550003 4447999
5552000 4446001
5553999 4444001
5556000 4441999
5558003 4440002
5559999 4437999
5562001 4436002
5564003 4434003
5565999 4432003
5568001 4430001
5570000 4428001
5572003 4426002
5574001 4424003
5576003 4422003
5578001 4420003
5579999 4418001
5582001 4416000
5584001 4414002
5586002 4412000
5588001 4410001
5590000 4408002
5591999 4406000
5594002 4404002
5596000 4402001
5598002 4399999
5600003 4398003
5602001 4396003
5604003 4393999
5606002 4392002
5607999 4389999
5610001 4388000
5612002 4386000
5613999 4384003
5615999 4381999
5618002 4380003
5620001 4377999
5622001 4376001
5624002 4374002
5625999 4372001
5628000 4370001
5630003 4368002
5632001 4366002
5634003 4364001
5636000 4362001
5638002 4360001
5640003 4358002
5642001 4355999
5644001 4354001
5646001 4352000
5648003 4349999
5650002 4348002
5651999 4346003
5654001 4344002
5655999 4342000
5657999 4340002
5660000 4337999
5662002 4335999
5664001 4334000
5665999 4332003
5668000 4330001
5670002 4328002
5672002 4326000
5674001 4324001
5676003 4322002
5678002 4320003
5679999 4318003
5682002 4315999
5684003 4314000
5686001 4311999
5688002 4310001
5690002 4308002
5692002 4305999
5694000 4304001
5696001 4302002
5698000 4299999
5699999 4297999
5702003 4295999
5704001 4294001
5706001 4292000
5708002 4290001
5710001 4287999
5711999 4286000
5714002 4284000
5715999 4281999
5718002 4280001
5720003 4278003
5722002 4276000
5723999 4273999
5726003 4272000
5727999 4270003
5730002 4268000
5731999 4265999
5734001 4264003
5736002 4262001
5738001 4260003
5740002 4258002
5742003 4256000
5744003 4254003
5746000 4252001
5748000 4249999
5749999 4248003
5752000 4246002
5754003 4244000
5756000 4242001
5757999 4240001
5759999 4238001
5762003 4236002
5764002 4234002
5766000 4232000
5767999 4230001
5770000 4227999
5772002 4226002
5774002 4224002
5776002 4222002
5778001 4220002
5780000 4218001
5781999 4216001
5783999 4214002
5785999 4212000
5788000 4209999
5789999 4207999
5792003 4206001
5794002 4204002
5796001 4202000
5798000 4200002
5800002 4198002
5801999 4196002
5804001 4194001
5805999 4192001
5808002 4190003
5810003 4188001
5812001 4186003
5814000 4184003
5816001 4182000
5817999 4180001
5820000 4177999
5822003 4176001
5824003 4174002
5826001 4172001
5828003 4170001
5830000 4168003
5832003 4165999
5833999 4163999
5836000 4162000
5838001 4160003
5840002 4158001
5842001 4156001
5844002 4154003
5846003 4152003
5848001 4150003
5850000 4148002
5852000 4146002
5854002 4144003
5855999 4142001
5857999 4140003
5859999 4138003
5862000 4136000
5864000 4134001
5866000 4132002
5868001 4130002
5870003 4128003
5872001 4126001
5873999 4123999
5875999 4122001
5878000 4120003
5880002 4118002
5882000 4116002
5883999 4114001
5886002 4111999
5888003 4110003
5890000 4108001
5892000 4106001
5894003 4104000
5896001 4102001
5898002 4100003
5900002 4098003
5902003 4096001
5904001 4094000
5906003 4092002
5908003 4090002
5910002 4087999
5911999 4086002
5914000 4084002
5915999 4082003
5917999 4080001
5920002 4078000
5922001 4076001
5924002 4074001
5926002 4072000
5928000 4069999
5930001 4068001
5932001 4066001
5934003 4063999
5936001 4062001
5938002 4060003
5940001 4057999
5942003 4056001
5944001 4054002
5946001 4051999
5948001 4050001
5950001 4047999
5952003 4046003
5954002 4044001
5955999 4042003
5957999 4040002
5960001 4038002
5962000 4036000
5964001 4034000
5966001 4032003
5968002 4030002
5970001 4028002
5972000 4025999
5974002 4024001
5976001 4022003
5978000 4020000
5979999 4018003
5982000 4015999
5984003 4014003
5986003 4012002
5987999 4010001
5989999 4008003
5992000 4006003
5994003 4003999
5996002 4002003
5997999 4000000
5999999 3998000
6002000 3995999
6004001 3994003
6005999 3991999
6008003 3990001
6010003 3988000
6012000 3986001
6014003 3983999
6015999 3982000
6017999 3980002
6020000 3978002
6022002 3976002
6024001 3973999
6026003 3972002
6028003 3970003
6030002 3967999
6032001 3966000
6034003 3964003
6036000 3962000
6038002 3960002
6040002 3958000
6042000 3956002
6043999 3953999
6045999 3952002
6047999 3950001
6050003 3948001
6052001 3946002
6054002 3943999
6056002 3942002
6057999 3940000
6059999 3938001
6061999 3936001
6064003 3934001
6066001 3932002
6068002 3930002
6070002 3927999
6071999 3925999
6073999 3924001
6076000 3922000
6078000 3919999
6080000 3918000
6082000 3916000
6084003 3913999
6085999 3911999
6087999 3910003
6090000 3908003
6092001 3905999
6094001 3904001
6095999 3902002
6098003 3899999
6099999 3897999
6102000 3896001
6104001 3894001
6105999 3891999
6108000 3889999
6110001 3888003
6112003 3886002
6114003 3884000
6116001 3882000
6118002 3880003
6119999 3878001
6122001 3876003
6123999 3873999
6126003 3871999
6128000 3870002
6129999 3868000
6132002 3866002
6134003 3863999
6136000 3862000
6138002 3860000
6140002 3858000
6142000 3856003
6144001 3854000
6145999 3852000
6148001 3850000
6150003 3848003
6152003 3845999
6154002 3844002
6156003 3842003
6158002 3840003
6159999 3838001
6162001 3836003
6163999 3833999
6166001 3832003
6168003 3830000
6170002 3827999
6172000 3826001
6174001 3824003
6176003 3822003
6178000 3820002
6180000 3817999
6181999 3815999
6183999 3814000
6186002 3812000
6188002 3810001
6190002 3807999
6192003 3806003
6194000 3804003
6195999 3802000
6198001 3800000
6200003 3797999
6202001 3796001
6204003 3794003
6205999 3792000
6208001 3790001
6210002 3788000
6212003 3786002
6213999 3784001
6216003 3782002
6218003 3779999
6220003 3778002
6222001 3775999
6224003 3774000
6226000 3772001
6227999 3770001
6230000 3768003
6232000 3765999
6233999 3764003
6236001 3762001
6238002 3760002
6240000 3758002
6242003 3755999
6244001 3753999
6246000 3752003
6248000 3750000
6250001 3748000
6251999 3746002
6254001 3744001
6256001 3742001
6258003 3740003
6260000 3738002
6262000 3736001
6264001 3734003
6265999 3732002
6268002 3730003
6270002 3728000
6272002 3725999
6274000 3724003
6276002 3722000
6278003 3720002
6280003 3717999
6282002 3716003
6283999 3714000
6286001 3711999
6288002 3710001
6290001 3708000
6292001 3706003
6294002 3704000
6296002 3702000
6298001 3699999
6300003 3698003
6302003 3696000
6304003 3694003
6306003 3692003
6307999 3690003
6310003 3687999
6312003 3686003
6314001 3684003
6316001 3682003
6318003 3680001
6320003 3678003
6321999 3675999
6323999 3674002
6325999 3671999
6328000 3670001
6330001 3667999
6332003 3666000
6334002 3664003
6335999 3662002
6338002 3659999
6340003 3658001
6342002 3656001
6344003 3654001
6346000 3652000
6348002 3649999
6350000 3647999
6352002 3645999
6354000 3644003
6356003 3642003
6358000 3640000
6360001 3637999
6362000 3636001
6364001 3634001
6366003 3632001
6368002 3630001
6370001 3628000
6372001 3626003
6374003 3624001
6376002 3622003
6378001 3620003
6379999 3618003
6382002 3616000
6383999 3614002
6386000 3612003
6388000 3610002
6390000 3608001
6392003 3606002
6394002 3604002
6395999 3602003
6397999 3600003
6399999 3597999
6402002 3596000
6404001 3593999
6406003 3591999
6408001 3590001
6410003 3588000
6412000 3586002
6413999 3584000
6415999 3582003
6418003 3580001
6420000 3578001
6421999 3576002
6424002 3574003
6426000 3572000
6428003 3570000
6430002 3568001
6432002 3566003
6434000 3563999
6435999 3562001
6438001 3560003
6440002 3558002
6442002 3556000
6444001 3554000
6446001 3552002
6448000 3549999
6450000 3547999
6452000 3546000
6454001 3544000
6456001 3542000
6458002 3539999
6459999 3538000
6462001 3535999
6463999 3534000
6466001 3531999
6468001 3529999
6470002 3528001
6472002 3526000
6474000 3523999
6476002 3522003
6478003 3520001
6480000 3517999
6482002 3515999
6484001 3513999
6486001 3512002
6488002 3510000
6490000 3507999
6492000 3506002
6494003 3504000
6496000 3501999
6497999 3500001
6500003 3498001
6502003 3496001
6504000 3494003
6506000 3491999
6508002 3490000
6510001 3488002
6512001 3486000
6514001 3483999
6516003 3482001
6518003 3479999
6520003 3478002
6522000 3476000
6523999 3474003
6526001 3471999
6527999 3470001
6530003 3468003
6532001 3466002
6534003 3464002
6536000 3462001
6538002 3460003
6540002 3458001
6542001 3456000
6544002 3454003
6546001 3452001
6548000 3450002
6550002 3447999
6551999 3446000
6554003 3443999
6556000 3442002
6558002 3440000
6559999 3437999
6562003 3436003
6564001 3434000
6566003 3432001
6567999 3430003
6570002 3428003
6572001 3426001
6574001 3424001
6576003 3421999
6578003 3420001
6580002 3418003
6581999 3416003
6583999 3414001
6586002 3412003
6587999 3410002
6590000 3408003
6592000 3406001
6593999 3404002
6596001 3402001
6598000 3400000
6600000 3397999
6601999 3395999
6604002 3394000
6606002 3391999
6607999 3389999
6609999 3388002
6611999 3386002
6614001 3384003
6615999 3381999
6618000 3380002
6620000 3378001
6622002 3376003
6624001 3374001
6625999 3372003
6628003 3370002
6630002 3368002
6632000 3365999
6634000 3364003
6636001 3362001
6637999 3360003
6640003 3358000
6642000 3356003
6644001 3354003
6646002 3352001
6648002 3350000
6650000 3348001
6652001 3346002
6654000 3343999
6656000 3342002
6658000 3340000
6660000 3338003
6662002 3336003
6664003 3333999
6666002 3332001
6667999 3330000
6670003 3328003
6671999 3326001
6674003 3324002
6675999 3322000
6678002 3320002
6680001 3318000
6682001 3316002
6684000 3314003
6685999 3312003
6687999 3310003
6690001 3307999
6692002 3306002
6694003 3304000
6696003 3302000
6697999 3300000
6700003 3298003
6701999 3296003
6703999 3294000
6706002 3291999
6708003 3290001
6710000 3287999
6712001 3286003
6714002 3284001
6715999 3282003
6718002 3280001
6719999 3278000
6722001 3275999
6724000 3274002
6725999 3272001
6727999 3270002
6730001 3268002
6732001 3266003
6734003 3264000
6736000 3261999
6738003 3260001
6740000 3257999
6742003 3256001
6744002 3253999
6746003 3251999
6748003 3250003
6750001 3248001
6751999 3246001
6754001 3244003
6756001 3242002
6758000 3240001
6760002 3237999
6762002 3236000
6764001 3234000
6766001 3232001
6768002 3230001
6770000 3228003
6772000 3226000
6774000 3224002
6776002 3222000
6778000 3219999
6780000 3218001
6782000 3216001
6784003 3214000
6786002 3212000
6787999 3210001
6790001 3208003
6792000 3206001
6794002 3204001
6795999 3202000
6797999 3200003
6800003 3198002
6802003 3196000
6804002 3194002
6806003 3192001
6808000 3189999
6810001 3188002
6812003 3186001
6814002 3184002
6815999 3182003
6818002 3180002
6820000 3178003
6822000 3176003
6824001 3174000
6826001 3172003
6827999 3170000
6830002 3168002
6832003 3166003
6834001 3164003
6836002 3162001
6838001 3160001
6840000 3158003
6842001 3155999
6844000 3154001
6846001 3152003
6847999 3150002
6850002 3147999
6852002 3146000
6854002 3144001
6855999 3142003
6858003 3140001
6860003 3138003
6862001 3136002
6864002 3134000
6866002 3132003
6868001 3130000
6870003 3128003
6872001 3126002
6874003 3124002
6876003 3122000
6878003 3120001
6880003 3118002
6882002 3116003
6884001 3114000
6885999 3112003
6888002 3110002
6889999 3108003
6892000 3105999
6894002 3104003
6896001 3102003
6897999 3100001
6899999 3098001
6902003 3096003
6904002 3093999
6906003 3092001
6908002 3090003
6910003 3088003
6912002 3085999
6914000 3084000
6916000 3082003
6918003 3080001
6920002 3078000
6922000 3076001
6923999 3074002
6926001 3072001
6928001 3070002
6929999 3068003
6932002 3066001
6934003 3064000
6936002 3061999
6938000 3059999
6940002 3057999
6941999 3056003
6944000 3054001
6946000 3052003
6948003 3050001
6950003 3048003
6952003 3046000
6954003 3044002
6956001 3042000
6958003 3040002
6959999 3038001
6962002 3036002
6964001 3034003
6966001 3032002
6968000 3030001
6970003 3027999
6972003 3026002
6974000 3024001
6976003 3022000
6978001 3020003
6980000 3018001
6982001 3016003
6984002 3013999
6986002 3011999
6988000 3010001
6990003 3007999
6992003 3005999
6994001 3004000
6995999 3002003
6998003 3000001
6999999 2997999
7002003 2995999
7003999 2994000
7006000 2992002
7008000 2990002
7010003 2987999
7012001 2986000
7014003 2983999
7016000 2982000
7018003 2980001
7019999 2978001
7021999 2975999
7024002 2974003
7026003 2972000
7028001 2970002
7030002 2967999
7032002 2966002
7034000 2964000
7036000 2962001
7038003 2960001
7040001 2957999
7042003 2956000
7044003 2954003
7046001 2952001
7048001 2949999
7050003 2948001
7052003 2946001
7054000 2944002
7056000 2942001
7058002 2940000
7060003 2937999
7061999 2935999
7064002 2934003
7065999 2932002
7067999 2930000
7070000 2928002
7072003 2926003
7074003 2924002
7076002 2921999
7078003 2920001
7079999 2918000
7082001 2916001
7083999 2914001
7086001 2911999
7088001 2909999
7089999 2908001
7092000 2905999
7094001 2904003
7096001 2901999
7098003 2900003
7100003 2898002
7102003 2896001
7104001 2894000
7106000 2892002
7107999 2889999
7110003 2888001
7112003 2886003
7114002 2884002
7115999 2882000
7117999 2879999
7120003 2878003
7122001 2875999
7124000 2874001
7125999 2872003
7128002 2870001
7130000 2868001
7131999 2865999
7134001 2864003
7136002 2862001
7138002 2860003
7140001 2858000
7142003 2856000
7143999 2854001
7146002 2852001
7148000 2849999
7150000 2848001
7152002 2846001
7154000 2844003
7156002 2841999
7158003 2840000
7160002 2838000
7162000 2836000
7164003 2834002
7166001 2832000
7168000 2830000
7170002 2828002
7172003 2826002
7174001 2824000
7176002 2821999
7178003 2819999
7180003 2818003
7181999 2816003
7184001 2814002
7186003 2812000
7188003 2810001
7190000 2808002
7192002 2806000
7194001 2804003
7196000 2802000
7198002 2799999
7200000 2798003
7202002 2796001
7204000 2794003
7206000 2792003
7207999 2790002
7210003 2788001
7212000 2786000
7214001 2784003
7215999 2782002
7218001 2780001
7220001 2778001
7222002 2776001
7224001 2774000
7226001 2771999
7228002 2770001
7229999 2768001
7232000 2766001
7234001 2763999
7236000 2762003
7237999 2760003
7239999 2758000
7242003 2756001
7244003 2753999
7245999 2752001
7248001 2750002
7249999 2748000
7252002 2745999
7254000 2744003
7255999 2742002
7257999 2740000
7260003 2738002
7262003 2736000
7264002 2734001
7265999 2732001
7268003 2730001
7270003 2727999
7272000 2726003
7274001 2724001
7276003 2721999
7278003 2720000
7279999 2718002
7282002 2716002
7284003 2714000
7286002 2712000
7288002 2710001
7290002 2708002
7292001 2706001
7294003 2704002
7296000 2702003
7298002 2700001
7300001 2698000
7302002 2696003
7303999 2693999
7305999 2692001
7307999 2689999
7310003 2688000
7312003 2686000
7313999 2684002
7316003 2682003
7318002 2679999
7320003 2678002
7322003 2676000
7324003 2674000
7325999 2672003
7328000 2670001
7330002 2668001
7332003 2666002
7334003 2664001
7336001 2662002
7338001 2660002
7339999 2658001
7342002 2656003
7344003 2654000
7346002 2651999
7348001 2650000
7350000 2648002
7352003 2646001
7354002 2644000
7356001 2642003
7358001 2640001
7360003 2638002
7362000 2636003
7363999 2634003
7366001 2631999
7367999 2630001
7370000 2628003
7372001 2626002
7374002 2624001
7376003 2622001
7378000 2620001
7380003 2618000
7381999 2616000
7384000 2613999
7386002 2611999
7388002 2610001
7390002 2608000
7392002 2606001
7394000 2604000
7396001 2602002
7398001 2600003
7400001 2597999
7402000 2596003
7404001 2594000
7406001 2592001
7408003 2590000
7410003 2588001
7412000 2586003
7414001 2584002
7416003 2582001
7418002 2580000
7420000 2578002
7422000 2575999
7423999 2574001
7426002 2572002
7428000 2570003
7430003 2568002
7432000 2566003
7434000 2564003
7435999 2561999
7438003 2560000
7440000 2558000
7441999 2556000
7443999 2554002
7446003 2552003
7448001 2550001
7450003 2548003
7451999 2546001
7453999 2543999
7455999 2542001
7458001 2540001
7460003 2538001
7462003 2536002
7464003 2534003
7465999 2532002
7468003 2530000
7469999 2528002
7472001 2525999
7474002 2523999
7475999 2522002
7478001 2520001
7480003 2518000
7482003 2516003
7484003 2513999
7486001 2511999
7487999 2510003
7490000 2508002
7492003 2506001
7494002 2503999
7496002 2502001
7498003 2499999
7500003 2498000
7502002 2495999
7504003 2494000
7506003 2492000
7508000 2490001
7510002 2488001
7512002 2486002
7514003 2484003
7516001 2482001
7517999 2480003
7520000 2478003
7522001 2476001
7524003 2474003
7525999 2472002
7528000 2470003
7530003 2467999
7532002 2466001
7534000 2464002
7536002 2462000
7537999 2459999
7539999 2458000
7542003 2455999
7543999 2454001
7546002 2452000
7547999 2450000
7550002 2448001
7552001 2446000
7553999 2444001
7556002 2442001
7557999 2440003
7560000 2438003
7562000 2436001
7564002 2433999
7565999 2432002
7568003 2430001
7570001 2428001
7571999 2425999
7574003 2424001
7575999 2422000
7578001 2420003
7580000 2417999
7582002 2416002
7584002 2413999
7586000 2411999
7588003 2410000
7590001 2408003
7592002 2406002
7594000 2404000
7595999 2402000
7598001 2400002
7600002 2398002
7602003 2396002
7604002 2394002
7605999 2392000
7608000 2390000
7609999 2388003
7611999 2386003
7613999 2384002
7616002 2382002
7618001 2380000
7619999 2378000
7622002 2376003
7623999 2373999
7626001 2372001
7628000 2370003
7630001 2368002
7632000 2366001
7634000 2363999
7636000 2362001
7638002 2360002
7640000 2358000
7641999 2356001
7644003 2354001
7646002 2352002
7647999 2350003
7650001 2348000
7652003 2346002
7654000 2343999
7655999 2342003
7658001 2339999
7660003 2337999
7662003 2335999
7663999 2334002
7666002 2331999
7668000 2330001
7670000 2327999
7672002 2326002
7673999 2324003
7676003 2322002
7678002 2320002
7680001 2318003
7682000 2315999
7684000 2314002
7686000 2312000
7688003 2309999
7689999 2308000
7692001 2306003
7694002 2304001
7696001 2302003
7698003 2300000
7699999 2297999
7702000 2296001
7704002 2293999
7706003 2291999
7708001 2290003
7710001 2287999
7712003 2286003
7714001 2283999
7716001 2282003
7718003 2280001
7720002 2278001
7721999 2276001
7724001 2273999
7726000 2272003
7728000 2270000
7730002 2268000
7732000 2266000
7734003 2264002
7736003 2262002
7738002 2260000
7739999 2258003
7742000 2256001
7744000 2253999
7746000 2251999
7747999 2249999
7750002 2248002
7752001 2246001
7754000 2244002
7755999 2242002
7758001 2240001
7760000 2238000
7762001 2236001
7764001 2234003
7766003 2232001
7768001 2230000
7770000 2228001
7772003 2226002
7773999 2224002
7776001 2222002
7777999 2220001
7780000 2218001
7782002 2216001
7784002 2213999
7786003 2212002
7788002 2210002
7790000 2208000
7792001 2206003
7794002 2204003
7796001 2202000
7798002 2200003
7799999 2198000
7802002 2196003
7803999 2194000
7805999 2192001
7808003 2190003
7810003 2188002
7812000 2185999
7814002 2184001
7815999 2182001
7817999 2180002
7820000 2178001
7821999 2176003
7824002 2174000
7826000 2171999
7828002 2170000
7830002 2168000
7832001 2166002
7834002 2164002
7836002 2162002
7838001 2160002
7840001 2158000
7842000 2156003
7844002 2154003
7846000 2151999
7847999 2150002
7850001 2148002
7852001 2146002
7853999 2144003
7855999 2141999
7858000 2140001
7859999 2138000
7862001 2136002
7863999 2134003
7866001 2132000
7868001 2130003
7870000 2128000
7872002 2125999
7874000 2124003
7876003 2122003
7878002 2120002
7879999 2117999
7882000 2116003
7884001 2114003
7886001 2112001
7888001 2110001
7890003 2107999
7892000 2106003
7894001 2104003
7896003 2102003
7898003 2100000
7899999 2098001
7902003 2096003
7904000 2094001
7905999 2092002
7908000 2090003
7910002 2088003
7912000 2086000
7913999 2084003
7916002 2082001
7918001 2080003
7920002 2078003
7922003 2076003
7924003 2074000
7926000 2072000
7927999 2070002
7929999 2067999
7932001 2066002
7934003 2064000
7935999 2062003
7938002 2060000
7940000 2058002
7942003 2056000
7944002 2053999
7946003 2052002
7948002 2050001
7950002 2048002
7952003 2046001
7954000 2044001
7956003 2042000
7958000 2040001
7960001 2038002
7962001 2036002
7963999 2034000
7966001 2031999
7968001 2030002
7969999 2028003
7972000 2026001
7974001 2023999
7976003 2022002
7977999 2020003
7980000 2018002
7981999 2016002
7984000 2014003
7986000 2011999
7987999 2010003
7990001 2008002
7992003 2006002
7994003 2004003
7996003 2002003
7998002 2000000
8000003 1998000
8002003 1996002
8004003 1994002
8005999 1991999
8008001 1989999
8010003 1988003
8012001 1986002
8014000 1984003
8016002 1982001
8018003 1980001
8020001 1978000
8021999 1976002
8023999 1974002
8026003 1972001
8028001 1970001
8030002 1968000
8032002 1966002
8034002 1964003
8036003 1962000
8037999 1959999
8040003 1958003
8041999 1955999
8044003 1954000
8045999 1951999
8048003 1950003
8050003 1948001
8051999 1946000
8053999 1944003
8056001 1941999
8057999 1940001
8060003 1938003
8062001 1936000
8064003 1933999
8066001 1932002
8068003 1930001
8070003 1928002
8072003 1926002
8074001 1923999
8076001 1921999
8078003 1920003
8080002 1917999
8082002 1916000
8084001 1913999
8086001 1911999
8088001 1910001
8090002 1908003
8092003 1905999
8093999 1904002
8096000 1901999
8098003 1900002
8099999 1898003
8102001 1896001
8104000 1893999
8106003 1892003
8108002 1890003
8109999 1888002
8111999 1886003
8114003 1883999
8116000 1882000
8118001 1880000
8120000 1878000
8122000 1876000
8123999 1874003
8126000 1872000
8128002 1869999
8130001 1868000
8132001 1865999
8134001 1864001
8136000 1861999
8138003 1860001
8140002 1858001
8142002 1856000
8144000 1853999
8146002 1852002
8148002 1850002
8150001 1848000
8152002 1846001
8154003 1844001
8155999 1842000
8158003 1840002
8160002 1838001
8161999 1836003
8164001 1833999
8166002 1832003
8168002 1830000
8170001 1828003
8172003 1826000
8174000 1823999
8176002 1822002
8178003 1820000
8180001 1818000
8182000 1816002
8184001 1814002
8186000 1812002
8188002 1810001
8190002 1808003
8191999 1806002
8193999 1803999
8196001 1801999
8197999 1799999
8200003 1798003
8202003 1796003
8204001 1794003
8206000 1791999
8207999 1790001
8210001 1788001
8211999 1786003
8214003 1784000
8215999 1782001
8218003 1780003
8220003 1778000
8222003 1775999
8224000 1774003
8226000 1772003
8228000 1769999
8230001 1768001
8232002 1766000
8234002 1764001
8236000 1762000
8238000 1760000
8240001 1758002
8242003 1756001
8244002 1753999
8245999 1752001
8248003 1750003
8250000 1748000
8252000 1745999
8253999 1744000
8256001 1742001
8257999 1740003
8260000 1738000
8262000 1736002
8264001 1734001
8266003 1732002
8268003 1730003
8270001 1727999
8272000 1726002
8273999 1724003
8276002 1721999
8278003 1720000
8280002 1718002
8282001 1716000
8284001 1714001
8285999 1712000
8287999 1709999
8289999 1708000
8292000 1706002
8294003 1704003
8296000 1701999
8298003 1699999
8300001 1698002
8301999 1696000
8304001 1694003
8306001 1692002
8308002 1690002
8310003 1687999
8312000 1686001
8314001 1684001
8316001 1681999
8318000 1680000
8320003 1678001
8321999 1676001
8324001 1673999
8326001 1671999
8328001 1670001
8329999 1668001
8332001 1666002
8333999 1664001
8336003 1661999
8338002 1660002
8340001 1658002
8342000 1656003
8344000 1654000
8346002 1651999
8348002 1650000
8350000 1648002
8352001 1646002
8354003 1644001
8356003 1642003
8358001 1640001
8360000 1638000
8361999 1636000
8364000 1634001
8366000 1632000
8368002 1630000
8370001 1628003
8372000 1626001
8374003 1624000
8376000 1622002
8377999 1619999
8379999 1617999
8382003 1615999
8383999 1614003
8385999 1611999
8388000 1609999
8389999 1608000
8391999 1606000
8393999 1603999
8396003 1602001
8398003 1600002
8400002 1598001
8402003 1596000
8403999 1594002
8406003 1591999
8408003 1590002
8410000 1588002
8412001 1586002
8413999 1584000
8416002 1582001
8418002 1580003
8420002 1578002
8422000 1576000
8424001 1573999
8426003 1571999
8427999 1570002
8430001 1567999
8432002 1566000
8434000 1563999
8436003 1562001
8438000 1560003
8440000 1557999
8442000 1556001
8444001 1554000
8446003 1551999
8447999 1549999
8450003 1548001
8451999 1546003
8454000 1544001
8456002 1542003
8457999 1539999
8460000 1538000
8461999 1536000
8463999 1533999
8466002 1531999
8468002 1530001
8470002 1528003
8472001 1526000
8474000 1524002
8476001 1522000
8478002 1520003
8480002 1517999
8482000 1516000
8484002 1513999
8486002 1512002
8487999 1510003
8490001 1508002
8492000 1505999
8494001 1504001
8495999 1502002
8498001 1500001
8499999 1497999
8502003 1496000
8504003 1493999
8506003 1492003
8508003 1490001
8510001 1487999
8512001 1486002
8514002 1484003
8516002 1481999
8518000 1480000
8520001 1478003
8521999 1475999
8524001 1474003
8526000 1472000
8528001 1470002
8530002 1468003
8531999 1466000
8534002 1464000
8536002 1461999
8538002 1460002
8540002 1457999
8542003 1455999
8544002 1454000
8546000 1451999
8548003 1450001
8550003 1447999
8552003 1446000
8554003 1444002
8556002 1441999
8558003 1440001
8560002 1438001
8562003 1436000
8564002 1433999
8565999 1431999
8568002 1430000
8570002 1427999
8571999 1426001
8574001 1423999
8576003 1421999
8578000 1419999
8579999 1418001
8582001 1416002
8583999 1413999
8586001 1412003
8588002 1410003
8590001 1408001
8591999 1406002
8594000 1404002
8595999 1402002
8598003 1400000
8599999 1398001
8601999 1396003
8604002 1394003
8605999 1392003
8607999 1389999
8610001 1388003
8612003 1386000
8614003 1383999
8616002 1382003
8618003 1380002
8620003 1378001
8622003 1376000
8624002 1374002
8626002 1371999
8628003 1370003
8630001 1367999
8632000 1366002
8634001 1363999
8635999 1362000
8638001 1359999
8640000 1357999
8641999 1356003
8644002 1354001
8645999 1352000
8648002 1350002
8650003 1348002
8652002 1346003
8653999 1343999
8656003 1342001
8658003 1340000
8660001 1338003
8661999 1336000
8664000 1334000
8665999 1332001
8668002 1329999
8670003 1328003
8672002 1326002
8674000 1324002
8676003 1322001
8678001 1320003
8679999 1317999
8681999 1316002
8684003 1314000
8686003 1312001
8687999 1310002
8690003 1308003
8692003 1306002
8694001 1304000
8696003 1302003
8698000 1300001
8700000 1298001
8701999 1296002
8704001 1294000
8706003 1292003
8708003 1290000
8709999 1288002
8712000 1286000
8714003 1284000
8716001 1281999
8718003 1279999
8720001 1278003
8721999 1276000
8724001 1274001
8725999 1272002
8727999 1270003
8730002 1268001
8731999 1265999
8734003 1264003
8736003 1262001
8738000 1260002
8740003 1258002
8742003 1256001
8743999 1254002
8746002 1251999
8748001 1250002
8750001 1248002
8752000 1246002
8754002 1244001
8756002 1242001
8758002 1239999
8760001 1238000
8762000 1236002
8764002 1233999
8766002 1232003
8767999 1230001
8770003 1228003
8772000 1226001
8773999 1224000
8776001 1222000
8778001 1219999
8780003 1218001
8781999 1216002
8784002 1214000
8785999 1212003
8788000 1210001
8790002 1207999
8792003 1206001
8794000 1204001
8796000 1202000
8798003 1200001
8800001 1198003
8802003 1196003
8803999 1194003
8806001 1192000
8808001 1190003
8810003 1188001
8811999 1186002
8814001 1184003
8816002 1182000
8818002 1180001
8820003 1178003
8822003 1176000
8824002 1174002
8826002 1172003
8827999 1170000
8830000 1168003
8832001 1166000
8834001 1164002
8836002 1162002
8838002 1160000
8840000 1158000
8842000 1155999
8843999 1154000
8846000 1152003
8847999 1150002
8850000 1148002
8852001 1146003
8853999 1144002
8856002 1142000
8858003 1140000
8860003 1138002
8862002 1136001
8864001 1134000
8866003 1132000
8867999 1130003
8870001 1128000
8872001 1126000
8874001 1124002
8876002 1122001
8878000 1120003
8880000 1118002
8882001 1116001
8884001 1114000
8886000 1112003
8888001 1110001
8889999 1108003
8892002 1106003
8894000 1104001
8896002 1102000
8898003 1100002
8900000 1098000
8902002 1096002
8904001 1094003
8905999 1092000
8908002 1090003
8910000 1088000
8912003 1086000
8914002 1084001
8915999 1081999
8918000 1080001
8920001 1077999
8921999 1076003
8924002 1074000
8926001 1072003
8927999 1069999
8930001 1068000
8931999 1066003
8934000 1063999
8936003 1062003
8938001 1060001
8940002 1058003
8942001 1056001
8943999 1054000
8946001 1052000
8948001 1049999
8949999 1048001
8952000 1046003
8954001 1044000
8956002 1041999
8958002 1040003
8960002 1038001
8962000 1036003
8964002 1034000
8966002 1032000
8967999 1029999
8970001 1028003
8971999 1026003
8973999 1024002
8976001 1022003
8978003 1020001
8979999 1018000
8982002 1015999
8984001 1014001
8986003 1012001
8988000 1010003
8990000 1008002
8991999 1006001
8994002 1003999
8996002 1002000
8998001 1000002
8999999 998002
9001999 996000
9003999 994001
9006003 992003
9007999 990003
9010003 988003
9012003 986001
9014003 984003
9016000 981999
9018001 980002
9020000 978003
9022001 976000
9024002 974001
9026000 972002
9028000 970000
9030000 968000
9031999 966002
9034001 964000
9036001 962001
9038002 960003
9040000 958000
9041999 956003
9044002 954002
9045999 952002
9048001 950003
9050000 948000
9052001 946001
9054003 944003
9056002 942001
9058002 939999
9060000 937999
9062003 936002
9064003 934001
9066003 932003
9068000 930000
9070003 928003
9072002 926002
9074002 924000
9076000 922003
9077999 919999
9080000 918000
9081999 916002
9084002 913999
9085999 911999
9088003 910000
9089999 907999
9092000 905999
9094003 904002
9096001 902003
9098002 900001
9100003 898003
9102002 896001
9103999 894003
9106001 891999
9108001 889999
9110002 888002
9112000 886003
9114003 884003
9115999 882003
9118001 880002
9120000 878002
9122000 876000
9124003 874000
9126001 872000
9128001 869999
9129999 868000
9131999 865999
9133999 864001
9136003 862003
9138003 860002
9140001 858000
9142001 856001
9144001 853999
9146001 852000
9148001 849999
9150003 848000
9152003 846003
9154001 844000
9155999 841999
9158001 839999
9160003 838000
9162000 836001
9164003 833999
9166002 832003
9167999 830002
9170002 828001
9172000 826003
9174003 824001
9176003 822001
9178001 820002
9180003 817999
9182002 816002
9183999 814003
9186002 812002
9187999 810002
9190003 808000
9192003 806002
9193999 804002
9196002 802001
9197999 800001
9200000 798000
9201999 796002
9204000 794002
9205999 791999
9208003 790000
9210001 788003
9211999 786000
9214003 783999
9216000 782003
9218003 780000
9220000 778003
9222000 775999
9223999 773999
9226002 772003
9228002 770001
9230003 768002
9231999 766002
9234002 763999
9236001 761999
9237999 760003
9240003 758000
9241999 756001
9244003 754002
9246000 752003
9248003 750002
9250002 747999
9252002 746002
9254000 744001
9256002 741999
9257999 740003
9259999 738000
9262002 735999
9263999 734002
9265999 732001
9268001 730000
9270003 728002
9272000 726003
9274003 724000
9276002 721999
9278003 720000
9279999 718003
9281999 716002
9284002 713999
9286002 712003
9288000 709999
9290000 708002
9292000 706003
9293999 704000
9296003 702001
9298001 700002
9299999 698003
9302000 696002
9304001 694003
9306001 691999
9308003 690001
9310000 687999
9312001 686003
9314003 684000
9316003 681999
9318003 680003
9320000 678000
9322003 676003
9324002 674002
9326003 672000
9328002 670000
9330001 667999
9332003 666001
9334001 664000
9336000 662000
9338001 660002
9340001 658002
9342000 656002
9344003 654002
9346000 652002
9348003 650002
9350001 648001
9352002 646001
9354003 643999
9356003 642002
9358002 640001
9360002 638000
9361999 636002
9363999 634003
9366003 632001
9368002 630001
9370001 628001
9372001 625999
9373999 624003
9376003 621999
9378003 619999
9380002 618002
9382001 616001
9384002 614003
9386003 612002
9387999 610000
9390003 608001
9392002 606003
9394000 604000
9396002 602003
9398001 600000
9400001 597999
9402000 595999
9404003 594003
9405999 592001
9407999 590000
9409999 587999
9412000 586001
9414003 584000
9416001 581999
9418000 580002
9420001 578001
9421999 576001
9424003 574001
9426002 572000
9428002 569999
9430000 568002
9432001 566000
9434003 564000
9436003 562001
9437999 560000
9440001 558003
9442000 556001
9443999 554001
9446001 552001
9448000 550002
9449999 548001
9451999 545999
9453999 544002
9456003 542002
9458002 539999
9460002 537999
9462000 535999
9463999 534002
9465999 532003
9468000 530000
9470002 528002
9471999 526000
9473999 523999
9476002 522000
9477999 519999
9480001 518000
9482002 516002
9484001 514003
9486000 512000
9488001 510002
9490002 508000
9492001 506003
9494003 504003
9496000 501999
9497999 500002
9499999 498000
9501999 496003
9504001 494001
9506001 492000
9508002 490000
9509999 488000
9512000 486000
9514001 483999
9515999 482003
9517999 480003
9519999 478001
9522001 476003
9524001 474000
9526003 471999
9527999 470002
9530000 468003
9531999 466001
9534002 464000
9536001 462003
9538002 460000
9540003 458002
9542003 456003
9543999 454002
9545999 452000
9547999 450000
9550002 448002
9552003 446002
9554001 444000
9556002 442002
9558000 440000
9560003 437999
9562003 435999
9564003 434000
9565999 432003
9568001 429999
9570002 428003
9572000 426003
9574002 424002
9576001 421999
9578002 420002
9580001 418002
9582003 416002
9584000 414001
9586001 412001
9588000 409999
9590000 407999
9592001 406003
9594001 403999
9595999 402001
9598002 400000
9600000 398003
9602001 396000
9604000 393999
9606002 392001
9607999 389999
9610000 388003
9612001 386001
9614003 384002
9616001 382001
9618003 380001
9620002 378001
9622001 376003
9624003 374002
9625999 372000
9627999 370001
9630003 368001
9632003 366000
9634000 364001
9635999 362001
9638000 360002
9639999 358002
9642001 356003
9644001 354003
9646002 352000
9648002 350001
9650002 347999
9652003 346001
9654002 344001
9656002 342001
9658001 340003
9659999 338001
9662000 336001
9664000 334000
9665999 332001
9668000 330000
9670003 328001
9672001 325999
9674000 324002
9676001 322000
9677999 320003
9679999 318002
9682000 316003
9684001 314001
9686003 312000
9688001 310000
9690001 308002
9692000 306002
9694003 304003
9695999 301999
9698000 300002
9700000 297999
9701999 296002
9704003 294002
9706001 292003
9707999 290003
9709999 288001
9712002 286001
9714003 284000
9716003 282000
9718001 280000
9720003 277999
9722002 276003
9724003 274000
9726003 272000
9728003 269999
9730001 268000
9732000 266001
9734001 264003
9736001 262002
9738000 259999
9740002 258001
9742001 256000
9744001 254003
9746002 252000
9747999 250000
9750001 248001
9751999 246003
9753999 244003
9756003 242003
9758001 240001
9760000 238001
9761999 236001
9764003 234000
9766002 232003
9768002 230003
9770002 228002
9772001 226003
9774001 224003
9776001 222000
9778002 220003
9780000 218000
9782003 216002
9784001 214003
9786003 211999
9788001 210001
9790002 208000
9792000 206003
9794002 204000
9796001 201999
9798000 200002
9800000 198001
9801999 195999
9804000 194002
9805999 191999
9808000 190000
9810001 188000
9811999 186001
9814002 184001
9816002 182001
9818001 180002
9820003 178003
9821999 175999
9823999 174000
9826001 172003
9828002 170003
9830003 167999
9831999 166003
9834003 164000
9836000 161999
9838000 160002
9840000 158003
9842000 156000
9844002 153999
9846000 152003
9848000 149999
9850001 148000
9852001 146000
9854001 144003
9856003 142000
9858000 140000
9859999 138001
9862001 136002
9864001 134002
9866000 131999
9867999 129999
9870003 128000
9872003 126001
9874003 123999
9876003 122000
9878001 120003
9880000 118000
9882003 116003
9884002 114001
9886003 112003
9888001 110002
9890003 108003
9892002 106001
9894000 104002
9896001 102001
9898003 100003
9899999 98003
9902001 96000
9904000 94002
9905999 92000
9908002 90001
9910002 88000
9912000 85999
9914000 83999
9915999 82000
9918001 79999
9920000 78002
9922001 76003
9924000 74001
9926000 71999
9928002 70003
9929999 68002
9932003 66001
9933999 64000
9936000 61999
9938000 60003
9940000 58000
9942002 56001
9943999 54002
9945999 52002
9947999 50001
9950003 48000
9952003 46002
9954001 44001
9956000 42000
9958000 40000
9959999 38001
9961999 36002
9964003 34000
9966003 32002
9968001 29999
9970000 28002
9972001 26000
9974002 24002
9975999 22001
9978003 20001
9980002 18001
9982001 16002
9983999 14003
9986001 11999
9988000 10002
9990002 7999
9991999 6002
9993999 4001
9996003 1999
9997999 1
