100
507 201
904 421
327 17
547 558
501 969
847 962
857 357
191 402
186 208
100 702
351 568
653 121
381 709
682 980
644 536
608 390
888 699
378 42
779 531
19 896
943 15
34 952
535 61
1000 255
701 898
780 601
879 820
396 830
934 483
843 413
852 114
621 233
134 972
813 238
98 367
992 70
458 676
436 452
100 598
335 61
732 434
287 394
790 855
431 25
477 436
251 592
598 423
189 495
849 691
423 728
39 625
488 63
462 735
700 97
158 781
391 967
330 766
603 48
978 204
923 297
902 611
902 219
518 828
234 620
63 352
801 143
737 420
603 568
469 717
543 552
499 183
888 737
650 16
981 372
434 866
194 822
406 617
35 239
484 724
826 682
775 3
141 47
796 737
307 706
967 936
335 216
4 393
884 877
371 952
569 818
253 130
32 976
21 330
238 533
316 907
739 517
108 280
968 308
911 316
667 618
