8000
4518 4071
2121 4862
1607 3138
5513 5337
1873 337
1647 3917
417 2000
3703 1826
2728 3984
371 4864
5196 2251
54 1672
5390 2005
2349 2772
5131 2885
4158 2269
4215 5155
310 4011
3718 4020
1501 4450
1212 1508
76 3162
1320 4916
3779 5967
3676 5620
1588 2266
3008 1922
4451 1695
4440 4291
2129 3129
691 2624
2743 1315
3765 3685
1920 4904
1894 3910
2570 5069
4764 4371
1134 2061
5030 5437
4253 1173
1355 5369
3549 4320
5298 2420
5989 4342
1923 215
1845 480
3790 2605
713 591
5785 3251
639 3806
1968 2799
4391 804
4936 5892
251 958
3060 740
4894 5196
2475 3734
3353 4987
5353 1386
2451 2643
422 1386
5937 3985
836 3156
2430 3271
5996 3669
5981 643
4058 24
1404 3709
5656 4143
1707 2021
5320 2720
2973 28
4806 3492
14 5217
13 1836
3382 4239
3049 4
4540 3957
5485 4076
5390 2869
3093 4068
3279 3409
4446 1304
403 3682
1315 1389
935 2907
5324 1354
5460 2925
2163 5178
4916 3340
4550 1329
997 3378
3075 1708
5087 4370
5009 5934
4496 4336
939 4200
3904 1838
5714 4088
4193 2858
5395 3253
5078 4726
3862 4186
168 4312
4249 273
3925 4147
2940 514
5769 3268
238 2811
449 5953
5176 5825
1309 2512
1240 1080
5526 5892
4944 2704
641 1357
2079 3696
529 1871
2240 1831
979 4595
4162 1696
2070 2637
4088 326
26 3902
3601 1704
3003 4731
186 4606
4157 2589
1363 4013
3337 2762
5183 1015
3560 4403
543 886
816 5327
2593 3130
157 5559
5397 3344
673 132
1616 774
559 3990
1685 4828
948 4358
3071 2285
263 1918
4212 974
562 5319
4230 3461
3409 3572
4556 5646
2602 5356
1313 3402
909 4045
5386 1081
3262 1999
989 2329
4065 3878
3632 5711
5461 780
5024 5973
851 3038
5059 900
3785 4997
5039 691
4354 920
5340 5825
2920 816
184 3264
1036 4075
4825 4706
2261 2358
936 5704
615 2756
2891 472
4806 5076
3123 3630
5851 738
2199 855
5621 1307
4849 889
3795 183
2824 5382
1601 3266
1437 1043
5314 1131
730 3956
5341 673
599 506
1226 2586
2878 3264
2126 5909
4370 1873
2884 1939
1403 4190
5599 2209
2900 206
5277 2713
1832 678
702 2873
5418 3020
3718 5252
1109 1574
1342 3784
3348 904
5105 751
1393 4350
3701 5273
2067 2726
1929 3337
5508 3553
3614 735
1136 4747
600 5702
4565 5593
3238 4383
4615 2322
5856 4173
4050 2769
1665 1843
5829 3850
5157 1130
621 1706
436 759
1728 3716
5039 4876
5675 5929
4411 4253
5789 4744
75 1526
3461 230
5138 4395
5946 4814
521 2640
5449 2861
1918 5226
4772 5255
1774 181
1480 3358
3395 1655
5983 2388
689 4773
984 4126
1341 787
3684 3836
4703 5074
5570 4469
2314 4165
5068 4568
1337 4788
5506 2689
1660 2645
3032 5368
579 2135
1788 5424
5978 1345
3594 4685
4757 4602
2435 4375
5821 553
2267 2399
4011 336
5394 1424
4661 2725
4837 4583
4983 3185
5142 2165
804 5932
3288 324
3356 232
2591 4792
287 2205
744 1144
291 2788
3957 5101
1651 2152
5115 2186
4024 5098
5823 2732
1404 1555
1085 3220
5932 1311
235 82
1373 2711
798 5236
4115 2368
3563 3695
4685 723
2817 5917
724 5628
3972 3255
4902 438
3436 4693
2094 2838
3135 2964
1622 439
5405 1670
2911 2022
5195 2416
3952 2095
5649 3903
5389 535
2295 1341
346 1035
1245 2675
4432 5384
1690 4270
4222 3517
2951 5303
1732 638
1948 5373
1244 1961
4923 5462
361 2382
4300 5830
5076 5690
5769 5262
5669 5829
4683 2217
4638 3597
2788 2275
2718 4610
4749 3690
869 4131
5586 233
2306 4088
4061 2162
3429 5089
1409 667
530 4559
2408 4813
2210 2994
30 121
368 4690
2894 4891
3235 2497
2110 3364
1991 2945
4215 4450
5360 3889
1607 1154
3154 3118
570 4617
3370 120
613 4462
529 4898
3141 668
130 445
2856 375
3449 199
826 541
5502 1232
5555 5470
98 4109
5326 1407
5370 4704
2013 1499
5657 2359
4731 5178
4290 5476
3761 5527
5742 3293
3053 3004
1883 4037
1631 2881
5830 4634
1670 900
4554 5632
4171 907
280 3725
4172 3752
4233 2583
5035 2011
3266 1051
3416 3918
967 1102
428 3117
4883 3177
3063 5541
1718 2929
5499 1710
1888 3476
2490 4811
684 5690
3646 2593
4929 3307
3704 5941
5701 4253
3067 2155
1811 4978
1721 1389
2222 5647
4861 1817
1413 5951
1435 4782
4906 2168
2101 4183
334 4846
1694 4952
143 71
932 104
3812 3118
538 576
2903 5356
1924 1651
4644 2724
1382 1390
1745 205
3646 4690
607 117
5328 799
112 5604
4195 2787
1080 2910
4779 1827
249 350
4198 2361
809 5934
5738 3471
4247 5755
2126 5866
958 537
1479 4426
968 2786
2454 2721
4711 533
2576 1745
703 1884
542 923
3288 5870
4535 2981
4978 438
3674 5948
5481 5987
1664 5914
3948 3826
4993 5689
2552 1097
5620 232
5834 4181
2557 349
3381 3941
818 2924
3104 5640
4735 1959
2483 2724
1243 3798
4755 1593
2554 616
2972 4438
1044 5642
5679 4553
3557 375
4780 1820
4022 1665
3584 3853
299 4479
1362 1407
4862 1799
5995 1024
1020 398
1028 1850
1759 1949
4292 4382
5836 3733
3225 4109
62 4631
5431 5832
5874 1421
2207 5834
867 5901
402 3220
1352 5534
4214 5834
2061 5147
359 124
2287 5496
4449 951
4732 1507
2812 5660
1242 733
5145 3441
5174 3016
1773 2391
2256 5858
1499 4747
5765 915
1079 5169
1420 2051
2856 30
2149 1664
4956 2676
5247 3294
1858 5235
5912 5343
276 1117
3786 5446
3524 4346
2436 5302
1240 4558
5239 5759
1592 40
242 5195
4231 4828
5023 5622
1472 66
1823 2653
3571 5680
4579 4760
4144 2294
1565 4810
5507 5800
4406 2776
3185 5457
2976 120
2113 2053
1231 5564
2190 4103
2132 3582
1931 2893
1274 446
3928 32
4755 4282
964 5753
4421 1485
4771 4904
1233 539
5682 1541
5957 1580
1592 524
2083 5527
4720 501
2784 4096
5875 130
449 3812
3163 5292
1571 1908
1269 3551
3722 304
1670 1317
5612 1558
4946 4817
5662 4299
5753 5564
5071 3577
18 5333
2611 5706
3052 4180
851 4820
786 4127
1155 2100
4574 1137
5395 703
1042 3527
4186 5623
3986 5085
4272 1275
262 3577
4699 1554
319 1013
2268 488
5207 3778
1114 2746
1101 1611
2446 623
4257 584
2417 3431
1917 2708
563 360
485 1264
2173 310
2848 5562
233 1555
5750 1048
2031 5015
5868 5609
308 5953
3678 1997
5150 5310
349 5043
2651 2073
5577 5811
2738 3109
4431 4206
2089 5030
3382 3283
3561 3030
4391 386
2703 2726
5499 2006
1988 1059
2713 686
4159 779
3056 1261
681 1887
5361 2898
4976 972
4865 42
2768 421
5229 2453
1103 5666
126 2662
104 5950
3503 2799
5642 1181
4829 2779
2369 941
974 3421
1381 5983
2868 233
66 21
3108 2514
1079 158
4945 5108
3554 1743
4223 4434
5115 3156
5509 594
5985 1959
65 4791
1474 4640
1539 2847
3198 4830
5506 591
4430 1444
1363 539
656 39
1052 5386
3334 2327
4835 3209
1696 1724
1052 5694
3335 5363
1698 608
3979 2441
3429 116
3967 4166
3845 1403
3699 3309
334 3754
3058 2435
405 3290
1373 2830
2817 17
855 768
1229 5345
466 5524
3692 735
3178 1320
1326 1158
1408 2795
3298 3421
5465 2152
428 3189
200 4915
713 3976
2729 3076
3617 5182
4864 33
5788 4513
3873 4161
3751 2724
1664 1390
5705 1119
5244 2202
2560 1757
3399 2405
2449 5722
1817 2045
4800 5415
3413 2840
988 2495
1132 4382
415 1519
5745 3369
4981 161
988 5105
1386 3338
5891 259
1160 3060
5909 5426
3841 3342
2200 3824
5354 4946
2741 5982
3032 5031
4851 3827
2463 3481
4737 5321
3576 4165
2424 2990
5395 297
672 89
4094 5883
1073 954
4596 1384
4509 3639
2344 4384
795 4228
5331 2847
2151 2963
5613 3983
152 732
1129 1757
1522 2286
4260 4424
653 4007
5199 705
5797 288
2506 1519
5331 3916
4658 5874
2828 1250
3694 794
600 4200
1191 5112
2773 2963
2326 1078
5709 2780
275 4386
1941 133
1066 4032
5800 44
1296 1
3747 3487
2022 4974
1281 4416
605 985
2698 2346
1099 3590
5159 4053
1372 5989
4537 1494
3564 2931
3035 4971
1876 5218
2468 5845
5955 5350
4689 2006
943 2705
5202 717
3931 368
5748 5391
1883 1463
4175 3928
3318 3131
4736 1299
2475 4735
841 2214
3895 3072
5080 1360
4181 932
917 5815
4806 4960
704 5901
1427 4489
4330 2307
5457 5438
1634 1105
5412 3763
3043 3172
2936 4225
5340 2873
4779 652
879 3544
830 5764
2446 5764
5149 4752
3650 4386
2700 3063
4366 5800
4693 1297
2483 3833
5872 558
277 957
4081 3109
5630 2373
4744 2640
5121 1487
2485 5381
850 455
170 3703
2755 2831
245 4286
2370 1759
1181 4228
2785 5792
5165 258
2790 3702
3439 4986
1332 2508
3578 4629
4952 100
2591 3408
3448 5310
1264 4290
4986 5800
4242 1873
3537 5000
1492 4086
5229 2438
5664 3517
306 2013
5634 2850
3913 274
486 5944
2886 2789
3766 2123
2570 40
1220 4825
314 5342
1509 1804
5999 1126
5902 746
2335 5831
4915 5936
2619 2206
1582 5068
4810 2214
4316 3594
213 534
4958 2994
1893 2641
926 15
2778 2314
1584 2275
3277 342
1627 2761
2841 1863
3128 2010
3044 5365
4138 1620
1444 527
3134 200
1871 4019
3189 4451
291 2618
4975 5934
984 3703
3881 5338
1074 3921
4330 886
491 1999
875 5411
1072 2739
2214 4681
5034 2874
5744 2635
5296 3107
5369 2600
2555 3149
2642 5987
121 2902
2928 4998
5607 1152
3904 1378
3592 54
5612 1802
5163 1808
5997 2688
764 3588
5152 2976
4280 3101
4062 1739
3063 991
1542 5798
1509 4796
1646 5636
5793 3600
5674 769
2730 3668
5195 720
4518 1905
3739 4983
916 3410
2392 1050
3493 4351
5343 2981
326 4039
3419 3261
5233 5518
2046 5785
5300 487
5055 685
2930 2963
4116 3479
5833 4298
1601 2813
5555 4825
97 2790
3808 4525
4885 4679
3443 2638
5659 3313
60 1887
864 1658
4486 4070
3208 4201
5650 999
1421 5733
452 1349
3319 5840
2268 5163
4379 4239
2182 3351
3702 1485
2406 5000
1227 2817
1246 249
2251 2989
2402 910
2388 8
4238 1215
4765 2046
3430 5747
1297 5142
2334 5662
5226 1716
5963 862
3136 4704
5353 1682
4993 4134
1598 2539
4851 2335
5055 3672
1864 2175
5056 5868
5408 2977
1810 2834
789 5776
4072 5220
1763 2295
234 5704
2886 1563
254 1180
744 5782
2579 3331
1307 5799
3808 3104
5540 5161
2236 2417
297 1489
5967 3792
2140 3643
3576 3175
5351 3559
3472 4465
298 3776
287 1176
1587 3213
1437 2716
2765 683
5164 4817
908 2010
548 2940
5943 3367
4222 4879
1095 1129
5301 179
3071 2304
2042 613
2028 4347
2262 3491
158 1945
3061 4585
2008 3890
3760 4247
5829 3382
2156 1173
3947 1126
4962 3018
3827 145
1438 3448
1193 4577
3883 4524
1713 3111
2814 900
1563 5300
4370 3506
713 970
3044 704
2029 1762
4816 5956
4984 3439
5483 4390
5584 2178
5058 2335
5713 2447
4115 3765
1880 1904
5930 3411
5484 1640
718 4622
765 4475
2044 1061
1073 667
4100 3464
60 4661
4355 3436
4335 5005
5969 717
4004 1032
5084 4390
3401 553
1860 2733
4955 334
936 130
2933 2747
272 456
4377 2742
2860 4533
2686 116
5581 4247
3866 5140
2851 327
626 1418
5478 2610
895 3087
2472 4053
3122 4823
1275 2489
1227 4035
5391 5903
5943 1752
3598 125
5144 5454
2571 4505
2617 4221
2328 181
4034 4213
3718 2556
24 205
2467 2412
2232 5647
5119 2804
2917 4657
2815 3856
1920 3975
1205 2322
5080 359
4991 3283
194 2604
4207 634
3898 2110
331 4683
810 610
5222 5028
1273 2350
2430 4692
4840 1776
4311 716
5337 3488
3479 2075
1985 5666
5940 4228
1344 1856
987 4450
4670 1142
1122 5519
1064 2864
4959 1761
2362 5089
4298 4742
3631 2597
3808 2577
1638 2122
938 2821
4407 3418
2109 1137
3159 4044
1971 3437
2008 5659
634 3811
549 1718
1898 5905
3147 1481
1997 5822
4683 4316
1113 1931
2703 2683
2898 3772
5483 3013
1614 566
4407 936
3576 1195
4409 1741
3945 2180
1800 1152
3972 5390
3742 4546
1313 2552
4908 2787
1995 5691
133 1737
5389 5322
1300 2710
1786 2684
5023 505
733 1832
5728 2947
3552 1665
1440 2829
5776 817
3175 5575
2865 3690
5393 4324
5373 1899
2435 4340
1059 3423
5727 5730
2173 4092
5908 2703
3842 2666
5273 478
5149 882
3882 801
5661 3242
3028 5140
1087 3662
1021 1417
5209 1728
2488 3043
4872 3234
760 4790
1435 483
706 414
4721 5417
3943 943
5664 2558
49 2493
5944 1901
3134 1852
4376 1678
2684 3195
46 5744
4308 2428
2596 4647
857 775
5145 550
5921 1439
1373 5887
949 3029
4289 2008
118 1468
1166 687
3969 5596
245 5793
1828 4267
631 5255
1264 3368
5685 5346
5810 2793
2090 4760
1164 856
2487 4991
4201 969
528 2698
945 1567
5493 5793
953 5263
5427 3894
1294 5588
4300 2021
1555 4598
451 5050
5801 3940
4780 1098
3567 1097
83 2810
3066 606
860 1669
1158 971
4364 508
4925 2052
1493 5278
327 5409
3447 730
643 5358
1876 2881
3444 1620
2772 242
2383 3976
2843 336
1380 3586
1640 4950
4971 4417
3151 1886
4849 5613
5736 254
2578 4508
3817 2276
4073 1417
2994 132
1638 2433
4455 703
1726 3887
4611 869
4457 2282
5610 2269
5848 5406
3647 372
4358 3897
4728 3893
5777 3207
4014 3352
776 1759
4618 766
4326 2414
3996 4763
2639 4068
3004 5396
5002 2542
422 1563
4656 5652
2866 3737
5412 4660
306 2139
1988 5006
847 5392
2494 5089
101 1617
4598 3797
5278 5682
3479 3754
4957 3112
2567 3857
3275 3931
1744 4297
903 5997
380 4333
4953 5371
4368 716
2135 1348
2956 4632
4764 2887
1394 1619
1621 34
1300 2342
4238 1064
2003 3860
3549 514
1974 1871
3213 1609
5847 56
828 5299
1603 4060
712 1884
883 2957
5784 598
5703 3535
4807 4644
1555 5269
2087 2642
1756 4394
3155 5673
803 5428
3556 3714
1619 4869
920 3977
1160 5955
463 5044
3920 4827
1320 115
934 4545
5371 3594
732 1564
3305 3164
1721 5647
4289 2970
3139 4602
2755 2413
431 2561
2378 3440
2758 2141
3733 1473
26 2834
5447 5481
3401 1009
2463 841
1824 2415
2426 343
3636 5829
4808 4474
1005 3241
2380 3218
1236 5404
2824 4347
366 2437
5015 5651
3961 5230
3756 4425
4406 2206
1179 1497
2727 1958
5207 2453
602 3935
3916 3398
5303 931
1405 4643
3654 3147
3264 2481
4037 4538
824 3980
4873 1064
340 3188
2161 5104
2102 74
4547 5997
5941 1917
5009 1234
151 3440
4668 1577
5449 3727
3532 2415
1265 4434
798 2718
1206 3264
1598 522
717 2615
135 1280
5415 330
2537 5291
1513 2396
2810 3816
2876 1980
672 5485
4966 4386
3245 2693
697 5449
4715 3440
3674 3693
122 3336
5892 886
5560 342
4798 2917
5185 1606
1833 3998
2951 5127
5119 1622
4530 1640
1464 5663
283 1967
574 578
5573 3564
4388 1260
4078 413
2418 5756
4660 3011
5539 940
1851 4100
2595 2749
5422 2066
3251 535
3699 1244
2862 2913
644 1763
817 5278
875 3376
1862 3305
4589 1700
4722 2018
4826 736
575 3848
4884 5397
876 2281
4702 3582
2339 2536
4823 1596
2555 5486
2326 1603
928 901
5096 4691
2879 496
3111 4761
4630 878
4797 6
1243 4608
2698 3664
3259 1513
3682 504
86 3238
4394 4315
5448 1966
3379 2589
4891 1547
968 2306
3692 5832
3941 2318
970 1262
456 4080
5750 3722
4876 4299
1239 3825
5924 1141
3149 2006
1108 1218
2872 3690
3462 5731
5353 3190
1819 907
794 3397
3728 5730
3241 1797
131 4510
1003 239
3446 3022
3566 2628
3299 761
3182 5531
512 3014
1660 5784
5573 3693
3404 3694
2763 4270
3006 5032
2871 5232
2751 4341
3959 5884
1441 5138
4876 5386
1544 2124
4024 1340
1414 1541
4762 4234
3480 1478
1543 2013
2578 5942
1451 5424
4441 2458
5008 2564
3984 4302
3038 5618
2980 306
1284 4502
1115 3880
998 3242
5178 2812
4743 4224
2070 3621
952 436
5342 235
849 5457
2454 521
911 2755
5223 3141
4158 3021
2901 253
5689 2539
704 1269
2864 4650
4735 2638
1225 5286
5290 552
3306 1092
5286 2875
4869 4289
918 1634
2373 4970
5536 3080
3496 5022
5182 3176
5565 5793
1158 2016
2671 3953
3483 3365
4882 3422
4213 2492
5326 3014
5054 1159
1930 5327
5327 2751
4474 2823
1290 2786
3083 3265
3912 3868
4702 5305
694 2410
5860 5240
1931 4653
2585 110
925 2011
3299 1548
1765 5244
2300 338
4032 2354
3118 3112
39 4858
1791 3312
3568 5539
5405 1724
4598 3965
5547 2956
2183 1940
1164 1178
4909 5596
2494 1257
5438 3134
2699 411
5223 1412
1084 4066
3926 2177
2959 4249
3159 3844
1035 5555
3378 3151
1809 1012
2771 162
5141 1167
3865 2493
2460 367
258 646
2663 5722
2918 2999
3025 5283
4275 1052
870 3038
3882 2571
1525 5609
1960 2676
4391 2760
4134 5467
4751 2465
4165 2932
5124 586
4388 5870
1485 2224
3716 51
5980 5913
5805 2926
4750 331
2594 2685
4033 2110
258 5593
5687 4912
5296 4835
3402 1159
2518 3138
2976 1740
4309 4458
193 149
5088 3327
3926 2163
2537 5594
4020 414
764 730
1993 2141
4586 5230
4614 1130
5896 4706
1997 4710
5673 201
5213 5416
4681 3514
5115 5755
1387 2413
4755 1320
933 4775
2448 5634
2267 3507
3496 2625
3001 484
1243 5792
1092 3561
972 666
4771 4735
5936 4739
4618 4301
4823 1187
1943 5547
3786 904
3744 2356
340 3308
892 3294
1186 3667
3280 760
5199 2442
5469 4259
1851 1068
1945 739
4412 3351
1403 5640
1352 2975
2378 1607
3281 3968
5176 5422
1314 3513
5866 936
2633 1655
2571 702
2581 4256
354 79
3394 2721
5441 4736
2258 1642
4783 3894
5774 1591
4600 4963
4205 546
5123 2704
3283 4647
5476 939
1517 5944
3251 1905
5180 306
1724 5404
4913 3312
5672 192
4984 894
4411 1122
4439 3472
2192 1610
2185 4820
4610 4299
469 3156
2428 2368
1220 321
4867 5225
2387 3020
3857 4086
517 3782
3413 3843
877 5418
250 4804
2250 5321
2037 1042
3508 2647
5619 3351
1525 1012
785 1878
1947 5901
4349 3134
3261 4500
5869 5585
780 236
1454 3199
2460 1578
5872 2713
2674 4280
448 98
2432 1323
2214 4360
5854 1863
4223 708
5867 1249
5165 1773
4933 4342
1310 2147
5829 4009
378 5978
3518 4930
1217 2166
3399 3669
4516 5558
951 4385
3266 3283
3617 298
341 651
4415 585
5102 1801
2627 4434
1406 2631
587 1445
3975 1190
3957 3625
3042 2349
452 3125
4562 4752
225 1633
5656 1843
4597 3197
1064 3519
485 3920
940 3571
4063 4259
1287 2207
1028 4174
3245 2925
2263 2003
1536 528
2372 4554
5550 2097
2852 2989
3368 3096
3392 5301
3734 776
1075 2532
1530 4557
1349 3347
4946 5802
2613 2031
4834 3902
3639 5039
4064 454
1502 4633
4033 2105
3371 4582
932 4415
5990 2834
3661 68
989 4553
1893 3276
602 4862
5232 3350
5337 5117
2767 4245
746 5715
4263 989
1395 1132
1888 3003
5963 4269
1666 552
4242 3443
1773 5823
1780 652
5592 4140
3951 1428
1869 855
1938 3619
338 3569
88 1924
4219 5775
5654 2137
1582 5636
481 3389
4390 5044
707 1161
5916 4694
4384 1387
2306 392
4771 2851
2897 1241
5822 5456
1494 1427
882 4907
169 1847
5035 706
2142 4926
3552 2775
5647 1389
5449 5114
4232 1768
913 2100
4293 4810
1150 517
5097 387
2702 4736
5537 1363
5396 4948
5208 3174
3923 1038
75 4544
2714 2094
1216 1210
192 5319
2306 1998
5890 4731
1328 5503
3307 1397
3126 988
1683 2761
4236 3095
1770 5865
2174 2017
3926 521
4875 152
3164 2485
3985 1507
1692 2000
5945 3548
5679 544
3039 5695
2069 2808
5797 4002
2265 2118
2664 1430
215 2959
3986 4093
4386 2855
3233 2363
895 325
4375 5426
5494 390
3972 4536
3641 1904
1233 3196
1013 1178
3774 2009
4553 1577
1022 521
5492 5854
1409 5438
3620 2271
4002 540
3308 3699
5154 2251
389 145
5076 4603
3608 2538
1115 2313
490 1462
4064 4145
425 1085
3608 756
1446 5431
3781 3403
4612 5397
3195 3772
2928 2161
3926 1261
2032 3939
3306 4791
528 1477
1915 12
2539 1770
1645 1691
3767 1210
143 5684
3380 1921
643 3687
294 5128
2321 4849
1280 3443
972 201
147 3869
3285 4808
775 1361
3743 3735
761 5994
946 13
3190 2476
388 2089
2199 4884
2804 2300
5565 1550
1688 1930
5055 1557
2074 5491
5777 944
942 4861
1574 1051
2151 4964
2617 2179
3530 5284
4504 5286
2243 3157
5426 4458
5383 680
1379 1020
264 2850
4813 2428
1216 5255
1993 215
152 4008
5102 4116
2888 5743
353 1827
2740 441
5805 3443
4644 1589
3620 4114
1140 3117
2167 1883
2749 4579
4514 1802
5812 2237
3148 3619
4754 163
4157 5748
3507 4584
5472 1000
3394 5063
2731 5677
580 5201
3436 999
1140 1491
2998 4727
5663 2668
348 5718
5856 2256
5693 1015
894 2342
2561 2747
357 2489
2899 4102
3955 5436
2254 4066
3220 223
3341 5250
5519 5953
5869 1785
3361 2118
4629 507
4474 4043
3242 4213
2039 3351
2316 137
4880 5429
1876 1581
4051 5263
3138 4131
544 5852
1569 3179
5958 844
1870 1544
1661 3380
2921 1104
4597 3253
746 1208
4527 5266
2264 4383
3578 3233
2598 4665
4145 2577
383 4303
5539 4589
5378 2341
5218 3551
1329 4123
3088 3705
4807 1976
2694 5135
1064 2276
3047 1433
685 837
933 24
2143 2300
1089 4918
2355 1424
1369 4898
3527 4842
3868 764
4093 2963
945 5934
3925 3051
5610 5468
111 1611
947 1181
2385 3293
2431 297
5557 5194
1763 821
4518 1332
1124 3261
1533 756
4831 4450
4023 5815
1880 2436
5032 5349
4054 5136
1286 1409
1004 1085
591 2423
1354 1780
924 1491
1429 2094
1354 3022
2195 1618
3734 2271
1132 2015
2665 591
1341 2614
4661 3948
3406 2492
1246 2642
5431 2654
4859 1319
654 1877
926 3062
3204 2156
5202 62
1937 1648
5110 3131
4844 5463
1655 4117
4351 2195
1650 456
2122 3609
5257 4115
2534 3661
373 3876
174 4144
45 2164
3480 3340
5462 1103
4954 479
315 5942
5787 1334
5438 88
5014 1691
1184 5806
4518 546
3613 1526
5726 209
1916 2595
4872 606
1061 4962
3681 1261
1331 591
4595 4809
4188 5898
1314 2738
46 371
2059 4088
445 573
4633 2599
3274 2098
2281 3220
1605 963
145 3654
230 1347
1916 4328
1655 676
922 3661
1510 1058
5573 3525
378 5822
790 5023
4372 1678
5993 175
5944 3650
1853 4563
1676 938
3841 2144
1840 822
2315 145
1374 5981
5531 2050
67 2354
4367 4250
1454 2932
3832 2375
1704 4133
397 1214
4965 1277
909 1235
2010 2720
3434 4518
3807 1804
3860 3982
3062 631
3349 5514
3436 1960
2603 4261
3632 933
314 2825
4818 4493
2514 2840
5086 5942
2574 247
392 5481
5951 2523
4249 1885
4105 1432
3258 5409
2572 2727
2880 4654
4629 4920
5578 5340
3045 5113
5783 2499
1986 85
4298 3685
2573 399
3746 4025
3683 2753
5189 2571
3928 3792
893 3858
5552 1650
4006 226
4224 211
2294 563
116 68
4813 5409
5906 2453
1759 3413
5215 276
2688 4036
31 4277
4895 4022
2435 4788
3493 3369
4174 5209
1167 4343
2072 2332
5626 4325
3655 1209
2735 254
4122 2005
768 4879
5016 4497
113 1780
5816 814
5305 4146
4066 1522
3787 2053
1238 3161
2976 1341
5451 1327
407 4261
890 4637
2031 4356
2347 3538
1252 1815
3168 3684
4553 3838
3361 3351
4757 4598
4311 988
2368 759
3357 3501
5902 4783
5108 248
3773 5198
5717 234
1996 210
3516 734
1245 4326
2755 5382
4957 3462
4732 632
2944 4550
3155 1084
610 3093
2691 4645
4011 4475
568 3871
4082 3562
1861 3464
5333 3891
790 5713
3511 424
4600 2406
1675 866
2887 1852
240 5636
3960 3002
5294 1599
424 4875
3296 3879
2069 211
2306 4966
5947 575
4588 111
5249 5666
3919 998
308 5469
3455 3085
2244 5566
1666 5826
2895 3868
3448 343
5643 434
1547 1826
4807 4346
5432 358
1923 1659
5694 5713
158 4438
215 5223
256 3661
644 3214
3673 517
1421 3259
410 2797
5657 1149
5907 2143
4299 553
844 2279
4526 5077
3207 5761
4722 4136
1318 727
2007 1858
5657 779
2472 5640
346 1154
188 35
1196 2642
1321 809
1441 2428
2569 4043
5803 125
4546 1888
3029 177
3680 850
802 9
5125 5015
2294 2607
1700 5410
5044 1111
2970 3595
1720 104
3422 1869
4117 5819
2266 3679
1793 51
2202 2148
2943 4973
3540 2342
1533 4666
4872 5839
639 3866
1498 5578
5867 1019
5309 1706
5751 2706
51 1881
1040 1864
5202 1076
828 5993
4648 5156
3442 169
3890 3424
2567 2424
714 5089
3724 3047
1727 5030
2966 2891
3144 5561
4766 1826
3996 3328
3994 131
875 73
1915 1306
4881 272
4809 5539
5149 3922
603 1975
1164 1031
763 1141
235 3355
4602 3811
3836 2621
3551 5205
3576 4668
3493 2732
3591 5262
5845 5202
4139 66
3474 3509
1747 4105
3796 1314
590 3440
918 836
3982 577
995 2189
496 1691
3391 2004
2952 238
5570 3471
5362 3803
1626 3490
246 5611
4977 152
859 1470
4027 4610
1871 5719
2309 4126
1206 2246
5242 5865
3345 4054
936 439
5696 5384
5107 3122
11 4112
5367 5346
45 2014
2035 2940
2482 95
132 5101
3170 2116
6000 3048
4446 2146
3220 5566
3802 5196
3664 1949
844 5775
1120 4860
5988 4076
4654 4582
2124 1610
4310 4837
1889 3549
4586 5809
4034 4417
5752 5576
873 4124
504 128
4071 3363
2441 1707
1477 1450
1182 4521
5848 2994
3509 2052
4804 2798
4040 4984
5508 5910
1368 1697
1256 1264
3270 4586
2895 2379
1203 2066
423 1326
1962 2913
515 5040
5261 428
4957 1129
3613 5701
2636 5832
221 4278
5799 3414
1305 4847
3594 2827
5955 1310
3639 3791
447 4286
2897 3476
255 4611
2661 338
4928 3220
4154 5555
4966 5418
1370 2063
1461 4552
1361 1098
5090 779
4405 332
2986 1460
2567 5265
5696 4419
5161 5123
1132 2006
719 5588
802 1458
4507 4608
3137 3281
3539 898
2653 2892
501 4789
1887 2522
1487 4686
2667 2458
4808 1208
4081 5102
4082 1280
136 2648
1124 2226
1239 585
5154 4419
4854 1399
4864 4320
1925 1759
2007 1959
4475 5371
4486 5828
353 3109
2525 4062
4431 172
5461 2962
4727 2502
1620 3056
2513 2503
5216 3621
2983 4416
2801 41
1794 4779
4956 1402
2900 1510
2397 2712
3862 2175
3268 3682
3973 1374
1443 2673
5192 360
4823 451
3237 2019
5476 634
5013 4149
2454 1157
5668 2771
2053 3743
4030 2102
408 5398
5302 2607
1182 5023
1208 3247
40 1081
449 1312
1914 846
3453 4487
180 673
1169 3006
1276 5060
538 4109
558 5944
5542 2937
374 907
3314 1935
60 701
2803 2610
1025 1219
3784 3331
5449 751
4991 2913
4586 4351
4518 4929
852 2901
5461 1087
5585 2423
5562 1253
3567 5384
2789 2138
3387 966
1237 5791
1551 4789
2691 3798
3327 2444
557 948
992 4926
5317 4137
4938 4587
667 2813
1296 2248
5784 781
45 5595
908 3877
5521 700
602 2784
3500 4744
5122 4446
762 5960
3438 5732
1871 4610
5025 858
4853 5837
2653 3633
915 522
1316 4948
3696 5088
2418 512
3272 3529
1080 5414
4510 508
1291 1600
3938 3834
3166 4002
3876 4540
3917 2292
1898 5020
299 892
991 4019
3182 2401
3453 180
4137 1661
2155 5319
1978 5794
1513 2711
3542 2160
891 5647
4353 3669
4645 4354
3218 3222
4102 331
4262 5965
3160 5844
4547 4995
1350 2746
3008 4016
2751 401
338 1777
1626 339
3194 1992
3881 5007
4670 586
2995 5263
4357 2741
1116 4810
4534 5024
4248 1019
610 5271
3184 226
2513 3735
1844 5769
3819 5975
145 4761
3144 4599
5220 318
5481 4077
5760 4183
3624 5277
700 4643
3405 2440
2064 2585
2418 1017
5137 3974
4474 4059
4187 5228
1773 5759
5758 344
4839 4909
1868 324
1313 2696
2354 4367
175 151
5301 2473
2364 1376
526 5347
4851 2775
2456 678
4095 4952
3210 4371
2644 3153
3232 3707
2351 2019
4175 5135
3196 1627
792 5690
3062 1259
3851 1917
100 526
3248 1020
5282 4924
2066 5239
3485 5514
3325 283
227 4374
3802 4778
1114 1440
2936 5479
1103 2909
444 4454
2258 1464
300 196
1296 5801
904 3186
2480 3915
4362 4280
1778 3944
144 743
4325 3976
343 3567
4583 3098
410 4787
2275 3793
2890 1096
2709 3330
1056 5749
5297 5613
1937 5976
4709 410
4913 5573
1820 1574
3643 1509
68 5277
287 1739
2578 5066
2477 5754
1860 5565
161 1093
4710 4012
5487 1159
3146 2188
5985 5525
609 3793
974 3103
367 5445
1549 3166
3358 5062
5834 458
5825 691
3064 4460
5755 2999
280 660
5713 598
5992 2842
4109 3864
4223 1258
180 4643
2071 4220
4619 3854
2556 2594
1780 931
5013 4917
4815 1316
2240 1825
1759 1441
5938 2576
5226 5080
2975 4917
373 4622
3030 5098
1951 5757
3921 2059
5388 2655
1867 3763
1509 969
4179 3543
1982 4811
288 1986
1416 5847
4452 3122
5207 784
2470 3104
982 980
3835 533
1498 397
5956 2635
740 532
2046 1456
251 247
5093 4691
4840 4156
4202 2504
180 4934
4231 2846
3823 5032
495 2147
994 2583
5563 261
1879 2372
4035 2460
55 4538
442 4230
4356 2581
253 2691
4407 3987
348 1186
269 4271
1929 748
4958 3835
1953 303
1805 622
3017 2381
5366 5919
4122 1349
1013 5232
1856 5682
3364 1069
4479 2355
4455 2455
5687 347
218 1804
1881 2554
1194 3145
3161 5674
2659 1779
199 1054
5579 3890
4169 5256
1949 4383
3355 3514
856 5951
2985 527
5368 2992
5884 3546
2549 2451
1587 3360
1275 2954
899 3969
2985 5523
5634 4028
5357 2214
3440 115
4208 5388
743 4460
1726 3872
4117 2250
1912 4746
2039 5900
2989 2168
4792 932
2166 2016
5818 5481
5089 820
1715 3585
4465 1269
5083 1145
1763 1179
5909 567
5939 483
4477 3954
1169 5577
1409 5087
1453 152
2194 911
1290 5360
3820 4855
802 1223
3971 896
4182 1939
4353 2529
1001 4022
3389 5513
4509 714
5870 2240
2958 4671
4080 1920
4205 2243
2870 3376
3616 3090
961 3857
4567 2126
1503 3629
1426 3903
4759 4300
1809 3326
4948 3464
5419 2350
1984 2244
5364 413
3138 3064
2696 314
731 1920
2156 5638
4237 5941
647 5839
4749 2011
5149 5402
5386 5164
2684 4593
414 5797
3354 4238
4276 3264
30 3543
2267 2802
894 4313
4634 437
5257 3145
3860 1192
3493 1529
2541 4678
1547 424
3885 1076
5506 93
5077 4014
5929 1813
2991 1731
601 1322
5483 5632
2634 1142
3302 1659
4436 4297
3997 3313
1721 4759
3811 1106
3200 1941
1695 459
3733 3028
538 2371
399 831
2359 106
4322 2002
5875 1998
902 2363
2878 1200
4071 5926
2090 1015
46 1843
5876 5939
4400 5114
5857 4628
2133 1649
5675 3676
2427 3964
4283 1618
1340 39
1704 3767
5197 5985
3713 5439
2873 393
2375 5240
3021 1340
495 5038
2741 5375
2982 5267
2230 5402
5078 5016
940 854
5960 5153
423 1592
4505 1688
2946 4126
4210 959
212 4617
2498 4876
4026 2299
334 2816
4836 4531
556 3881
2223 5910
3932 2328
1299 1936
1849 5013
1838 1835
4478 4674
3120 5951
5692 2460
5687 1323
2026 249
286 403
4349 4014
338 2714
5163 4048
5348 3985
2922 5582
1366 4848
1150 3436
5711 1396
3378 3427
4561 3417
1223 2023
1709 3162
155 2504
4965 1383
3707 3261
1554 1398
4747 4206
4647 2605
5493 2400
742 3086
1568 3718
4480 4116
5331 5494
258 1741
3787 5978
3806 2904
72 248
4152 5840
1118 5555
2370 4441
4923 1923
3722 123
4900 1538
5042 4701
5732 4009
4048 5523
71 5226
3543 2427
4228 2446
1893 1652
2009 4322
1966 31
1180 829
3480 394
4654 4021
5336 5546
2610 3507
4045 2313
5903 132
1964 1761
1233 4289
5803 5064
1719 1376
2161 3132
3880 109
5982 2560
5943 1139
4327 263
4776 2399
3989 464
3923 1062
1390 4578
1417 3205
4419 1034
3028 1610
1899 194
1268 4657
5712 3748
2023 3730
2424 2816
2072 1081
3846 5546
2875 3029
4259 4775
3607 1172
3511 1673
1588 3614
3676 2536
1368 3138
5236 5395
4765 3182
5801 2648
2580 82
2021 4672
2143 215
227 3822
5963 5883
1542 5849
3261 1632
5912 1720
1023 1046
4774 3725
778 1574
3833 5237
646 1312
2424 2494
4287 2711
1596 330
3482 1018
1876 1651
3321 5366
5690 5967
186 747
5733 4214
502 1756
1840 1153
696 4043
1354 4581
653 5860
4079 4624
1819 1640
263 5667
1125 4300
5054 1968
189 1875
4963 1030
5594 905
3781 4747
1021 706
874 5049
590 3010
961 3243
1772 1597
1275 617
5476 1841
629 2498
2225 3682
3545 2377
2805 5639
4374 3380
5542 1524
2636 2545
4669 4359
1772 2697
3723 5382
3967 713
2476 4360
165 653
1248 1955
4321 1040
4407 1574
3299 82
4237 3943
4790 5545
2599 1711
5163 1323
541 5844
454 4987
2695 4120
2279 2273
4908 2384
59 3358
5305 2791
851 4800
3215 4148
596 3715
5184 4265
2033 601
2266 1245
2039 3051
4772 4620
4887 800
1609 2941
4664 5324
1171 2244
1742 5773
2937 4873
5 2162
1132 2104
3059 604
2206 1530
3821 1993
3540 4947
152 351
3950 5022
3778 3046
1156 4774
1521 3001
4418 3478
508 5325
5399 3219
3193 4466
4282 3384
519 1930
4254 1649
4429 1784
3800 2172
5538 5691
1981 1165
2046 3307
3329 1297
5200 1554
1822 3445
3921 1182
4609 5655
441 2038
1675 861
2768 251
5622 1940
2744 2961
1702 5628
1049 4461
4259 4274
3565 5137
2579 1486
4764 3333
5228 2045
2762 536
4186 5937
5407 2856
5534 3192
279 1534
3992 4986
5772 4510
3334 2951
736 1117
4413 3120
4879 4210
983 5188
5172 4978
3870 3661
1546 1782
1095 684
5430 3936
5218 4274
1827 3855
1776 4081
2670 1854
2742 4210
4259 995
1954 5960
103 1574
5067 4500
1335 4080
5437 2218
5185 838
5381 5524
5697 5670
3849 1365
5470 4257
2140 3281
4101 2586
3840 4378
2662 1981
588 4366
3454 1075
3057 1087
4181 1301
679 290
2777 2254
3165 3068
4554 3926
1344 1722
407 1980
5707 1632
2841 5300
5888 2132
5470 1937
1958 763
4840 596
1955 2292
646 1286
4155 612
4323 5202
1706 4881
5534 3605
5198 3970
3385 730
2616 4007
438 1201
484 4085
3566 5441
4743 3892
5012 4830
5657 1564
3642 267
4802 4173
2754 5523
345 2623
4775 20
3259 5193
1852 5661
2825 3685
5861 1018
5765 3171
5476 5677
5757 4908
4247 5582
3112 1178
1088 2422
5041 3606
3845 3705
1170 5810
5705 4754
563 3096
3402 2948
2899 802
1532 5773
5413 667
3382 3148
3214 534
4747 4455
5998 3005
5115 310
4861 956
1851 3044
5175 5359
2497 4983
5851 825
5157 3149
3376 1863
1045 3993
3545 5236
3303 4702
5019 4285
2228 4107
364 1000
4178 2215
1294 2976
2898 5631
2843 2372
4251 5918
579 3024
2295 3084
3924 5100
1997 3994
2825 3636
3118 364
2086 5399
3107 311
642 5796
2439 1101
5670 2609
480 2262
853 829
388 3922
5068 985
3930 1580
2684 4402
1405 2897
325 5714
3976 577
3077 3991
3742 1140
4625 3747
1194 1665
99 1030
647 3226
3605 2729
4591 572
2332 1596
3673 5542
4056 4866
3646 2263
3355 923
605 2381
40 2162
3408 4523
5229 1352
4206 1130
68 2193
4450 5763
390 1805
2140 5963
1456 4648
4278 3856
1595 5094
1833 5604
3511 2057
3489 263
5991 1093
1614 1369
834 5638
124 5167
5801 240
1749 3350
4724 2359
5029 3814
5026 47
766 1000
5520 471
3341 3691
553 2385
5036 2515
1887 5397
5818 451
153 1191
1079 860
3422 4885
564 3047
4352 3669
58 2847
4715 4350
5194 2497
5056 550
693 5576
1677 4764
2220 3717
2351 599
4074 3948
1659 5070
2289 5316
3897 2440
2882 4911
1297 2855
2064 3128
2762 5905
5063 1021
3169 1295
185 3694
3767 2457
1017 244
5870 4033
5531 2244
4549 4030
5628 3110
545 3372
4829 4465
574 4274
550 2698
2278 3524
408 4364
3633 5178
5763 1545
3949 4976
5802 5042
496 5280
3427 483
2732 5228
50 1603
930 1680
5048 4346
4617 23
1064 2947
592 12
4299 2644
739 4564
1765 2603
3706 730
3110 3835
360 3803
2533 5367
5010 4514
2089 5870
3118 1911
1754 2136
2942 1219
3671 5040
3005 5511
2185 338
4424 366
3801 966
992 431
1757 1932
3872 711
632 4011
5770 4470
2594 757
2966 5017
1716 4413
3821 3688
3785 2428
4674 209
466 5487
4946 228
3144 4997
3454 3520
5176 455
3974 2317
2953 2008
3801 1755
2945 5312
5018 1803
4153 2051
84 1132
5757 2663
3280 2393
3480 4166
5206 1665
4383 3024
3459 3526
1485 4180
4425 1226
4000 4816
1165 246
5969 3319
381 4669
5945 1474
5904 561
1506 1418
2739 3891
3147 5141
3952 4593
1056 3727
1953 5627
1384 5962
1653 1413
3281 5400
1026 5988
4857 1752
1052 2611
814 5392
4437 5397
152 5210
4949 2064
4389 1010
1163 3350
1477 2702
277 359
3671 5198
3260 4118
2116 1590
4179 4298
5914 4057
3649 598
1131 5832
5868 5434
5318 3371
776 1275
5014 4400
5585 1151
3194 2914
3605 894
469 5834
3718 3461
4759 2156
5502 4444
3002 4187
1763 2219
4337 2030
5149 4632
4078 2520
2820 788
5923 3506
3584 4295
2603 4267
5803 3784
4378 946
5337 3585
3538 643
1307 5346
5334 1024
192 5444
1092 178
5517 450
2462 4000
734 3875
458 4447
4909 4698
5468 1210
4834 3857
1856 899
3260 4130
3515 4139
5647 4136
5139 159
4494 3574
5550 1683
3017 4470
1257 1954
4586 5237
1818 294
2765 1965
88 2101
4063 2786
2088 3790
2136 3169
1195 1170
667 965
1494 117
3629 828
2738 4182
2580 5017
1014 5693
1426 5147
1825 3156
1874 3550
5579 2681
5938 2543
5774 2308
2929 2566
4001 4099
2602 5311
4342 3950
4065 3081
4052 1287
1998 2963
4774 449
5848 2563
677 3653
5603 4153
2580 384
1628 3779
5131 321
4516 2578
4694 1281
1260 3133
4942 1572
5536 5955
4631 79
1046 4199
363 2234
5352 3655
3991 1112
336 45
1461 3587
3 2889
4746 5773
4289 5822
5200 1829
5548 4092
4662 4487
1463 1982
1479 3431
3329 4021
5176 3198
161 3189
3925 4901
4531 2654
2493 4930
948 1853
765 4529
4859 851
5963 1444
1800 4518
2500 4302
3121 3239
1384 252
2602 2995
5908 3332
2005 3022
239 2002
554 3996
1961 961
4888 4706
3617 3943
4461 4044
5589 5604
5682 3360
2431 4092
3898 4611
3278 5923
588 1738
1779 488
1343 2691
2093 2036
4485 3972
3718 2533
2203 2149
1087 3158
3503 5385
2633 2673
2179 355
4757 1575
2865 2214
1934 4142
1903 5629
22 589
3525 4572
5694 3060
2812 4134
4922 1279
489 4721
820 5068
2617 2134
4526 1099
5103 4797
638 3237
3581 4040
917 5920
5359 4063
1825 2978
782 1996
5764 5363
1123 3271
1347 4600
2425 4724
51 1884
376 2155
240 1489
1839 1208
144 3896
4673 4133
4360 3262
3379 5061
3021 4903
4565 3937
3086 1071
3967 4312
735 5918
5662 5602
5513 379
3967 4069
5536 4628
5339 4764
5764 2012
3603 244
2172 2662
1293 361
816 5186
5935 64
3206 2997
3563 5990
4302 5981
4907 4185
849 5605
5279 4389
4216 165
1957 433
5609 1726
233 5899
4247 2613
5965 1505
5674 3325
4810 4609
3116 3689
5766 5155
1110 338
3800 3765
5706 5077
954 1831
4113 2833
5710 2936
328 416
421 3568
2726 4691
2843 5375
1681 1426
5398 998
1138 2948
4320 69
3446 2428
131 3652
2838 3893
196 4597
408 191
1491 586
4344 1402
2290 179
4001 4673
4308 5594
640 1003
2808 4002
2202 1310
5094 109
4652 5764
4664 5917
1764 2083
4620 5693
1999 1463
4361 1200
4354 3202
2303 1530
2940 3463
2836 2606
187 2867
5868 504
5229 1389
4217 235
3290 5103
5188 525
2097 1589
3050 1009
4720 5573
1097 3301
295 1151
5772 5629
2239 5703
198 3856
1974 5201
892 5633
654 3468
5749 1696
4327 1665
1462 914
2234 558
1160 2462
2823 4990
1885 729
1425 3851
5971 2468
1624 4950
184 4868
4646 5
1999 4802
5454 3807
4721 1380
2098 2020
647 2603
4532 4320
3750 5599
5648 2130
2060 5000
7 2007
3850 2637
2526 5708
3762 2530
3336 4467
3123 2429
3361 5813
3794 3065
5965 282
4715 1471
1312 5492
5496 226
4942 242
5441 170
1957 4179
245 5283
5898 2265
1000 3686
3953 4929
2909 4487
3985 1791
2101 2736
1863 3695
1880 4846
5689 1993
4579 4075
3710 2596
4931 4587
588 1310
1169 5499
2514 3627
3342 151
2406 892
784 3658
2929 849
1773 139
937 1346
4567 5733
3680 3898
137 3000
5691 853
1425 5886
2885 4507
1422 208
3637 1085
2139 3642
4845 4224
3693 3292
1285 4007
1545 1682
2710 1525
4665 918
4570 1027
1745 100
3012 1663
620 1102
3260 3717
3164 1202
1966 2738
3602 4936
4579 807
5242 5055
4240 3914
4490 1354
3613 2563
1516 4855
3640 3573
3306 5648
4267 2379
3402 2086
1003 2325
74 4618
2659 99
4061 3453
2255 2704
1494 2186
3645 499
2340 4003
2849 5042
4190 1497
4456 5767
3009 2719
1823 5912
1256 3761
3476 4817
5643 3393
1661 4644
10 755
5047 3252
1035 3289
1106 3022
3090 3872
2443 2649
2625 2892
970 2287
1937 5649
5596 1964
2703 4564
5107 3783
5466 1762
2525 2814
3483 1022
3570 4822
5989 880
1858 1474
911 4988
2510 2788
816 1553
1413 4274
2426 451
5233 427
58 2811
4835 3066
4399 2893
2173 249
680 1977
1054 121
4387 1350
2946 401
4995 2523
2651 2709
2881 2160
4347 2521
966 3717
5395 1542
23 5697
2176 5547
1026 3389
5252 3560
4152 962
5171 1639
331 2976
2431 3595
1082 655
3926 3629
2427 1483
4538 5876
4760 124
1808 981
1820 1796
4669 1292
927 908
2286 1369
3584 5505
3991 4302
2147 5130
4798 3000
1339 4029
552 1916
3097 2851
4596 547
2677 5688
2327 3528
1660 3576
2343 2913
3851 262
4619 765
4315 1518
4723 5517
637 3325
5860 4837
5479 5343
3111 1237
4879 1386
1505 2323
3335 2553
2965 5435
2394 3946
170 4969
5254 2412
3367 133
2635 51
2502 1744
562 4494
4679 4607
3872 2267
4467 4725
5453 5256
2804 4325
304 2781
2387 2712
5214 1528
2674 5244
4050 4666
1947 5198
3246 496
376 760
1779 5539
1636 2206
2941 1539
2338 5621
4754 1186
2140 4629
4141 125
2622 5425
3909 2032
1780 20
4211 1290
689 734
4692 2798
2962 1551
5483 4780
3138 4563
2059 3198
2286 5534
2259 2599
412 3834
1883 3545
567 5086
2366 4534
4830 337
3047 1466
445 1855
3712 902
5996 4203
4729 2383
1319 2341
2758 3160
5725 2750
3437 2237
4493 5418
861 2209
957 3588
3554 3146
492 648
4552 1035
4331 5020
2718 1890
5863 5904
1245 2404
1530 2537
3465 181
4834 3976
2887 2652
913 1456
4558 1654
4407 1047
5171 4057
3629 1356
1840 3132
1891 2330
3636 3668
332 539
1169 1042
5048 3952
4241 412
194 2944
282 4265
2811 4751
2453 2992
3207 337
2473 4242
2118 4767
4844 5463
2708 3257
3516 4711
5637 5596
4090 1738
5515 4837
665 2657
5178 2983
4549 4502
1982 3209
151 4113
1115 1827
504 124
4069 4890
5220 3658
400 490
1889 5427
5147 83
5759 243
3096 2967
1057 5635
2255 163
829 5831
1476 5564
5313 5866
2565 4331
5606 5495
1224 4588
5673 5753
4580 4163
1687 4884
4527 1791
3945 3013
200 1796
2448 2472
3366 4963
5106 1128
1872 3084
2390 3180
5373 5895
4860 2992
1119 5983
1680 3457
828 929
3744 3309
5661 451
5451 3706
4682 4407
4333 3669
1877 4162
2056 5294
4181 4119
4821 1458
5286 3001
1931 5801
5823 1745
686 2976
1764 2253
2860 5641
4301 2266
3396 5682
1014 4115
5912 5939
4409 5897
2516 5691
4504 5525
5854 4909
4383 684
2593 4679
1561 690
53 3572
529 3714
865 1026
4220 1756
3859 5302
1605 4320
5134 2718
1785 1194
213 1830
1139 1758
2071 2928
411 4438
2220 1133
4586 5113
4430 129
5121 5838
891 934
987 2305
5386 2655
3535 3477
5052 5071
2314 107
5445 2235
1132 2097
3707 5453
4946 606
1581 3930
2756 3516
5639 4327
3344 567
3397 5398
5398 758
5270 5911
4005 2199
5572 2045
2549 5071
4720 5774
86 4226
2866 2063
2585 4335
3297 2959
4637 528
1247 1299
2525 2880
2137 4673
344 1422
606 5040
3680 4321
2318 1328
3191 2412
1540 3670
5206 515
310 314
3824 5198
1501 1236
3495 1965
2736 5812
1100 1965
5013 2913
5501 1162
3786 660
842 5493
4112 3926
2584 3000
5914 4071
3513 582
4325 3664
1675 3769
5447 907
1072 1990
5245 4705
4350 3187
4431 2308
2536 924
4038 4990
4988 3745
3265 3785
2286 436
1076 1696
3076 2338
2435 1542
4707 4048
1965 4789
314 152
5963 2953
2158 3667
5050 718
2421 24
2007 3495
4103 150
4459 4336
5841 510
1527 4343
1547 1749
5570 1894
2813 1848
4944 4851
5197 1552
4804 3787
1228 3896
4201 3980
4978 396
1997 4947
3094 3221
4480 2981
2018 4306
2139 1441
614 184
1492 4341
5403 4925
2080 3664
3212 5042
282 4056
2528 1327
1939 1212
762 2674
5530 5596
5892 4874
5118 4136
1816 3793
881 3414
2081 1737
2559 4216
2818 2408
5583 3405
3526 3895
4185 3238
855 5575
280 299
1954 3380
3090 2511
202 302
3157 3650
4508 5413
2996 3397
2835 149
1874 1730
2653 1394
175 332
733 4534
4112 5526
4802 4520
2227 3648
3320 1279
1571 3750
4556 3496
5928 4972
2742 1411
323 2452
2658 5396
4312 3490
1568 4728
1037 194
3308 3942
4034 5159
3456 3785
4832 2647
4968 4235
3479 198
261 835
706 2176
1479 594
3662 4842
1013 1930
1723 2923
766 2960
2786 5511
2757 5875
2343 3404
584 2141
2224 1376
977 2473
2599 2906
1840 534
3692 5600
4968 2875
511 1505
5641 1851
4075 3955
142 3482
1670 5264
425 832
3097 5724
5355 5950
2171 3465
4087 654
146 3343
4121 2784
5580 5206
3666 4193
5195 838
264 110
2351 209
332 2890
5944 5614
1483 2252
4012 345
2793 3421
1797 5353
2666 5792
4431 5362
3219 2738
3600 3420
3040 2387
104 3395
5175 5317
5051 2512
2365 1861
5116 1880
3527 5608
2765 4051
5091 4312
3524 4368
2215 4302
5135 551
571 4849
4059 1421
4018 1536
4449 2559
1775 3917
850 2569
2933 4970
5557 1735
5071 3048
398 3262
5409 1133
945 5019
1230 981
4183 411
5084 3532
671 1020
1252 3803
2360 3748
606 465
1518 1728
2268 3363
4675 4016
3398 5351
1888 177
2598 3678
3148 987
1332 1808
2044 2332
1348 3451
3068 3156
2318 3071
4300 3985
1550 4819
3678 1422
5230 4188
3486 520
4769 1248
1939 2352
3648 1205
4021 3736
2218 2127
575 3447
5719 4649
1543 975
5005 2484
4604 4641
1607 4446
3983 1967
4706 2180
1188 4994
5466 2282
3082 5037
4484 5306
3001 3986
2285 3051
4668 5298
1043 5028
3407 2186
3586 514
4330 92
3521 5285
1582 3340
3038 273
2895 3741
1927 4612
4899 5546
778 4451
282 2136
47 2457
2941 1660
2116 2
2828 2985
5913 1317
5683 5709
1645 4208
3324 2028
1224 153
907 2524
330 3010
5925 3778
5492 5195
4210 4701
4086 3966
2677 5474
5128 2550
905 3319
2444 4002
5742 1124
4100 601
4691 3670
5984 3934
3638 3589
4522 1254
4474 2873
4693 2454
5032 5480
115 5266
4378 5491
5638 3347
4099 2609
5273 2857
914 3068
1727 482
5785 1050
2316 4185
4920 31
3267 1298
959 753
1104 2948
1636 2379
4966 5448
4194 4278
5515 3057
4210 3028
1618 2812
3869 4367
4441 3081
1331 4465
4500 1690
3062 117
4362 4220
58 3326
2030 3108
2592 5078
5872 3004
4737 3674
1093 1485
5752 4132
4356 5967
355 2424
1858 4046
1115 3218
1584 4639
3570 2288
2419 1796
5420 5020
2132 4427
5616 45
3033 477
2609 4094
3491 4214
2824 5966
4410 1104
4292 1049
1302 4405
1109 7
4814 5268
1716 2212
4070 2978
2263 303
3844 1125
4948 583
5924 3390
2627 5890
557 3685
4777 2000
5794 2713
962 367
1277 3639
5966 4079
4617 154
4511 409
5279 4676
3153 4828
2227 651
5291 872
4975 56
581 5806
5184 492
5579 871
4592 4259
5473 5747
4740 2589
5094 2117
214 58
1133 3261
1061 3463
2601 1574
2027 5110
2090 3730
735 2354
5078 562
1052 1394
5096 2761
1170 3501
3407 1683
3947 1024
272 2273
2816 5644
1901 505
3869 4563
5690 4092
5778 3523
3309 791
3355 3171
1782 4957
3858 5902
1311 3429
4980 942
2645 656
1104 4411
3911 4830
695 2435
4319 1553
4048 3771
5822 5601
2538 807
813 2754
1992 2295
2912 2050
2152 5683
2685 5687
3172 1783
5422 2216
1725 3170
4627 2299
5364 4603
4620 1903
474 4629
5701 2251
2602 2133
3826 3622
326 2977
2028 1000
783 2234
893 5633
1353 5021
2952 631
1613 5303
1085 5285
1456 4086
267 211
1877 3832
4342 3264
5438 29
4219 4263
3928 1472
4225 1345
4887 4070
1010 3766
2415 630
2682 5418
3045 778
4863 613
102 1987
1633 4739
5925 4772
1860 1790
4347 2727
2700 3288
4937 3556
3608 4429
65 3828
322 1016
390 2929
2021 5780
1009 5248
5727 2759
4118 2881
5257 185
341 102
5365 1642
4917 4721
5271 4501
717 3699
1399 4335
4757 3522
53 1461
3517 4826
3325 1605
2076 3608
3726 955
4187 242
2965 5758
2067 2379
5615 2940
2004 1701
383 5843
102 2119
780 4705
2421 1634
2270 3230
3241 5710
5210 4471
980 5258
1404 350
5455 2243
5332 1697
3271 3188
196 2809
259 3343
5064 2100
1513 2075
2487 2116
5522 3582
5674 1720
4906 2364
4554 4939
5325 1377
3774 4556
5630 1787
2676 5997
345 59
528 3888
731 1421
2435 1662
3440 838
669 3802
3886 510
1638 5702
1040 1406
841 5812
5892 4010
2866 607
5929 2770
3194 3690
4771 5558
2960 2601
161 4104
4201 5662
5057 5574
3899 3959
2017 4440
3622 4454
2393 3830
852 3185
3479 3549
1010 5659
5820 1188
4991 2258
1461 4874
2037 5914
2043 434
470 3514
3982 3393
5912 5493
4688 5639
5859 299
2862 4396
5578 737
5780 1276
5560 3102
5841 1238
4269 2215
3448 5105
2489 1517
4969 5408
2072 149
1214 600
4926 4584
1066 447
692 188
2767 5607
4132 1938
207 5162
5234 1025
1190 1336
4955 4947
3781 2495
2961 895
161 730
1463 3286
3293 3693
5386 1153
2565 4575
5793 3707
5020 1785
1750 107
3544 46
2389 1348
4348 1116
3477 960
3239 913
820 586
5947 4097
4647 1403
3919 2311
2562 119
169 4553
3428 376
5014 2976
2855 2875
4316 4312
534 3785
5202 1542
2767 2617
1774 2231
5899 1796
2542 5856
2892 3785
699 1555
5110 418
2731 990
3953 4358
2357 987
1486 5937
4459 1699
4535 2928
1970 5316
683 3392
5941 452
4618 3753
5339 3910
5870 1911
741 2988
122 5450
973 1117
55 1406
1083 3802
2637 3309
3865 203
1135 1491
4682 4943
3274 1170
3126 2532
2254 2439
393 4658
3165 4556
4924 5279
5812 4720
563 2142
4039 1443
825 4441
5890 2134
2569 2913
1021 5651
3310 2770
1599 5928
1613 141
4263 1017
1920 1632
5462 1478
2870 3144
2961 5114
2921 4426
613 3927
2400 1102
3979 3134
631 589
5870 3074
5259 1052
3130 4031
1834 2968
5752 4423
5274 1652
2279 4349
1864 3921
204 2965
5972 62
3469 3964
1179 1712
3754 1524
181 2675
4925 5426
5295 49
4436 4554
2907 434
4860 3611
887 4884
5311 1208
4971 4205
3649 3767
4183 239
4583 5229
5611 3883
4554 2808
4920 617
75 3822
4392 2453
1814 3335
153 4862
2187 2839
3984 203
3226 782
2123 5231
5519 2659
5510 3295
4750 2733
2291 2609
3280 2180
1267 1671
2047 1512
1178 1420
1055 3263
2322 5198
2477 4437
3774 4331
956 287
2145 5617
1500 288
5552 2545
4445 4800
5749 947
5365 5689
2245 4736
3839 5155
853 1147
1477 4530
3224 3249
5598 3470
1771 1747
4779 2612
1380 978
5614 1371
4632 1546
188 2761
2076 2657
2660 5879
5647 4945
2208 5745
1110 5651
3611 1666
5895 5727
2355 4272
1689 5362
3554 4
2860 2191
23 1756
1653 1368
2810 5700
3372 1598
4591 4449
185 2983
234 4960
4588 5280
324 1263
652 19
4557 714
1363 3418
626 3048
4695 485
5024 3287
5947 5287
1146 5717
1495 5879
2263 1104
3077 3062
3040 912
5278 3596
3304 1107
2484 440
1851 5721
3233 4280
3276 2353
3919 3333
5242 228
4057 66
355 3568
5794 934
4347 5079
132 5767
4910 425
4187 3066
2932 1902
1219 2024
4389 5704
607 1683
1997 4745
5947 1241
4881 4449
3829 1655
4754 619
2855 2434
4993 5351
1863 5074
4548 2890
4194 5328
3015 5461
230 1809
2998 500
5072 5234
2025 3384
4933 3110
5586 2246
1796 1135
5507 3232
3195 3017
227 1828
5017 4748
2498 3877
1044 2403
3226 183
3531 1385
4073 62
4446 3011
4348 2488
4061 4963
4798 2777
4766 4828
4544 5400
787 1761
1307 1512
5755 3635
1508 2473
2151 5114
2143 2288
224 2018
5223 548
4934 3674
3484 4058
5788 5034
2974 1251
466 4275
5961 244
419 1131
2418 4134
2383 423
5536 4736
3276 1548
382 401
4185 1953
3136 689
850 3335
771 2298
2299 1676
5066 787
2486 3387
3878 1086
4983 5928
5093 2626
3722 2715
5566 4202
4914 5179
3531 3407
2933 3980
1448 2660
2583 827
892 5329
804 4217
3605 5698
4577 1175
3753 5920
1157 1745
5897 2255
1236 5533
280 2250
3196 3397
1596 2139
2579 1075
4404 31
5184 3196
5883 4442
2473 1744
4348 5639
1901 4321
4518 5026
1538 4306
4689 1369
2642 4546
4658 3296
5681 408
474 5203
5330 2193
598 1458
3066 3895
3954 711
5444 5828
3071 4443
5431 4343
5863 2874
1381 1526
62 3684
309 1174
2939 2374
5907 118
5798 5239
3446 1618
5812 2439
2258 2518
1505 1653
1711 5856
5902 5407
1129 1931
4379 1055
5065 3577
2582 1364
4180 5361
5284 4751
722 3002
4622 4591
2978 2854
2592 1854
1932 2226
4814 1421
918 3340
1208 5741
3018 342
3119 2271
2855 4634
5432 447
5704 2510
688 3212
5522 3594
432 2570
290 455
2467 652
2645 1722
4406 3564
3097 225
415 1868
4276 4557
4528 5762
4227 4368
3150 383
2758 5064
5325 5217
42 525
4414 3210
1831 4888
2411 5951
5339 4708
5778 1525
5894 1385
4336 3801
5591 1734
2512 1982
3062 2398
2308 972
4435 3446
5922 823
2735 3998
227 894
1769 526
344 166
3051 83
1213 2517
1958 810
5058 4050
5787 5724
5911 1900
1436 5498
3352 2474
291 5082
570 5540
320 2290
1636 1168
5160 4212
5121 4687
4043 5147
5349 5000
4519 469
2637 4388
4651 3153
2460 1387
5998 2938
1395 5503
802 2532
5728 3992
3426 23
2730 608
5027 1530
2508 96
5418 4785
2192 3466
4778 2281
877 536
2337 1859
5044 4020
2707 32
2487 3513
5814 3836
2251 4697
1119 397
3856 5296
1309 1933
2621 5418
773 2582
833 2512
3181 158
3287 2937
893 3955
3402 3838
3250 3192
73 733
516 5871
588 1922
5131 5113
4728 3250
2157 4557
1823 2427
1547 5685
3307 5032
1804 1263
4876 473
442 1602
5503 50
4715 5838
4066 4178
2963 5161
2949 2455
40 1704
3859 2719
3141 4138
4177 5507
3779 1115
2533 2911
196 4999
2907 1684
786 4604
1892 1697
119 5078
3728 4511
1102 661
5789 4156
5994 5009
5712 1114
3669 5280
5603 1129
4796 3719
5727 1522
2537 3903
4619 4309
2672 4730
3782 2277
5853 646
5074 4978
3326 4017
3825 5975
4557 1294
1540 4036
1057 2358
4369 799
2037 1874
3796 1798
2008 5735
3081 3912
1350 1491
5145 2341
471 1047
1075 243
3575 5301
13 82
1669 3356
5947 385
16 4897
3022 5315
4286 1472
2304 4876
303 4036
5439 2816
2209 4707
280 1245
20 2764
390 424
961 485
1499 4485
4615 4832
2526 779
886 238
2117 4455
1215 4183
2772 4095
2523 2808
2439 426
4394 2894
5660 4702
2335 2706
2964 5290
362 5493
907 2292
5255 2317
5622 2325
4933 4512
2268 2388
1400 864
5320 480
834 344
2654 1410
5343 2854
4443 4514
2016 5737
4466 5047
4795 1805
4052 5877
401 2916
3568 243
4639 454
5307 4602
1608 908
3792 708
3715 3098
555 5076
2721 5643
2195 1042
4466 129
3687 1834
5272 5021
1226 5237
843 3675
3777 488
2335 5249
4508 1435
1170 4521
4162 5420
138 5821
2338 3829
5695 2307
2327 5403
5412 5209
476 4345
1547 770
129 2460
2938 5969
1563 47
3640 2197
3954 1289
1421 501
2615 1190
5945 1390
1924 3907
5954 1211
4841 2238
2179 788
3412 205
292 873
4064 3197
5508 704
3169 4318
4926 1726
1614 1117
1035 2754
3936 1826
2451 1304
730 5707
1066 3916
5017 2151
3752 621
1182 663
4553 2980
3257 2674
3095 2756
5128 5800
2196 4404
5840 3178
2972 539
5531 855
5914 2139
34 5210
2234 3585
4637 2017
3087 348
3544 5041
5636 5371
56 5736
1192 572
5695 3779
3750 4146
5627 1009
5795 1046
3302 3575
4540 3537
3801 2341
3935 776
3361 5672
4024 3177
1575 706
4590 997
1514 4487
943 5134
544 2233
4681 3651
5629 5606
2570 2858
4802 5392
4858 4685
154 2572
4758 3559
2560 1471
4545 144
5509 1110
5430 967
3825 5621
5777 3792
327 5890
1423 3406
3469 1170
4658 1506
2172 564
3641 1236
3525 5325
4863 609
3652 1875
4115 3814
2266 3181
679 3628
2453 331
2957 3412
3394 2834
2991 4164
5222 4955
3453 1698
232 3564
3868 1233
5187 2454
4317 1305
3307 560
3051 5419
5950 4771
4345 3542
5340 3752
3131 307
5737 2495
4612 3991
4739 1345
4831 4154
639 5480
753 4771
3801 5965
5679 775
2187 4882
5532 5857
3133 3345
5670 1379
3437 3124
3601 3710
4209 3782
3332 3870
2139 2490
5314 3961
3931 5130
2011 2442
4027 5859
324 2265
5399 5614
3172 3100
3227 4562
3536 2963
1090 1368
681 3152
1292 3966
5620 2550
2671 1920
2266 5892
4240 5332
5537 2098
1747 5
2746 1995
5154 2962
1756 5242
3547 5320
1009 3258
5837 2796
5344 440
2851 1949
5866 4763
209 4521
3816 4312
4334 4783
1477 2254
3043 3125
56 2841
5491 5162
3860 917
491 4255
5987 2865
2668 961
2032 4134
2662 5802
1844 472
5767 1672
1315 4828
5684 2542
5639 3609
4087 985
5325 3284
1946 581
734 807
3218 786
3137 1457
3887 1921
1568 692
5299 4035
2439 1339
896 1651
627 5386
983 1042
2218 3578
1662 3987
4968 164
658 2888
5210 2925
5181 477
1789 2659
985 3555
745 1079
261 591
3770 556
4183 308
5840 1918
3123 5774
3255 5190
4986 5729
697 2317
5479 481
3874 1423
1862 4530
660 4130
4805 979
1324 598
2607 710
2804 3023
22 355
4987 4720
5649 1838
2481 4122
694 4869
1719 1461
4938 5518
5351 414
54 3168
5103 4866
3995 5265
83 2426
1658 5072
1139 4039
509 1540
3403 3231
3066 772
506 1401
648 2680
4292 821
1490 5183
3707 4815
1836 4082
5515 2821
1988 3417
2326 246
3691 4780
767 3630
5443 429
2410 3455
2490 4243
308 1458
3704 4362
1775 1214
5317 921
912 4248
1663 3812
4780 1323
3018 5139
3743 3817
872 3794
5359 5987
667 5099
4913 949
984 2480
5082 3110
2415 3005
4232 1278
1656 5629
4289 4440
4032 3707
973 2858
1316 4300
2720 5874
5212 1451
4602 371
4811 4117
5506 352
4550 2102
687 2568
2003 4643
4569 5619
3844 3672
4032 2331
227 389
1034 1678
2128 101
5907 4803
457 3295
4240 4059
3417 2481
5588 538
2756 4777
1527 3382
4898 1461
3123 367
5498 28
3344 4446
4992 3630
1058 1971
3697 2026
1282 3273
2910 1183
3386 3933
4023 4949
3540 5407
1018 5260
4165 2023
2508 1365
6 1724
39 2671
5443 5681
4613 1365
1815 16
411 4758
760 523
5161 3012
1839 4993
1089 3041
2106 5997
4470 3047
3205 2054
5671 4678
5941 1682
3163 4003
4487 3739
5390 4415
3609 3574
3405 5925
3175 1633
2975 2936
488 2989
948 5116
1354 3645
5154 51
3851 1630
429 3291
3289 2711
471 4902
5276 4850
3336 5818
5442 2586
4799 5402
3291 4407
825 4724
534 4936
2417 3372
3628 4577
1770 5592
5835 4166
3816 2445
2453 1174
5781 5258
5306 2970
3554 2948
1154 2927
3532 3650
4831 1314
3985 1337
2819 1660
3282 5546
3614 158
2636 2218
1563 975
1073 3233
2282 659
2748 3863
4544 2813
677 3917
1822 5816
5633 4568
4016 3922
4462 5618
2231 4475
3773 2756
3608 3820
3440 302
4357 4059
1366 810
860 1774
2244 1952
5360 4045
1734 3098
5573 2556
4694 1178
3071 2665
5036 1498
2460 2419
2887 5236
2208 556
4746 1027
5922 1552
1482 1082
4293 2198
1607 2052
5337 678
4905 475
5027 1691
3725 3036
3754 2235
4864 3355
4643 2708
3882 5090
207 2169
3886 784
116 3390
4481 3743
1801 1792
2249 5158
4949 5991
5448 5072
5705 1424
5929 1244
5469 822
282 5014
5848 4145
506 4534
2884 1794
2596 2808
450 2621
1356 5452
2425 5496
4106 3790
5588 3587
612 2168
413 1287
593 4502
148 5988
3867 5482
3668 3046
4852 4049
296 5735
1644 4053
425 650
5505 20
3851 3767
3881 1025
2905 4019
5052 5642
2013 3441
148 4873
4 2094
4009 3886
5362 505
5384 3948
1922 1186
1508 2323
5392 564
4095 1663
5802 565
1898 1391
420 3198
412 5415
538 1910
399 2265
4876 3587
3857 737
3988 5155
377 3969
3467 5592
4119 4188
5773 5074
5601 2022
5562 4401
4875 1067
431 5595
4295 3407
2067 938
3053 1846
5926 5530
4844 2805
1911 1393
1394 5032
2820 3503
1016 4517
1303 1384
3745 3137
5935 5503
4180 2145
2749 134
2951 4195
2304 4243
5039 1981
5186 5956
1589 4471
84 3030
5435 2565
983 194
2447 1623
1676 3338
3983 4387
4399 2754
1757 3203
2767 3857
4276 251
4752 4282
124 14
5333 4166
1290 1490
88 4052
844 4896
1212 3987
3299 3680
5556 5999
2897 1220
3156 1802
1941 5588
5321 1517
2644 10
2725 5504
2874 1246
4589 645
5490 3492
150 795
1010 3076
1789 5313
1913 1835
277 2233
4413 1744
3159 5695
4384 905
2741 3354
5443 2639
5070 3522
4830 1134
793 5426
3758 3873
4123 4688
1488 733
4987 3627
4380 717
2777 4644
5973 5758
3129 143
240 3980
3382 4443
339 3516
3493 5264
1984 2539
1527 2329
162 1783
3235 1202
343 5996
1010 2227
5086 1361
556 3485
99 2388
2659 308
1592 1107
5231 3134
2997 2524
3146 1067
3059 5895
573 4869
2278 1346
2810 377
1353 3133
1195 2950
5358 2903
3882 3509
1829 5848
2338 3162
3100 5664
2261 3018
5129 2432
95 2317
4292 5176
3996 902
3304 2977
421 3120
1578 3323
2193 923
10 3336
809 5222
5578 4954
5483 1935
5965 1771
1011 5961
5922 4107
2071 990
3600 1567
2210 3349
4532 3176
5986 2708
1416 1345
3014 554
2230 2125
1778 2582
4750 4720
245 4204
5012 77
3229 3033
2237 3632
3496 4483
3067 4300
4847 3911
86 4487
414 1069
4877 804
4838 2543
3790 577
3190 2266
5474 1954
1095 4579
4508 5278
1063 4445
4003 2120
2536 1146
2958 3728
2698 5056
5871 1915
4358 781
3843 2288
3548 3038
153 4628
2655 5692
2112 3640
623 3657
4805 2241
1975 5977
829 5128
3815 5572
5600 339
5141 4906
887 1380
4112 1143
2295 2304
292 1577
798 4466
3364 304
109 5792
5653 4262
4071 3438
3751 4270
4792 1266
201 257
4905 3240
2526 2886
787 839
1914 4770
3601 994
5089 5025
699 1011
1009 3011
1232 1445
4303 3818
2228 657
4543 882
4170 5179
2792 2338
1011 2477
5879 3267
4551 4996
5986 3998
1203 2746
560 2314
4052 516
5527 5429
2850 2652
3926 3490
4080 209
467 5861
5876 29
1127 2971
3442 5927
3017 4541
3661 5818
5080 5462
4256 934
3645 5330
329 1509
1712 4025
4007 3632
905 4620
5701 659
5241 3663
3335 5742
4426 4632
645 4670
3028 1015
4310 762
817 5974
30 610
5924 3378
5387 884
4965 2426
5020 2049
4208 3288
4210 544
5566 2189
4604 4465
4436 2658
3773 1220
2746 4652
320 1834
1678 4942
5375 1404
3578 1301
5024 1403
1779 2000
3473 1912
2772 4287
1061 1668
2042 4526
1310 5563
2320 3633
5149 2556
5341 3330
1625 5035
4925 4952
4093 3051
4749 1642
1220 5942
5563 1844
4136 350
1117 1720
329 2873
4144 4089
1307 3800
1844 5940
4307 3720
854 992
4435 3469
302 2487
2164 5004
426 1829
4819 3911
5945 736
4190 5806
2156 5033
2816 3860
3850 4993
3100 4719
5843 5039
5303 292
3336 4833
232 2177
3304 3745
4548 3245
1822 1498
2533 5885
4504 3802
202 4104
5339 26
2069 3693
2421 4812
1712 5059
531 436
5457 5650
3988 1322
1808 4415
1133 2318
1206 3885
4558 2493
4873 5602
2916 1171
2564 215
2433 3376
508 3221
5449 2160
5216 5820
5662 4118
3312 485
5870 5081
5185 5530
3099 3169
463 3539
2778 5251
2613 5476
3008 4651
5721 1750
5962 5081
1867 2963
940 751
2766 694
4236 5674
5800 2065
3679 5038
7 3376
3668 2071
3460 3263
5104 1389
5724 4231
5609 3383
1516 3134
4823 2883
3692 5887
2919 5461
2256 4231
4305 2686
2283 3298
2205 238
1812 742
5281 1453
1869 1614
1294 4806
4785 5017
5115 4645
1870 4419
5473 819
5859 5267
5721 815
1356 2295
3011 2350
3227 4829
3928 3846
649 2883
1554 599
2701 17
4362 3611
1611 2133
4882 3247
4513 3168
1604 1762
430 1983
3066 2414
5507 2555
3519 5765
2943 2405
1430 1741
5477 1948
41 1038
5200 5104
3861 4523
2394 4492
3411 3423
4649 1503
1418 1930
4747 4524
387 2588
5043 3427
2556 1825
2964 303
1681 1629
3709 4624
5832 2410
5958 4459
1420 3423
745 273
1772 4323
5844 46
4261 2498
5470 51
1036 1278
5768 1909
2416 2570
4086 3543
1167 3059
3933 3397
3800 5536
2623 770
129 2652
3445 5332
3033 4160
4812 3550
4945 1926
2707 1487
4390 1051
1379 5097
5298 372
3135 2324
4275 4821
542 67
5580 4893
2343 1942
2234 4406
1005 162
3929 459
1114 2958
4249 3306
4144 4848
555 4877
1038 3431
5472 3667
5871 1033
3219 2692
4873 1311
3013 1924
2084 4559
3033 4871
233 4091
1873 1270
2974 1064
777 1472
3647 5409
1474 4533
2142 5229
5233 3919
877 1549
2649 529
4699 1723
2982 2933
1198 4815
4476 2624
5984 1620
4655 2536
204 1466
4052 3177
3818 3260
5127 1059
873 3909
4285 4568
5517 3102
4029 2549
4873 1436
2219 1358
1375 4663
3445 2991
917 845
5457 4240
1657 3288
4598 5912
1816 685
1258 2406
875 5926
5612 4907
5315 2306
1507 2012
3462 4092
5302 5990
2362 3353
3357 2578
1810 1013
4535 3003
2454 2239
317 973
2104 532
5879 49
5076 2666
77 790
3478 654
5345 929
547 3536
2714 5160
1456 3293
3956 427
5544 3533
3254 1348
3900 2877
5764 4289
2459 751
2870 1551
4612 1457
5224 904
88 4155
5492 1792
278 2797
3276 2573
4721 3719
1676 5909
3876 4778
3887 4956
4745 4896
2048 1533
3494 1160
1060 2696
2073 2228
5622 3149
5318 3253
4131 4360
2222 4487
1479 3133
609 4617
1175 230
246 976
2848 5050
3834 5564
2671 3216
4552 5386
1378 1588
1688 5212
607 1721
5003 4534
3460 2687
1717 3706
3231 343
5195 3925
1198 2965
4911 4683
5528 4180
3354 2929
4237 240
1001 2314
5804 1679
27 1059
2068 882
1177 4290
365 3179
2439 1564
3927 2159
1930 1191
4243 4989
2890 3903
5921 4799
3465 892
1769 5952
2532 5331
4765 1470
1226 1451
5726 515
2554 4740
5118 1614
706 2627
775 871
2245 2064
4905 706
844 3187
5753 5587
2512 1740
4856 3955
3815 1170
1137 1954
2733 3087
3079 621
5300 473
2910 3841
5887 4739
744 81
1466 53
5091 3460
2062 5289
689 3283
2020 888
2776 369
5496 596
2315 3099
3888 1079
2232 1345
1532 459
4851 725
2768 651
4354 5316
543 2538
3754 1251
4634 2082
5658 187
1338 5503
951 4920
2378 1085
5272 4190
3400 3135
3106 1068
685 4881
5670 1942
218 3825
1161 3517
3557 1177
3683 3058
5188 3791
2669 4219
2538 3968
3605 2564
2304 2282
5491 3065
4037 42
1009 3443
4920 693
3893 1697
4853 1834
5715 2840
1662 1943
5713 1422
5340 2139
4954 4675
5254 4476
3607 1921
2977 4633
2266 2086
3049 5379
3757 3103
5102 39
1339 1959
5089 30
1260 1680
401 4969
4183 3504
4929 2743
4979 4687
5309 1561
3693 5456
1741 3496
2625 4062
1576 2948
5827 3370
3756 784
4237 2450
2140 892
3550 5507
2235 3683
2240 4657
856 3702
3562 2518
59 1016
5527 1273
223 1979
22 4881
2720 442
3060 2250
4822 3065
5702 5319
2482 5466
219 2393
2088 2657
642 2334
4397 4874
2055 3213
3 3352
4196 5009
2963 754
2085 2676
5578 5097
332 3037
4423 2588
4502 1661
212 3376
1357 2486
5186 5561
2559 1276
649 3022
1423 4369
1056 1596
5627 5692
1482 345
1725 105
4082 2332
549 870
5576 4571
486 1549
3307 5109
945 349
1865 689
4575 1390
5573 5334
4050 4645
3512 3147
4973 4595
5147 1986
3138 5877
2468 1824
4189 4295
5183 1776
1696 3754
2014 1433
4606 5688
4580 397
1627 4309
5758 2644
5603 5960
2067 5799
266 2073
1101 928
5428 1902
5735 3970
4918 4192
4570 4149
5132 2915
5395 213
204 2294
1831 1852
75 3127
2233 2508
654 4555
602 5489
5747 4203
2531 3590
3409 5731
3183 3894
4509 2279
2572 3702
5230 4407
611 1632
3555 1972
3861 995
194 4851
1096 4730
133 1185
3043 5946
4448 855
5222 720
5142 1921
2685 1033
653 3849
4534 5491
2302 2376
929 5716
2369 1088
3432 1498
4616 3923
2782 5746
2011 2712
2012 3532
932 1183
1993 3423
4075 594
1610 1145
4372 4575
2394 1722
2600 1635
4332 3633
3041 2697
3886 1670
585 1299
3232 1865
5029 136
1430 4379
4670 3998
5145 4075
2064 553
3748 387
1782 260
749 1620
3285 4207
5346 5568
808 5978
4854 3254
4412 5089
5661 4803
5005 3881
548 5526
528 10
1924 3092
1170 4412
375 397
2801 4294
4411 4223
2505 4404
664 4506
5153 2329
2781 850
2119 3174
767 1596
1257 3209
3779 2658
2037 5033
5707 649
2659 3169
3312 278
4577 3579
1632 4364
3999 5759
4503 905
4748 2251
4082 5009
768 4068
449 5786
5052 158
925 3641
5055 249
2443 445
377 4669
2942 3051
4533 790
1443 3098
2002 2499
5113 1887
4274 2971
3296 3338
5399 5937
4260 5474
4235 505
521 4383
654 5307
4232 3143
1893 4264
986 2715
4849 5994
2229 3730
4429 5457
2949 3782
5452 3803
2573 1885
259 1891
3965 5179
4610 5116
2501 4470
3704 4672
3755 5177
615 276
4953 3437
1941 2958
4987 1620
1829 3450
551 3544
3973 1385
3117 1747
505 5531
2513 1312
4904 2254
2807 5250
2197 2791
654 4259
5744 4992
2768 4112
78 1538
2328 691
1798 1093
2340 2880
5501 4725
2957 388
2276 4743
1332 3610
1968 28
5792 1711
4010 4293
5253 3737
888 1240
3911 5395
140 3729
1119 540
5483 2877
5324 3521
2400 1746
4077 2135
4930 4354
3838 5357
4770 4498
898 3682
2841 4902
3312 3538
4722 4527
1232 2358
1636 2392
2775 4797
66 4300
1024 2005
2454 5212
2574 4575
3819 4767
3456 2305
378 5114
531 5741
1495 3043
5902 98
3004 2240
1433 145
1606 3509
5663 4467
687 5502
5574 1337
684 5737
2141 1764
4279 5271
373 677
4431 292
498 4295
3086 1429
1075 4235
3835 1650
2480 2628
3234 2019
1892 1204
3552 4367
4427 1575
3794 1139
2205 3102
688 3215
283 5631
4230 4071
4602 811
2804 1161
5741 4271
5351 4106
2247 1903
3126 550
5153 1439
2625 5303
793 3795
2790 1060
476 4538
5590 2750
356 5494
392 903
3893 4399
28 836
4532 4233
3282 3429
2617 162
4155 5137
2535 3840
5616 519
5129 2507
706 1491
335 662
850 3677
5865 2516
3329 776
5459 5416
3739 4377
977 4924
1663 2181
3564 2855
2177 5312
4462 2489
3972 5796
5546 2040
5730 1518
1839 5184
4941 751
3007 3142
1963 2449
1066 5533
4509 5960
3760 2812
4112 4667
535 4591
2472 3987
58 5565
4410 1283
1026 5658
232 2952
5865 2894
5778 5459
2028 150
1051 3732
5840 601
4057 1609
985 4653
5185 3351
5046 778
3521 776
5984 2174
1872 2437
2309 1076
1523 4390
1792 1615
289 4568
123 315
889 3453
1223 277
2306 3658
1803 952
3092 5709
3387 3836
2180 2141
2139 2778
789 5734
4932 1859
653 500
149 1410
3109 2672
3070 3374
2102 2601
5065 4501
304 3989
1673 3653
684 3256
1111 5660
4132 4260
699 882
1024 2689
1448 2501
5444 3246
1946 2101
2217 4776
4900 737
2361 4474
4373 2785
3151 2758
5770 1109
2237 419
3626 3230
2719 3255
1901 1611
3729 3094
543 5399
1660 4955
2916 2881
1926 5479
235 1563
5402 1176
4903 551
5589 5643
1644 1679
1779 469
1223 947
2394 813
241 3224
5477 1726
5733 2335
3523 4108
1551 3059
3888 3413
2871 5495
5891 5018
2510 127
282 4077
41 2718
2499 5372
1195 3631
4140 2766
3320 2488
2237 3054
3031 331
2997 22
5302 5006
386 4094
3188 5630
5028 5989
3003 48
4003 990
556 5752
5696 2110
5200 908
2394 2868
4668 523
4545 4842
276 3770
4640 2620
3251 5328
2070 5111
4921 4466
4870 2483
4966 769
1568 2163
2069 450
3007 524
3997 2510
1539 1268
5172 459
3698 4093
949 5274
3898 4705
4259 4515
5066 560
3741 637
114 1768
3397 386
3287 2548
2876 2258
1148 3752
5984 1335
2445 4731
1448 2681
5341 5350
4798 3218
578 5324
3982 5524
4672 3066
4174 1737
4275 2401
5359 2236
1776 5585
2851 2566
1806 1432
4734 2603
5936 987
2386 1653
1862 20
693 1905
1653 3581
5238 4729
2420 27
2496 1121
969 4446
3533 1318
2003 2904
3519 3795
344 5499
266 1478
641 3352
2230 3746
4180 3701
5811 5830
5971 3999
781 2718
2579 5776
5651 5320
5311 1090
5090 585
1454 3156
4167 4160
2482 3612
4597 4540
674 1150
1331 2841
5497 380
825 3489
1505 1422
2204 1616
3882 3187
56 5224
2111 4120
4910 3606
2235 3048
3054 2452
3335 1365
4277 5473
3976 5350
26 1886
6 5441
4710 3529
3775 3595
2370 1919
2493 1837
4661 1501
5493 553
3133 3767
33 4989
1502 3486
4816 2022
1753 2299
5485 3097
879 5856
2189 2189
2918 3376
1916 3421
730 1518
3338 4621
1063 4083
3089 1675
2933 4484
3034 3800
1189 3620
4770 1510
4620 2693
2790 1555
5485 2884
3814 1111
1084 5237
521 4922
5312 2012
1596 5514
1031 5566
4161 2859
1776 4295
2102 5535
1381 2509
3155 5129
3048 3493
3928 3116
1919 3108
1109 2920
2482 2264
2524 4103
3092 4696
1380 805
1440 2649
1199 1887
38 4562
4222 301
5702 882
2466 1090
4956 3984
5031 2931
1773 2051
5804 5318
256 5299
2918 4397
1296 3888
453 1586
5984 4849
1654 2149
3136 1999
4395 2244
2671 5778
4872 3210
2913 1644
2031 3595
4867 3349
4141 4415
5052 3639
5926 5821
5015 3818
4143 1817
2078 4130
4219 4864
3688 1176
184 643
3317 4822
729 1106
4170 3510
5559 3995
3000 5053
5588 5875
290 2500
1103 5652
5470 4375
3679 232
299 146
617 2005
420 1384
884 4616
5091 69
5808 5414
3610 1894
4882 3505
4925 2823
3618 2024
1476 349
3320 4146
2864 2517
4964 203
1179 4621
1069 5264
5684 3873
477 3672
2059 3752
1722 67
378 5936
5463 5543
1765 5287
1724 5384
2019 3003
5251 5240
1500 3780
517 879
613 4944
3780 2940
1066 47
5610 236
300 5504
2721 2651
3195 5724
1924 5945
2788 2161
5942 4749
2142 3249
1153 4528
2482 5868
209 2227
265 3706
2130 835
4026 670
1799 126
2644 3607
3516 5510
40 184
127 5957
4363 4987
282 673
506 4672
915 1361
3502 5068
4983 1760
5554 5936
2004 3778
2467 1192
4375 4949
2647 1317
4645 202
5072 5356
2829 1747
4179 1584
13 223
1108 3372
1332 3107
1332 4982
4104 5691
1325 5681
1976 1617
1260 3665
2085 3901
5729 356
3772 4430
5731 5150
598 647
3575 1414
1588 2269
1923 3167
1957 5904
4045 1321
2298 520
5241 1465
3244 706
1858 598
1995 1835
1528 1430
3178 1851
1003 311
633 3637
727 3522
4019 5566
4929 285
4985 2252
5616 3599
5182 3441
4991 1977
5572 5512
2129 5731
38 1087
4870 1668
3256 3749
1693 3606
2332 1941
42 5802
5814 3347
395 3607
4258 1575
3589 4937
2339 4599
5747 263
3168 5402
3969 1796
3082 5818
3862 3514
1440 185
720 4292
2407 2503
2660 4059
3971 5890
1958 3235
2683 5808
2133 4839
5756 4905
1275 1554
2812 631
2100 1231
4866 2466
3404 2530
3028 3607
4429 4440
833 761
3801 4877
1824 1578
2933 2268
1784 1627
1638 332
2336 1411
1568 3656
5818 3804
1052 576
3275 228
394 158
238 610
3544 5355
5882 2198
2689 3779
2449 3686
4504 4598
4251 2710
4855 993
3265 4360
3507 3772
4510 5268
4754 2820
1634 3753
1168 1691
1496 5349
1822 4286
1147 3697
5836 2407
5509 4688
1991 117
1336 2185
1462 4905
1856 2707
3250 1298
2024 4224
1220 4938
4747 5276
292 2770
1342 696
2798 2779
4987 3090
1735 118
1921 4120
5280 991
5019 5405
3786 2853
1614 5961
2779 2365
551 3943
4559 775
5219 715
3250 448
112 4931
125 730
1284 3776
4639 1688
3981 2964
4622 5070
361 414
4510 4041
1797 5460
1152 4267
4763 1775
3566 3081
5512 2957
5014 3640
1436 3603
3797 1829
3558 5505
3462 1092
4590 5658
1227 3259
4772 2211
2490 2159
4521 5404
3515 1598
2284 2349
1585 2959
4311 4083
4248 4999
4763 859
4446 3725
1738 2957
4708 4657
4099 1708
1142 4263
1267 4061
2664 4538
969 4630
1460 5583
4026 4602
4210 4135
5751 2401
1959 4697
2187 5852
1360 1742
2553 4057
480 1262
4260 5428
3960 5996
2817 5311
3974 3917
3258 4930
2817 3166
389 2390
4596 759
5044 1327
4249 1546
1693 3576
4823 1201
2029 5267
1935 5030
5800 2608
5875 948
1684 2254
2744 382
4502 5808
1277 430
3629 3601
2220 656
3934 1739
5089 2991
2736 3059
680 2177
4456 4713
2971 1599
3862 3327
5164 5463
5665 5016
160 3301
2705 5459
5149 2351
620 4087
740 1344
2483 5425
370 5767
5661 1644
5539 1744
3028 5935
3848 1346
927 4429
5275 3403
5055 1417
432 3753
4557 3112
2942 5803
1075 2092
990 2791
1082 3981
499 428
1236 2779
2954 3194
1707 1857
1780 960
601 1931
4385 4007
4793 3467
2895 3533
4942 584
2259 3876
227 2409
5046 5404
2226 2720
4132 3054
1720 4602
4593 2666
2792 3398
4989 5939
5295 3507
2009 2889
1032 1455
5290 3335
4560 4828
461 1854
1805 5605
3532 3265
3370 1442
2048 2866
5862 2089
4038 4636
94 197
903 418
4695 3946
5282 3897
1488 5354
2173 2513
1800 3377
3020 5577
859 1368
1248 3540
243 5576
467 342
2044 204
3699 4147
983 2812
1229 5018
2868 3863
2716 4333
2346 801
370 1668
3096 3453
390 3458
3200 5100
3582 4471
4306 5942
1006 1960
2967 3256
993 892
1008 2943
3896 2105
3406 163
4529 478
978 1192
4825 2193
1287 3121
3588 2939
5454 1829
3340 3219
90 1462
3369 1992
4141 3023
3856 3683
739 5918
5806 2012
93 4338
5302 4955
5009 4310
3225 2561
192 2286
2005 1448
2519 2498
3313 2312
154 3673
3848 1468
541 4824
5908 4116
3044 298
1885 5435
2478 5025
3873 124
1261 1661
3878 4048
3145 3357
4670 796
2230 1220
3433 616
4882 781
2097 1698
4612 2562
5666 740
3505 5769
4776 2883
2928 1360
5854 3226
2048 442
723 1478
5799 5786
4047 1714
1519 4911
967 5285
1356 5296
3517 667
5777 730
4011 5265
3731 71
881 5061
5150 5073
941 173
4039 4984
4666 3975
5009 5008
1116 1280
5603 5710
2058 4696
3081 5076
2493 3254
1786 5755
2520 2584
5066 3696
2808 1486
5202 4545
4654 2918
2892 5034
1594 3899
530 2635
2938 5689
1513 4924
1187 3332
1113 228
4686 394
4353 1205
759 3558
1929 5772
4562 3046
3559 1991
3983 4127
2550 4552
3520 4063
1075 1017
5735 771
3433 3232
4005 1914
2112 1653
3104 1897
2097 3297
1765 4832
1693 602
5422 508
319 2700
1413 5727
3982 3977
4009 4557
472 5971
1728 5304
1259 3353
1054 670
3013 4224
996 2289
1998 4756
3900 2503
3412 5536
3892 1906
3895 1578
1609 2722
4182 5026
1782 5754
2777 5404
5453 2064
4288 5867
4597 170
5116 3728
4836 1796
2188 979
3327 2246
4219 2865
4783 3845
5848 5063
1989 4745
2389 4414
5042 2591
1460 4391
128 3487
2879 4424
1684 2193
3990 1159
3896 3291
4398 2278
3060 4718
3592 4352
5357 177
3999 1507
880 1917
2470 5278
1472 2091
1409 1597
2318 203
467 5202
3033 118
2216 662
5238 3526
1555 1392
65 916
3370 2436
5988 4434
5952 2736
2150 1514
3171 2451
4776 1622
455 206
5068 3553
1570 4880
3063 2046
473 5724
2217 4503
3275 5165
3274 2825
4445 3661
5751 189
3782 5634
3388 1882
4411 3946
3012 2377
2685 5240
3758 2152
1777 1007
1778 1764
1504 1070
3845 1888
4816 4317
5785 3578
546 4758
5833 320
5470 503
5666 1903
3787 1415
3637 4812
3619 5879
5164 5526
4470 2715
5579 2604
4270 4264
954 5082
35 2784
831 4393
2511 2172
5793 1640
3524 1593
2410 4421
3388 5350
2604 5616
274 5820
1927 5458
3087 142
1193 1209
903 4147
4471 3640
1156 2386
315 972
3059 3246
3518 3825
4270 2225
2648 3271
1625 3693
2406 5599
1505 5681
4666 106
1889 3752
2041 3523
5271 2456
2257 2267
326 345
569 3333
2637 1892
5645 4659
4568 4559
4426 5025
2245 5158
2550 5776
873 379
2052 133
5811 2480
3367 1203
2130 5828
852 4807
1219 1053
732 2082
397 1461
1402 699
2543 471
4457 4550
26 3531
3802 2239
172 5985
5349 316
5485 1530
5213 177
1404 5261
5577 5
1340 3112
319 1301
1899 4452
3155 3623
83 1022
3521 5123
4692 3491
711 2700
4817 2844
2022 5668
3659 106
1659 913
2459 2531
1864 2330
5043 2509
5704 3943
2966 523
627 1511
2823 2806
2174 2339
4272 797
3142 3
2403 3023
2350 2223
2870 3783
2487 4889
618 5866
784 5080
4876 2030
2686 5000
944 3899
5085 1344
2314 501
3927 2116
1471 3930
4052 3708
411 2201
627 4213
5268 1604
2007 5878
3359 3959
2549 5316
2961 5320
2189 2154
2312 2370
5271 5427
3835 2621
4928 4874
671 3583
5092 5060
1867 3337
4910 5820
3550 2603
2078 911
1967 4105
1242 5577
85 3810
2967 2431
1128 3933
3561 1022
1176 5911
682 579
3116 219
2568 140
4285 1425
2802 1471
1891 4058
3539 3354
800 4090
2239 379
2716 3462
5757 592
3153 1360
4806 3857
3591 1777
2990 5499
306 3510
5744 2000
4971 2382
2926 734
1852 1362
4424 4254
5439 3206
2348 2429
937 3327
1807 3903
2323 5877
1835 5267
2425 1546
3722 4497
1815 1867
3697 1739
2256 5831
416 3411
3472 3230
761 5368
4804 331
4527 4647
5576 5476
448 1599
2769 3473
3366 917
5580 2380
4874 3514
4615 1240
3866 2761
2686 2372
5596 4565
1016 5409
3379 3426
355 2242
5778 2722
2573 1076
1070 403
468 3661
1848 5207
5920 1817
3675 4788
4271 1747
1795 1757
5858 5441
2830 2064
2277 1139
1095 5649
3268 4333
5664 5366
3228 1218
3616 3620
2335 835
2622 1994
1885 4793
4748 2381
4111 5247
918 436
5157 4259
5341 5348
4433 1406
5423 254
5269 5937
3785 1623
1019 5842
5584 5768
4035 3224
5628 7
3794 2499
182 2325
217 143
2435 3113
1844 890
2113 1869
420 3155
4529 5159
2174 4902
2773 3755
5365 661
1515 5775
5701 1337
939 4782
2449 5897
4734 3441
959 5866
4511 586
1586 632
5078 2995
3192 291
4257 3111
1221 5325
2406 3455
4816 2546
3063 3647
4428 3944
1413 1089
1801 5114
2504 4274
3580 3776
13 4699
4412 881
5488 1187
1759 4027
4204 5795
643 433
3473 4698
1329 4150
1669 1410
2831 3593
3646 642
1332 3202
3214 789
2385 5132
1855 58
414 1715
4657 798
1603 3455
2930 4470
5783 1393
2526 193
3598 1373
2631 254
3150 1624
3429 4729
2819 4292
1585 2988
596 954
4894 2995
4100 4183
2682 5072
5933 1002
3107 3280
4762 1933
877 3037
420 2129
3059 5206
1615 1598
3483 4779
5382 1307
5663 1997
2948 443
2473 5093
5172 1769
2702 627
1242 5477
462 2138
4579 3710
5755 4923
3147 3186
1448 3759
941 2020
1236 4120
1328 3325
5718 457
3999 3175
667 4436
4074 1301
2061 4469
27 3526
806 5934
2875 5371
2646 5842
5495 5687
2433 4133
4124 5703
5020 2692
1626 5298
3480 3904
856 3138
5040 1505
5987 2
1216 5544
1837 2699
2198 1077
131 5930
5293 5386
1008 1684
2712 5551
5552 5356
780 2952
1239 4979
2304 4147
2915 2930
4456 5351
3054 916
912 281
4953 2903
1319 2128
869 1252
1756 1531
4755 1980
5116 4257
287 4070
3564 5209
3992 4342
3188 395
4483 1263
1885 3446
3744 5644
4508 291
2364 4492
5007 1418
2281 4332
4983 4387
5354 793
4230 2432
2708 2725
11 1257
5121 4057
4107 5192
3414 1884
3506 5461
1815 2963
3626 1380
5929 5754
1723 94
281 5025
4420 397
3451 3162
5369 3963
389 1537
1741 2077
2044 445
2321 924
1710 1910
3133 5492
5506 1207
2958 1632
3149 2166
2128 4277
4950 2705
5134 3262
4445 3052
1256 3240
2903 5016
3988 2879
1772 709
680 4680
324 5083
4934 3680
2751 725
4489 1573
852 5775
3791 3075
5836 1521
887 1473
4144 3068
3148 1453
1872 1300
3090 837
5525 1726
5745 5351
1977 4524
1728 443
1444 3735
2963 4815
5210 2989
488 4243
3364 4971
1789 86
1580 1275
5974 5041
4861 1105
1886 2818
5850 5266
1851 4123
4125 886
3815 2123
4658 559
2092 2397
5541 1562
2928 5616
4265 2822
5313 374
1834 3843
210 5393
3765 4285
3062 4523
4358 1160
4732 5988
4403 4509
2139 1313
4855 3462
5439 243
1025 2182
1845 1398
3533 780
5908 3499
1650 5802
61 5239
3294 352
2004 1164
1679 2094
2542 1608
1972 4090
4444 4669
3091 2798
3001 225
1099 342
5873 3671
3916 1864
1571 2365
5925 3365
184 1879
5263 4862
3635 2860
3400 4570
3179 5775
4083 5575
4551 5136
2589 3343
4969 4948
2018 3149
3438 498
1809 3743
100 2415
381 462
653 4940
4214 5643
5507 2958
135 61
3052 3678
17 1720
2080 5987
119 192
264 268
651 3230
169 2961
3400 1201
2897 3708
2018 3625
1393 3332
2251 2623
891 5386
5287 3257
2718 2055
4386 109
2480 2406
847 2131
5162 366
4100 1344
2906 834
868 1759
1269 2156
1470 2531
2123 1671
52 1195
3807 1276
3678 4532
3831 5007
1279 5
4608 5899
487 1670
1702 5930
539 5634
3843 1881
2754 5135
2548 1308
3090 2284
4180 3277
1898 2634
3027 891
4304 1709
3287 5584
573 2389
5734 4179
5576 5623
5058 1264
5856 481
3638 2932
3502 3486
2848 3549
3290 5799
4783 5072
3596 2699
5871 5996
1941 5391
914 3584
655 1657
4337 2249
5602 4473
3955 1182
505 2824
3276 3855
3924 5702
121 3163
3294 3679
3467 2320
3138 4349
2499 5288
330 4804
4413 2770
3288 1161
2752 5934
1063 3300
3412 2301
1188 3960
3539 3065
5129 5136
1093 208
2267 1724
4935 3606
165 5068
4940 44
212 2572
3687 1371
3395 4816
2167 4565
3577 5345
1540 1678
4642 3369
440 4022
668 1707
1553 442
4722 3766
2470 731
4269 5516
1432 2655
3466 1870
715 1479
390 1482
3620 5201
353 3974
5589 5726
1618 2063
5094 2966
1479 5342
2118 2218
960 1018
2163 890
5275 147
1622 4841
211 349
3394 573
2308 4492
5166 2091
2050 4959
321 3777
971 1088
4686 1798
1466 3690
4863 911
46 2283
3702 3955
2137 3004
5874 4881
3996 4335
2478 3344
4211 5464
3344 4680
5581 1342
5344 3279
895 5332
5703 181
3929 1939
1162 179
2857 1627
2039 3202
2238 4585
607 4120
2351 4362
373 280
4301 5312
3541 1258
5350 4228
4888 1768
1292 4302
583 3082
597 5041
1389 1172
3796 1049
514 5967
1926 2649
5701 4581
5297 736
3546 3105
5082 2107
3972 5141
2935 3729
1348 5245
964 4314
1331 533
3001 2914
5324 2502
5308 269
2188 3526
754 1658
4110 3872
5563 749
3586 2386
2574 1655
4430 4630
4851 4200
825 5186
3376 4472
5347 579
342 306
4792 5591
2588 1074
5814 3946
3643 4688
5356 163
2732 1006
2341 5744
2767 3854
3446 1055
4285 2951
2948 5966
960 2889
5497 374
3569 5950
5017 2691
4642 4243
5151 22
1389 3415
4429 3390
5388 4484
5172 5412
2410 2667
4976 4870
4314 2389
2872 3030
518 4871
2148 4403
219 5637
735 3112
2658 4554
2367 5476
5442 1446
1522 1050
2164 1673
5067 3786
4119 3711
109 5759
4405 2844
4551 2394
3732 5977
3232 5662
4993 1984
3797 5837
1386 4692
3905 5218
5900 4789
1228 4992
684 1346
1798 3995
5689 3759
3542 3126
978 3497
2654 5933
579 519
2721 4947
645 755
5415 3534
1239 57
3744 1010
2023 3807
5495 235
1909 3062
121 270
5370 4560
4838 3202
740 3906
854 5386
1430 3707
272 5878
4702 4692
3318 3147
1366 5051
1045 3184
2590 3915
1436 427
4521 1742
3002 1419
983 54
3885 134
5699 1687
1992 3605
4750 4009
212 4190
2763 5132
2570 3155
5180 365
4031 2937
2861 4680
481 4107
2911 94
3329 4176
1912 3033
2 2810
4696 5932
3985 480
4783 688
1444 5966
2653 5917
4983 3291
233 5893
5941 5114
3655 4151
5108 4549
115 755
3940 5127
5443 1897
825 2905
4171 2326
726 2656
3714 2865
3084 5348
533 5331
3395 5091
347 5957
665 1559
3097 5870
472 4357
1381 5069
5100 3991
4801 5827
4741 3484
4512 3716
4634 3887
2556 976
4639 2901
3452 4125
3223 4730
3983 2007
381 3438
3838 5130
5343 1387
1441 3598
5420 3882
2304 5140
3984 5880
1213 3601
5005 3042
3344 1081
268 200
1074 2093
2244 5089
4782 327
4938 5514
660 5636
3321 53
