100
6 13
9 16
18 22
19 30
28 35
29 42
31 44
33 50
42 59
52 63
57 67
63 71
73 74
81 80
86 87
88 89
94 99
102 108
103 115
111 116
114 121
123 125
128 131
133 133
139 138
146 146
155 156
158 157
165 162
170 170
179 173
185 181
190 185
193 188
194 190
197 192
199 194
206 202
208 206
213 210
221 214
228 224
237 232
240 240
250 242
255 252
258 262
262 265
270 274
273 275
276 285
280 290
287 292
289 293
295 296
300 303
307 306
308 307
310 316
317 319
326 326
331 333
341 335
345 338
348 347
349 349
350 356
360 357
366 359
369 366
370 367
372 375
377 380
383 388
388 393
391 399
395 407
398 412
406 419
409 428
419 434
429 443
430 449
436 451
437 454
438 460
441 462
445 469
455 475
458 481
462 487
471 489
474 499
479 502
488 506
496 511
501 513
506 517
509 526
510 531
