100
352 891
803 891
999 891
14 891
120 891
931 891
772 891
522 891
352 891
342 891
83 891
435 891
857 891
228 891
971 891
245 891
625 891
888 891
868 891
862 891
173 891
881 891
177 891
485 891
362 891
288 891
787 891
572 891
35 891
372 891
563 891
681 891
427 891
107 891
726 891
174 891
718 891
76 891
574 891
935 891
515 891
541 891
531 891
473 891
209 891
409 891
777 891
879 891
996 891
809 891
303 891
136 891
274 891
393 891
151 891
742 891
163 891
30 891
527 891
639 891
32 891
730 891
817 891
941 891
787 891
638 891
759 891
870 891
312 891
752 891
382 891
885 891
693 891
438 891
260 891
194 891
350 891
927 891
43 891
571 891
224 891
388 891
251 891
830 891
996 891
739 891
377 891
87 891
131 891
253 891
918 891
393 891
734 891
550 891
90 891
498 891
659 891
911 891
577 891
594 891
