5000
2792769 45787
3873060 1372026
1375784 6230286
7412118 3832710
8567970 8862797
9192640 1375778
2594806 9304350
8440319 2457532
8739909 3666784
3102598 7603420
8876830 9568772
4548458 7703606
60034 1683292
8414101 3739507
7501450 2434490
2073161 3679324
1277545 4145064
7878043 5175025
7214522 9186802
4382737 5739674
5412783 8293272
6665992 6231722
2149895 9882780
2716431 3400251
6144333 3193652
3680238 5283171
8487277 3353893
2918698 7410788
8542321 7932990
9592056 49288
4911686 2245538
7638597 7123494
8939878 9969279
3608902 3457253
2347801 9395012
5994315 6139287
6480976 6523169
3694059 8575100
9398347 5173235
9866874 1655040
2736601 3715867
2732343 809590
171784 2654350
4479634 4306347
4377875 1505553
7661077 8598730
769573 1492061
5991576 5066225
3681818 6903529
2439157 9437017
5628335 1588755
3669698 1684283
9056364 8444266
2004151 1443954
1194218 8145089
3325170 8476934
1699848 5833353
8447464 4375935
146121 1545496
5829402 2827817
8805768 2114407
7744224 7209393
1309273 2823797
9341267 6061169
5171235 4764794
9179535 9947383
1865729 7560080
8252150 9732176
8417058 1904629
568959 9401109
8447254 4645904
9291797 7002496
887869 2958783
9270480 1039165
6774095 3136393
8736415 4366030
4879329 8783948
3321521 692341
8167647 641307
2270190 502195
8259098 5713616
4914053 2865485
4381519 6283975
9966656 4008778
28374 8219372
1679927 4774090
6442854 4872253
3396576 972969
9822841 8574354
6958394 3032035
3790975 4787729
1050860 4422739
8203587 9449448
8514792 6039495
1369796 4886439
3711837 1024207
5417294 2497912
4975420 1117404
5668034 5819704
6113418 8896894
1372762 5918492
144196 7768846
4472057 4104583
8828717 5840497
649034 1747219
6968118 2014678
1071318 166255
5069949 9451212
5459278 4452050
7546800 5155974
795431 237267
4275335 6966302
2393774 9206372
3148334 877392
2701776 1717627
3154931 747977
4080667 5655782
8849069 7091587
9858698 399167
7998922 4893836
3744437 1783631
2400617 6155242
377147 4727862
2875124 4326731
8813616 2067458
6841517 1257269
4176817 6443942
9601108 6301596
5258266 3692634
2662083 1250838
1143575 9384463
3758940 1964761
8502684 1319428
4593401 2469319
7492710 7066130
9364194 3682329
8231667 3307289
5433486 1421134
610571 5391567
3304036 9458204
5477990 8081112
9973410 7493469
521218 7308031
1482846 6697642
3776617 8155626
4394414 5358120
6745961 692022
6899860 6122671
4334578 4343887
1071337 396911
3275858 7331854
9217238 9641930
1619482 6646740
841851 4362897
3846612 5903745
2103539 3890918
1957030 4801609
4256164 894614
8134939 2067660
9725571 6065850
8549881 3270686
6444983 3111206
1634318 8188029
1105368 8975903
6557667 4801187
4002513 6971658
4820963 5956223
4596721 2912396
1057320 177009
490169 4515459
3447084 1360917
8489777 7887290
4299048 8266128
930286 8874633
8550205 2315638
9729577 5696156
8533047 7881256
6774717 407897
9759029 5975628
743721 892261
9510218 8678310
714871 9994759
232677 3791650
2332419 7596230
8206325 8831873
9970493 4646942
1477057 5598205
667262 7092979
8825487 1468876
5314429 3881251
8219596 3655395
2373295 4732049
5086767 3682362
742582 7976731
2667738 7150899
3945533 9464518
9812815 5467059
6263348 6955526
5735759 5821443
3345251 2601335
4916323 4744165
9277412 790934
5195793 3787265
1676873 9448103
7850946 4540089
3238287 3725756
8846023 9205896
794938 6206545
3519389 9411304
982683 9110186
7519478 6231870
8474954 8140002
5739062 1757261
7907074 4804301
1526829 260661
750891 5079682
8256379 7576116
7818507 7416472
3061873 3332001
1786356 1592576
8306797 8714700
464230 6136045
488273 8107000
2180545 6522774
8106012 9076408
6182251 9827279
2300417 7437729
390627 1890679
151488 7432774
9805530 1457563
6396196 4722303
9369766 2187779
1886151 9352380
7966126 6319369
6275890 8601974
294901 7331894
6399478 8681135
2768055 8806175
527864 1270052
4919772 6052377
6414378 6048175
8970823 8101055
3260786 3620351
8602050 9053799
8548588 1949852
7405833 1708885
5368551 640544
1589639 1691767
301908 7473658
1241650 6204685
3507412 4388323
8704773 1601430
5612390 8752541
5591571 2634662
1358695 3720834
4287135 2861665
9458772 2531935
3109919 8742551
4013366 2636996
5972591 1211640
8713726 4720375
3664316 139296
3749228 3643300
7077344 8494117
5282223 5359385
6416066 1938528
8698402 577892
1972502 7761903
5808883 8220203
775464 8547269
4989950 7505803
3984231 2956495
7192630 4354135
9277654 9425007
9696547 6225813
6453041 82293
8776756 4093012
1277464 1847448
5145411 7131967
5917661 5483400
7719921 1790751
252824 3122820
7816600 6323424
5869002 9925914
2907541 3442177
1401245 9059465
2110367 954766
5590601 4672166
8976240 5232940
2896647 3440829
3290136 8479442
6627995 9283288
4848892 603575
442847 8239808
3681412 631407
5362548 1459707
7251742 117005
6804261 2169584
1510892 7087368
9483631 892939
8436914 8912340
6881524 799961
8652290 972553
6435883 4242479
5300735 653387
4878934 9248252
918722 5690307
5012138 7092185
1441647 9845536
6763798 3437752
4292912 1851863
4296786 2105787
3413392 6931674
8729190 2490868
8346162 1855638
5825552 9711487
1630143 7860761
2347286 6260605
2518101 4250245
5920693 8717015
5386005 1121330
3840604 6829383
1622993 9076680
3817568 6058502
2439945 6955236
1307639 2392504
3352614 5952861
8357487 7362902
1919315 7893138
5748924 4388093
2612200 9008831
2409015 3959436
195950 6376203
6980392 2280238
421821 344255
7082896 3897025
7801564 9460726
2913865 7876630
9683555 1340451
2527699 5240232
3976398 7251133
6417644 8980835
8317718 4796839
454810 1115986
375159 4427419
2194019 1133859
3620336 8492467
166094 8645162
4911633 8099171
3961805 8225084
5079895 2310663
4462246 3539924
1897221 3323678
8528923 2244816
8920286 6764630
2656171 682992
9002157 2151375
8475529 1633916
1320909 326192
4950350 7991864
6714596 1677171
1155469 1422841
8933678 51178
4757982 5559258
6269747 3592493
6520083 8097940
9138989 7474434
8563874 1686119
8754232 2284796
3109057 4896517
2661652 3294745
6430146 9624780
8138995 5723148
4048235 1878074
9387843 7890628
8004780 9736453
9322502 3535151
7386170 9837579
8576786 8332235
8175368 8440079
746237 4478538
431273 6019425
7355455 4552182
7158718 7160734
9128489 4235580
1648100 9339450
7178103 3134820
9084001 6076821
4514045 5416331
283331 3687848
2308749 4131836
9020736 9761776
3788225 6134427
409867 4163980
9633776 2021233
5333186 6413322
5434022 1829058
2576163 500272
9349799 3058828
8300194 1344117
3864108 1147057
5628441 9509185
245184 11112
2076107 8784547
9523853 8299900
3610880 3771351
2847841 9046564
5455408 1364274
2622260 6848380
1164234 7171695
727063 8702847
2870684 6780882
3724494 319312
9793442 3186240
1562768 2050618
1429889 263832
1953279 1823376
178510 3635047
1499295 454382
9128972 2394434
729235 7221728
7726586 3111262
9970446 6263241
4028928 670913
6090250 9129243
9709867 2226395
6389987 309479
4531004 809497
53747 624795
4697493 589715
173849 5126418
8165128 1308561
2591295 8188825
7124434 381025
6577183 4848106
2740081 6388604
9283569 691435
7302241 982890
2851082 6664513
5541626 4153733
4753754 934577
7436582 3198670
6442246 9822387
6728209 8469662
223831 3546854
7263167 7100016
6675052 228781
7164827 7997813
5656603 2415337
5628929 313605
7040749 6926672
8269380 3351014
4631813 5747687
9141415 4780668
3233151 7895843
420786 5505438
2831036 2189969
6112333 320401
401995 6195744
144598 6915586
6335809 3612074
7052521 562015
8640678 4523883
3858870 4043094
9430911 6047905
9671145 8019203
5964676 62074
5942360 5329745
3266491 1783744
8641056 6291315
5063024 2644943
8281507 210917
5509606 5556387
2071230 9944718
7460372 1335619
3869158 2971264
4363127 7971895
8643191 8427183
6640200 712203
1041869 4307078
2604397 1847041
9468130 7694868
5062442 4250518
9032673 327543
648212 835844
6579218 7524007
428398 683176
6414614 4764156
9629437 2004547
5004497 5671813
7904780 3007229
2215193 8316131
9756561 57305
7669043 2567117
9416553 6676109
7604633 7723805
7750422 7194600
9631098 9106447
4918702 1013346
1897805 213790
5922834 7069137
129123 623843
2867863 6643569
5525433 9165974
452591 6576693
9464818 9201357
4568822 1130900
8147782 8610836
8390364 2338548
8966959 6949068
4868021 3807151
4249238 307735
7124527 6258844
780904 4688428
1602149 5139593
3063460 2511007
306444 8794248
7198097 6342129
3519844 7518148
5180074 3966784
6405491 7455054
6129495 7321328
5307964 3859543
7778773 9417667
5178553 4602077
9942651 4276149
3453984 1015892
9060469 8666762
6570438 1648029
7420459 6391105
6290047 4578388
2974318 2722271
3245625 4859081
4596829 9794370
7578188 3553586
4213621 7587118
5060173 4082156
2720400 874486
7521855 4255566
470523 7404741
9241510 7758440
6295540 1401433
5093451 3516976
7643793 5346444
2736450 9230088
4629840 5138232
2093622 1037821
8821133 5737102
9949299 4923518
6631398 2300499
7640935 7911722
8449926 332508
9208583 853179
6655546 6683402
8452586 6107101
4384451 9504223
9033619 8044177
8261993 7073497
6190050 4276735
4273607 4951547
8782763 7808109
2174028 9758053
4713068 7224110
3193200 2100665
6471330 3741259
9296263 7763475
179071 6711265
5718986 1055514
4227064 3049129
3348301 6496345
5992189 3338159
9635875 4199510
1170850 6808276
4798066 7125609
3318365 1003758
4133043 113157
8119735 5883607
7214830 6578814
2671274 1624725
5564433 339792
1814419 6514621
7557442 8947213
4340072 7761913
5159845 9715140
2459504 9615170
6614372 2081674
5725350 7713279
233322 9602291
733282 2071065
3931921 1349194
8663078 104752
9753406 6977486
6173250 3391869
8956268 5188037
6046999 472873
7791410 7342686
9413697 2728749
4008182 6186009
1107203 8593038
4883057 8820461
105483 9628815
3797764 8379177
6156822 1422357
7397144 5219282
3757543 7180821
1740338 8407088
6896826 4125220
7963185 6673575
6998123 3597368
5844428 2468345
319670 5386786
5901003 8593023
4810656 232026
1743926 7584441
3692397 5851999
5722195 8217890
3178367 2694684
3856142 5474445
7489110 798822
2920226 3192801
1271730 5409438
4837839 987895
8497164 4432830
7343124 7760313
7475861 6264087
7739660 2681436
3407043 2667220
1259142 9864854
7149951 7609833
5398369 5885386
9962247 7061738
2097831 1641416
2617006 2626192
1407495 4739433
607800 6812485
7237778 4926354
6137804 5088486
9159849 2532820
3378060 5794668
3866291 1100632
7069251 8738370
6377271 5919825
426432 487994
1313375 7541049
3060121 2576846
9520691 6256879
5226080 6056186
7260878 4582937
837051 9872097
1903023 5205477
4149542 3844331
6156786 629522
886395 6287496
4511626 2116043
7471333 5010167
2797944 6330965
1001191 5104717
2178024 7424612
6132358 1326786
3512728 911611
2264513 8261419
197484 445368
377539 9763813
4851481 6477475
5941692 7322509
1126549 106410
6872178 3763923
2320646 8098660
6026395 6654681
7477684 7450335
862421 8203428
8889245 2198937
9897922 8706206
6776557 97493
8851534 3231218
6197578 5687461
580789 4445426
7102346 6650780
256976 3388332
2244782 8358225
4669676 8873958
6335217 5430674
4554402 1811047
8275928 1847858
4192314 9460895
1732037 9181795
5247319 3858315
9229251 1962007
9064031 3125039
4986580 9085056
7309544 9398278
7872785 3618198
4175037 1765720
1370966 6550932
4343396 4522643
8778339 2455437
3114616 7314972
834788 2833123
2714207 9707730
9871248 8141723
8672935 8923172
1999010 1247790
2865041 6250335
9222708 4831255
8740515 297588
2645116 6007871
6920892 1062273
1988845 5226368
3195810 519178
2279896 8941910
824807 2786360
4520576 2185165
3838273 1979804
8250558 9503087
6788119 3658358
9552045 5351009
8151 6815452
643924 9627755
8301796 4097726
8217398 2416549
6385487 1820288
3672088 7191303
8486918 5977975
2715066 7589570
6364302 7047047
6499876 6396732
6566915 7475678
6449578 7261187
6326627 3041110
9637568 4705051
6312068 3979861
4755313 4428322
7451975 3037007
7709382 4254446
5611232 3544294
3259703 6709955
4933467 4936884
5780566 4750442
1033406 5581859
6651725 7249023
6090488 8751421
8396081 9838516
7423073 8745532
6082937 4956425
4952382 4063161
2298287 1015510
3993585 3352715
209087 3725804
8639871 9193696
3818621 3821123
7007950 6118367
8054561 6194424
5558664 6707570
3410198 812070
6850653 2182235
6608273 5666766
5202860 3278319
4970261 8689845
9612748 4808628
3823814 1909460
871838 2137498
5469384 2306835
5649158 5322604
8891190 3681117
784032 7712707
7586698 5674287
5850953 9044983
4384209 1490633
9148430 2335712
9426249 8282626
3529237 7461683
681265 5093696
2512062 1779700
6400985 1084781
7479965 7747833
7119208 208469
49382 4569474
6531403 3159086
2947164 5975136
9951083 3672653
8486072 4852072
3719291 5920528
4753064 7089886
4828980 8015501
7914350 261442
6525480 440430
3447787 7071618
6234646 8999573
1079555 4128561
8574899 4645454
4117621 6637489
7480529 1145794
6190898 183311
7957817 4098026
7578357 4184431
2132300 8352856
4978261 4540878
1568519 7301220
6784439 2558364
4303454 3840554
1037596 2236321
4008171 8951841
9884338 5677565
9701816 8509235
4030817 1607823
6389370 7241269
4871644 4624938
4096712 1194687
6458222 1883294
7520595 1145110
7314617 1943302
1901344 9427693
7335672 8527970
2414555 9580617
9110353 8423243
8184054 1818057
7864312 3789708
2575784 702958
8335615 3009580
378304 6252834
5676450 851881
2644181 2977735
887614 319218
5124831 3937201
9110431 5441176
1243191 105281
1171554 1994498
8855076 6866784
3071870 916162
9731782 4983098
7381547 1724619
677591 7670130
3322916 6227716
8567359 6615810
4114200 571521
3632405 5926960
7984898 2316125
63942 9241570
5566262 5649132
3030790 3649889
5363723 4658257
2764872 1396609
4663353 1479969
9916645 7841703
6895038 9496367
454116 2841552
845622 8314241
9623445 8896735
1117915 1887169
5489123 5311600
5778980 3868126
1434064 2531302
485266 5868221
5873036 9804882
4767166 4433560
6444881 4091908
7187275 404603
7089125 7010669
8884992 4961466
4682115 4611648
2398970 5903764
548063 341465
1344193 8946130
2404122 4908177
7268801 8362441
6309929 6243708
3158127 5226988
3762128 6189036
3418282 8961778
5689341 4490573
8816411 9288691
7357726 750308
7466607 3620826
4703594 5913243
4435416 4085002
4448752 5230086
6274601 9019234
7320138 1665441
440970 3230073
5585355 8846080
761971 1171394
5827704 6611795
1780547 4476261
9270581 8004242
6763489 9803017
6048437 3954938
745341 7053588
7253907 3976255
2708585 3498740
8413613 4610229
3777344 4814368
8023912 7932965
9730877 3588978
8146197 4686166
6245209 2216129
8813896 771133
7544044 8773902
8328115 485106
8338130 244087
1217565 3800681
2063673 848210
6391936 8461682
6885323 7268223
3846271 2369698
6151373 9445126
3023384 6815405
8293182 8186799
6780630 2076932
3767419 8778542
5871646 4713327
7423518 9090238
2926946 3819674
2284663 6133459
511019 9620418
954461 5211909
6015820 7535862
4293949 4315628
4188359 6669300
3151073 4134499
2449459 9144770
9855425 802278
6217052 6416734
837699 3508284
3842267 7763138
714786 9686100
8713975 4456590
9300040 1715992
1265151 4660256
3802563 8078520
9511815 2406047
4508560 7847513
7772166 292106
7777187 8550588
8818270 4688692
5332479 7103060
8862742 7282976
1484470 692855
3065107 5676686
3262046 2629887
1725561 3856956
8364890 9791603
4301193 6048240
4049031 198541
1218357 3357348
1318261 2962191
8333331 5639265
5613481 6368834
1639239 5978276
7081049 9295755
2926510 8796855
5029676 5282552
6272163 6902972
558556 4256482
7642326 9436873
8975394 6509244
1739710 1693563
2279312 8180833
1915795 9841351
1869302 5586464
6227473 4999696
8883581 3997706
5577089 1689860
578698 6961552
9331526 9057670
3447786 5744950
4988663 7986277
8083735 1814611
1987925 7958151
6034718 2915651
2040184 8184741
5554343 9237529
9755479 3450969
8524417 4084568
9657259 9702948
1794666 9478884
966872 7427489
4027335 7726081
7786200 2670010
4695919 7297208
6454665 4766937
3224628 705768
1410873 2796167
661960 9970529
956007 9242129
6060602 9641954
7360766 8296646
3344816 4029078
3997750 6441187
5030474 6027485
2002092 4874138
5094778 1389844
9996031 7986579
3153499 154275
496498 4120672
120789 3357411
6336876 8982286
4151258 3663393
7350082 5466774
668577 9239029
62337 8231754
9839397 1149619
5273093 325880
1365365 785286
2625392 4329734
4560111 8820923
2245832 9965397
4589500 778661
8345863 6305979
3930474 6976507
9015674 784794
3480341 142569
9874848 9424114
5574257 8690888
3077464 4979972
2363495 6080967
7002023 6483008
1301834 5841948
9344392 5005242
4695675 1976765
9511438 9325545
2397454 1445900
1447099 1143986
3309237 8157067
4761 7880960
1609544 7656648
1423054 3156510
6010071 5420867
7942381 6621289
6756326 8301015
234256 393463
5233711 7816590
3149738 2435222
4829959 4890693
7340794 9302314
5438679 5102086
8783784 8985348
7831777 6115911
1371963 6590536
8021768 6100049
158766 4984396
8273989 8928007
2375509 3414891
6752184 4419562
4579784 5156650
1731001 3019283
6614742 3421080
3287088 822447
8343276 8529192
8082624 6431122
7364489 8793222
8197942 3152090
6384337 9359466
3715090 5317798
235219 3916103
8009835 1900225
4510577 5234308
1938642 8120672
498758 6032524
4872138 9133993
4833971 2845066
3509108 3681233
2662548 7077478
6304838 7425374
7434533 5896001
3447169 4182173
3811157 3309554
2707264 9054357
2593846 5175090
1672724 7720013
6927 5464229
1106288 7932558
1476548 6513563
4449318 211203
8940069 9830776
9148705 6929196
6732121 2549525
6148191 7638700
8837380 1372892
4167639 1139505
5049631 3711833
2102238 7576798
8433158 1026988
626985 1376537
2950931 5751473
5661011 2791598
2550723 7596008
7615559 3556407
440307 5552838
288705 7954885
1573299 5933657
9370744 3605731
7907918 2078806
7791320 1823841
8003622 9638301
1146343 8149172
5108284 8123419
313686 5362057
2031037 80365
6716427 8184143
4446008 7847122
4681766 9245875
6326697 5638307
5283343 6153278
7769260 6146438
6504297 7911736
5181508 7363198
4020729 3604619
643543 6410038
3779238 2649427
5711641 3812750
2205232 4323964
9173211 4256076
9726401 4642593
8154890 9581429
4174700 6689609
9821214 6707723
8003999 7858720
1822662 2260616
3376267 3257319
4526480 1277846
861462 7302872
7705758 1541040
2461743 4244458
3320979 9764096
2082617 5008506
6726362 1724066
6941318 7677376
7462858 5612878
4648710 7772839
4089148 1594410
8864487 5952960
7992898 4288856
9002580 2682043
3265761 4522182
3435003 6376124
867539 2637823
8541393 9638801
1982038 9193925
4308931 1143710
4371579 7272950
5228114 8806422
6045380 8235405
7986336 4074776
3188830 1978476
4946585 4225367
4751020 7252181
4259291 9587367
3205398 5361286
3332722 3073755
7334652 7074743
4172254 1625345
2676899 3264569
3174718 1184355
3925886 9234563
1126933 8316977
3678467 5411679
7163845 8409116
1329403 6724074
7825326 2737943
559942 2722389
4879750 7658001
7051171 5244443
3914837 9560902
1607601 7487012
8828101 1799016
7677794 9595769
2090818 1731269
5436684 5796139
4055902 7194045
6077400 3264389
2748879 3685553
2340810 9868378
3176579 4214484
1861352 6455484
8431708 8280076
3123840 6207067
683186 2004955
5845262 3534919
7377941 8119753
7449546 4140424
4351786 954416
4835696 561512
4149646 6139817
1716322 7667933
8604469 942479
3244199 263252
630809 3792695
6059081 3774190
4304468 1808724
5250605 8952408
3854115 4586393
9639755 1907614
8519737 9481462
7732679 1819090
6903568 5214628
7929451 5842670
9351689 7687777
1776483 6992048
841761 1052360
5301547 2396234
8018419 4864813
4142099 1126780
439779 7646281
4430873 1197245
3449252 4848395
8312123 3745693
7956986 1503796
6945170 3703369
2146311 8353472
9692561 3809777
1373743 9301438
9686275 9458716
6075781 6392679
4664631 9889178
7378066 4790911
7946219 116880
4495006 3238807
2211980 7831320
5658908 2805269
82380 6460490
8886808 6680254
9422658 2560143
949895 6027423
7160693 2468773
4789741 2160426
6554923 1944528
6897131 8316808
2536344 9493492
6527888 7382808
2094378 2285599
595185 6089563
8983226 7203681
8053053 561697
5663256 4536042
4277042 547054
1980281 626238
5712043 1103189
5896122 9444353
1799815 3043158
1015216 2738742
4235562 1624709
1201867 3300432
7043792 2793979
8758063 5937710
7767558 6133419
7586714 2924201
4849005 4562346
337542 7485326
4491181 2072184
692491 8204285
1072146 9925907
97158 1278570
7137729 9161952
6118989 9648443
4555982 371456
723679 4008312
9029077 2497349
1751369 9711267
7134400 9002256
6697583 6577841
8669643 6842347
5056126 9396708
5605872 6261215
7863007 2692907
1283767 2116778
6187567 7259828
8485912 4304851
63046 1529993
4021336 2724147
7291256 9147764
2869158 4425888
9959111 4303826
7063276 9483750
2085581 1244764
7783779 2633273
8304298 6362997
8136274 7300974
8380425 149096
8537780 4635326
7225960 1689436
1112185 3917885
2394633 8383929
7091849 5989341
6345873 7868100
5679851 5276195
3722553 6660858
5339878 1442849
3544356 7044862
5575977 5267695
1623840 4122317
2746876 4027259
13628 813881
8803897 1424329
1033240 107374
4627938 1030181
4492315 7786202
1142739 7103278
5319359 5528891
1717711 3161859
9938841 5530965
6510201 8405103
8561227 7804112
368969 9630931
2685818 7267881
8598698 38132
9218373 5899916
5199829 513524
7370641 2716530
5380055 1455208
5185704 69855
9634900 8685146
4901924 6643928
1033763 3179221
9376034 8331345
4242771 6698082
3432862 1683688
696093 1562149
5025833 7878468
1025482 6824209
6387959 4566397
7856507 5540564
5835457 2715697
9634184 6782502
7977929 1281235
6931841 9098049
5648127 9725263
8507410 6955884
788593 7228364
3982452 8992638
9939948 3215928
2545146 1269139
6416295 4537623
8389930 5319444
6832964 9929895
9196 1005872
5061954 4815339
2100419 9957401
7041390 9869543
8606122 4210113
1529535 4982450
9804014 7225782
579341 4267074
4754553 7824908
5016265 9873958
2384282 2721370
7496661 6662143
5679768 3009642
870282 4237801
2599861 7389604
1117075 3993630
1510437 3573605
1829128 1171103
8875808 9360366
6781411 6705235
6926510 5133468
1743029 2356846
6727170 719850
500012 5037620
1917261 6873385
6637303 7142332
6411156 7730744
7591121 8256357
8496102 1841929
418837 4794429
5147384 2969287
2019784 330658
9233173 2313642
5400321 3495500
429708 5571684
5070519 1014780
3274392 4412608
1954648 1420000
2220229 7513959
1105286 5608297
6002437 8693468
2414659 7434021
132384 7371647
1189338 8260451
5429420 3780592
5557257 5653709
1210620 133591
3850442 7531438
9266704 2369343
6807671 6705931
106154 1737793
7254731 8255158
6159498 3013728
9141264 9225116
8615096 5824855
6982925 2877489
4902699 6203479
8183964 7384040
5516998 370336
8310942 5818864
3954809 2760101
8718956 9157424
9521179 3702811
7328261 5807145
6116434 5083127
439228 5611025
6118889 2875551
4767880 4990519
8853662 3805158
5035657 5725042
104504 625892
465227 2878778
8908855 5319487
353778 7532321
7666151 5308805
3828873 5661317
5901449 1391896
9437515 5878659
9030671 8561708
6656855 5147852
6780638 1773239
2735079 1362164
7123602 8490894
4750400 9511653
8924455 7364814
2063457 3390754
5340683 7779669
8930995 7988642
9672734 6886025
4346984 1355708
6122292 8739255
7523164 2038744
2965499 87575
3659621 2564431
9310113 8727630
2356668 335779
9259313 128266
9005361 7040798
1922525 134152
6359543 3513599
4006887 1233245
7738511 4358864
8410967 584793
4458237 2767835
7156829 2364259
4848475 4294360
667936 5491525
7651266 4186283
6541450 4495660
8765024 8864457
7269541 3277928
6098054 2466149
386566 3411617
3802178 5014074
9651761 9641130
356732 6493499
6893625 7393414
5900304 6827812
4603455 1065498
7090879 526549
4269926 1518654
5498331 7550376
3087133 1687666
1851527 5239235
5372967 4506885
4793039 7904327
1520385 1512875
3888854 3329307
4795875 2534978
3449131 5342319
3313190 5835735
5952395 1245266
6275325 2301796
3041380 371800
6098053 2863653
4484995 7402544
1515883 9966353
275015 7374036
2905259 2071631
9322815 6834552
3429838 4481692
3570618 7763932
7846879 6813699
4124998 9618444
713854 4844588
935219 9919661
8731567 6370377
5807524 5990821
2756291 3646155
7452754 3509703
4502346 4515145
3095202 549465
2593061 2692051
8414363 1900971
6211354 8368001
2940105 5486452
6463979 380683
5927213 6778009
2935450 4320918
6572318 4346967
5904468 2658970
2017190 1476867
6391767 314867
3589948 8552963
7053285 3760254
8064527 8822199
168284 6821694
5991487 8776239
7633494 5741393
5150898 7500298
8635971 3181503
9830222 7455287
9581203 7266047
1444955 328157
436869 2094432
651006 2122161
1916423 1183274
1396541 6409038
6730074 7098490
8390338 2238574
4275653 6418593
3541928 4444207
9462449 6109357
8000362 4353396
7051462 8569111
6299090 3920398
1006252 6067416
3588586 4101879
4890183 5148365
6989117 745936
603370 9156854
8893822 5441797
2467788 1511063
6550333 7777631
1450818 4327336
9088076 4894851
8563742 6046556
2382685 6105346
6043868 5665491
981827 3187671
8074693 858606
2814288 4472382
972029 8880388
9812351 3410279
2718446 8987676
2619037 9743730
7174209 694500
7581965 1149028
2572714 5425143
5597705 7801329
8769706 7167690
1253227 1610571
9639671 6344913
5386535 4655413
7670524 877776
1322824 9645015
4950490 2493366
6929005 7982365
1982142 9127764
4925510 9633401
3631803 522532
7611635 3739319
237775 6669942
1447053 5225472
8532542 7355329
3130647 8847544
8838569 863285
6905720 352760
9049424 8908446
5445868 4922713
2457642 4504713
4463024 3488713
7381261 8421262
1758752 7878525
9091503 7577577
7800348 1631903
3686367 375992
8879397 4997794
737696 5100429
5237096 9725366
2186989 7643587
3111501 6835806
5048305 7706721
1076635 9406837
8972313 1594000
222289 9886828
6079396 4826490
930624 8721583
1051033 4394948
6327159 9907390
7837823 3170164
7894076 3657975
1616457 8806792
8895557 4782494
7160237 1928021
9973075 6977195
8432671 4971139
4582549 641160
375883 2489837
2516022 4426359
4318882 5894816
8084954 9154875
1167104 6006306
7036079 4400351
1304977 7968820
568361 4117289
2431684 4966053
9049931 6729243
6893939 3902002
6695033 1113479
3871937 865694
5909389 3093399
1221689 5503343
4836397 297134
9423581 4132843
8875548 478279
2126214 8498665
7501409 8258649
1074611 6644388
5644958 3831571
8517151 118977
5986102 2936140
3287852 5971974
9568616 2656157
8495222 9859636
3632857 4346621
623240 9133682
5263449 7979549
8733681 9674345
1597635 5903681
6741394 9993086
3070242 8644367
2977541 3251868
8968133 8173447
8688525 8033949
8891623 2794664
3308298 7126987
6869429 5521705
9992308 6490155
5859120 4309395
421043 2446063
2524779 9571699
7382382 1797136
3391233 360445
5500327 7401563
7195948 8276412
485217 5687685
3053775 6477436
7433328 5220043
5857496 3783168
7698739 7059431
6482993 2664898
7588699 5610126
649815 3380088
5713744 8901621
6779180 5790056
7375945 3543467
8786383 1438973
1274032 5683417
5220095 8951108
6554477 6717164
5081904 8872170
2664626 4888109
91516 2041029
266101 2682839
2532049 5498908
1711918 3650386
3319365 9174988
1018471 9173033
6218988 1529358
7566364 6457914
4682090 6044483
4026925 1001597
1818749 7864975
1396868 7924786
4064308 6482410
8228405 8663773
6998570 8961993
7367744 3314585
432837 1624549
1009514 7730355
4378141 5224038
4302785 4505260
7448019 8360201
861756 861050
2266756 952893
2774650 1958222
2904592 596196
5619546 8526085
5631734 5715100
418997 3423494
3000322 5325458
6427098 4935855
9816384 1864614
5080006 3969798
2414564 4771991
2153025 7187122
9290166 7163612
1655602 6229517
9382427 8059067
8901428 363208
1531359 5336071
2501234 4058395
3568591 7131098
8671464 238003
8023812 2915396
6514427 916597
3569821 9946502
3188722 6823045
9733885 4112999
5666255 9795573
3685907 2786314
6247168 5671857
869913 2143871
6119197 7993422
5583656 4795423
4354783 2203426
7457641 2340802
6645545 6053681
6130083 1103222
4322986 1329389
7449702 9786284
9125536 5644918
3672702 5945586
5285170 2900125
9000493 5108128
5127055 271182
3866141 5409229
7037883 3401979
1706051 3007358
6755661 9886468
1292774 4318133
4764037 7012356
7316238 3112744
6360199 2765817
476034 838665
1562850 1928434
8728893 4647048
5445503 3258300
4727757 71057
930652 9085426
1865501 8938020
4101972 3298619
9310043 5257341
4095926 5591326
204016 7050504
5345580 1593053
5566183 9932104
2176426 6652935
2476013 6654301
5738115 6985323
1858939 8256783
252434 6863210
7983313 4349481
2110306 6683442
8745221 2450898
2810470 8981307
978299 5947873
7897670 2514442
2382204 1195846
3945685 4780767
277648 7565380
9652982 3570415
301547 2731504
6943988 2300471
4454871 1834693
6759988 4990738
4558703 1163292
1051748 5787369
4865617 8523896
9422029 9223836
7995592 7132602
6590759 1874943
8686551 4986632
7015951 6857429
3854003 7510554
1494356 5882915
3488079 3637884
60300 537377
6559478 9487722
8784400 4262551
5688625 6713075
3333057 469203
1533941 7001414
1982470 7633098
3572861 5695217
2804422 8847261
2292406 9932986
8215947 6739127
8031208 9981931
7191950 599376
8189627 1238520
3452304 9048269
9555636 2619537
1082340 2587905
4592963 6625393
9898576 1255582
8542846 2049105
123089 1134369
3915435 935850
9386757 7694475
4811412 9807210
250369 4748340
6777025 5011488
7485130 7336013
860576 485775
3852790 9151439
8642997 1186571
8342108 2394
9828357 8557553
7290940 8395540
3318538 540805
6958771 8346788
5419890 812582
1140472 7885392
1684811 251229
1304491 7028937
4243490 2327335
1811892 9759427
986059 5132535
6608815 1308802
7039437 4893488
1101481 1979166
4104269 9415135
2458091 191911
1282500 3832672
4317392 5407168
9700975 8872512
305560 758442
1683530 677251
2225135 3874008
2020086 7798842
8138791 5286686
5346311 3380888
3556812 6609482
3731351 3454975
9740741 3955060
7304777 79850
8401570 7850562
1401050 887296
9615588 5886977
1370554 5396739
5052794 685053
3052603 9584800
2020416 5406379
8161351 2615133
2071735 7852815
2923167 5253293
9375939 9360629
6592643 6977419
329204 5282381
6759056 5220822
7116086 6929248
1702109 6627975
6042957 4715464
1599600 3573655
8777602 8293952
3956700 3151467
4433234 5270057
7268655 6461076
1125537 8746164
5682518 5508150
5505413 1420511
7635075 3730694
2019931 8089197
2127331 2163895
4811243 8368292
5609523 384279
5716188 5041340
7644925 6309484
7157636 7174865
3263036 7649377
4130012 7113454
8270112 8932298
2487270 1414138
7943352 8047043
8137155 3236014
4579034 1630140
1313839 6260351
3156983 8601256
1361706 7824112
6797884 9240645
7361053 671972
4028712 231571
2317280 2310716
1670353 1002751
4357613 6947465
1611960 690259
1477524 8552902
7349747 6097518
6459523 6092694
9581084 5113654
6708714 3025144
4496043 888136
4231862 9327027
7298084 3524217
3958465 7640816
9568584 8642645
565711 6639660
5887721 7537002
5949986 7418695
8015134 7565607
8655682 8117885
8012062 2193939
8934308 4378891
2476634 8896897
1719481 5561001
7730884 7782236
7965569 6926773
280166 3414444
3401065 844335
8718534 9873085
7671911 9204530
9476524 3510835
6242768 6980841
9227699 2665627
3497361 8663670
2878822 3091625
5811743 1651390
8471303 1684161
6012750 3357327
9874171 5292467
6245080 9085961
2551404 5165868
1042225 3328801
1916255 5259713
4122858 643645
9219023 1751006
4758734 5307907
5390019 3962722
399011 2176101
2999501 234398
2155537 4733762
9017343 7541111
3999717 6674360
8005810 832285
4808754 9050721
3473458 1209795
5564471 5322526
1247941 2856099
3460249 1596490
9607720 1349074
9980723 1302904
6027182 3397011
8095475 7329213
5698738 838258
2624243 9792989
609064 1737417
3065206 2760407
6881054 7867610
116295 6040478
8349357 2891119
7335098 3457192
741225 2495705
6902940 5957804
5265383 1614053
6872551 3919757
5671883 6324368
1419325 8420518
5845727 112063
3803822 4282982
8432914 4563612
8573949 3645627
7395633 7277161
766080 2873988
4661112 4446021
7513470 6289266
6144989 2871019
5998990 8690229
1520793 8495920
7112888 1836139
2525063 1974200
8837387 5149686
2524845 5973849
6710495 1718919
7093622 1298600
9967195 5235717
4047319 3400731
4788837 8854703
456392 4793840
9140822 8704406
1628556 6850677
8822815 8609673
4731173 7055943
9407506 1441762
580167 1450962
34010 5306123
9515090 8338500
440985 8038967
1293006 3467408
7010393 1605122
4660139 5286789
2562133 4734807
4627551 7894784
8740747 1258085
6266911 9165589
5349170 7996873
5550300 4587173
7375265 6075458
2818179 3128296
1830094 1202226
1622975 608800
1249773 1833869
7716824 3862137
3578519 1876879
3102704 9981599
7783392 6105995
3675212 7153006
5937426 3805207
886643 600390
472274 1065047
8833607 2228464
3254280 9093203
2966128 5832079
4588657 6616819
6109010 6044894
8520132 9579608
8055486 2873105
7069991 983922
4411834 1715842
9459184 511034
9870544 2419286
2705517 4386813
7677398 6954627
8065967 726101
3841934 6841730
5296429 4756745
2924450 4701381
9493413 3966508
4008044 3775674
5078273 578418
5474105 8499402
330249 8212759
4375701 3137861
3518323 2945864
461524 3956789
9261480 6813496
556738 7099231
8615665 2700570
5896746 3244142
1869233 2227563
954427 707785
8013685 2620952
4770281 2161549
4975151 2084660
6508803 711356
7407779 9932579
3217543 4756325
106661 1296834
3551922 1181878
9041148 4403953
335538 6483528
9909025 1712551
3562443 5436131
8726516 7568372
1898606 3938433
7471180 5198815
5980481 4174037
1720720 3751990
4064845 9578524
6031061 9364481
1582603 2677615
8980179 4960246
3733647 1333726
8002641 6204791
7066328 9546657
8899757 6900008
2584547 4437227
2117396 2908849
8567900 1852143
3794897 1664897
2419667 2955623
7917504 7889025
8238207 2355187
5761307 3595396
87600 5771794
1645255 6268635
6545593 5346333
3923163 1510414
6866809 3675667
3375556 9760562
9898033 3442558
5573838 2190673
9066423 9875477
5480275 657794
6901937 7401173
2588587 6101527
8769702 724410
3906602 2212004
2260502 7924045
2269213 7889622
7775610 5162900
9115986 6770780
3921991 5904212
9331675 8001465
7550934 233096
4281539 8978975
5161308 6167311
211613 4237013
9199919 9723666
176837 9034458
9638224 6108882
3235125 6004121
239985 2907660
1572386 6535723
4196593 9950186
7966544 837452
4518086 9959962
8161932 7844938
8661300 3295140
1263721 1743102
7251948 4676958
1261543 6123175
4793609 5573667
2242596 8381193
1788428 1643388
270827 5550772
6328896 1295813
6694622 3016547
9054772 6897389
1715838 5446249
6815075 4159013
7287073 8774603
2558056 8224652
9137965 9892095
4814778 2783045
4387926 5146457
4825552 2898185
7369065 4777444
12546 1624482
8860321 9543960
3007625 1406021
7745768 8110269
3308308 7561231
5062488 8620448
9464829 9929248
7972828 9449176
6306763 1074409
887432 1975180
8468688 8753484
659475 5561527
3341526 24093
9983586 7776736
5987656 1279788
5203493 5937864
7346120 8540190
7845652 9771831
44744 3880963
9846062 2834912
9822134 1096341
7442068 374540
271636 5528534
7180334 9393176
5483025 291376
1529704 8168762
5801698 9278559
5709441 524301
7256244 2091775
8077335 6098527
4061077 1156752
6652723 4630820
6033673 8073528
1295177 3200009
8032957 9550795
9896399 6932380
1392056 782105
67565 592004
481816 6418158
668876 8113609
4219968 5404194
8497941 3909876
4670650 7341550
4501855 1509299
5852472 4608744
9680595 938586
5971138 224086
248690 9568853
8046862 9543304
271436 7667672
1326403 5306285
4236316 1119569
4407738 8005724
1879105 3783562
5331584 3328446
6368520 7214204
5054735 8106210
9566301 9681891
3836454 5439782
8531910 3067029
3527702 6962037
1976260 4041960
6250945 910128
9312943 8800
1626870 2726216
3923898 3959023
4607521 33247
6611354 3432049
9369967 7623171
3326447 120661
506736 652193
942094 6823054
2312966 8851311
8749290 4364868
8114183 9567239
2903801 4805070
4284143 9321773
5795738 5890097
1346126 2607190
8308071 1658149
3269903 4650087
844383 8232223
3118179 6362483
7796302 5191204
7221513 2703196
7822515 1853049
9246205 5404661
6870439 1017651
6444545 5010665
1847391 2689683
5382424 9125213
9131622 5304295
2558742 3710643
721539 6944077
4551403 5972236
6160092 3589981
496227 7606212
1865958 3331684
7204433 2204625
5450039 7658679
2648578 1080243
4629803 5721590
773714 55092
5588960 6937154
6249763 8952227
4621762 5882121
8956824 4843149
8233995 51876
3362742 1351121
2113830 6946459
3700214 1499383
4574012 2823107
7473358 8042557
6487086 4523665
8977039 4842904
3665549 8306903
8955231 5448544
6594692 9659703
2661359 3104821
8012534 2767322
3954622 8591014
4012976 9802916
8272330 4767263
2269702 4685908
5009828 8747939
2213781 8173544
6197407 3163772
2661672 1637947
3361084 9360710
4872722 3756032
5024865 2300075
1884524 4080375
2178634 7522539
5230141 4046848
4985830 8328783
4953400 8671416
455324 4560021
553828 5435725
3520820 6297246
7914715 6294916
2652749 5580174
571261 5945556
6962532 5344292
6903484 2449482
3797625 4219610
9441055 8944892
7602095 8099255
1978489 1364885
9607950 7137732
5962259 1358806
710013 3664431
4068454 1393242
4673152 8246516
6968319 1045276
1136597 3004983
1991670 2868692
9948439 1912377
8312220 1092442
8903260 1038103
3225262 8002239
6611732 2151412
7169446 2208773
5863644 8041940
2408850 8455267
4424945 9751050
3549055 969128
5219980 7089335
1230980 1134260
9985888 7661746
8953371 5637408
9740789 498452
1657253 7237702
9926483 5644687
4282089 4566305
7067017 9589483
3352860 9491203
1721234 2922823
9003664 5787288
3234456 8543947
3230594 3868125
6187012 8137839
5749401 3915570
2530117 6809537
6139127 7818486
7870565 2038369
8016426 1290212
5138804 1162065
2542103 3854832
4141448 4708790
6369706 1241074
7842812 6050895
7123962 9531922
9351260 6538207
2360216 5570572
2375110 4588222
2058450 6720064
8567831 332571
3348648 7899584
5546437 1428437
5049708 1463579
4620642 4106242
2599352 6823261
6352498 9407714
5443395 6018838
8121330 4546996
6991883 6766396
9378926 7780320
7277109 4630800
549745 2999627
2324047 4350573
3736723 9383427
6719184 2870132
5426575 9314169
5661346 6352935
9138906 6852535
5335076 5096796
6097010 8224124
290360 19132
2681238 4964835
2441796 1985864
946364 6535831
6482946 4618985
604510 1010549
7883191 478275
164143 1697996
4549946 2545061
907327 7827347
2900993 2622717
2512643 3666149
6609697 6991609
5458001 9121773
716496 87007
8208813 621752
535519 7792116
3152739 956068
5136587 851680
8875407 6066730
3330849 4464671
8005685 6831416
3650278 9875150
5171829 2017582
5395068 9352880
7473659 5886108
8143456 345324
3787681 9320256
8639624 8602504
1613153 9177266
806606 4661652
4661759 5335062
1483696 9162274
2522791 2637673
4074620 7353256
3141341 2043962
9400599 7735623
993772 4900309
1037299 7341675
89341 5238775
374066 4759488
4103616 9390837
2131119 3521540
8232212 5211224
4753467 1490374
4408111 883435
6903434 7494323
6418552 3602049
5411062 9792812
5579895 1753069
6556738 3519818
1134924 3412990
6235268 725973
8794894 833221
1498374 6535646
8368840 6849390
1634054 8385091
985911 5747625
1889092 8067156
7870965 1656351
2044044 8045238
3814437 8008322
4098676 4756832
6813742 605139
7445008 8006364
3983151 9904452
3431887 3214947
4635044 9409163
7558991 9367776
366039 6753305
9828623 1604682
5855458 6294800
3745066 6738426
6618859 4987509
4748883 2269850
241808 8618616
7810777 636438
6095907 4564780
1967565 3707865
9227307 6605588
7158948 2090700
374131 7549743
1985184 9867740
9006668 8621317
3414673 7986127
9522175 8021971
8608483 3035134
7843932 6936735
9164869 2505445
1493160 8948789
5980953 5169046
303527 7192815
6992991 4361797
1436101 2249349
8417463 5102130
9457203 4895289
9930099 2852044
4392842 1598754
7729866 9507346
5787590 6920292
8592318 2629823
3411443 7846220
7773459 4310458
7602626 9258622
2897714 6861775
5712872 513533
3361872 1559203
490895 8945380
2092090 7138021
3132810 1511007
9841784 4181425
1280182 9046403
7588123 908304
2211002 5449441
3718207 8818119
2326766 1939474
7046260 5990621
3552235 9180637
3520825 4584517
1049106 3966423
7043351 1765523
7380559 2563221
6920753 2067916
4254607 2999787
8135202 4525968
1426488 9501650
8265603 7229790
9491668 9328236
1510458 1630202
1482397 4655090
6189686 2273539
9803362 5058709
5727349 8280748
8526813 7601477
2886791 8775970
8300689 1880022
1393151 6225241
8651064 1169694
366186 8126200
5040644 2843744
242038 9350974
7480941 9446304
3951785 363480
1615027 8182554
5488200 3587281
4854200 9119591
2563897 2982597
5190072 5528051
3702066 5046960
2221433 5298323
3054594 6748630
9836235 6521836
4715557 3939686
536244 8969176
5970821 4710586
6688959 4558854
7706593 7022411
121004 911715
2808447 6392324
7477779 5231228
1990212 5457448
3659584 5437846
8270721 3266833
9389494 7507257
3900021 2119619
8537060 9247063
1029375 8033344
2722206 3091923
6565755 4920718
4566138 5449315
9929787 7956093
2888709 1485214
6664669 8238383
8260509 826320
8473362 1069376
7291997 4256399
8666270 1242631
9860311 211097
1503015 6831459
3564231 4194221
496816 8730213
3500095 3603699
6432965 1320288
6961411 1674624
9577359 4181327
6764956 2208402
870673 1637473
1155722 4826208
1653895 6625068
5151924 3127360
3960134 3882098
5823707 9237046
9185019 6442991
1218826 4447598
7896663 6557784
3217126 3328413
3467472 5853491
1667258 1460825
1858845 7410949
3696595 144967
4536867 5910021
8013130 3235016
2915650 2642386
9729525 101976
1731418 326707
8897260 1156827
2768635 4387858
2548377 3669713
8189731 3845337
8674654 3537580
4273633 4768965
3090759 8443706
4065976 7697681
1084329 1410585
3387771 2685832
4285825 6281398
356210 1119830
3749485 2862209
6328491 7724187
6896818 5260620
4447368 9089260
9941960 7397160
3622449 6734334
9657977 6321500
5768617 6543333
2565879 5569856
9817722 549412
7669393 5682775
4451309 6883627
2617484 4462179
3858116 6540912
4131561 5520386
9616773 1947752
361211 3851968
4923091 3176147
2970521 6279896
5782474 1458786
1846074 1518933
9761787 1799083
6264151 9335636
9548769 7295927
6730754 3427484
2966499 7459836
3877620 2576124
9474486 24677
9530114 7107139
11399 9919075
9113699 299961
1377795 3595770
9200670 1947419
1797800 2393360
5616625 7475790
911293 9789171
6530943 861749
1217709 635461
4000257 5297593
5914962 4617434
2756120 9695981
2705676 9486821
4574240 464520
5821904 1934746
5423277 3654370
3418701 205191
6643398 9584628
3694329 3896140
3472983 8932753
158965 3108393
6967325 8248937
7401395 2072086
5167202 7211815
1847721 7641025
8374246 4795806
2451575 1289658
9440555 214762
8372248 5542110
375141 3617239
9857523 2532335
5594729 9278177
3519874 1667972
9589917 4461786
1536898 2686833
6037638 1211093
8363465 417808
1765686 4942630
4123565 1425296
2805944 771763
3226933 2132265
6691240 8785875
4299762 7359221
3762861 9706621
9799334 6689783
2349774 4581052
1031106 8680478
7760317 3601945
6406162 5925263
2445825 73596
8484990 4848805
5017630 7574896
2018121 4752170
8475742 3780203
3911015 1238065
511817 5910376
1945423 2475547
5805966 3089715
9896667 7048781
7957444 2475885
8451721 2201912
7650800 9048146
9806800 6219820
7332762 4627331
3199868 160823
8418521 9454841
2162513 4435581
2168585 6824320
2361151 7231798
3969506 5449300
8172984 1221079
8099038 4034332
6710959 2762055
3520059 9952797
83375 4421588
4373961 227164
1848773 3030590
512070 6489787
9087792 537584
7356770 2571959
9090566 4454806
6000826 6985150
8127470 177804
6068945 7148736
9183495 2687615
8674511 3630754
7726929 1824363
6759801 7189366
6870873 5181851
8720462 1749827
9898268 5446881
1868859 3508944
876900 1526144
856445 2199053
3737802 4264042
569142 1902248
2584300 9717907
2018303 1444500
1398530 6110646
7315917 4247009
6581962 5579043
5435115 5060552
9133369 2498384
470923 9999789
5444579 3252172
9610088 4452434
8162944 3772467
4538909 4632184
3731017 178001
7995998 4575079
7615282 3462676
23013 4142682
2854449 5139850
1246572 5088063
4091990 2024545
7034259 540711
6879317 4020087
6253934 3034770
3645997 4321180
3583675 279824
6878072 6940840
2562733 5039934
860473 2074111
3944567 1926400
9775773 2866486
5818080 3530888
3253424 2511987
7785327 6052148
7692344 2956807
5759307 7357794
9298440 2080828
4677206 6078916
7683847 8619186
5670823 5106439
5073863 4780909
2282494 1262129
4593579 4901509
3101348 7841941
915569 3569570
9498560 488599
8698769 4883693
4432574 9087675
920026 6499209
2792782 3875529
3178033 7135730
6164281 4080597
7515916 703828
2580280 3755400
5343591 5709415
1905880 8097071
3017556 1451712
9252115 9880111
3195160 1067744
6608183 1845208
3965048 1756658
1757976 9307229
6446040 3901349
2566078 4882198
2116505 7337208
8282311 7773529
7215660 6268633
4894381 3338084
8015015 14804
3724229 4167972
7048600 3928682
150633 9631686
9535039 2804956
8599155 7108915
297868 7376822
3687135 3689855
3220331 5573534
3457411 6714327
1060874 1417221
7514687 4602901
1380648 6509880
6364279 5240406
2410610 8767101
6528816 2648735
7476558 5562328
1210542 4512566
9578416 3434661
3614566 8275917
8928592 4685747
7786847 1368015
7094069 4314029
7195200 1202135
1227922 1775164
2056631 9139512
6891042 9567520
6436718 8326105
9888850 4275779
2524498 451016
6859333 6916050
3972376 8406955
7627203 1922442
2053691 5394129
4251442 5214365
5531703 6439452
1027638 1514264
7926691 8364240
8726785 2706770
2754388 2626672
6675722 4267154
7290957 9658566
5630103 633442
5816186 6722317
5872309 9889237
2858088 8658273
1230245 439541
5458884 9905109
7492949 9188569
1155956 9302948
5653778 6726755
9369354 4773813
3100705 6085137
3831619 7299733
7836116 551091
7375712 1082674
313935 2409006
5749017 2703179
8591276 9250580
2651274 2580336
1117815 5476104
5776849 9523651
5853852 4611224
4091101 9672001
1547557 5286173
9002024 2157261
7826435 1908618
3607212 5109021
8335880 5386776
8796260 7034750
7805963 7179826
8733820 3890605
7076790 6528607
4673056 4992087
3811250 3195223
1469112 9640713
9456362 2805464
8046619 4447133
8796726 4570109
8995678 8494455
7771845 3287843
930036 3961997
9301206 5227089
7079183 703056
8840334 5007551
9841726 5623100
7185664 4589865
2624044 8053868
6915649 1590822
6542090 5026835
6813503 4178011
8345950 6346366
3825346 3582148
9326691 7828049
4502883 8008061
1417446 6055261
5531993 3242826
3649396 1460695
2156297 8475281
9669405 7699768
328047 845552
1380679 6257791
4043383 3223459
3097234 4724697
8318193 6612329
8002791 1244994
6650442 160507
6519354 2642074
8574180 1690681
9943977 4684339
8275717 77374
2742483 8616819
7773871 8141484
3539990 1110651
6383424 408868
6445721 6699386
4627910 2309759
738920 44211
4312311 4156167
8000147 3454371
7459975 5543409
8647399 3016000
625421 557496
7850650 6365675
1390051 1574139
9675135 4989013
3424000 5914654
7073433 9117542
6919030 2193072
607462 9567197
1805057 6425642
3197372 3635316
8873352 4359351
4008716 6463134
8815136 7369654
8055401 9991144
9890387 9798876
909197 5409601
4779879 3879883
7919023 1986558
870540 3174742
4138052 8464314
4431318 1465724
951909 2150821
7021948 7632224
9902418 7507792
2022319 7450384
4482727 2969539
5586155 4626557
8933077 7160575
3369698 3756638
9037598 5982893
4357164 6145579
7939463 7680238
5684238 1587304
718437 4774988
1212904 8936825
2825812 7187808
979266 649580
4611434 3856084
3342901 8764047
39667 8156508
1468676 238126
4758699 7841750
3510804 3831889
168661 5963975
5522178 5693018
1328605 4605940
8169091 1445200
9817115 7639036
4493215 2446724
54754 5921557
8829339 5729670
179720 561663
7801012 8715730
5038142 8198675
3503925 3190368
1957759 5545444
8628416 6527862
5753071 2459109
8042738 3105002
9184159 1812438
6030362 1898366
2954866 9988055
6220305 657429
2700030 4716591
2827888 8303890
2812657 1561675
8568319 4245212
8950432 421546
3470437 6447296
8824324 4804705
2389486 2927398
4733059 5888773
8470351 3334327
6920729 4445578
3506600 3888250
137165 8810809
5317031 5898363
3139879 1984824
9902040 971905
9965436 8492228
174819 3237095
5554601 9630481
7395641 4103710
6319863 4055136
8253994 3601408
1655184 8359175
4995702 4645477
4808234 1209845
8808413 68224
9524625 5860559
1080265 2033154
5111790 5570513
8458826 6278995
6549360 2103688
4206796 5959789
2750901 5585812
751451 7959679
1395835 1483837
9776199 9334297
8639271 1867754
4906721 2575205
7788334 8922951
7860305 5822872
2333601 7598384
2106988 6322878
2990839 1111774
6308539 2435318
848140 3736538
121777 5604466
5839390 3107312
1500402 9746004
499723 3838
3678248 4146896
948124 9701116
5028054 4238763
5283364 2606989
8814181 5136496
2688453 1089791
4081141 5839246
643547 2136087
8320386 652789
5368854 9604622
4216023 1879944
3247991 646233
8432662 6646975
1261685 8094316
307142 2421204
439755 1318950
681761 4916235
1693381 6402770
8879162 6313960
4882736 4925181
8669217 9484667
7131961 8762079
4811581 3657241
7105212 7294617
4618744 6430454
5757781 9627884
4433664 6182751
7656338 8498908
3299876 736297
2665121 2432433
3329673 9975089
7885971 7502556
9147540 3927754
1301817 646809
1839898 9686403
4987133 1700319
292163 6643217
4371449 7860929
1018556 4158609
7637626 3510723
3148826 4372489
7824586 3214735
2104831 5901035
8185894 7420307
1675821 1115252
2658722 7207434
9942765 7734438
3004895 6200617
6535836 5655421
6472181 2397760
2396483 2769968
7911585 1761605
6638965 8655218
6916223 2695505
3854919 2511744
9097926 1968573
5484696 2356958
6993629 977215
602700 6679907
7363244 4467771
6560799 6836271
3905722 7821246
4524526 4503115
7878474 9349732
4631313 1472426
6004350 9270259
7324135 2153655
5643560 387487
3628150 8603323
6007067 417357
8847604 8555102
1962942 3065075
1850695 2111452
2361618 4616451
2663966 3452616
5895376 6761658
5628098 2157099
7079374 3760361
9333165 2883589
3101457 530253
9997838 6916176
5301415 3512914
3172514 5768479
8355388 6327672
7913919 833239
8669794 9753889
5353657 198730
4729957 4197452
8657460 4685405
5017907 8062522
5558281 4529176
8146396 118185
4641505 5803407
1354500 3153132
201080 1896754
8152710 8167957
5174926 9448277
7247428 1833277
7068829 8820806
7114082 1267522
3241292 3206360
5729607 6844884
427345 3807178
7247511 5596201
7130876 3321307
6904852 5308173
3121701 4133386
6192324 7975566
5485908 4681918
1116823 9470078
3711496 9405606
2132325 3956097
7485836 3380297
1367403 5385661
6278725 9191164
5222532 9707452
1880920 9833954
4808161 850099
5045932 1129527
8653761 8958699
1219648 7164531
9523488 8576632
2022033 437085
7698105 9215554
9728396 8710980
2695918 151963
7249710 804381
2701460 1098558
6300391 4315042
4505959 1201483
8420813 214228
679757 2106108
9625843 1124342
9937174 1237687
2890845 3853356
1446250 1429152
4218201 2081020
7464240 8365576
2975060 9130192
486026 280981
8464944 9558771
2786285 1096684
7184251 9050988
3338830 7908040
183878 7561713
2066797 2128495
5939029 5107809
2177365 6132300
4798417 4251828
9353391 168037
2172514 5680848
8461344 8119116
2396433 4289974
5494504 8799022
494891 1552189
2901649 2776356
5388394 5225904
6004287 4158330
9130433 3312277
8364412 9622363
442556 5104541
3059496 7765389
8724204 7462471
6154416 6805947
1899322 9219071
2258979 3759179
7083754 2122753
5471937 87920
9361405 3781682
5941196 4274770
9518942 8921899
6956711 9146994
5436948 9640733
6193609 6774570
2997072 8623511
6317944 2019225
1693062 3109282
3436713 5177774
7908139 2660004
1704305 3758702
8180828 1350757
3054485 885714
6537930 6584654
9823495 2655472
2812004 9008524
4236692 7499083
5485730 7756232
3100003 6604091
2600885 4046714
4657799 8092201
5638720 1268250
3165928 8495439
8053397 8448384
7132078 1819478
5728925 6260336
8756165 4455251
8991404 4663752
4160188 9956173
9528551 6208448
6447722 1563183
8655765 4395378
62924 2330077
166649 7530888
5113571 7773129
4681231 1815972
6226198 7064811
7859732 1585939
7369438 2078646
7099563 7736708
1233687 2659383
1419648 2729309
8480255 7897682
790951 2535458
9731812 7798522
9968147 8396412
2571607 2530171
8325738 6281324
5173084 3247514
2759728 8210245
6552604 3239586
6314668 1464033
6764774 8837818
1773680 3125991
8599918 4340456
7668761 9552265
1090912 3531029
8990287 9061616
8941604 7750926
6497137 3671593
3056296 9567747
258876 1137165
9621902 2926062
1436022 6015713
4285764 8224245
1576424 4363171
6794341 27548
8724742 6872254
5462924 6940460
4639039 1016276
154167 4455469
8210099 228336
3464002 1491268
8509816 2018170
8668427 1642930
4644749 9991812
1569221 3924023
576614 7047693
9932658 7867190
2243133 4507370
9534150 3868598
7122691 6189735
8736192 2910571
2481677 1213648
1361559 3726129
2365394 7892288
3990967 9629038
8657967 7683128
2323846 2131458
393105 3325827
1158180 9188732
2002675 9344042
5737461 4176408
7213247 5006890
6132138 8566967
3387175 4461607
3567958 2788944
4266106 6604484
2585740 1757397
289792 1800602
7839838 7353827
2258941 9387752
8168962 6760353
952338 9177460
7324237 2549964
5016864 412674
5313884 5348258
3129214 4809594
1786868 6897714
1964775 2175914
3064466 8616380
4598641 2454651
9543169 8719766
7216510 8374486
2073064 5375691
62046 9063705
8996208 8016800
4632085 7890860
2628143 7906859
2353366 7426999
494669 1127399
7736807 6486251
1989951 9059626
6657673 50495
9257114 221110
1216232 9166540
5770407 8851196
925541 4943653
8999548 4824146
7216120 4364930
5003690 7620634
8637289 6451028
8621344 1206172
9263499 5433425
1302909 8040887
3428709 4755532
1825431 1062730
7659702 9541582
6176789 5623453
9803848 3420313
461459 4303300
2117831 8668266
5103175 613880
7771704 1239246
389950 9966681
4075414 3536206
4675887 2636295
8438903 6240168
5102864 3599685
7337774 7981447
6643453 3415136
3354328 6209201
7733607 3883681
2199209 7197555
6278755 5731361
4943029 8696694
5473626 5539478
260776 8007136
4665585 2975485
2224301 1915464
67760 1715685
8511907 6227469
4887762 4800412
3247046 7091672
3763415 7436078
9402146 5260777
8112457 5463087
7069134 9950301
6098382 1965164
8515383 2325055
4976530 8941576
4056129 1288593
79039 6342836
8212384 7333015
997480 5891646
8823166 7709482
9463404 3985324
287650 3076373
305838 3598910
2831784 5323099
5412979 2561645
8845598 1754744
3976684 9886549
1335051 4633160
6542637 826121
9112180 3515241
4897147 1641047
9432194 7912681
5049613 9913889
94991 5160539
5925346 3078329
4969672 5198134
1829378 9229557
5104307 5993664
1384220 4156392
1117174 6823198
6113562 5724804
2821022 2088275
9839787 7126317
356248 813967
4062474 330567
5680582 6113151
2625256 4995995
1052645 3268432
4352249 3696703
6349879 4474463
9102981 7981487
9186316 7543365
681208 8097059
6725111 4725231
2466804 8834074
6460912 7550935
6981170 4749198
4342016 8114988
8382357 9843315
9112937 451613
1863736 6597686
4281235 2441980
8706323 3411987
7542234 7019994
8130514 9927776
8287578 1187270
3519278 5217226
1264805 2350082
1271651 9152014
1038789 8896003
708880 3757376
3282855 6364011
5750048 6036504
2414938 2934621
3451202 4363460
4685704 4805586
2504422 6264020
8011485 7826205
5816091 4028769
763033 8139667
1788555 8319334
180893 3347848
2289717 3747821
8927941 5164531
7841560 2086839
6910105 4902339
9824873 5862042
4112224 3425689
1783280 9049678
2905514 6789170
8201949 9207491
6134713 4222623
2426375 1585551
6302782 6552101
7920344 6299267
5314553 8349397
3701514 3003533
6075447 9817045
2089205 3040036
5587812 5842297
2796778 2545497
9903767 5312508
5580898 3137756
3344621 1658080
1950802 6356634
4677597 7048557
1905627 3591432
7399727 7584322
2799427 5164805
9111187 1899038
7964665 2230385
2222614 4861013
4041247 4312528
6037773 3451961
5851486 4814328
2612157 929868
6231862 6795295
7290386 5015185
7567661 4803526
3590165 2686886
4485124 1786074
1900764 4546201
5402887 2919965
8567391 7337075
4561805 2966219
7068795 7748158
7762709 97148
5745757 3498949
2607824 5756399
9565041 3162307
1323157 4180125
8801397 176497
6976904 8876020
6881722 6241407
1515734 6161108
6267809 7721853
7657630 8684536
6894484 1566351
3229814 4283699
6102830 5986975
2739363 1320621
5552931 4875147
5676887 8341501
8440722 3324678
7313361 7095666
2909524 9197645
4520362 8585933
831522 4138983
8068366 8590055
5770688 35398
2225460 4008654
562032 6418441
9303996 1111579
1151063 5063999
3472840 7098684
9566321 3188313
6225563 2541445
3714941 5756515
5912781 9872085
2283913 4277222
8279747 6700222
1958671 7686981
1570156 7941460
9169785 5073282
307440 873941
7709941 4451978
1515327 5477297
6350307 8315260
7463101 6999434
2477658 1583467
46681 6643464
5269727 8161665
4392906 1686926
790866 7716954
8442905 7207822
4595365 751362
2606225 5688605
370172 5006960
8846985 9944679
3936437 6409703
7279675 7753126
7172032 2121430
4756135 6299375
3329786 6496430
3655509 2144728
5391923 6139426
3185784 3585972
8419817 7967878
8597157 3794813
2287410 6442792
3625672 9705637
2633986 7002413
5202951 8978714
6976388 6157794
2547038 1243445
6551454 7243687
2957144 9494147
5268382 3180379
5651151 4930891
8043828 4937343
5787369 84805
3792058 8091469
7942301 3365356
3595101 4738832
2761470 6858087
6862178 2630982
8378894 943434
4941528 8255387
2720930 2669527
9322444 6116254
4142388 7330496
1271439 3967740
8628833 9975157
9296343 2408230
4559943 4714802
2604070 968534
8237034 2217405
727006 8387287
6840791 6747412
9477690 9710351
4682904 1011468
214106 8635399
7376616 9838575
4655598 4655968
3375301 5049815
4280905 9292386
5921909 1048690
3885623 868877
2617915 2246510
275589 8453112
980666 100497
6446899 746840
4197921 817076
6098311 5458182
2507445 4887355
2266439 6507610
921900 8631549
3530683 9461775
2517278 1659656
4944982 9334171
6877337 3331383
2250185 8291057
7873246 3922713
7902443 1533216
2383475 7549332
2497151 3955580
2659285 3863840
3425504 6478133
5675418 6672810
2561071 2801445
476000 2968778
6260363 2945994
5863364 9079411
8335879 6470195
6555508 9390326
8584120 469112
8877676 4079366
7226400 9457367
8372888 9165874
3715680 7848221
4691722 8439659
2361875 9911388
321999 3940503
2200199 3643169
2066873 9829698
8465080 9599336
2277525 5235231
2342964 8870138
6736897 4918504
1424563 305749
9707032 7786791
7587463 5789558
5940615 2141084
6758043 4783773
1901143 3166899
7060998 8592872
5913948 5460090
6800683 6321775
3257546 7532934
7847988 5497518
9625613 109154
6443818 7169831
4467928 6015659
3704633 4690181
3316724 5622059
98934 8100587
7656902 6683229
6510661 3871985
3425880 9832762
9005412 6696375
2198504 3602612
4273455 4011123
2124750 5619160
4345026 8761688
2680746 9427195
6423005 6206201
8423144 9827547
4012310 2462842
742797 6390461
1968593 5463665
9359997 3683261
7023558 5877915
7446822 141870
5501511 4373625
1770529 793656
9580711 1797569
1732072 7937200
5711033 8428258
1247126 8108094
5589914 6391990
3808360 6744543
7366834 5820329
9816906 6959463
6399889 2327716
9879570 4289646
6738322 4120338
6659570 9576687
7556958 1441649
3370244 2399259
6549116 6687432
8820899 4716302
8802731 3994680
1055152 304556
5133272 1892198
866983 1290103
6226158 4745339
2079332 1552703
733039 9419622
9013464 2765020
5329925 9691995
4570745 2259564
9592240 9560566
2064515 7327969
4614078 2585491
821270 2201837
9048237 6807864
1086764 7953620
459513 8711119
6495373 7423674
9144634 3155342
4132733 7771490
2624486 9228430
8822653 9782067
6018703 5834765
3973270 505396
5033556 3212498
9480492 9463417
7040297 2102879
8515893 7058885
6478020 5538605
2957454 2955904
8733924 8066833
5793524 9242163
2487342 6657628
9269636 7957181
9982555 807069
2743455 677387
7995914 6597109
8728005 9411024
6525895 3541330
2464963 3953834
4284068 9207740
5109537 5006953
1669011 3159030
831884 3243460
7528877 1807871
9145656 2924163
6910648 1619263
7210206 1096875
5310247 5474670
2174295 4094253
9514169 4637154
9705747 8502930
5335401 8527380
6663857 3006566
7304437 1315558
1323123 7102982
908439 4866514
3319402 5993418
1844630 275290
4998545 4477534
458750 8486583
5316091 8844977
5011626 2168098
6625046 1012581
4086565 2153093
5411832 180733
1145528 5983357
261383 1492446
1800986 7575702
866237 9199723
6744943 8989513
3072770 2705523
8606731 3182144
9728292 6698143
9371605 3011851
4305144 7446518
1945767 3676199
8813627 2245657
1466944 5996979
2238143 6883585
600949 4333819
4296187 981897
4249460 9819971
76054 5853000
3764977 4158681
9120152 911179
8101187 2113469
7118857 1237945
4966055 8167840
6059637 1289872
1663673 4247389
8468765 8685660
9033164 9128297
6274892 412825
1015765 312542
1254381 5715147
4820890 6040215
365002 1103821
7615046 1247369
125886 3705459
6144702 5074184
8767438 9754001
2790812 6344612
7975076 8340598
2281048 4489038
8873389 3928246
7598273 5983957
6658909 290495
2276249 5553121
8759693 4462307
1541502 2249940
1278678 6215585
5871174 6386160
4979352 4078641
5035381 2565996
5740669 9932365
9151079 7064539
2369205 6791540
7619024 1433529
9864823 9073764
524282 223760
2739306 6951665
1822701 8968781
1103203 1002657
5447026 5869803
7386354 493866
2759154 9029304
5976171 455710
2849484 6682327
5295520 5428308
7196104 7061879
9670168 8152024
2719948 7154509
8105066 3672820
2134632 2029130
9098968 2160143
9614221 4259950
8860900 8849148
7657316 5520384
8446876 8672630
1017519 6445909
8629718 7026939
9086235 5887076
3849711 4728678
9178061 2162536
7500017 3503622
2628183 3947414
4765663 5033832
6258348 7445660
2616433 2338437
5008120 3798365
6988382 8871860
9054623 9911960
1562029 4758181
4685278 5502747
4395236 7191688
5030345 6778610
6939549 8781818
6533419 7257531
1983906 8245767
368931 7629318
9669406 6816995
8995569 7766976
6659827 6657676
4615991 9966699
2359251 9178441
1877624 2767009
9587019 3356797
8149435 9327223
1594886 3408922
9202218 1545310
4859224 2986787
174026 237319
3062368 5915321
1447257 5340195
2709156 7521448
1066567 6754845
7433049 1501702
9006572 2861705
1075635 3292754
5692127 5546963
2166707 5420894
292413 8300542
9456558 2249921
9929653 8210510
5000620 6022866
3609230 3753537
3102782 4173923
8701496 5381575
6671189 17414
9471794 8337258
7307238 1176204
5010213 2357438
8202491 1350072
5824513 9962907
5272651 9600726
8107677 3296446
4477456 168701
9158969 215284
7323116 29802
5814995 9570448
2690326 9271308
6455357 5291168
9784310 5965129
3214774 1769980
2552640 9801239
7775716 8352091
4442552 1330329
9000043 5589287
3599536 3690723
303174 9836352
6131366 8585648
6397945 938868
6859777 2668155
6559277 6288511
2209913 9460521
7498644 3638769
3092226 4731472
431392 3010336
4208926 8079828
638487 1012816
5103895 6411515
9645254 2887661
9947677 1872028
1772405 4815412
107465 8285564
85537 981248
6322953 5403986
2347032 3892296
9747304 4037185
4460728 7216210
7347709 3373684
7553634 4746346
8004611 2837745
6185107 3563448
2420316 8990794
2972430 4933245
8907634 9080270
712094 3015723
639847 3792667
7726145 4645369
6350525 8539928
694877 3097620
6368286 8298858
466357 4610737
4571350 5138288
9353985 123129
4018052 1108160
7758298 6135751
3913028 7705775
7664150 7358837
5449132 3497327
6386154 6274728
3290337 3079192
565101 9013645
3993752 8310150
8954911 9232757
6689100 7049595
228585 1521230
3993121 9996774
6466744 7622246
1892248 4078960
5849824 7730455
2182443 3727051
2306384 6163242
9828050 2867819
3242121 9044915
5233119 6597913
8605956 4253726
4760264 449023
9609317 9243190
4189846 753129
3018027 9290686
3682390 9342483
9570702 5482823
8666674 6938944
9411689 8727026
1539080 7228890
7152466 7243974
8558273 3842158
2850703 8913312
6931911 800925
82334 8504579
5187515 1533963
7064284 6350301
7114473 9433303
5663313 5646024
9738940 2597472
9088131 4241520
1400321 9214662
5785526 1199600
5759853 8888701
5127426 756935
455430 1436309
9494458 1890152
6239224 8433661
9339866 2724668
9233170 9801774
9329387 2168553
4521249 7175711
6677159 290844
981111 8904804
4232389 1985610
6793490 6674711
8862998 896487
4200274 3986337
5124240 8634202
6436644 562856
3131567 5251294
2625214 7239472
8361450 7063320
3574376 6090702
6448418 1245653
4444121 9103014
6373014 8849905
8423738 7021332
5793893 5048637
1406572 9291166
9770595 9072983
1313757 2415935
2679765 3258512
9809399 1915522
3602821 6081467
1577569 8867116
2175998 7475696
4648849 3018311
94455 1112977
7230014 8951822
4856201 2758159
6181246 2092808
9911999 9797211
5492052 6352491
7156764 844285
9750181 3457338
5865827 5492879
8465158 3190757
156494 2112168
3386264 6409543
7130030 5295114
6965057 3101
5360201 783381
496532 3495514
6808573 9005910
3732015 58403
2285023 8779754
6316233 2204113
2144307 8578601
2017425 4315079
3987548 5755383
3244753 6021754
2972788 7597059
6197251 4496905
8803018 9957304
409082 9830448
7880229 7983983
5012358 5440886
4189206 33170
5523077 3238732
7409201 7828511
2400797 665715
1042997 7162214
7956417 8396408
7088743 9725940
6706011 5327798
538545 5782620
5624487 4706639
2823127 4087615
6875234 1600968
5990679 8194951
7248881 2392236
7901899 5127096
754703 5504244
8771040 6145230
2223175 2999304
4619147 7787889
775483 468812
3789788 8831361
1486499 4427472
7015634 7956719
1375924 3607746
772275 9328139
5324419 3275186
7651884 1228897
3850323 1331231
2998983 3486686
4766127 9376357
1171842 7879403
135951 3445619
1808763 8191090
1712292 392377
5124106 6222335
9925752 8448135
4963849 8208036
8163327 366125
1869303 9288039
2944320 8110594
6132987 8666694
3866453 9348958
2663036 1240029
7570493 1870414
2839039 595139
5479688 3817038
6889415 4172630
62728 196016
7175272 68511
7642369 734116
6867445 3940522
7467785 3849592
8016398 7804528
8604658 9044353
434826 2906067
1149953 6980486
8694254 7439477
7534232 2226694
3992824 2549541
9682522 54252
7650773 1860875
3589996 4316030
6225722 1494927
9916814 1973902
6266801 5267205
5231398 3056542
7986869 7231020
7164336 9910345
6574106 2564890
7129522 7949359
3340532 216775
4917388 9364536
1373973 3598218
3210200 3202325
8672808 5681028
1281580 5593636
5199193 2452001
5772512 32546
264491 8662300
7389184 3123105
8632622 5043287
7016981 2161354
1419772 4445855
5681460 9087899
7060076 1797353
101990 4083415
8380867 6705606
9769768 3315868
5270795 8250709
1867020 3085882
8718347 171488
8691571 4176624
1181909 4930150
8967907 4779227
3221189 2132397
3783160 660539
3457747 8644632
249412 4330229
6600973 1395176
9949462 5367152
7472872 299497
7392454 2828315
4359299 4343733
7707443 485988
1503184 7807339
8835994 3023084
6208408 8205040
8496264 9711641
5630076 3412190
1006395 9928582
3793879 7634730
7527801 3016345
1964533 1146516
5675870 9661295
2076202 9883910
8239710 5089197
9842365 1427749
9233356 7777197
7436661 1665448
5380269 6504220
2993488 3850630
2285372 5903728
9773036 6080788
4422700 1816256
2978375 6238553
5497178 1105760
2277859 963201
582373 335597
935827 8899769
6529489 7924024
4956946 4700001
6513142 8477858
4757710 4373049
9507267 6420934
6618925 6624390
2649493 6848004
2199564 3414819
9446158 2254646
3342081 618524
5156279 4077469
8971766 2394812
3233938 9169048
282733 4234275
3269530 5176297
9365441 2771332
9949721 1278415
679729 4073481
2723731 8100035
995388 5765400
81384 1971639
8342518 8942771
2800371 7587918
1152889 9670722
2300169 5717038
5466646 7853627
9577618 988107
1682669 3018085
3501227 1877635
3364999 9271233
273776 9091747
6220388 6002079
2737413 6131747
107831 4471070
437230 9522085
1248005 2447466
9796692 6113616
5552963 3908687
8427417 8149424
9856027 8475893
4701615 3442243
832793 1722996
8228142 7397033
397588 8394888
4804580 5728619
2071933 7959043
1607747 7231480
4194127 8043387
6013080 5440049
5102955 2655414
6235311 763198
2881208 7025195
9428256 781946
4683552 5875120
1211208 9969516
8162890 608256
7214992 5424933
4968178 8645511
4588483 8704963
3915141 2699795
9623453 4226117
3761257 3103283
5807572 9513467
4346678 9960961
6629935 5464456
2434473 8658855
3763217 4592523
4594872 1872167
2654232 5285994
9701211 5587498
9061089 9066592
5778254 1381462
3723987 5211494
689345 3749512
9231107 864923
7774193 3847181
2246460 8593176
8541204 215338
3213723 6289798
9161973 7661179
7714693 6884488
7098115 6502850
7604295 3918378
8104683 5833331
6348055 6072334
1348844 5001889
3704693 1535891
5347057 1805753
8503654 9332367
2888373 7461802
8098771 9034361
4027253 9718491
9479000 8664564
3041680 8336644
8356160 5032908
2029167 8948940
7743189 747839
6731764 3622551
2766416 7152804
869359 9407828
6202059 4095317
8449985 3628319
3748124 7915493
5460441 7945003
2596364 6818024
9406095 4094330
7554562 6415586
8048567 75311
6573825 6511865
993480 9307008
1772705 5921909
8211787 3879397
1056013 8362161
5823834 9229488
6178272 1024618
4411347 8795287
1381695 8077145
551236 3743640
9281059 1324710
6631063 4935283
7983447 595662
1873239 9531354
247414 2152252
2023147 9822970
7367164 9559574
4732311 332475
8356734 2350410
2575435 4386681
6240764 4774951
7949803 3204487
4696194 4638538
1624426 3208891
6014436 8558392
4998574 4429598
9062231 5588209
2502630 273250
1928547 1424084
5743856 4521244
8632639 139082
1436432 3681429
6802630 9545388
6668180 2420571
7738771 5088005
9847859 5915054
9343805 2793029
3217691 5707298
7448612 5369319
8502766 8142858
532746 7382878
7565615 971741
1878032 950408
1993843 7959753
1088312 8091792
130952 8567198
2551861 5008142
2197309 2723714
5915625 973391
110747 986130
3779646 7468097
8790886 4352644
8306716 6649040
4138478 424150
1377751 9505248
6662795 7900026
329396 3125903
4897522 5565516
5429631 7510059
2823087 5794320
826284 2565114
7414139 5558303
4644024 9864837
3737028 5906456
1246580 4473326
160242 4634371
4826807 4414678
4129037 6579916
1596939 4470723
3332088 1462908
8664015 9445634
7062918 6641021
5016065 213647
6861806 5803888
7164903 5304177
3563329 6195361
5103229 6622009
2888211 3825652
2326253 7797019
4939271 5809288
4367164 5174618
8671527 217047
5259705 7304471
3602944 3551885
7624589 4360209
853991 3247273
4606552 2026793
7612073 2949730
4289231 807198
773895 1132405
9471967 5508845
7150493 9663047
2690894 8699444
5443248 3155966
5057540 7509790
4378450 378709
8852645 3164758
2523951 1986118
5263244 1082776
3846197 1750478
7343301 4632188
513544 8736270
2964888 7102682
1879564 2617383
7923030 3177608
8218145 8825683
4062378 6936659
2007185 3567780
1746279 2212261
8660356 5184464
6564100 6708932
2860677 8996601
5204504 5925825
3507582 6160913
994849 1791825
7775435 2406752
1955055 3999866
2852487 2730598
2595556 6407878
1399620 7569681
2153987 210821
1294014 2260960
6656177 8152426
8913102 6633979
8032274 8897224
1520511 5015704
1825446 7133069
2850075 7206527
9840960 8627971
3400907 1160053
3267722 1736212
7216598 741211
2782662 7983339
7639681 3757686
5586623 6566764
3868154 3078964
9608293 667504
3168141 1935939
685563 4440405
5985685 1307000
3958040 7029537
5622655 8033368
8104519 6986875
8306284 1155764
4645946 9739769
4076290 6929865
1641021 6470761
1083677 4940850
3662727 8048853
6076702 8041860
3922681 5814197
55049 5775146
1340845 9909596
8862314 868788
4283693 6406287
5031095 3993741
1481560 6002536
7468280 211384
2719501 3764222
8064088 5053686
5380301 3268892
6756494 8639186
6483343 9681908
9645051 9685584
6526565 52767
181720 2596455
7550221 9775455
4355033 150341
1162235 1195395
1235040 3631858
4619935 7817533
6583253 685396
9748262 3744987
8368729 1770769
9855857 8616673
2597977 8610856
7589607 5669740
2508308 7795046
2980987 4769954
8995921 1597541
6139109 3222174
7725126 6835426
9690275 5342185
2529745 3075853
7467536 9462972
3758171 6368344
2068977 4714878
8416625 5369571
1517246 6865484
3936424 5969125
9690599 9487725
1105485 3298042
7786753 7856766
2872865 97639
8142911 5937080
5813442 5679615
5230783 1551273
1210213 4453729
4235435 3861801
6130107 9339421
6527098 8970772
9152601 1330697
8829920 8443627
1589612 6523865
8314076 54447
2648826 262022
6960033 7544787
7086382 4404006
4720662 8768366
5643525 1439349
2226791 2740914
135198 4377503
8999291 8742527
2856422 3019845
2664699 3298525
504208 4771059
9376905 4614219
601266 2110082
4386916 4762218
2508356 9436629
9251429 781704
7752980 7029318
5037146 3785366
7553227 1469021
5365203 518191
4727741 1316491
8871360 6671879
5592236 7558871
9958751 2803866
6498285 335219
2405357 6676054
7155023 7222170
506254 9334722
4655939 1959652
4695517 2235765
1743029 192299
5284099 5179728
4343350 5138695
4601607 918110
5780779 1129121
7109809 8908785
4064544 8508676
8985266 982278
4467430 863646
4760588 529887
561244 5048785
778192 6218453
5518319 4937090
9935871 7045475
5203895 8793353
2681630 44967
3781436 1122484
9766867 7991659
9838833 3139494
7333633 4329423
3060927 7381395
9727336 6303720
3481683 2403871
1887322 2103645
3198766 8205377
7961581 1442905
3223629 9064824
9008745 9183906
9875017 278991
9536039 7197432
1895974 1357475
2353584 7522327
1117731 8342144
9388961 9691978
7544808 3099109
7409950 5989401
1525996 192200
65462 4009697
6836852 5288374
1829337 8503092
5360846 7607695
8899645 3763784
5275243 819113
7981158 3284203
4943116 1448802
1568636 2809967
3501214 5465242
8524724 1510662
2585477 3748130
5183341 5655864
9617559 8891174
2759699 915473
7119694 7579909
4501194 894106
8066050 6289720
7086490 1892726
4048708 7421896
5151601 3328445
2788673 7729213
5818510 6895492
3038957 2476272
1965841 5270073
8383612 2964654
6761863 447128
7122862 5350529
49622 1740182
6923501 2711695
7232853 7852533
7836879 6861460
5549009 4011527
9163672 4970442
4709313 1220454
4707509 6052005
589465 2243849
8584229 5106336
9621540 8360562
6203384 8213771
1904184 5625149
4292426 6934556
8863939 8640266
4390433 5222052
5003964 7029958
6864745 58448
3226010 9641702
8321864 8931523
3098203 3475940
1375025 4976787
3891796 1971307
4939101 6066921
8103285 6261703
5777846 1756838
5742234 4622122
4331031 9761386
3352183 2445643
866888 2142951
4168948 4784295
1724178 5570465
9554243 1912765
1736057 3253233
8009325 1876965
8161754 9951598
8637509 6414994
7803936 4419107
4636764 2172266
8389982 3833303
166503 7211007
6610379 8221263
3520276 3457404
5182713 460304
4598000 7046278
6193475 6888297
4782188 6851907
5311324 9217546
9244343 247973
6883222 3179714
3550240 6391728
6797594 9500539
9355956 564208
6296992 2943093
6249212 1114964
2441206 6123905
681987 8172031
6585810 6656158
7269181 876180
4207778 3238303
8474550 7683240
6368900 9480574
2297010 7631938
7327794 3520624
9964016 7105271
1912788 7642692
1281316 8862169
8237133 9239809
7439564 5728962
490468 2751951
7837787 6632901
2598750 2801020
7728510 3538078
1921569 3140961
4632870 2817370
4270887 7435497
4789119 2015440
7508822 1282055
6162710 2237984
9267402 8071888
9206232 3746889
788497 2789107
6077431 4299559
8564345 3472600
702983 6333355
3490588 6931614
5674965 6430915
6086691 7487930
8800997 8994309
8161047 8668683
7653104 8528472
4381621 7357661
6884017 5109857
5528567 7951731
1299328 9428209
8565304 1329858
1857668 3467468
6800990 2700456
3837016 8686336
4590936 8181052
1858488 9989631
4355982 6771837
5083207 2775062
9224889 446788
4353311 8361886
1802980 9953754
5141631 7603349
4668676 6796906
2400980 1221934
9295255 2506999
152362 2992431
7720055 9958846
7560612 9167989
2280758 6500189
119996 122721
3991059 7986798
4467654 4891467
1380319 850569
170873 305129
9354683 2013925
328890 4428428
87837 5963445
5858751 9534484
4850205 9188008
9248532 2372700
9690542 1088073
8754930 148382
4039463 1599293
8567064 246725
3523657 9368702
3879310 284585
3827482 7483697
3074616 2586204
1163658 6158596
8609311 5109657
3254017 9386402
1107770 3547572
9497729 3635400
9636227 8435169
4367173 2483466
1306588 356066
4602108 2082491
9670426 8160748
5934120 5103434
411345 6001108
4908243 2765081
4596496 8227798
2866131 905610
3474484 3315392
1411354 872489
313973 8136718
7534180 2384443
9885356 1882618
6949785 9790742
7614939 8039729
488991 4764236
7455285 7097113
6830625 105550
148717 3125123
5475052 8930242
8365023 2646636
4853188 66954
8788788 285576
2470914 780209
9222247 4316794
93849 8018179
6265178 638807
8644062 7115231
325829 830441
7283831 6660261
3233024 8324442
4048484 8691350
2680763 4918611
8949583 3184379
6933649 5354917
5822437 3055872
5038691 5279293
5075779 689224
6522802 579757
1698347 1505144
4996801 8860262
7658087 5888321
5218755 1019680
8416507 3584540
4000695 3198508
6534292 349225
2494737 4560495
6468728 3510587
3169594 9957526
501239 6419778
7744538 7366336
4221131 2680724
6177023 1520130
6389577 5665327
4018777 7396002
651044 1629232
4127972 7870157
5883405 2571754
6861631 3416060
9464381 8486252
3330068 4471977
6354306 8413428
3726289 6812846
9773833 2951820
6186063 7197314
83971 2668615
1658134 9296575
6576702 1143475
6325396 391430
1434446 3064521
6287872 2059597
9182053 7003411
3989668 546830
9155102 5647085
2226679 5829182
5446389 7299944
1248104 6244515
5166819 2069443
5337304 4858274
4605164 7365692
1385538 6410194
7573528 2256232
1102031 3345790
9804640 6158676
1030189 7586260
5494536 593600
1706853 1116889
7658558 525029
1862937 7005793
1357288 7939087
5821347 9541003
9102314 3694144
9212535 1257291
4519003 981892
7367081 351949
9033888 4760865
3359427 1962772
8772126 2078232
3133531 5870022
835330 7396813
9476011 5058599
4974750 1258920
1750600 3529056
3888091 1766000
964867 9891142
6978195 2928010
7855639 1208389
7523023 8586582
9261184 8723978
6377736 6756569
5070002 1089469
2002464 5093285
6520294 560976
7975593 5404613
147700 6372836
2897901 7476438
2606694 8742694
5632102 4035042
251575 1883326
6813208 6073223
6647322 8194010
3830680 1476427
116498 8344020
8280385 5311328
9041071 7215752
3223170 5206842
1720239 358889
9207886 4122218
168570 4544151
1079744 2868412
5619087 9441216
2955742 5529765
4396826 3488533
5007177 369636
9203730 7374210
3728356 922580
8327189 8781611
3320663 2175525
7083424 6138971
1744701 7110810
5354010 2145371
3876449 7154045
9532533 4547654
2575143 3762098
7183208 6562840
8292563 844099
2900798 9136505
561475 7697016
5063680 3845470
1775955 7986064
1776804 4017714
1366432 1934999
182647 9330563
9430388 6499012
9069501 8800552
3933353 1708450
9773627 1464628
6533078 2596269
9668498 2530813
745729 2931711
9953958 502002
8730060 1986644
6969374 3791306
9239037 5366276
1114209 7056752
6465824 5711884
2014092 2033216
8203517 2911391
9870100 8186623
3565686 1258759
3760356 1742394
6852656 4048991
1638658 1949569
8325188 5194074
1295194 7077901
8756124 9237976
1574298 8525026
2886355 9309295
436013 7101352
1865820 5550655
8968613 3794447
804854 4003492
2329126 9313878
2076690 1764693
2654519 9869130
463491 6436488
7890066 1010751
2688931 7823056
8277780 8716039
508066 5483514
7395261 34488
3308309 8825502
1157486 950304
5638537 3076706
9252940 9402263
49228 9119708
421385 1254681
5214237 4874945
7145954 2581905
4850458 7043300
7617060 3533042
8315947 7478803
980872 5760975
8654533 3363991
1020184 8708906
9743595 3110876
8956816 6473816
7714516 8471671
6436830 8181426
3756729 6619387
8564614 7265641
8637621 808048
7840695 7769189
5506838 2584853
4089854 4994505
6857853 3451328
7943348 3660014
5274818 2241756
8387682 890792
8824770 756331
3239984 1461769
781302 7039593
9719781 1059856
1148156 3139011
2856284 7256975
2382473 6553551
7229383 9125188
2588450 9544356
4602387 9138066
4073418 683444
5754990 3782670
3867020 5125758
3002979 8794308
3539369 3288485
8647483 8566429
1265431 8324012
4598473 3729732
7266254 8794426
4189650 8145694
317924 3568917
768295 81147
90513 9724041
9887281 2384997
6832399 633335
4736360 5969953
8995031 6921741
4097996 1968628
4682421 863861
4105890 199791
6355377 9149827
5223500 608480
7752353 2738995
2950123 9693808
8757104 4124035
9112844 4636419
6599179 8845617
2177637 5515118
515259 8156617
4900970 3871847
1569135 3844828
4046962 5147047
8650045 1577208
1318467 950604
7018237 6571142
2478002 655986
3059465 2499249
7350956 4393132
8619104 8602590
3591197 9201879
8505963 7966948
8575492 2923510
5347447 2587413
6949186 510017
5652968 3589189
2479731 4807757
31801 751923
92749 6013087
3786512 9611319
6304728 7249370
1152617 9284968
4883788 1479202
6854259 3445326
7616233 3642710
9551800 1526991
3810438 7336113
792268 8229790
4089090 5746191
2622119 9663593
342762 2971927
3965881 1013032
3645690 7471785
4820881 8186746
5001896 4208130
400071 9326930
4754800 2937910
6373056 5983272
6293803 6290334
4357691 3007985
189232 1441300
7637832 8118737
7923720 9317933
6651201 55949
9171464 7464878
9761633 7242414
9482154 9453210
3798415 5880495
8091414 1844069
8175583 2300185
3969381 2671711
65290 1373576
9552871 4544474
9811297 1269989
9902977 7414568
1697269 3766899
841233 2544788
2580343 6923582
8305451 6799085
7455808 4911374
9406479 9797537
388458 701783
8723685 1449833
1230052 6491911
4156948 924849
4603071 3918354
9269313 658876
4366583 5229488
3961859 4739317
2532867 7204626
3327089 4174201
9273788 14042
5011416 7021090
1662787 3819163
4833658 3255240
2655452 4992808
8736807 2638389
4099345 1354390
4946236 3917295
4217867 5815219
5124686 8424740
