1000
826272 11417
720152 183655
661522 679732
378831 185533
4589 492179
512649 938151
197336 779260
483562 76889
177299 749577
759364 136475
495963 715211
957677 929775
476457 614192
428530 50423
719238 327453
764003 332909
410892 3653
763332 915290
706841 358613
457179 618125
652081 539060
212288 295169
423089 143
398004 100296
668992 190886
298719 661846
103184 270302
524394 249549
928760 678269
667511 525082
587964 499288
685345 618332
187224 591364
306978 482476
801253 241965
690965 57108
734989 105483
66081 525722
322481 766845
474074 647828
340790 441704
863613 752910
721216 418288
847122 328735
960575 968758
891906 450968
121224 582176
242549 832885
390036 223581
424873 683791
463929 79624
625220 722523
250648 429216
777706 496708
636121 565734
677740 551306
303991 295816
65229 95421
663502 205582
852599 612198
296820 306022
898939 460347
245910 622211
498567 42155
538792 969856
996553 143041
899909 43315
868593 842105
246807 573413
826549 6135
963305 370571
650244 692952
463780 148144
786353 886581
564932 266073
74115 777308
267802 222466
983537 884794
938715 603635
423222 109601
696059 36465
204703 666998
488281 8328
204793 22532
805282 420123
32301 526651
962992 440179
486786 807208
874872 764420
37112 442665
512301 77701
510192 908308
424516 563927
211961 104822
920882 90637
950300 622629
397833 559523
786110 771301
853302 308888
302080 919978
352422 737881
425083 267272
616112 761834
22733 651313
473388 490692
371699 316639
278536 652996
586038 508381
438095 557016
536604 404251
195824 51194
268998 530676
655839 364063
138313 200354
125701 558955
409881 85948
937155 291649
208091 22387
43691 428430
255988 506031
251235 784233
426380 469795
723457 129726
577359 720128
998332 287508
626957 716436
295173 616256
201348 777113
3036 981598
243596 552475
84757 998412
407373 776013
545581 241465
206993 96916
263950 409527
91595 661899
49821 621577
948071 776409
34646 638130
875748 598804
201282 854357
45953 246420
212423 961388
140456 121531
593003 527147
297719 262519
85147 785280
204850 671833
776517 337931
28304 899876
137346 7801
266311 834327
351839 510562
691522 893563
528644 58218
219434 947944
492739 329398
132181 280895
408487 517356
70018 142560
179696 51059
691817 860069
286595 683830
803524 147916
846832 397951
597419 36151
237168 628705
146536 435013
709654 952749
572398 483091
657019 577836
108188 181130
713485 362197
641934 44688
22526 215570
474273 885794
869808 263067
65849 139761
132392 107415
250069 635165
519048 978147
25752 562160
832035 334945
967534 922280
60704 365622
285168 505250
359855 538842
379796 29307
576560 870773
412689 592457
621953 606351
125501 929781
922544 640765
283906 574640
887208 544548
555276 924840
271482 352980
532262 148630
172727 196254
532518 251443
120835 396073
256469 105474
351766 566957
855975 753432
462096 577784
170257 540459
174517 215087
395855 495234
40680 70773
835234 497739
826120 477612
874501 52879
269038 504960
354896 6016
668227 792171
445129 282153
919702 240507
946957 717119
165962 480659
684135 850711
681508 834328
364200 164264
424940 295425
961712 776058
447918 459416
651863 611347
766951 952005
981622 392527
394350 842952
120322 386138
631320 881193
277196 105850
924183 595573
153000 216263
252891 621314
811773 864201
980355 579513
747161 233088
47241 623588
716499 592797
903236 361853
935520 73590
279984 680509
718069 689005
168435 372271
799471 751116
545973 548839
806716 588665
209653 673971
9588 468017
953709 395485
767644 90716
241067 721112
825267 28799
491311 829872
50781 482646
276482 965841
946171 13198
420781 417220
228076 966942
911648 431954
508406 994383
891482 280604
347407 851020
976786 218038
179153 305027
239929 249915
178543 403808
86575 326997
908955 486
815699 32927
745394 839457
724468 685675
63086 866496
699186 273351
568933 300277
680995 22688
869832 565586
991119 226000
347538 851129
47990 417677
597359 501907
140612 244092
189185 698473
197856 481882
598549 257318
750032 516996
193859 446951
854705 65632
750038 646572
473321 395075
516446 987066
58829 287879
449273 274921
715571 171134
80383 726142
62728 760588
257441 257241
782291 71506
665469 215738
307769 141840
97367 544248
526064 492343
693559 515445
684698 377207
900050 748715
14479 155159
792536 42782
151361 918679
717090 502033
206851 464425
812075 626604
69440 875764
207446 832444
539023 377236
270917 587571
993532 769884
534923 659853
931396 710647
761366 904175
125922 818523
530098 361795
107675 21684
223280 836366
271468 650958
410548 60736
582687 514181
884582 985750
409241 817023
213349 900635
985453 347822
980950 197528
290560 477638
462731 243926
920559 727960
735764 600564
764288 403544
445607 77645
198144 680904
847695 692689
758262 501656
230826 800189
85983 711306
687770 649404
475841 7976
368384 144978
702857 477469
165281 303855
696479 602768
301251 353882
310094 174223
523568 119353
887413 917766
848398 869672
816383 124719
159167 417733
453568 468402
216582 420204
68103 551410
186067 313355
506682 484655
532399 982578
612716 927631
887314 239174
62288 285941
652565 388806
445218 214107
407829 385443
216925 294030
902830 879386
201610 444976
135963 186763
127133 391383
645400 746877
109688 764703
796013 512437
628884 57610
604584 135342
104529 336406
670439 579208
489635 885394
107173 436802
73431 982891
977453 710119
379057 362262
117742 333764
95917 640127
354189 720622
518593 892549
558945 328696
475403 518236
686398 262552
709891 519351
281509 878572
264417 815253
769986 232144
649355 84609
176538 614906
818503 201406
159656 924912
913837 218406
457748 646164
355990 561781
787276 309694
678429 528714
211835 193177
319000 547186
34759 14157
452405 325727
458412 934242
937350 824205
686976 662911
219763 101489
468960 933480
875390 111018
164897 836484
855207 880705
252597 387873
688658 791164
391523 192350
958769 92508
765250 839922
233217 206770
178070 428362
905758 378937
376268 607567
608879 226071
312910 796030
256851 624309
696452 572322
473164 276922
882696 380761
283399 104498
701743 548760
737817 837371
430344 801419
233013 400457
372110 858407
634107 947616
388130 950539
984549 386126
599701 677202
545351 846646
453641 994122
492857 259053
484299 644728
944242 983848
812625 590092
478816 548454
710671 999077
351495 70517
971760 158955
542919 228902
709310 124545
834053 732722
75220 592683
20929 71920
69244 404143
520263 917301
200033 367902
707175 460669
911287 480747
436696 334880
218172 307886
466697 778021
34283 480082
629115 799739
760309 861799
397333 891944
74828 69026
268695 897219
915372 539092
161800 538893
495195 113728
209371 769770
998786 870387
727895 667684
7461 31727
158761 131514
932242 900450
60351 285955
232500 111907
358118 290952
657003 178216
903861 957814
522757 306607
624961 735640
962784 979553
690767 647897
502423 118937
44433 138889
502699 387882
998863 643210
575399 620353
914693 850178
956514 785207
880041 679772
403382 132302
479993 20098
301026 869998
593986 142037
487279 774553
793764 65201
415417 604508
132690 307167
154781 597613
171868 859640
825557 471951
58595 787497
753593 357746
279926 979711
111616 76239
756236 393446
918676 651097
490114 840318
650788 104980
317631 868081
23604 387897
909923 44156
555725 331854
926089 690373
901879 166449
759068 380634
239468 419989
843684 279550
942577 335756
234331 171516
440523 425935
993840 102632
123444 987205
866596 155407
793256 970967
417186 309223
735067 935324
30589 465735
646589 902674
562813 696329
576326 817502
142651 41372
131481 252847
999076 327895
677932 165268
476287 532442
140084 12255
283838 19488
507506 648648
182035 607930
819065 508474
158512 265824
1267 603890
88216 223348
725849 366032
948233 475456
795655 222889
615347 31369
905477 934637
734080 398225
590176 224417
701088 405378
59680 391282
292929 627598
702714 207436
875080 572138
588895 372462
444349 46169
537481 902367
910454 907457
746291 455917
580106 320382
534990 252238
568438 750059
173858 961373
541142 57122
142192 525877
329479 53230
824136 830048
657356 519198
405590 701691
626 21322
45694 607374
326813 56471
647531 54095
623858 133056
106469 167810
73417 243572
141501 464030
67537 699390
376765 844589
479062 108007
635344 126168
116765 71572
737697 603363
458146 944871
611902 512893
562721 242181
422305 354720
37216 68525
295118 193738
245874 524669
996270 551952
971966 97530
842990 835098
42126 691577
411912 900115
557238 752776
321597 413142
389891 131349
100966 630703
983515 267242
865847 218890
977368 870089
351846 28020
968639 156886
295006 844800
34197 267353
28815 827583
861214 354980
87770 318006
414262 557138
990125 37395
277267 627287
750635 617110
63832 486097
683499 216075
519870 232612
185412 145624
722386 706882
201416 366811
561786 370961
527880 541472
360031 14940
398664 527718
285034 761897
898480 436943
83234 915179
911340 311078
439269 409553
789633 991100
523826 793762
956999 180631
415735 785414
172675 792584
978976 370662
298414 416215
199106 659644
653696 891980
825232 555287
394106 463221
578702 255314
797030 571254
125811 437857
751369 213084
759989 504692
29885 438552
862200 89347
621745 404981
600829 435022
603347 118705
526921 59052
461729 111136
765054 215467
87848 457318
454516 985975
576312 724354
713038 228915
15141 755788
549370 13313
831099 641288
8052 740620
806225 750486
296284 463512
929441 550129
665571 579986
295794 915796
204343 280758
776821 11028
540069 101753
92108 221547
116775 998163
838236 957464
975969 946706
730435 971931
509731 802512
548499 30555
804483 485261
717749 436145
879184 924415
762394 923772
783461 664016
296740 591104
323950 674543
520804 811301
810573 989914
346880 440229
372361 351921
347882 295119
692223 550025
783335 135537
813486 836608
632129 583184
339371 812663
655991 273410
196201 213081
780027 470016
407813 821297
7955 273032
421413 11620
497157 650892
615216 797738
807733 95031
423960 509303
920364 610361
828506 256313
26224 644029
464111 218104
67982 123052
806818 548625
962600 101621
881722 636877
104550 581882
43646 393019
73332 155361
514775 86475
71356 550713
718851 80090
432974 940237
708248 836627
831108 708502
401140 959902
413630 58842
790251 756710
877112 777735
57201 987882
874700 609449
211164 607415
961528 127169
923303 897159
89960 591136
904652 900399
608605 189433
259208 870105
125069 110160
844987 13810
809727 805009
966680 423776
848636 207374
320881 8777
477254 2362
537429 584813
865511 986319
558397 709575
775950 702750
164049 755976
989709 929052
771327 69145
16684 454499
611205 430160
52923 974677
360388 205750
346430 436504
41666 215576
192024 163580
10022 99831
756405 48938
975721 233539
870546 53577
540551 612915
893091 720132
831876 21751
928501 835303
23733 787027
109457 286222
599833 652846
976860 963845
304821 149445
329395 877762
150036 884742
739292 690355
547169 794895
457284 850879
276789 277175
929498 988971
886501 715857
504369 774943
670395 146591
728704 423254
302497 224093
721165 593723
422420 255000
261751 669413
226584 931707
878433 880367
399743 710486
633764 862623
667154 776625
337486 467037
418253 814020
554322 575915
391461 347944
144282 363681
44854 355896
970077 814878
135982 159925
187290 474903
143937 680256
156101 16214
480033 449084
960226 371812
955615 722838
110669 477163
610007 565527
68958 4102
650225 874289
885992 860712
858003 148753
913373 974815
769880 781399
911711 912545
381122 193893
841915 59491
895314 942061
670915 509083
397475 919596
749380 566760
165961 940417
497211 409104
226273 313394
288156 496103
856889 955524
794612 671928
959888 730369
231200 329874
510763 668173
262920 119880
49721 521833
642915 392811
756744 870141
546022 713704
465440 799521
832409 897287
577712 999944
440961 395596
947424 588378
327147 847155
295677 427828
687093 980155
611891 742372
936810 755399
232354 526338
844804 484551
878757 702788
14435 803506
145009 146609
806930 283923
606192 840285
772209 115538
273697 836269
464864 250570
653684 622932
314325 535241
81586 845150
202160 409723
544210 93231
532329 158393
186143 998554
30002 849292
151313 807030
25468 687793
915752 519609
661957 149874
170722 312695
640651 327093
466832 595626
998848 295998
583031 667468
116581 198197
319647 696037
953651 148988
581150 670142
893891 221510
521140 415218
469125 832389
463667 916130
368722 884276
422428 608486
446578 908477
784081 934035
334474 635056
668497 874699
702995 654483
550810 653004
668063 66076
550754 567267
293929 669277
809707 364920
511199 461706
143713 299027
32443 468268
424984 24317
982687 801475
444052 294827
411183 981721
116027 754749
681775 524091
107305 104734
305769 667688
874412 453510
983925 836213
539814 277502
65604 359825
339726 620119
300326 351279
57797 25340
198255 206091
29885 971715
219601 795439
202158 892736
8280 978863
460662 781671
360515 818709
318646 49068
648395 52682
469408 838692
987929 70951
948805 259404
211445 573489
983319 159515
12147 897492
161394 701077
668249 502886
500914 440859
388854 228088
105466 857100
698962 988876
705483 323973
635148 570096
986727 4996
742778 545114
662387 891268
925641 726462
381271 866287
804716 175293
142859 70639
200951 717004
139542 602588
505886 106749
298150 506926
326999 294177
414501 334227
980154 544220
878864 276011
723415 14618
145513 263047
337388 682205
41765 764886
134301 519727
788074 646971
527802 428750
503111 784303
949561 347929
823178 6516
990138 951635
34865 724562
637018 144343
908833 826255
616253 418579
426319 72431
954527 330479
3074 446394
496748 557652
904697 175785
862278 936559
613066 774605
318402 272648
673266 788580
731259 422836
547526 530583
960167 564859
744181 165037
379711 763775
242160 967548
531101 329404
445309 960224
371333 219298
522312 131415
311212 874159
690271 718592
743337 466689
401815 798008
738566 180548
275213 64973
332065 948130
519366 522296
68978 413561
906589 439048
721373 878071
716352 772281
302936 513449
564696 161793
312794 858671
