1000
597775 972913
597775 176007
597775 649412
597775 705800
597775 623301
597775 989387
597775 417216
597775 732515
597775 916781
597775 486929
597775 998602
597775 22204
597775 143097
597775 796329
597775 237072
597775 12843
597775 288930
597775 437747
597775 967257
597775 110578
597775 30622
597775 879453
597775 269152
597775 609926
597775 913163
597775 607495
597775 864830
597775 759866
597775 377446
597775 93038
597775 860641
597775 546931
597775 830990
597775 886316
597775 454980
597775 318880
597775 93480
597775 190906
597775 77167
597775 498571
597775 211824
597775 708203
597775 845260
597775 539903
597775 804525
597775 879534
597775 410746
597775 433978
597775 655587
597775 966877
597775 901009
597775 416377
597775 639558
597775 286920
597775 732507
597775 675359
597775 210494
597775 538072
597775 257940
597775 727273
597775 499868
597775 218520
597775 689637
597775 399078
597775 659078
597775 415135
597775 262388
597775 767352
597775 598009
597775 899491
597775 965268
597775 803661
597775 414354
597775 280062
597775 503664
597775 258184
597775 465187
597775 403267
597775 350488
597775 543596
597775 384897
597775 381559
597775 300052
597775 213160
597775 292925
597775 329592
597775 771927
597775 597567
597775 547173
597775 508408
597775 82569
597775 990305
597775 837537
597775 63692
597775 456566
597775 57084
597775 327254
597775 853647
597775 111371
597775 821787
597775 805599
597775 312615
597775 459639
597775 40425
597775 736401
597775 729020
597775 142412
597775 524452
597775 11788
597775 50907
597775 251229
597775 846635
597775 788358
597775 898350
597775 786964
597775 88730
597775 133499
597775 698458
597775 186947
597775 67130
597775 603104
597775 381326
597775 434320
597775 35012
597775 823747
597775 557258
597775 959310
597775 486719
597775 724493
597775 656853
597775 378749
597775 791492
597775 303439
597775 853360
597775 851586
597775 928481
597775 425757
597775 305807
597775 680035
597775 844199
597775 409256
597775 690951
597775 876688
597775 913570
597775 67935
597775 882695
597775 783910
597775 652279
597775 53322
597775 55105
597775 559176
597775 798630
597775 961574
597775 459787
597775 775577
597775 695767
597775 896257
597775 523651
597775 127981
597775 701318
597775 266029
597775 869321
597775 553879
597775 857800
597775 949224
597775 256214
597775 616123
597775 93847
597775 205445
597775 102215
597775 284862
597775 534378
597775 317404
597775 613948
597775 985010
597775 983645
597775 943798
597775 726156
597775 838636
597775 881517
597775 272337
597775 657527
597775 872670
597775 794960
597775 346045
597775 455929
597775 249745
597775 381068
597775 651017
597775 850512
597775 546606
597775 760216
597775 481074
597775 815608
597775 265986
597775 400485
597775 806856
597775 93533
597775 727615
597775 302941
597775 956961
597775 169143
597775 240488
597775 465979
597775 604279
597775 214700
597775 893548
597775 993668
597775 535294
597775 930698
597775 237750
597775 688770
597775 58389
597775 871263
597775 224697
597775 902002
597775 986770
597775 909199
597775 874350
597775 557035
597775 519636
597775 372880
597775 42078
597775 889549
597775 288579
597775 70100
597775 941533
597775 169555
597775 283580
597775 497763
597775 45876
597775 937736
597775 169700
597775 31604
597775 928168
597775 548155
597775 103758
597775 550937
597775 884434
597775 769537
597775 816896
597775 414991
597775 480696
597775 178367
597775 553652
597775 195076
597775 780679
597775 819320
597775 534301
597775 345478
597775 216624
597775 108927
597775 228161
597775 924184
597775 923708
597775 277447
597775 741723
597775 83407
597775 313313
597775 396449
597775 168037
597775 995520
597775 664699
597775 229718
597775 654190
597775 285877
597775 397004
597775 348538
597775 684422
597775 366042
597775 562591
597775 242012
597775 543329
597775 692655
597775 698136
597775 238884
597775 731881
597775 128623
597775 356799
597775 173040
597775 264754
597775 389762
597775 487783
597775 766601
597775 612377
597775 731312
597775 335982
597775 627500
597775 140157
597775 320121
597775 993086
597775 224481
597775 839046
597775 185760
597775 272748
597775 13113
597775 309939
597775 568574
597775 609533
597775 452475
597775 247322
597775 500135
597775 17168
597775 694289
597775 457542
597775 915859
597775 939468
597775 276838
597775 314070
597775 302879
597775 930303
597775 166363
597775 315751
597775 941129
597775 746243
597775 452520
597775 624813
597775 349562
597775 539436
597775 621055
597775 305485
597775 66146
597775 896818
597775 174857
597775 760635
597775 650881
597775 661624
597775 919839
597775 201069
597775 786257
597775 373669
597775 347073
597775 638490
597775 903973
597775 698980
597775 1119
597775 220875
597775 734653
597775 408219
597775 771190
597775 28526
597775 749380
597775 17123
597775 966184
597775 256706
597775 888360
597775 310508
597775 792047
597775 587505
597775 857231
597775 757631
597775 406365
597775 740873
597775 286733
597775 652785
597775 445462
597775 421125
597775 294765
597775 48542
597775 98969
597775 394279
597775 655399
597775 783153
597775 476073
597775 194502
597775 251095
597775 431262
597775 209721
597775 669851
597775 133449
597775 981962
597775 928556
597775 617364
597775 705071
597775 414500
597775 411580
597775 269230
597775 387341
597775 489843
597775 827675
597775 696741
597775 709120
597775 855292
597775 766674
597775 81397
597775 315821
597775 128798
597775 146394
597775 599760
597775 719613
597775 451270
597775 343598
597775 965636
597775 993444
597775 370776
597775 262806
597775 39403
597775 149074
597775 33245
597775 446420
597775 160755
597775 84617
597775 839248
597775 935707
597775 627720
597775 588696
597775 619557
597775 507458
597775 966418
597775 167835
597775 233077
597775 136484
597775 49490
597775 129445
597775 718686
597775 144003
597775 513092
597775 823357
597775 5019
597775 851029
597775 151448
597775 696564
597775 196161
597775 824729
597775 888598
597775 430427
597775 447542
597775 673510
597775 571727
597775 560932
597775 781364
597775 122275
597775 999115
597775 326571
597775 806527
597775 17831
597775 730825
597775 994874
597775 348006
597775 132308
597775 36544
597775 700955
597775 725345
597775 263657
597775 167680
597775 119246
597775 697238
597775 568872
597775 265725
597775 233169
597775 866538
597775 282489
597775 794820
597775 731676
597775 364329
597775 942373
597775 502404
597775 443119
597775 973314
597775 390048
597775 795065
597775 93647
597775 721146
597775 391476
597775 663672
597775 238482
597775 880555
597775 429718
597775 301045
597775 892704
597775 603712
597775 674537
597775 696645
597775 663632
597775 256131
597775 849896
597775 816109
597775 938190
597775 363051
597775 336658
597775 886489
597775 714053
597775 720730
597775 109751
597775 720208
597775 741239
597775 876595
597775 774103
597775 705012
597775 931722
597775 68536
597775 824403
597775 799880
597775 7710
597775 523790
597775 447110
597775 86814
597775 186581
597775 759815
597775 513522
597775 827721
597775 85196
597775 724721
597775 458812
597775 465704
597775 456473
597775 779690
597775 12728
597775 431567
597775 115946
597775 964290
597775 775508
597775 763376
597775 268623
597775 87754
597775 624421
597775 145747
597775 615572
597775 893171
597775 56351
597775 601087
597775 381018
597775 461094
597775 771140
597775 683380
597775 397111
597775 407194
597775 369348
597775 842985
597775 680344
597775 268063
597775 826003
597775 699977
597775 677842
597775 446517
597775 75506
597775 195166
597775 772864
597775 36003
597775 556418
597775 387113
597775 316497
597775 755657
597775 562072
597775 265520
597775 831202
597775 602264
597775 588687
597775 75934
597775 446571
597775 791038
597775 487555
597775 491914
597775 562765
597775 662051
597775 543839
597775 644667
597775 566103
597775 77285
597775 812372
597775 228168
597775 716562
597775 194784
597775 817246
597775 59204
597775 667537
597775 778140
597775 809730
597775 955081
597775 7321
597775 904229
597775 958602
597775 560831
597775 667925
597775 144914
597775 154983
597775 399778
597775 350169
597775 617359
597775 460520
597775 505784
597775 42613
597775 874101
597775 764764
597775 798401
597775 180524
597775 30565
597775 859453
597775 594169
597775 290743
597775 789486
597775 558483
597775 474141
597775 69403
597775 963568
597775 357951
597775 984359
597775 928490
597775 147167
597775 634090
597775 409692
597775 208816
597775 628397
597775 189857
597775 297922
597775 340802
597775 912334
597775 345286
597775 721666
597775 277300
597775 199709
597775 548448
597775 252299
597775 687566
597775 353730
597775 301841
597775 884162
597775 273796
597775 407852
597775 174439
597775 452773
597775 432820
597775 401613
597775 951329
597775 214384
597775 249971
597775 452508
597775 736087
597775 152626
597775 281636
597775 574329
597775 219648
597775 794424
597775 812195
597775 495523
597775 189470
597775 883067
597775 793418
597775 219386
597775 765637
597775 343353
597775 150254
597775 671152
597775 263612
597775 123011
597775 551852
597775 208095
597775 24266
597775 355259
597775 870372
597775 586071
597775 57714
597775 837968
597775 674216
597775 851364
597775 172360
597775 600789
597775 195869
597775 950854
597775 29933
597775 108139
597775 479030
597775 840711
597775 278695
597775 865760
597775 164541
597775 933338
597775 810806
597775 844378
597775 370098
597775 876308
597775 180325
597775 905713
597775 751183
597775 872739
597775 674323
597775 549593
597775 239205
597775 910778
597775 464606
597775 18313
597775 301056
597775 540415
597775 580976
597775 339520
597775 601774
597775 275106
597775 334342
597775 203674
597775 135666
597775 658059
597775 570726
597775 322833
597775 643367
597775 111949
597775 937838
597775 382917
597775 396959
597775 321243
597775 959814
597775 889905
597775 193348
597775 804983
597775 627425
597775 871004
597775 69907
597775 48199
597775 388431
597775 909827
597775 50877
597775 361053
597775 925775
597775 585548
597775 278604
597775 161152
597775 377750
597775 367137
597775 638752
597775 499344
597775 292181
597775 203852
597775 58515
597775 231244
597775 397370
597775 748541
597775 401246
597775 276731
597775 879762
597775 477099
597775 545170
597775 592555
597775 43595
597775 723500
597775 563283
597775 768490
597775 754066
597775 12084
597775 267808
597775 162455
597775 797237
597775 90715
597775 313506
597775 959568
597775 507080
597775 653616
597775 851084
597775 511099
597775 916309
597775 496334
597775 874882
597775 678627
597775 741534
597775 834923
597775 374313
597775 71101
597775 40291
597775 664507
597775 682278
597775 995869
597775 909467
597775 801885
597775 247220
597775 900597
597775 907130
597775 862037
597775 90283
597775 442335
597775 153367
597775 745512
597775 78384
597775 94098
597775 872028
597775 92044
597775 12556
597775 412709
597775 321286
597775 187219
597775 657902
597775 244002
597775 746325
597775 164171
597775 488977
597775 344250
597775 478186
597775 237264
597775 988991
597775 528350
597775 271945
597775 91126
597775 745470
597775 966998
597775 913051
597775 480860
597775 522649
597775 164505
597775 514602
597775 966961
597775 610595
597775 633913
597775 292363
597775 107588
597775 662628
597775 923374
597775 863155
597775 372155
597775 532764
597775 923500
597775 539528
597775 774438
597775 642573
597775 187915
597775 527695
597775 629267
597775 928818
597775 940049
597775 543895
597775 253969
597775 466910
597775 553126
597775 119998
597775 644963
597775 698257
597775 922297
597775 439793
597775 579349
597775 555208
597775 703280
597775 605429
597775 52662
597775 627627
597775 747745
597775 461407
597775 263185
597775 737548
597775 595095
597775 622284
597775 787574
597775 211645
597775 259546
597775 31631
597775 267999
597775 112437
597775 851040
597775 298796
597775 836858
597775 485237
597775 740025
597775 681731
597775 593056
597775 771447
597775 867332
597775 749074
597775 191348
597775 439921
597775 795371
597775 492012
597775 640662
597775 302089
597775 405235
597775 723163
597775 744279
597775 968091
597775 229664
597775 854540
597775 521539
597775 479685
597775 669273
597775 339136
597775 891872
597775 901867
597775 106365
597775 189267
597775 653385
597775 72014
597775 194705
597775 564614
597775 497476
597775 317494
597775 420879
597775 417462
597775 503164
597775 554794
597775 453832
597775 358703
597775 562961
597775 57590
597775 219625
597775 558827
597775 770421
597775 151176
597775 918897
597775 815522
597775 928866
597775 604395
597775 996462
597775 840091
597775 951008
597775 565998
597775 778049
597775 322360
597775 909452
597775 559701
597775 728302
597775 356378
597775 157113
597775 924989
597775 568635
597775 628944
597775 486999
597775 19668
597775 979482
597775 577091
597775 566058
597775 421455
597775 545255
597775 808911
597775 484234
597775 251947
597775 433528
597775 951744
597775 922737
597775 470194
597775 727376
597775 687276
597775 840635
597775 678248
597775 26283
597775 234290
597775 637072
597775 570751
597775 400141
597775 765429
597775 44271
597775 833325
597775 996246
597775 837983
597775 575798
597775 244032
597775 235421
597775 846244
597775 673246
597775 316968
597775 843225
597775 841243
597775 36261
597775 825485
597775 15369
597775 410635
597775 16561
597775 156467
597775 705647
597775 410110
597775 220402
597775 220074
597775 634197
597775 207494
597775 700015
597775 85699
597775 80601
597775 964235
597775 86425
597775 854180
597775 700449
597775 209490
597775 501109
597775 686077
597775 123319
597775 662908
597775 190192
597775 933321
597775 446992
597775 202286
597775 784313
597775 464884
597775 541365
597775 740856
597775 744497
597775 52550
597775 375485
597775 597776
597775 150828
597775 754691
597775 898355
597775 804437
597775 806789
597775 773108
597775 590403
597775 639620
597775 133552
597775 688257
597775 139827
597775 264433
597775 99811
597775 499969
597775 465665
597775 100479
597775 534976
597775 222609
597775 462946
597775 702541
