5000
7444364 5161080
1427585 3470585
1428933 993938
3149357 8770681
5165444 1182927
1244827 4096626
4584875 880490
8729224 2943064
6328921 1446200
2268373 7776364
3879589 2706571
4038153 4612791
4763113 274501
2940246 5220432
3779155 2354284
5489620 9624086
7182731 3667895
5352613 9475567
7644951 9609793
8832791 7184847
7569774 8397817
6348463 3869552
3305487 3400927
8820847 3577972
8839550 8980590
6069754 4728325
5855949 1768376
6222352 255875
370250 158842
8902564 2042317
5004784 2583188
2094197 6048854
7072757 8096072
4779562 8527900
9870771 5021916
2371483 896356
6800920 3118049
2531669 9563446
34010 7045116
1544201 2801693
1723136 649941
9866955 2707052
1762088 3527532
592335 3077496
5049285 2836120
6375458 1778961
7502747 6802055
7092336 3980715
9616207 2376889
6119334 6574247
8107647 4682621
1142964 7749040
2034160 494423
2061890 3031655
3814569 5437125
6526881 8560792
9296335 9786830
6872579 9281881
5327900 348563
6282996 299011
1030978 8120440
7236626 6047146
4694737 8267075
6125077 1225851
5884506 4676648
8069814 7456717
7059935 87773
2612866 1355140
2473618 4639259
6691601 9414407
5428063 232678
9519369 1819482
4837642 3111299
3947766 3062874
4688425 8252460
5004864 5458109
5385740 6992418
3447760 5083359
7708691 3547728
4321683 4375424
1025753 5708894
4463413 8215172
4449814 781227
3246262 4791144
2605738 8528330
3061162 8594166
9530345 3436882
7827496 5563142
3280513 4859205
739980 2766464
340479 8910952
454298 4498395
7897916 8933235
4592405 6882786
3968601 9956735
4100567 8722979
8295946 3538894
3963746 7832195
407293 2744218
367075 4839177
2027173 1182877
1781580 9041149
1312712 4181209
3022177 8017560
1532455 7498865
5542888 6213168
6158298 9533709
3989567 9819739
9251361 8418612
4884478 5811550
7205684 3234122
497046 2578743
7378152 4710674
8135459 5288183
54625 8366337
2574920 9761471
9025283 2277508
5526827 5588638
7166211 9229363
8470804 6822945
7091463 8023000
2617756 8674455
7522756 6518596
5907848 6677523
1611795 7887402
3440484 4847981
4425482 5450176
9921214 3933391
5524939 1473686
4796161 975077
4286496 3807815
6997961 5786355
4968997 706139
9112611 5529586
6749943 5822401
6027925 2417152
9695184 4228433
4638815 459897
4570904 1997829
8155628 722484
8368767 9737040
4455944 4201730
2363640 1282958
8406113 1325131
9743588 4610260
3404985 4390831
767589 8138981
6892824 7998036
4362810 8010144
5659759 3696316
9985217 1073148
9631017 7589615
7087301 8813542
1202222 1626233
8324260 5857762
1990731 395719
2110396 2557058
1333141 8940385
358539 8911122
2213414 2069117
8636634 5473602
9186947 9188580
6965539 4316317
5793886 6596374
7482581 5171302
969220 6194323
8379454 9388204
3597951 9080524
6316844 3731591
2540926 4005221
6614784 1597467
6782329 3864752
1538828 4754837
2393590 5208052
3469722 769853
2037669 7117468
8620361 1772222
2281656 4306807
3284277 3031478
5377913 4946367
7744040 6601255
1792449 4283032
9721287 5852140
2109690 3427012
4675529 703942
2082076 3484497
6864325 1183131
3147987 56244
2912397 3690231
2070999 725937
9271254 2563016
8615020 9389315
2987838 8171995
6386385 5025956
1634039 8064491
8446518 6966246
4506566 9856092
3002743 6747149
2532609 3997004
8700309 5516592
1543833 6144716
7446201 7181872
1413721 8764928
1218912 9214050
1028799 3475614
941282 2818637
4522609 7524494
5549969 3818401
6249566 7511169
5505374 9115220
8887531 8863883
5004834 8299602
6050875 9077736
4658263 8427910
5053958 1416502
2521959 3793032
1104912 9160597
5440381 7797460
3248593 1796827
9737696 8996149
1570603 1053027
9847669 3366815
6733282 2206355
6125113 5440466
4721246 4439690
4702101 9298585
1446701 3291587
6214803 1407146
1356091 4025704
5568590 5692483
5934409 3595302
9929422 8038192
1680238 2311814
9657762 7174723
9733466 5899376
4373912 918554
2675983 3418293
6963199 7309487
5066330 7045561
5280299 8875147
2955898 6403415
758113 9854684
2167070 2254844
3718655 1159749
7271736 2059216
8704114 2151271
4887215 5759984
3803451 4246380
3970203 9663179
8470784 589264
3374299 6578811
2633672 278078
311784 2343192
4586575 9081310
6598143 6867019
3618798 6671955
8900691 9133564
6634350 9820022
2471998 166032
2683678 3799242
5959577 6353099
2027155 7502709
5965722 6734073
6513651 3935929
8171259 8030420
6952563 7563414
267770 919687
666207 3382164
4983669 7525071
9915835 7936993
6848950 6075487
260686 3929931
6058542 9718112
5737083 2913383
1449992 1282626
5375541 3020420
9140774 6433111
4095378 360097
5482459 8722604
2098770 1582381
6356325 7250894
8652124 230194
1215002 480795
3969079 3782823
1480143 365352
7280419 560406
1689960 1987875
7834899 5602848
2084197 9890374
8309768 9321637
7299476 7535762
1651840 3847087
267375 358761
3782378 8879991
7002531 9920963
8748361 3579013
5646477 1423767
2957839 2814484
8432581 9449076
9298273 1076278
3879972 4108892
6274102 7645777
3517619 3401363
7536833 3648193
3176777 4766814
8503893 5659290
8681319 1532814
1761023 7986140
8769349 272161
8045225 2831480
8045878 1479381
3795037 9715518
7086809 3801510
2600231 9422318
1218875 8365558
3406148 8837649
1721509 9096161
7313038 2619103
8954098 2071298
6270958 3124855
5393640 3114519
8971361 9055963
3568631 7157248
3311783 930882
1413211 5737246
834459 4262935
3939132 4542617
7553091 4308323
3655977 3219412
6342704 6687
2490617 1226912
8761496 7148087
6288586 9369438
4931964 4593897
6778591 4695349
4890567 7026547
3678203 7322836
9178954 1409282
3798576 2587103
3377777 676753
3745628 2450217
3848311 7240534
6706545 2097393
6027985 5994174
3235744 5481367
1604686 4043763
2504657 8455436
6251400 4347513
5401022 7989518
2729106 9014918
9118060 7121497
770454 5703607
5477994 6466364
90062 5709096
9985123 2928863
6745865 5984905
6329925 9302543
5500543 4569374
1930293 4044231
1137981 3474147
2390236 9012721
2599862 4442928
6930826 7227901
3028913 4329452
1252693 4750567
434634 7352766
4390414 8065423
1596262 5352418
7863508 7746576
6014 4399924
378049 5587634
7035603 8545398
9871495 1700291
9840112 206955
6999409 9824185
5058162 4485988
5347168 1217747
8569867 1975408
9302747 4555597
8238497 1784808
672035 5350619
8549090 7886646
1383815 7379130
9688360 8627715
7390137 7715994
1536190 3126983
1805844 6284459
7397280 1854996
2354054 7778221
8684722 6946775
5186242 265811
2729688 1693570
9035895 1332603
1631163 1045685
7964677 2718334
7148110 1631267
5945 8494438
7757803 2329704
1502941 1812370
916852 8332944
2039087 3430430
6453694 1304521
644323 479499
8051662 5127796
6602988 6999435
7193758 948648
9123722 4646778
9856188 8709901
972884 5887186
4495435 2261026
1939319 7439807
7919479 6325605
7663413 3820900
7266000 4493331
8304254 8825646
7214061 3124330
6442356 6989925
2426379 9711846
740483 6887377
7755802 5443958
8139068 898930
699947 2070439
2650085 7884354
3765514 3159984
8471590 5206958
6479091 1259272
2150568 969922
5656555 47233
9987864 1834982
8127049 5542288
4343334 5294719
7301945 6132852
6756573 5883193
4068200 9843293
7636854 89573
3752884 8352301
1002810 6665216
9664879 1337185
4184409 9895686
7066776 7120641
4398159 183625
6649650 9065707
2359877 5230490
3387135 3032931
8379008 1893232
9559390 7446431
4389663 1443764
6987901 7850703
1556437 212414
109568 1873815
1932134 6830813
6083488 2294973
4155021 6028342
8105888 9476849
8369152 7524405
51510 3470207
9520076 6943169
7259858 8741346
2885800 3029639
9661071 7705908
5400404 340156
3981835 7873002
1460327 3675931
754303 7076167
334412 1483538
3329844 2972863
4781419 3049895
525305 7100490
335030 8823375
6550296 3654724
2864932 9882969
3350121 9105401
6423005 4121695
8792748 4901213
4576734 8446443
1563198 9991017
1060616 5844793
850114 4202201
5429003 2181992
287704 3814351
5165730 1420200
6024057 6612808
1572074 8994862
9242938 4660145
7967780 3150113
9978098 4391058
5451185 2348337
9897925 5840508
2851371 3851037
8788393 759246
4501554 5883959
2386540 5370600
3085234 2273565
2914906 4920629
6636949 9998139
4573148 1731287
739433 9920966
8450583 2774859
754792 987889
7754357 9657631
319322 5159197
389494 7884949
6293998 8934074
8612752 3001524
9137234 3563382
3980884 2845020
5725044 2176807
4802239 1725390
4644039 8927776
8809298 3821459
6670580 6617490
9249173 8203885
360660 2427706
2419329 200749
8060937 708585
5189131 8172155
7390281 9263049
6854670 3533550
1249774 8141643
5514650 5433396
5340007 7635045
3117269 5398505
7096272 7605692
4721538 1066824
341639 8825927
9794607 1539791
7341493 4755389
7388416 1633311
6039510 9524321
1853323 1022413
2668746 8059397
3062833 619802
600414 4143008
5297715 2203887
7264906 6938859
4000546 3543895
917900 9074026
3222290 6656111
6324467 2549212
6375487 4750247
7402214 2018942
2098022 8370147
7211399 9771205
5797365 2840903
2664183 3846829
3235762 6187858
9483252 8708408
4704417 399807
6974188 6477007
3461865 5871412
7430734 2361250
6481669 4334358
6586262 27473
8505531 9949152
1299679 1361877
8784088 5528250
7168902 6517309
1707672 5951732
5904663 9364892
1489528 7375414
2713388 1579171
5997137 1515307
3347951 3840049
8351684 2440
3357308 8495543
36451 8214253
6055632 6885673
5182291 4590555
2504729 6381406
4086498 4422109
4897843 4361404
4230702 6813539
3416793 9356353
1952444 1112388
5596568 3551267
1551088 9158919
6327837 6937488
690441 8201011
2365204 7955759
8414632 7647935
3799470 3345168
4478361 3377468
8932050 2993523
2706584 5271947
513001 7980849
543406 6994738
792806 1985289
4410995 4920665
3038184 5423694
292048 5340268
2800955 5076326
2390594 9020039
2538666 6253835
3438482 742104
9734170 5566402
3647054 1903690
6138240 4495022
9502491 4594708
7258403 4939531
5426599 2026663
4092138 6333546
7865429 8117716
3166591 9637535
4525514 3878928
5651251 716748
7544069 8728631
6272072 9570844
4632044 2261487
1991547 7812413
9680257 3009202
2366431 5990349
4580144 8453613
1268157 2305450
3991236 7143512
3140454 9447980
6840647 4307642
3592739 5137753
4089583 3263876
444962 3043417
8069672 5728568
3964739 2469934
6537072 8541310
871764 3505041
2074027 8553460
7600770 4397680
2112852 2393588
9784008 8448992
7249989 3955213
4568822 1240134
9807821 8314285
6536406 2607957
8183438 5361486
1034789 626467
8920198 7435887
8741949 8995834
6213285 5782165
7658741 7613783
3907994 6878766
5168467 6562048
5602022 6014638
5911504 4813805
8032926 4070733
4719285 8317131
1281326 8957340
8958830 3564110
1869560 21093
5790565 7850173
5071320 1581817
3383003 5462511
4043394 7853449
471702 6128678
3239415 7346246
1501202 3933301
1324633 36553
7257291 38615
6477509 5516915
8158075 8774354
8804417 3094969
2705808 2575878
218000 9316777
3263811 1129257
904303 592202
4131650 3766381
3855685 9835204
7655264 9344498
309899 4682450
6759077 1983159
2935173 4830258
6158423 702410
9436418 2607595
6009298 1198702
6255113 4651031
4475186 6304314
9359119 5265384
3032443 6852069
5740671 5629939
3286702 9725395
8632050 2969004
2612311 3468084
7519861 9468186
3502548 7977828
7747667 4992603
1990974 9418066
2852838 6619477
9559362 9612782
5990694 1993170
655362 8254369
7085319 2468572
8523618 2648758
7526181 9438880
2511277 7531429
9303167 6928409
6903510 5422729
4415584 459222
2298526 7637490
7721401 4420831
922988 2547407
7934775 188177
7264203 5135147
9263614 4680495
8196981 3086951
7790859 905556
992324 4643598
293130 266754
4518223 291251
7060152 9771331
3482359 6151499
6979796 2431629
9882014 3423718
6624932 3010619
2213478 1012905
3147063 8880039
8959219 7420332
9252995 5454492
404398 9444701
6158855 8539033
7570891 5586107
4335068 6620310
2133456 2970126
8732270 9085198
4515555 3292257
7184653 6698626
1685762 5101770
6541361 878922
7778935 9320015
9905207 2024790
428596 5045421
785366 91825
9145760 156019
295040 189032
1230109 6340833
5881511 1676688
7921690 6703909
2920152 7385650
963086 4737755
6720533 2009159
2122713 3679729
3165504 2277058
497124 6463020
9298176 6443721
1558289 3940147
6554989 9381125
8802717 4574962
6607713 7069624
2577331 3155163
7524531 2610754
3343536 8328869
818397 3602875
6026048 9603561
8392654 7421735
8870669 1151081
5802811 8553006
4654735 4655008
1581796 6251093
3858822 6229693
6269044 7239396
6654865 4656752
3503281 5112232
3264741 7335773
492669 3860599
7565213 6492209
6802080 376754
6612205 1430977
9390786 9958554
2580452 5389252
9789593 7624909
9357641 5888178
2849324 4736418
1166933 7248104
7384230 503350
3818173 4113056
499618 8699739
4634871 8669894
6506790 1053947
4368658 167582
8131919 9799912
5739637 1819580
4544086 9829644
589946 3583462
2213641 9799362
2725327 834929
5224796 3947344
2620180 5752421
6199673 8612807
9221954 1435685
8303128 7007064
7611943 1738974
8922824 3464268
6800399 3851942
14296 2087887
9731220 5531592
1137597 5224785
7095965 9971143
3392454 6527676
313285 6326290
9896054 7664984
2868988 3525151
8571945 4004308
2471103 6287564
4261769 4567156
6453270 7562388
422594 6259355
306972 6822407
4294234 6320959
1099926 4292986
5174456 992539
882618 553584
9107873 3772423
367454 6757315
5372763 5257276
2881226 6548656
4084369 2955673
9018701 2781529
3085559 9178758
8348863 3606708
7205360 303294
8842702 8846899
9348213 7721070
1409504 6462475
7862557 26491
1120351 7902101
851483 4018673
8996623 8550590
5439043 4959912
3669137 8766467
8650493 857213
2636412 7820066
1376278 3183451
7764558 8203084
5937426 7692649
6613845 5875469
5217638 6924523
5059807 586718
7310034 953829
1745972 8078535
1249633 8652452
2960436 8746175
3429263 4109710
6815379 6270255
7372468 7011398
4551086 5212008
870586 3744565
4401938 7964916
9937207 7355307
3397817 7283734
7269142 9536563
6590446 2303292
7546420 175178
7724310 9715222
6282981 5407633
2042523 648251
4266661 7983877
5867232 2329243
9226748 552025
7032712 9929080
2059919 6982619
9835302 3201945
1164754 1358681
1754290 540158
122526 1632482
7553687 2255429
2239686 6734939
8885901 3894159
6649893 2707305
301850 7208822
5965828 6591538
8765659 7079821
8149911 5163026
3254822 7185391
3084832 3864089
1188607 4451586
7907930 2346911
2010817 9638954
6498400 3357306
6532026 2503228
8718917 4780998
6987533 9323171
7194438 1936225
2601545 2817052
172360 2852424
4039974 9827801
6750450 6942421
9513610 116535
2032284 1865079
289335 1961775
5063519 4600176
217583 5327835
8606790 6600986
2683695 6981017
2556995 3953615
964599 9256822
9153971 8446686
8403521 7814550
5926381 6850173
4717903 996776
2700298 8480171
7920569 4630971
1066057 1075213
368243 1914330
411473 3275971
7132991 6598434
6922207 8768538
8653624 1454241
2529333 6836240
2392479 5581677
2723639 9009574
6815937 9568554
5193080 9850295
9745057 1893874
8793885 6909619
5428419 9782161
1169734 7877197
648780 8878569
3030518 98797
8765703 2115536
931675 8278793
2576400 3669950
5696377 7960274
7627570 4162200
124374 4231144
7367443 7727956
299093 3746070
2321197 8460054
6407481 9667567
5022851 9814272
4040609 3549680
9006797 702206
3911102 6367114
4786060 2338932
7597276 4063969
4398791 4935475
1644492 6546612
4752066 1566814
8131867 5534522
2650923 6534029
3511845 6833896
2960697 1746350
9905424 159479
8605639 7769904
1103343 4276806
9572944 5649860
5227785 4993931
9541497 1569387
2237443 6953638
9222765 278401
8328540 2197541
4546341 4023903
1832077 6989491
7862007 1596933
8739214 8556431
2336935 4021329
408618 5667275
8600290 1058985
6337026 2769112
3189441 1688981
1327005 5545357
698418 4831930
3838120 7316182
2628538 336109
1228394 903660
4668910 8920436
199928 1727627
7837350 9392708
1449623 723270
9114797 9928475
1266466 4553496
9768544 5700558
1379060 9590517
2410376 7789119
641888 1269899
2910614 7885069
3849128 2816354
1718262 6590499
6556258 4331185
3461927 3530357
1069064 1915842
5792947 2860359
9095371 254977
2950454 2816835
1592296 1523313
7720158 6766051
1477416 5641824
8377089 6538540
1172955 2850185
1565352 6912201
9483861 6516135
1226329 2562330
2237855 8040981
1554013 4319101
491679 912812
9780396 1740559
1345582 9726564
1872959 2543890
8981414 172712
5738369 5793396
3728101 9992175
5860072 6858495
8240175 4572889
2719091 1117701
8577430 2339989
7776943 8451484
8167767 6175699
4616526 4591549
3363991 4517256
6224425 4091068
2935270 2320406
3604591 2347803
7118865 9348478
9355196 9644436
7787665 626462
7989285 6890254
6491943 7241479
2195443 5882320
1270796 7401378
944112 6248002
1711929 7282328
6477871 1747415
9152624 9120102
3654161 1380028
9309265 6324622
8971875 6276402
1246712 2680237
8724375 670850
9607568 8429220
1183179 4599185
2368683 2508801
6114759 3602183
8802960 4124930
9504090 6766225
5345102 1850878
6730452 8902827
1548619 601711
541152 8225706
7743170 1636380
6362936 8341856
5709693 9555239
5892259 534988
5710509 4087381
5633098 7076496
6851036 2894044
4089171 2943093
8977312 9015615
7357948 2594426
2673965 4151083
4933838 5728512
8940888 8098022
6781306 271095
3849409 8461334
1059529 8954709
8590822 4576043
8292606 7497920
3401740 953318
1644595 2521327
1888575 9328602
7550312 7791270
3116336 6792891
7669572 776847
6451204 7210148
2970459 5110424
9418779 9877800
3332834 2642413
9543896 6228080
9458860 2990537
6811362 1060550
9365330 814856
2242693 1336320
6331847 3330189
4338717 9456703
6042794 2554030
9424638 1766034
358027 9612894
5311976 6391583
2244966 8482234
6453480 8532288
7941116 7453405
6679650 982215
1067982 7642446
7003683 7907746
1575377 6954697
5481325 4241281
4010957 2732989
5054960 653007
5078141 251341
6411457 4506923
5076566 1486115
3507776 9576848
8363813 3555683
2597993 89602
2865372 1224933
2092611 7973623
6321684 8618122
7071558 9368784
5971075 700907
1331350 1089793
4821526 9970792
2576735 667674
4115285 3600477
5584961 257396
708303 5208030
5981465 5021042
974173 2660517
9835754 9192673
7745105 7194510
2798509 6448530
7563162 9050554
4363348 3326285
2305715 3750683
1411373 3006850
3104413 4529989
2221927 9991634
5077272 9297431
1459540 7615529
8942960 168160
9428038 6014291
3986088 6985203
8444843 8056829
3218481 5789822
5809444 749328
5896497 9850136
9252982 211643
2823037 983426
2477425 4172205
9902483 2426246
9104713 7748422
5269861 4467505
8168014 5191500
5314547 533263
7765098 5068437
8155026 5577195
8710228 8597306
1717522 9873192
3838196 8136279
3939241 9501191
5886264 5007545
9288774 4489948
1315759 9440830
6896844 4434661
4822334 9081714
3627392 7997024
5511547 3851556
5816230 4876668
2275690 5871179
5807389 7986419
3396862 645767
9376192 8524670
2378011 6697251
6895761 18432
4881290 4599015
8700702 4618908
9531334 4709146
705477 2180818
5142577 7862658
2214292 9880249
8875383 7817285
2239654 2343109
3727083 6841833
2842360 9304738
3811152 2780685
1089033 2311527
8871507 3436398
1259664 2010036
2224844 8248387
8638984 3426744
9476374 6166910
4488400 3419422
460288 5674673
1214224 491507
7689070 7482085
8324502 6053054
9512236 3638095
3611681 8800073
9603710 7187237
5001327 2208039
3382236 6938474
8155514 8460763
3539112 100425
784924 8987499
3861476 3345195
6323412 9443002
6542294 8095407
7263461 2040373
2258888 7441335
3525325 2064991
5297733 4277579
2889276 9974610
6131968 5133825
6190856 547539
7587163 2896525
9919190 8595883
2205796 8784071
4757443 2262462
9879488 4277630
8800657 353795
7918607 7506785
2229236 3826452
9098775 616396
4864039 8743491
6351466 728224
8941042 3906803
6490177 1482328
2124180 8958790
6461597 6281898
270855 3184375
531594 2337801
6885619 8243018
8320655 8480999
5985505 7215066
6818502 8630449
5000094 935026
3645118 6760438
1154425 4722036
88302 1627272
3687918 7764450
3223031 8548244
920972 1498172
8021213 8891618
20347 5533619
1170747 3263394
4204828 9175882
837465 1249829
3018737 4685345
1061248 619628
291179 2434316
9511035 8602788
902155 947399
1501105 9069825
7407668 6409867
9062322 3629503
4041476 5399121
8294339 3513486
4418572 5333626
7699795 6508476
4321188 828470
1757264 1493737
2592055 3389889
3753918 8680785
2926046 9266032
5711859 1659035
8396787 4626522
6093809 1103247
8449223 8516055
2304284 5415625
9543280 5673731
724151 7242372
2913839 8861748
6600054 123040
1488540 5300510
6359019 4529399
3967628 7912400
6779993 8185985
7075335 2126972
7947382 4079748
555441 4011975
69540 718462
2548516 4750543
986307 7348093
7506694 4403478
8797882 8714428
5216000 5672490
2702865 206613
3838481 9848101
1360568 4303728
2746426 6652371
5641462 2625549
3658438 6658357
8590594 2960083
4316810 6048452
195652 1739983
3791612 6886934
3627676 7471464
6497145 9417157
7078042 6321077
7307121 2591216
9339906 4222795
6320171 5188313
674175 3373760
8955329 6653711
8971673 773322
7991363 8309758
7704650 3305682
4845891 9301480
2996801 7205591
7829845 7948879
6134688 9206206
92386 4420903
6417455 1210394
2035793 2917950
2124179 9077088
4276726 7177816
5907415 3217061
5158565 4113487
2038139 9079205
8804778 1936773
819042 1898058
8268103 3652526
7294104 4206706
1840971 9874498
9579827 2757182
4706007 1663417
7483548 6059482
7777371 6986948
3596418 7478415
2580906 5000105
5736660 9871523
1567978 3431818
4032211 9770545
8739824 5228200
82936 7396281
6330265 5796518
1066747 2942580
6962259 5433188
4138808 9178722
472645 7397157
8074982 3273802
1443885 2174765
7864613 1038898
9235453 9316892
6158490 6153784
3481534 95825
4088422 645221
427540 2537239
3924787 1643659
4244656 6139069
299573 5030953
3220153 6765805
4678878 1924360
7289962 1435881
7990106 3714714
9506544 7253288
8677053 346352
6295169 9962644
5659019 8925210
1164086 5264830
4457550 8667412
4123776 4241370
6596778 4977513
6263029 6317273
3021622 7585984
5130522 1088909
8099342 9154959
6351611 8714030
1081104 7634241
4466401 9031404
6735572 2775539
4354834 5242617
578266 3978875
6567497 3801216
4712036 9801534
622104 1629481
7073674 9793098
8144296 762903
2640159 9793370
4555161 9384864
9831913 1894031
682586 2162844
5848599 4413928
5345692 2851714
3025084 3491154
3506917 4234436
5585823 3647894
3457748 4150522
1418543 6343657
3172886 340966
6015189 5014482
3527072 9591550
196095 1263377
1703605 2199097
7301181 6155098
1846145 7576308
8064659 1549728
3047567 238588
4850804 9208523
4928151 5105966
4541896 1411727
3071663 1638045
9091547 8996818
4473081 9416806
3712498 5534406
8053342 3669583
5337462 2324586
3379714 3160673
7853684 4729574
7382852 342418
3515701 548938
8623199 2459592
6434848 761989
2544600 6772233
8211865 7539394
7671686 9391412
4624462 862281
912449 4222370
2900227 7364768
9597693 8109522
6017469 1779507
9255190 2004440
8686065 8282415
6666993 5929124
9393488 1028653
1170549 753869
7369999 1548246
581299 3498035
7396344 9532384
650128 9614014
8923484 7361379
5921508 8015833
4005616 11100
2187262 511413
4275313 9110811
4171217 742070
954574 3427888
224680 8135861
7358590 3564240
2151392 2730846
8593209 1259958
3384887 3828263
1754867 4722537
4520677 3198118
8936689 7594100
7752732 3641855
9860733 1030404
8569377 166539
7065385 9188625
8639833 1610350
1692833 7258481
5211968 8259193
3827530 4828417
4431777 9510523
8168225 876533
4533008 2383724
57436 8224519
931860 2176232
1050335 6391091
5732560 3348243
8746892 4196219
4703631 5743778
6359796 7034344
1874700 2964955
2800466 3812123
1693508 7223324
8854090 2106583
2913515 8007461
7596613 498426
5557751 2821064
1661259 5173468
6840039 7884987
3390712 2803271
6038563 2672943
8076982 7782656
6667240 7202720
4285714 5153899
6423717 1668111
7814471 8697743
324513 261380
7883929 3134733
2294951 7986713
9277698 2953056
6769567 458340
3564689 3134503
4500061 2208333
8438462 4777107
4740998 1999676
3681451 1103194
8809794 8142881
2833912 3990220
4802082 497883
9030742 4493425
9999795 7248521
3880286 332140
4879356 7645780
4311467 2572841
5609787 8820998
1051401 9068443
696831 5341655
3436647 4683673
6285 5736997
9290565 3461998
9693508 1662333
663685 5770485
9112957 1709611
1666115 5255966
3403943 3061620
7578327 664358
9574012 3777640
4213203 7292163
9294985 180905
6616943 4896666
8252118 2764977
3522463 5450079
5874382 1810479
6246177 516087
2652979 9178996
3034974 7814067
1685487 5412335
9820527 6322544
9285735 773696
9849117 1540248
7005966 6028064
5692499 9515110
8345143 9774010
6393488 210831
2511761 435662
4908476 7003625
5819915 1112119
8320412 8399852
4440696 428655
9385356 2136235
1091511 8653819
5193546 6043659
9403342 4732559
7936112 9329935
978203 6477620
5483460 7400347
6307941 1999348
8555606 3926687
104624 7586297
678995 492830
1773715 1596578
5410510 2100242
8924640 5679783
3948762 8745995
2912289 2028568
6260882 6211012
8768707 6430515
8167542 3843613
4893665 6544619
2569929 332849
5543304 9795089
8033512 7005992
2456544 3197000
5540763 184385
5210197 3544463
6942650 3511810
7283133 5370562
2626216 6488939
3700247 2773099
9098521 8180111
5581419 5420774
3451225 5914888
7105218 9288343
786302 8484048
6194944 9870338
9329931 736548
4796491 4289945
6906524 5072134
5077694 4206645
1313632 7076089
1914004 7045091
3384876 6403017
6318237 1101639
695173 4889479
6716407 3508163
2350300 6849164
8481190 6518215
8312327 3561089
7691877 2797839
1350863 9662924
1528162 4903977
88603 5076549
2690809 6497
9712297 5189068
481042 3752605
8345166 8809838
9058025 3751112
4154584 5892862
3093650 2683687
6289699 5441735
7891598 6034271
1638467 4881551
7731324 466048
5293197 1616282
1465621 8060556
5926859 2364476
620051 2989771
3887978 4426049
4372269 6679892
6862377 4336901
9567722 6914073
2679860 6662899
3293426 1524357
7131921 2552684
3547429 8682307
3250410 8709931
3716984 6031826
5101249 1772390
7183282 4292564
9491408 5356413
5536971 7327230
318877 7706730
9590071 8016826
6779127 9014238
982205 9789998
2164159 5642399
4343557 1032158
7215932 385950
4987141 7820737
9902074 2914173
6635565 6828937
5818096 7864195
7170332 8339629
1135254 711122
7424117 7428252
2794196 9156760
9490973 8214761
2141791 6297853
7307534 7185117
8179123 1984005
181152 9977682
8607758 8170937
7336260 4489648
6207944 348675
6600249 5622586
7578204 5181495
4628459 3108817
7385681 4952094
8894279 7461184
432747 400283
4585643 6987349
4088012 7126321
9412115 6110231
6407764 6672329
1032301 2687091
1727160 2457782
8057021 6808784
9349359 8147679
7124771 589414
1309053 9846708
1060269 186614
7250692 7836078
8320324 250768
6069598 785659
3958153 4806255
9449527 7358400
6069499 6104095
8641734 8803917
140129 7928019
4677102 5048260
5288040 2574398
9905474 1309030
900653 2532914
7304290 1837639
4504967 2948636
2449520 9786087
7573553 5082989
4812617 2230017
1414939 3931017
3030545 3143723
3726590 7633551
2511760 6010373
3856197 9111031
1299417 6723438
9678112 3509771
7225529 1744651
4568111 2028080
5629443 2042385
9903177 8457523
9430470 5284630
1361447 6345952
7761043 5270716
4504343 7125818
1993683 6532878
5349942 5026395
3076458 5657249
4413878 5201650
6779946 6830600
9398092 2188000
8815384 881650
3073834 3522537
3933311 2891801
530594 6640375
2672651 2329570
6600569 8837150
9734818 7285762
4114059 7984242
1964545 6314457
630713 6836877
2845656 6721721
5862536 3981632
4686188 7857052
5604285 7316562
5512827 8263956
5303531 8698075
1611036 8833801
2198470 9695555
2038837 2870984
7674815 2998002
9327366 2267788
8519419 2242514
9704126 3583418
1276165 2981870
5258652 6306772
5448712 8197765
1652921 6576795
5050667 1272799
9014648 3011083
9123217 8280784
5390744 1709488
8103726 7939387
7829680 7860427
17311 2671998
1612434 2735718
4158831 272556
8048505 2086148
8640356 4506730
1589886 6860609
702387 2631165
1353881 2645450
6073080 3110066
499535 4354760
1949961 4892224
5560426 7791923
4987202 1055099
5275406 4435063
8346725 3408590
5406671 7082515
7043603 6756355
6237656 7586086
4357638 2397825
2292860 4933773
8257704 6277329
1096242 6007998
8868697 8469606
6162716 4264780
9216813 6689691
4928520 5279285
8733786 5172644
9996283 7223796
6341749 3608948
7619095 4930799
5400784 9674501
3008795 5621576
4480158 9586579
4409561 4601630
5145307 9365389
5075918 4834606
4346372 5167697
422962 2207326
5854176 3152118
496625 8410893
3964327 8464721
1718406 1886897
8891515 2592560
3492141 5345432
9919191 4779269
5940788 9506280
2857562 815748
2612947 1242727
8478390 3022785
3675235 9248514
2957607 3337133
5852764 8176688
8295167 5107203
1539440 9957590
3133411 4367336
3645555 1136715
7636774 4842897
174873 4645621
7937308 7136150
5003256 1067049
9329408 6426203
5170101 115118
2511364 6884633
5707117 3442796
2956011 4510062
8578878 5970008
7605543 1181002
6345598 6956451
1493859 8297766
530612 946886
7704507 5415848
802754 1818563
1351731 998731
5903840 8912118
8201120 8613017
334217 4127407
7571991 3347022
415169 2239549
1481347 6494966
8532814 3875074
1596051 6601938
5927172 2613717
154784 1838790
662651 5680208
1117248 9226292
6477428 8319358
7718317 9328662
3909557 6982774
4013906 5393107
8145885 7628478
1720520 7343292
9943659 1213677
2957959 3822733
2761241 308768
6555264 7290500
8577070 9026201
6996928 9634645
7747117 7857562
4605334 3908731
5207372 9424969
3270973 7347756
2819783 757194
4028157 6223457
1419726 3111972
6531419 454754
7153777 219195
86234 7948329
9369640 7919684
9592378 7341711
1836856 9077763
6163059 4173887
5738052 2578792
1917291 8981398
5345614 8283306
5454696 5085006
6083427 5104252
4145222 1992689
5851650 8113909
1605416 1277453
5627058 8128080
4657277 9760070
6648661 8565477
6831406 5955131
8427061 7130037
1328366 2651867
1079277 7907777
9469436 2018621
8403414 9755360
5034914 3236123
4880024 3397381
1804913 2576682
840922 7037631
6597250 2055670
3210905 1784660
7393535 6782651
5104229 2652214
9402289 8099810
1343999 9934172
3464811 7242547
2531850 7895538
8978786 798329
1151101 4987348
603225 3547575
743526 2873197
1674312 4295510
6628121 7935648
5690811 7768530
8348012 2028440
7430365 7859299
8525927 6360545
1565179 6029625
7107042 5296332
8231445 944733
6311526 4325247
1043150 690476
1024609 5366801
1523930 2013141
6235051 3930798
6423244 5123711
2989985 1579912
4048655 9319866
8864615 2614596
9065649 7187637
1807685 1330690
2472909 3272896
9860946 5957481
3303922 8415205
9074620 7656055
9044617 7695423
283499 8096598
4038993 4482802
4935943 1535817
7117415 5750772
1760246 5903843
4609818 1992874
3524874 9412064
5328164 7074765
1825828 1684170
5844706 2089585
7785889 9707110
3835098 7730776
8246813 5652332
8669478 4636179
6876768 1529021
7428079 3737166
3152541 6390639
7227200 7159433
3287003 900386
6383319 9819547
388143 3133665
4720885 6110780
2648725 4454284
9744642 7460757
5711806 5927415
523766 9098422
3529383 5633647
9895102 4533817
4035948 3059604
5172903 3269805
7009748 4041268
3844020 2477646
2751214 9616748
7901920 5724627
9917639 4264402
625626 834000
9919295 2048816
4824203 8727910
1060215 3373306
3798181 7869748
4968490 1569840
3625657 6425769
8622014 5623146
9216099 924822
9892054 91852
4842241 1482222
8985798 2407276
3116670 4172429
8698693 9402225
3541094 6315102
2119043 442517
4120466 6266610
4581067 1287441
5809987 5719676
4184956 6735160
218970 1941654
4862770 7630559
984558 2199019
6334516 2688589
6355002 4573605
4885705 4880965
3882935 1226415
2766978 4392941
6274924 4359035
9797626 3192499
876568 2122061
3368859 6050123
2105419 2324717
102172 4210426
4730570 6383572
5232 9373442
148490 8617083
3779625 1740169
3113851 7497927
5065618 4072802
579061 3945234
1075047 6925567
1505639 5946673
8188355 5330711
5056960 4364952
2819991 4636030
4781752 6723447
7880421 135004
8236821 3137754
1311101 7735005
5698621 9229942
4045276 5981840
8268402 9437145
8759109 7201702
3483389 7993784
4977251 2304085
3051578 4154896
6423602 2838210
7991478 3310528
6100977 876687
3703695 2743423
1777592 923295
6980608 2056792
179832 7830151
4886328 8237718
2578954 8913789
4948318 3156618
6642556 9000759
7735718 1355742
7879379 2314503
8700574 4083423
5288695 2370845
2633078 7653217
8735783 4979483
1096865 487280
8834004 4797085
6455794 429771
5977785 5174137
6321157 5756993
8212568 9233124
5388250 5587064
3488625 1975120
2963461 8356030
3863157 2923443
8530696 2363207
492670 321026
2498639 5853261
2746839 543918
1306358 904004
6051607 9012091
8191529 3732433
4576446 7872279
2428463 1073396
121345 3691995
3202959 638383
8376610 9423673
9013031 26004
9314524 1628724
9096540 11551
9433264 1474067
865854 3424157
9938714 757748
846289 4635244
3172252 828569
3151067 5641019
7473648 9990706
5660486 9889289
8526658 7764733
4014138 5746779
1942132 5989893
9001885 7182518
3636144 7359659
6637268 5862820
2934267 107806
5812876 501901
1571554 3460234
8609636 4234776
3421800 2536607
1354615 8833714
4393913 6953426
3326324 2122977
2976632 2133024
5244592 379344
3384685 3592016
906135 441626
1219478 6549478
4739914 2486092
5049325 2086568
6133465 6023040
3111608 1209541
9039257 3815623
4510188 2983964
3906758 5634395
9728239 7183121
733741 6762038
766120 3140686
3303036 9000771
5709793 8441989
977066 553696
8771320 8821678
7341707 3701865
8665929 6755596
582893 5941243
2153631 7742182
6428257 2630371
2700503 1716826
5147872 5073502
3810197 7900212
5702354 9879494
1088197 6846882
122404 4967077
2003665 1840551
9532244 5254370
595540 9733815
630043 4905200
4146348 2631780
1207218 1384449
6941100 7951452
8480036 6504217
5157093 4145477
8790229 7463261
6186586 4369622
678373 2817831
8031578 5383876
399327 2979430
6220995 1430619
8605464 9938515
5776080 6644879
8076814 4258498
5562250 642978
4543734 5252541
4822539 3745402
9559874 6530105
4941660 5941455
515178 6967539
9213660 1748745
9620929 680677
4474667 3748201
2598359 298674
9258242 2192769
5322321 8804622
5119849 5842053
4675916 5790264
6201443 4174654
5748688 4396616
21528 6501147
5677904 3877943
4002859 3181035
8991910 5044692
6832342 6156847
6415958 9021749
4252131 7748853
1645967 2126653
592023 5443228
9824293 9679970
7146339 7191072
2328278 2246357
3947281 1718431
7518602 1422819
1846436 9928687
4050348 3767764
6131594 2089495
1385576 997630
6785923 2058654
8663127 7081593
1105028 722652
358715 3508232
9877735 8909673
3020001 4994088
8413055 3971444
8749031 4354003
8519287 3727278
4771110 1551425
7171463 2522230
3534571 8791459
1075412 2437182
9661993 7103805
7336604 8718111
9700171 2698620
5913785 6732540
6082336 6548183
7722409 8092932
3118720 9406535
4113178 6253425
4317992 834096
4358673 2165434
687339 3283538
3445777 7722966
8391510 4987793
3788668 2456578
3047383 1277204
7630083 7090120
3663783 7026643
2517430 955073
5060152 4541181
2021977 1952373
4843252 7353556
9145832 7641482
978337 2682230
8749917 9100393
117608 1700838
2278813 5178468
5243142 4152392
7263709 9388215
3718513 8006603
383395 3693211
9304150 3464318
3173841 9827467
264142 4211174
9598350 5789796
9212214 2504090
6120821 6763127
9752376 2066759
3796364 1268820
7617409 2467650
4512966 9757480
5790604 3138533
2029128 7895844
8301466 8253591
2467318 1521251
7034989 4038294
2567942 2815825
1877543 3276923
6446645 6391812
8413910 7627417
6544015 5315718
9658071 7281811
4000992 8423332
503080 7493557
5098599 5939863
8680012 8343818
8439920 8689405
4480333 1017937
4035282 7856198
7329869 1553047
9359760 6263015
51087 5390183
8962991 6527258
4538610 409790
1933825 2425155
5199653 1961704
765819 8107241
8560260 902366
410534 6565132
300659 6952263
7238255 1697902
9579703 9030350
9343162 3538425
1208290 4958342
949944 4263276
8186115 7067564
2003421 5141403
3023902 7167949
1484948 3469023
4373631 5199623
7354433 3479816
6993931 7776643
4979486 5006673
4937502 133465
3024150 3030636
1303991 7907618
4945351 6315497
8321740 5065544
4594053 5975816
1956275 6146966
2917148 621782
258316 8063429
7043214 630775
717985 2996956
1236808 8210264
7399410 5853305
7186509 2152025
8721789 8272076
3416903 1870707
2618125 2102789
4068016 5120591
7949422 2074269
9045741 2228591
2994662 3854553
2143201 7353574
7115607 3315889
5336080 8315965
7162566 1857727
8998677 6858085
2825817 5221751
9564808 3328260
1264662 1481402
7338114 9471989
7209156 8302074
4356572 5295791
5639008 545627
4713882 8439421
2724422 8499708
3451268 2209434
416511 7324029
9545407 5313061
8044352 3931440
5492893 5751318
6266879 4966527
972373 6137296
112503 3311404
8949399 3826360
356140 5813722
5450138 7684480
1671922 7834896
7435427 3506486
6529258 7705801
4870825 5716164
888355 4521975
4637210 2207867
6145494 9120220
7495944 491784
2251817 1366656
506934 2301226
865791 140162
8393908 4800080
8949056 8221678
306257 6145339
2114853 501013
6079123 4632049
2974664 2346394
962425 3604013
6027131 3676767
277030 8012422
9678978 87712
4869657 2786618
9637616 9247018
5346001 2878660
3867222 3212319
7042951 5024525
1146152 7759337
691578 8591902
1914897 6756323
7209736 8747988
6899304 7527040
1996352 1135811
6453499 4955658
7557538 1535711
9191608 7845073
4316668 1714344
4415151 4645583
1295584 9517725
6621789 6733950
1746165 7036156
2201921 2699444
3314138 1533719
8407798 4452401
1234934 7816775
6421869 91731
9692873 8528247
4167308 2127344
7032492 1787047
6430728 2116652
6320183 7878316
9983520 1352184
1147715 8655390
9471293 7919611
6483625 1807864
1189786 4563836
8444522 3345022
1822426 1737704
4194872 6029123
3769095 8336401
8354425 8777873
6947610 5001320
4487106 4798112
7938270 891914
8953969 4370656
4763559 5526821
4643760 5703825
6816948 7539936
2906532 6747400
5844845 7439582
4995260 8201842
3811289 8472023
301741 256211
8577626 4025188
950128 6944481
9785538 767521
3605412 5514084
4004074 7025643
2332986 2077266
7576455 6503317
6297019 9069598
9690099 8246684
6665417 7481600
5493612 854371
4916782 2549993
300633 9694089
9031499 2914255
106113 2454965
5382801 7196612
8549785 8274611
8213793 9242300
4631515 7786971
5048645 2033409
5282492 7799508
1494088 4913278
2810372 6634749
8487937 6639180
1841822 3281955
2638265 1299064
5072505 4597266
4083673 9453178
4467403 5532192
2727231 3222407
4128708 9593920
4725058 4371528
9250964 7021484
6720608 9161168
8071626 130643
9656050 5994246
1441947 2063318
3638223 1445409
5433178 7864308
8389490 9835724
5639330 347017
1118191 412576
6493099 5164295
8763272 7899836
7372727 8523937
166943 1612214
1575864 2401455
8243087 5210239
6531778 3376923
9824896 5865051
2914085 5328576
6121702 8234590
5418561 4738452
5578273 634815
2363816 2119367
8762142 8125331
4320637 6590997
3529286 4783315
6599681 4339123
6512660 34353
1997362 4277794
7744772 6130913
7386676 4026543
744555 7565349
8863843 5461437
5133589 2149534
4608890 1982742
6267179 6664146
597938 7441349
4964351 1199944
1785408 7199946
3312161 2208493
2453279 976850
2281383 8733909
8704104 7573572
3649697 6827209
1002750 4528411
6743795 4280190
5427289 9327149
6818208 7804618
3444850 7002632
6903393 1536249
760278 4229379
9788348 9190504
2995312 8856708
6622406 9649706
5393119 6871726
6646646 9830639
8260945 4704059
8114327 5949454
6940641 1083346
6846411 2243409
852139 5348487
3386942 9741151
7812122 280
7371954 1341265
8570256 1121928
1638656 9750972
6742365 1795036
1145818 2170741
4109231 4817779
3409190 4569953
2984887 9589881
5769580 4079638
3384623 160289
3004960 3142793
2173664 1860099
2513856 1290105
3010397 5877264
8299502 3604322
4180587 849689
6876629 9906633
4902234 8747621
1289069 2241146
3091492 7094172
694803 1027152
358281 2303022
2351804 4210865
4450068 5372686
4892037 317078
5824769 5620096
8093342 9700414
6227853 2187722
6913555 2216513
3499519 9074570
7882343 2939820
759064 8108563
8444432 6805394
1157416 746871
4520415 5483590
8880531 2614414
3329745 4570557
541677 573194
1134205 412954
2721918 3639102
8242647 1724768
7796557 5664177
2769526 402920
5482596 710070
8420691 7094131
3026619 299685
4746502 8997625
3201978 4685198
5617963 4857444
6466011 2085536
8840903 435627
2542942 8921019
1820187 3789636
1559800 7593214
2994770 1053127
9675577 7420330
4043587 2059492
7235529 7136539
6995148 6210380
5658294 4288106
2659782 8878351
4897760 2507684
1541069 7179887
914461 3614470
7910063 7635567
9459275 7142796
9048547 3662691
1115996 4272915
8436561 1890931
6226259 8747582
6386476 4761117
4900380 658443
3403280 2515553
9082509 2487022
2638069 4504691
4940772 2115235
5704453 614177
2845903 3117371
6824799 3937568
4760433 4115664
9428614 69345
9127870 238393
5535704 8260895
1691396 444039
1249381 2348510
5542824 3387546
9142297 7164839
696719 8314480
5220301 5545792
9834895 6354686
3821802 796284
6030377 7272676
8551907 6379893
4692611 4332806
4764579 7128641
8447771 2027568
3917902 9449811
859751 159855
3776998 2126505
1876654 2352686
4465654 8315677
8741889 5493315
106084 8275243
8484979 1153945
4257174 8216363
6073884 6223088
9453244 5792207
8543802 4889347
8571917 4799853
3617035 7230281
8387280 7628739
6886777 3138949
4962324 7870107
9491398 5955938
6750354 7192452
5774550 1711402
7341540 3867885
1262349 6551140
9676500 5784104
7328740 2501301
6982215 1496329
8796302 7243287
411163 5295235
2773418 911913
9307061 4082215
203557 7209007
2338294 3163848
2211756 8306438
9662070 2843785
4531479 8894840
415233 3363984
588291 7620347
5230817 9882782
280926 4963279
1458635 6616087
9299218 9527687
7782751 2344716
8746501 5340819
5387285 9636948
8506159 6205127
6772253 7428743
9590226 29837
3251408 5884425
199868 8867902
6267392 1537486
5381713 3346329
6380539 8668449
9403299 6093276
6508725 5926370
5208443 3787866
7177787 285398
5958412 4498919
4232691 3147070
1576163 4454061
9817764 4583352
4702114 9267330
5495319 4656907
4912297 7769358
9681215 8418868
8550784 3481920
7274684 3612823
5013991 6388889
3782803 481404
3054113 5979516
7219147 2972708
5573617 8395462
3324702 5731882
5333680 8978812
9773490 9210464
2510236 2867791
9171148 9521281
7340839 3180483
5107819 2371505
6291562 1976475
1171007 9126877
9290378 7316971
9968665 5484304
436898 8800508
2185119 3751006
7414766 1332516
5341410 9936867
6719870 2563033
4596252 5773818
4342764 9765889
1034670 3516896
2087590 9980270
4112472 3376049
160629 972807
1300366 2967824
5069018 2829012
7936143 2898102
6550271 6984650
6039688 115850
2468818 8610816
6400384 8581631
7365610 7241029
3456951 9656389
7262578 21779
2070172 6785851
5545509 2209304
3578978 2222310
2336859 789887
9755546 7192529
3801605 5563655
6607839 722812
6362002 4054237
1143946 6108688
7231948 5357272
4502818 3133422
4278287 7262231
6185344 674159
5191690 1320160
5623140 7355125
4489297 6867559
9946954 692882
9304878 3512236
7817230 2380087
6000583 101361
6543179 4148765
9196337 2996334
6128867 518673
8721159 1590168
8018041 2320140
1213748 7943202
7939099 1563330
1947855 8911538
6238968 5489253
9217036 6502335
7250554 9920974
5529201 2293875
3920495 1888160
2407667 3193084
8808681 3360914
258323 2010515
3772458 4617847
6412386 6999817
2682790 1537384
3073789 128240
399913 6758446
6810915 1947750
4560630 3224880
4479195 6548912
4024905 4331223
8978695 3233133
3290274 7021496
1146740 484224
3409550 4907926
9331345 5891783
546751 8131166
6787482 1748507
1996735 6091838
576652 2406667
8518455 7768172
2451420 226234
9761583 1597857
6309839 4319346
624230 9042607
9888325 2963446
2637170 3352288
3206627 294549
422770 8815771
4443902 9597731
2510828 1621679
2410445 7904897
1279121 4439382
8884881 1503895
166295 1947356
6967390 5861108
1441349 2224853
2779711 7599471
6735576 7635017
7313009 9084295
6985454 5835474
3198946 4815016
5303505 9799566
3982335 3403994
9247931 2982283
5608192 6664878
154103 1530739
6533585 679957
9261645 2017681
8640295 5854611
1578086 8112938
4509566 6188122
4518568 5272576
8361322 4488690
9968104 5878075
8493275 7978690
8368996 8107109
3211548 380852
6076882 7103904
7095957 2641228
2931461 2744621
2499705 6887487
549447 1102621
6888870 2744993
8545069 7644289
10988 7479782
8878899 3537772
2554118 2415652
17319 2245746
321195 8910759
845949 7044874
6637452 628854
6463442 4218078
5601253 3415033
9290799 8704396
4692417 1774057
4729490 5725243
9011469 2482189
817152 3680877
176841 5311097
4309921 2107652
573282 5249234
3912007 1466480
1125166 947581
1756965 1797330
2523135 5693795
262534 3418132
8534 2044955
7170182 9252736
8463964 2776226
5385065 2231543
6603923 3914315
5895640 2680161
2753316 5811181
7138281 3164176
5119065 6310673
4255128 7039117
307574 3925881
2087549 1960959
682706 403973
7929847 1208674
7490960 3191893
5300859 4559966
7995148 8760512
458514 7662184
199801 7687834
1447443 824220
6143354 3234662
2294448 8503982
9961187 9540397
8182849 5417995
3800228 7197266
5118371 7027647
1490096 2046318
3388796 1183167
7993817 2685906
6219548 4926435
1216835 6888161
7034273 938599
5065218 3390853
4572667 4582546
653608 2168675
6460608 3022318
9072662 6675428
981171 4873485
9682300 5912671
9029545 5826541
8506429 991469
7068789 2045549
8106180 5826367
3728639 7650003
9043362 9835739
4003122 6356273
942651 3411534
5414696 9881465
6875254 6540246
9175610 6057854
3132049 8976872
3764113 3348246
1798969 4592644
3548540 3032883
4510219 2272807
6487746 6678717
4649139 7195928
6561075 6377153
4069511 1746330
843276 4121248
4651595 5082614
1906771 9620415
2566203 1568617
8330608 928238
3032134 9008726
9707745 8391958
4220379 4907508
8791545 7096399
8019695 3154015
9841720 6187703
4463699 4209126
6164988 2333110
4218705 2377462
8838145 4751907
8527404 3860659
9943601 4511248
5156264 2150768
5422691 2168435
1771835 3859213
4257550 6912020
9495556 1223100
795432 8376384
9262625 7608492
5084308 9969284
1340773 3655915
6016728 4992862
7838624 665832
7934635 1580450
4967621 784672
9081084 3496424
1442097 1635545
1319546 352001
3850270 3476704
9624575 3419111
4930397 691658
5231983 3957880
7358115 8599670
4437365 6669280
613814 9635611
7196810 2089937
7655435 6697920
2929445 498688
1910266 8284211
2659958 1202095
9706094 7349944
7474523 2840771
240797 3131656
3742389 9962311
7542464 7315893
5052217 3148631
5436020 3291521
9904103 217235
811896 793546
7671493 8288921
1590082 4748822
7484701 6689368
2901013 8689946
8941553 3571361
849260 6499038
5430300 551508
8675333 2393729
1110458 6927391
8431653 2557500
2959566 804929
8074863 6695191
1779821 5782674
7438393 8011172
5085112 1006915
5117081 7599647
4555931 2308228
2699276 6443235
426215 7832888
4983763 5160317
8361153 2426516
2216514 6027764
7282746 369108
9108461 5830504
3290762 5378822
450019 8011222
5140645 6589047
191907 2729905
8842170 8402117
8415534 7684359
2374055 1234721
7632457 8556563
7887952 641691
5745085 7741164
1349642 5926855
7624275 310700
2869775 4078900
8114931 8458233
839986 4827096
5478439 3389385
4563973 1618994
2164811 2693236
8671553 167342
5865086 3488348
535974 8792823
5733001 7011534
7427654 6557134
1053482 6373429
4336697 3094347
6228998 6211439
472403 1508028
1538890 4806331
1866060 7582158
7618745 9742744
2214989 5232523
1769777 3616761
3398085 6489916
3430220 1244560
5816853 8714636
4979593 1837973
5614995 998015
6186413 5872714
5684178 3807853
4488619 9450679
1283571 4521149
4580095 558519
9182244 8554405
2582280 7711283
9446543 4910857
1378326 4008227
4795554 2724732
8157640 51440
3866381 3611078
1284532 4991569
6851156 7078601
3109916 5441848
3995195 6641186
7729625 776919
2717602 8934685
5623502 8147608
5138362 8435899
7071438 9996047
5769241 6708683
3467124 3330125
5114848 8383876
9199093 10186
6769298 7210796
2156765 3815103
9288875 8459621
6376724 9747483
1102328 9134415
2300942 1796111
2861292 2207743
8288589 1049777
9060836 2337096
7592100 4924296
9574381 5879733
1659598 5940369
9031145 1461548
1703526 8479426
9979729 5281129
6821038 5947028
8956565 3854305
9392607 1861290
7272601 685738
647769 8414152
147772 1134612
4338928 8061729
8588976 3263834
7955618 8935841
9120988 2709695
2686577 6728435
9206771 9742727
7851590 1914951
6073191 2743843
5399124 8288780
129242 5640434
5010513 7336662
7499885 4240067
5656787 6952121
2774119 2344773
8093960 8937265
8331518 1076653
8005907 6101286
3449669 525022
3934658 6123318
3554733 185120
683860 2758625
6199306 2609260
6274443 1024356
878367 9124867
231552 3625046
9794987 4774865
9026524 5602430
9047067 9900752
3853984 8143913
3698497 3862193
8756652 4679272
9716168 2399546
1278981 523273
3212683 3952077
8097355 1292010
4056602 293886
9664142 8756316
6547849 7709162
6665550 8363817
5560889 8302209
1759042 6135742
7451352 5568844
8002371 2228697
7732687 7226945
626170 7525660
2574182 3637542
1003651 1972272
5823757 4904528
346646 3138604
1119987 8646669
9493859 8274578
8867875 3959889
8724866 9063327
1887643 6362392
7740395 4221901
8712410 2487239
7481121 9723681
3862090 4133630
4131332 1526060
5439502 4985866
9350695 349697
5235128 8901918
7470006 2512173
2421780 222043
1854527 2183107
6921781 3606254
8349847 7602049
6170130 5088789
6116452 6414462
1432208 8722407
5091657 80079
5275282 5285388
4388262 9364905
9546372 8962091
5498510 3700309
4690268 4119687
6275192 1800620
3891883 8652375
128703 5311523
7252159 4284548
1006267 2173690
400776 2359674
1161306 7162429
1109042 1235130
6858542 1271393
178113 9795863
8066531 5918062
7932794 5572212
2955109 7037191
8602550 8056663
4828206 3987551
7602028 1637054
7651768 4194486
9904442 2721323
5711522 2182552
8377625 6540606
2861388 1544538
433543 3540476
9674524 4720693
3689532 5296697
275959 6132953
7899719 4483378
7644535 1251806
7638779 4752538
4038160 4739350
1277540 2837174
4188346 8108048
2141179 8245370
995520 9769894
4980911 1113801
5149958 1282068
8410183 5534035
1246049 7442765
5727103 2250670
4899892 8411250
9631537 5619853
3044426 4229768
7782448 770286
6017105 230542
621337 1046658
7429265 3368132
7492990 6574558
6764372 36560
4336275 125049
4830962 3277624
1747521 2904647
1917058 2911974
1382672 7703477
5023598 2113414
3019964 2300784
5256158 4738932
4805025 8419013
2524717 4705561
7015203 7375729
1079270 3614197
8642252 832343
6961674 7679612
4547548 7352529
3691250 2640101
548445 1393003
1593336 9408500
8982676 4189628
4966997 5053914
2781370 6230571
2625459 2263415
8377682 8162781
4344086 9967199
9072521 8398999
383366 7131710
3517366 7606716
7423052 55593
8623154 4380043
4381586 6959397
4711086 95657
2940558 6980802
6782186 6281926
9016227 5765466
6595445 4505920
3538313 5230204
7162285 9512371
2110754 772504
7933294 743712
2980858 2440703
624237 368700
804718 7526441
417233 7881335
418510 1084788
3601285 5303873
7440678 8409284
4311345 3824873
4986040 7637217
2596179 208186
8684603 1039790
3114304 7360703
7123224 587628
9855248 5733053
9224967 4338720
8221860 3761763
6141600 687179
9229297 1068599
4603125 3921011
7583797 6665021
9539270 3020616
1099822 1517081
4452975 3355170
9625666 6150331
4831433 6654446
906216 641529
9840991 4843624
1092162 6125121
6953824 3824846
4577911 7791995
8934487 2606996
2594685 5528596
6127660 3650672
9716726 699372
4530958 9218099
6182761 2034878
1335237 3649187
781320 5650463
8741375 3716312
1051015 8263209
9643752 2934260
9072787 5351538
5725217 7473595
6002741 3322689
7968336 5972452
3892113 4054115
8294305 1314714
8269244 9385176
3809484 5262601
8683949 5385328
1550391 5168955
6978976 1686094
3548146 2664085
6137694 3145769
964150 9145343
5308090 8525518
7674717 3608360
935920 3489173
1112536 6761082
8050439 7182667
6897438 3514443
4877105 3980963
6681264 2694597
538444 2119581
6245271 5436398
1362747 9508202
3414075 2849855
5517653 3201733
8992517 376355
4434714 1886635
8572151 8849435
8645202 3075656
8195055 7114397
3405658 7739278
1289087 5817735
9590009 6793051
5671279 3784740
7151181 1128923
2456533 4358744
2912285 7204326
4584223 4236831
8222986 3910336
4639821 783777
6447216 7537451
1912051 7035862
8793093 6421980
464521 8401532
124657 4403075
6068705 2789766
6573967 5658487
4421614 7300089
7932604 9866151
2315708 259707
5994355 8425903
9056930 2941097
8143970 8635305
3097039 427553
1207476 9037342
5267208 7238729
3050979 7453755
2525898 9036179
2256200 535165
2335603 7376664
8233401 7491520
3629349 3461880
7960577 4158110
5589181 2322309
4958912 9030747
8453808 9979610
5005573 3786363
3526291 1611777
460070 8008320
8780993 2368957
7118092 8670464
6443663 36563
7511691 6659576
8336987 4772492
6205740 337683
3794441 3161074
4092293 1933569
4011621 4716342
3474324 2458099
9687844 2469504
2688230 8802169
8166764 4282115
4208323 6088582
6805902 6918231
1762734 9035190
1800904 8033462
9507665 3258434
7156716 7232058
7490181 7979990
5191522 158566
9878754 8430205
8958500 9516832
2393848 4819511
4843860 2592720
9226060 9903902
7374903 6617202
9115128 698242
8423058 1831897
4670593 7119133
4268986 8015
9710916 4832706
1465846 3556240
4826047 4219981
9557459 6863649
6959630 3874032
5360662 2627056
1466220 794379
2217115 8366363
9007583 910795
3173104 5587188
7213247 5380796
9585206 2531664
3413099 6231779
8096645 125726
5440429 8037872
2635235 5184689
1045914 5449574
1591945 8760977
3331058 2122696
8915503 7804493
5260600 3336078
2431117 7014133
5738186 1263712
6857158 7863045
8471466 4893759
977581 8279612
3644387 8237543
8335291 5810896
743652 8466807
9502554 8619546
879168 7346534
5781496 1072782
4270260 3413574
9061789 7193582
5059656 3502116
239932 8840151
8336003 5933386
5600544 6089153
4880263 7749847
3607286 583634
8686920 7685911
9576528 7671464
579071 173755
2586781 1881193
7329306 4457541
7096215 4316531
2054065 1575983
5636447 7303521
5285338 121010
2229497 6671088
9256659 8441490
6183931 4394295
8065542 6420179
3500065 4267548
801169 1652820
156555 820332
8495897 8205896
1160778 9994084
380595 8659602
9990742 3426831
2063360 5700128
6705593 8322067
5195744 8177979
6015745 5209815
3110885 3664302
9965453 3217008
8453184 3419466
9834068 1349411
6530754 2458084
6590195 5883943
8654999 1178785
1609886 2100573
7804962 1812592
9862285 5237499
9142587 5762615
4955839 5106761
8713998 2113403
3502505 7722420
1053646 6001531
5685332 3429374
1648216 5218400
2095319 7488257
4068867 828915
757666 6480460
2272689 9414951
909096 1383295
3770250 3134675
4887810 5419385
6119670 1061491
6424075 7309647
2230510 9175951
329441 2381238
7412998 1942583
2960920 5670047
5223583 8209862
8080526 4008234
9232267 5152963
8787946 8178948
413007 8573011
6051439 7188176
4251013 5224834
1843465 830479
3620507 3441129
8091879 9628127
8400275 7385595
8200944 482096
4498968 8129848
877099 4864898
2365736 7444339
4978113 8765755
6860624 7941858
4271029 3772750
9635979 5374223
2674422 292739
3918587 3133524
5496427 7951815
4120184 9737918
3956258 3256739
700397 8175817
9318149 1552528
2759966 9492961
3807460 2474977
4892166 9329262
7345201 2391315
4557972 4890640
5265620 3571884
4331141 3019314
7808009 7090247
3483857 226675
1666455 7995582
1588122 2248733
3549869 280242
2371599 8947089
9796038 982680
4887657 9184964
1061260 6556478
551047 4193022
7733931 1109102
834796 6768466
2565623 2517383
9816946 2706034
892476 4311984
979570 276513
2848129 2012893
25522 2661393
7306883 3509831
3484305 8606407
9948945 9378845
6255195 9570005
6460176 5109572
7905664 6937260
3267240 4475382
649247 5525278
7696653 614902
5864498 2203738
2737261 9706315
8963735 1642918
2189030 7044130
8951761 1714369
9116187 7162488
5632414 3296664
6702108 2125094
2011504 1312397
2818849 8626112
7828705 1398211
7614788 8566838
3858858 6912338
9008299 8291211
9782265 2924132
2365309 7053126
2891792 4951249
1610841 571071
3711133 4449978
3413333 5334793
2204797 5115233
6161801 3500188
7333598 7731228
5783998 4103970
49790 1134645
9119467 7907170
4654121 2569119
97518 88760
8630365 6018877
7939342 1583612
1279408 4173776
6967398 7203988
415402 5844821
7694590 5840564
7194066 8298133
5822143 3418697
3634172 371950
4203261 8095027
64534 4827317
9463762 6907689
2189801 359976
3210778 6691685
2716859 7068647
4871973 8327839
1087554 2397753
2502287 1891548
3597003 8374802
7537207 3383736
2399520 4978216
9375709 1933280
6155362 2902132
5243139 6842583
9273295 9282013
1740639 9552937
8802850 1790894
3812455 7415460
7148715 1677212
1312374 9563507
7647344 8715181
8412291 2171273
795045 5759969
2835990 7211836
5627548 9762610
6891803 7153857
6879054 7794929
1306097 439710
4822795 2122833
8605974 5681114
2166624 7252668
306648 2170413
6803440 869640
977574 2195694
953978 377831
1687557 3500906
9779034 9856974
5874124 6153827
8039460 8500459
3873976 9972420
5091813 1130479
6670139 9487857
5668085 7928601
5616448 1299924
7137140 3662621
6862904 598512
1772608 910303
8581084 9833308
7506691 1637494
2105501 9692837
4947093 5955484
9829443 1289743
5320242 9898056
1849319 114748
8670282 8025838
8676513 9114266
9242979 4816030
5250720 3996269
9087401 8952256
1822609 5468351
8276250 3427999
938498 1674697
3087865 2301276
8295770 1769614
8473396 3352698
553613 5309091
6586008 8305171
2707105 6581336
8106423 1156473
5746858 6734229
2075967 3230944
3770455 4717896
2851605 3359978
9200687 5176688
9190098 6675014
1706250 8908184
2248041 9304699
8900266 7426738
6455055 1467114
6804335 708539
4510905 7774790
5457802 1389356
6616799 2985149
2327719 7026669
3731344 9660763
6887519 4137551
9832755 2969508
7285097 4748339
9228920 2330584
2556906 9101547
8112167 8025902
145845 2177665
6132927 2664299
3012689 4375027
6635912 2559560
1379764 3178489
5757420 3224391
4362359 1386598
6583571 4830281
1650101 7497911
5345571 6797734
5542578 7788755
9343306 4140771
5552193 357507
6687204 467562
2159534 3938226
5680302 4415189
5547087 5793979
9117765 1883547
6436247 5648587
7198417 5287098
768760 9378004
9571867 3800841
2439462 7520534
2476761 2860809
4139115 4114881
3291714 2174487
2978111 8711032
1715081 3714030
7695220 6843291
4663041 6584867
568909 30083
7077246 9082894
7305927 8066799
3254925 5474708
318971 5496170
6722156 973018
5825539 6150300
5138088 4425629
6609738 1376164
4819303 3752366
3055297 5646668
5949761 7935196
34915 470737
780270 7560587
1512989 286954
9109661 9711771
9020317 3779527
8953608 9251517
4631328 7015422
1250216 6653203
2505838 5338428
1323157 7005596
58634 8421159
682162 8545883
7839513 9096645
86010 4192017
9280159 2339545
2881207 4575058
6253127 3239386
6371580 8910696
9836524 1911770
222190 2300303
8665405 4020050
2807733 8307923
4304280 132539
1564234 7003853
1012865 6883943
9511691 7742476
5431344 5430733
966976 4535998
2037376 1883731
4769334 977122
73892 4515069
4316867 6169689
4604911 1133404
6201730 3877150
1259279 304169
4540819 8529677
7294005 3451937
544766 2047331
8097190 9053159
6426805 8613202
9683840 6873698
3589667 6353458
1920597 6170330
9265211 8004929
6552356 6463074
7756748 5828467
3734806 4932282
5764962 1618680
241912 5252649
7216262 2328298
3392065 1820169
6401630 4719282
3903732 8942520
9350941 8490060
5258894 4142027
445054 923343
832805 6570829
3604242 1892400
7165421 6327906
2707914 6486274
1484668 9212948
9965670 8354565
5063186 2451681
4708296 4891922
7686948 9628979
9713784 8014724
6795371 8230090
3900292 6792989
7786253 6951029
8282256 2032172
3785495 9493106
5957638 3917223
8993215 8428876
273580 8471697
7099450 8404526
1166668 6682254
7439866 5645546
5423508 7691467
4990810 3419737
3170552 8561140
131540 7651564
7655098 4179718
6779595 1042711
4588759 4583990
816744 7153313
8490817 8313497
2818181 733604
3142865 7798480
1065219 423608
7584513 2216838
9016843 1841723
8911976 777215
3673254 2606002
8530175 8737672
5242695 2783957
2961988 9529314
6943879 2620628
5014880 5023816
8555988 2097490
6155737 2789647
5388548 6411447
292156 9481585
5393294 6244468
9878543 1589095
1889583 9216583
7062566 9974446
4984930 4002599
4564951 9698837
2882877 8186447
662409 4607707
6653067 4936248
7391519 4380408
3567854 8501882
9998947 6483199
3795912 4922113
8796463 5240374
9663414 1572016
9264549 3015194
2546826 7630352
632263 509197
736384 9528592
6597223 7390935
7374916 322777
7835594 8968379
3221531 2013798
7744846 1534501
7709558 8110616
1348597 9883407
6876135 2420237
3552794 587147
7612537 89313
2252385 642175
4421406 5523270
7479257 1472478
8307223 9823902
3428029 9505325
5669659 3312674
2212643 5124331
3086991 3185736
3063351 4606567
4470100 1286398
7114006 1423502
3957198 9430858
3260991 4687546
3540644 2621569
5089825 6134324
1196195 367373
4516738 9414299
3064247 7119454
706840 9019132
2648010 3342483
1174817 7528188
6649198 8218264
1524469 1316497
8946415 4345301
214433 7487576
6910839 1545465
3773162 742816
729793 8838703
7326135 984297
8075966 39342
6765376 7180723
2122243 408635
9203900 6279926
1606579 6766116
1006887 3294046
2549157 6022114
2682280 5978996
8257681 1054205
9568422 7912422
4298351 9682043
7045294 643141
8797886 1592814
68781 3256996
5731499 8914071
5577186 4828982
1346692 6836809
8137047 4512372
6330824 8610753
1064366 31434
7823989 8950896
4684436 735264
8132211 2660825
8808693 4291232
4755216 2163984
866569 9534871
5619854 4509580
3621970 8200953
4395771 5773629
9516204 9764933
4416964 3745006
5359683 3970027
6918660 5262907
7283670 5382691
2162665 7092735
1882564 5443784
1296689 3065343
6095569 6821720
330440 5286738
9821568 7722930
3352630 6377142
9185926 4078131
4924867 1965478
4819712 590642
5324286 5166131
9955983 8519114
2666135 5545553
9185534 3192068
5678712 227229
1142803 8541993
6079521 3063302
8212565 4191848
9544098 9224050
600157 9632235
2916331 9526445
8022083 1976503
2487373 6987438
3682451 5937290
348042 7900356
8627032 6066483
7271168 3744322
9856433 596427
8006048 3878183
2990743 8874353
410079 5504112
3839137 1558540
3168516 6087608
9399771 9001748
3442778 7458899
8135174 5050443
6083675 9618844
4728456 8929665
7882406 8594549
5028788 186371
6238576 2211213
6833642 3984585
3372440 458494
7910910 5081258
4578467 2216486
4472096 601635
5271150 1211000
557835 6532765
4639016 6923822
4193096 6401052
5851957 6324195
2434968 8158659
653331 1922446
7016381 6460623
605427 5337573
1467518 5977747
798510 9149697
7606842 7490430
747260 3837097
115626 961081
1443117 1619840
3508731 2623134
6705730 4857238
8822975 7667129
470053 1169845
411640 2272637
7352848 3685514
703236 5579520
8183501 8251655
959646 5444931
8523385 5567930
1923337 4924114
2894991 5585312
8112961 879224
9258864 9461280
5096666 6468131
9736316 6855253
5307317 1950679
6412532 3932946
997384 5387645
1860640 6607508
8261276 7863613
3989352 2072041
3188626 5419035
148355 5529291
8221782 7974272
7543838 641700
1389388 538579
850915 2375616
5531289 5905836
5443628 6434513
4632468 2077287
7452895 5008713
9941906 4487355
8090302 8433484
3128640 5149921
8093982 1319963
4212891 4856282
5106250 3520240
1156840 106151
3591131 2378401
7713679 9895918
8246793 4711039
9612912 8649110
9874088 7228290
3864024 2168916
3338555 4190790
8713907 8494305
9049035 1773348
9843879 8429658
9331616 5351567
1863398 9111696
9395511 5004189
6164340 4175892
1578853 3964959
333267 2781552
6270147 7214367
2057252 4354680
398972 1527465
9467757 1966354
3578189 9260483
1037078 3019138
6740532 6912726
4119048 5694
2452899 2299146
7816866 3149839
1049367 1391052
8988433 3695436
1114645 849604
3367972 9000818
2002817 3704400
330332 3409626
3902415 1655841
9283510 3402222
8398995 5433997
5361653 9653134
5419116 6186966
4860628 918683
6857814 8463805
8335093 9667890
7250399 9234097
9491000 1448983
9138935 8710261
2886044 7448209
7482625 7087755
1443659 3570940
621072 4176161
252861 2078532
4270612 6268646
9521573 2374959
2570133 2892734
2966009 1736840
9321436 4504577
5499723 4586853
2581475 3574014
363085 2132826
5429442 5074186
5399035 426536
136795 5310975
2577347 5114372
6176097 5607248
9087398 8674914
1937380 4410565
4337747 5819567
1688527 3893338
6196803 5794223
89509 4458293
35967 6136718
3000075 2755918
2622457 3571071
100028 2219060
662791 9695382
181793 1700010
1522127 1243080
1129129 1710181
3302700 8168149
4255453 2789106
9606235 7570657
9158539 3850075
3036393 5895832
7631348 9643997
8313222 6914266
3029098 7851341
6091737 7962247
1614668 5474367
7667513 7886709
3629633 6635354
6731486 8191507
1314902 158454
4581269 9725940
8081592 3296805
7947092 6028141
5409906 2515633
3795961 2001348
919213 1414838
2121729 4290610
5266127 5494488
8014476 7627280
270889 1687099
2294091 786903
9229529 7869482
3959611 8730565
9769 9229432
5150803 126955
1573832 139403
7512788 5543609
2868530 8827252
8941783 3848632
7329313 7017505
400193 5632507
7060990 1511464
6014549 4159195
4914540 6325719
8829424 647258
6303275 5003993
7631530 7263319
8645296 7134054
7441031 421913
431591 7389927
4573752 8697094
2755355 8164744
6645019 6823511
7061527 1834515
6256569 6491568
5865662 7840195
776510 3149293
5495064 4744600
1014686 3952399
2644763 15773
8787405 9550535
6680441 5754037
4968717 1817346
6978035 6440243
919284 4449718
163325 3688945
2045946 267177
9035353 1053777
4304718 6022368
1363604 2944978
5108977 5080181
9256145 2329481
1501284 1305827
9280715 8885170
7832847 4397858
14019 8551286
4302254 7835827
7278163 1315636
3920155 2585531
8927247 6536225
1803418 145524
2667003 9346324
8851310 1774185
8808491 1805851
9682289 8108603
9217576 9945377
1145636 9962438
8249091 7280705
127931 8805297
946618 8953273
9141035 9775292
6277975 4045563
659877 2295905
5412362 9271058
1954922 9612039
7673045 3237590
9565751 7586770
4827783 4237334
3854717 1312483
7083316 923937
86338 3526379
6667077 6360926
9617658 6880169
9107735 4322538
1404268 1905460
7074077 7998757
8706501 2908619
7231968 6866638
929321 6140047
4504844 9852293
6286922 4983463
8732447 7546986
1264356 2497086
6295133 3895224
8733055 8252550
5810515 7592250
6729677 1172228
8919417 6906416
2031176 3004547
4879762 5705884
8382515 4184124
4462186 706858
9868428 1052281
6194798 5019943
4115675 2603231
1825845 8236096
1129223 9965980
806954 4558945
3233471 7787300
2687 5165518
5868950 9723384
7242454 7200221
5274214 7812266
486833 3547500
689581 390886
3709217 835229
8749326 3826430
4199629 5644893
1590625 7503805
7715862 6574667
1177474 8192370
835017 3454658
3429947 8643008
1609006 2960421
4443265 8797027
5312028 7798708
2881934 4850836
6847668 6583529
9166848 5105643
207016 7241897
8669103 9363119
6583246 5843467
7332668 7735320
9675620 365194
6488051 9856051
5704181 7551868
581701 2082656
7374631 3458610
3617956 6447212
65363 1506767
5797755 9409272
3634424 9735268
7536238 3379810
1463594 5407978
1142180 2614002
4075600 4695547
4466422 4873245
2672847 1107112
4018799 2516439
5467522 2496393
1670829 3099996
2600878 3133154
3471743 8333473
7799374 4112277
6364478 7675754
4074588 759157
9487486 1679469
8759224 7842388
4515975 6958262
6351037 4467938
1449285 3928494
9199155 8926275
8987584 6147033
7815642 9970820
8912634 6844512
6826124 206415
8428365 6237312
5551145 7679185
7521959 1455589
2811271 5744009
1709090 2934168
2707855 4398545
7618386 105299
8517865 9380184
4534891 2151764
8834732 1222577
2237716 6705318
489396 9901700
6708146 3635194
6691780 2665861
5593609 1698936
4471078 5316886
4498712 6303272
141317 913712
4004754 8297654
7381380 4895470
8905191 426091
3033260 5367739
5740002 2236592
8305287 8157591
3797145 7854144
3875302 8962724
8443278 8598722
3279132 3273166
3409603 553354
4568316 7920744
8218956 5951589
5355747 8989556
1104431 108571
3531337 5762053
5589256 1538065
9879453 7553887
3097711 9799168
1339236 7472464
1271796 6362794
4546098 7674345
549362 8391648
3232325 9942843
562509 1907031
8987102 2677679
60868 9245686
1675820 8508106
7048699 9013086
2911928 6339933
7621927 1310387
6769352 6996285
3745249 7059635
6880821 2265777
3591416 3543284
8620375 2247675
1851857 9638064
279961 9937443
5712601 2425812
2219332 3954709
7377782 5370825
3589014 8710372
2289387 3573828
8185550 9406592
2707362 6126718
3519747 3827711
419860 5558214
8493345 6740325
9309001 6031980
7559442 9861720
9844012 5804053
8628584 1367318
7906386 3129938
8145469 455088
956823 4911288
724988 5093632
8841380 844403
6334892 1329834
6555627 2392413
9378131 8979009
1273096 6079101
5912552 5800482
9573155 1049538
997307 3073805
4919420 6076469
5469472 8270515
3716434 9085498
7370663 8833166
7714446 3556016
7110441 3732913
2838118 4053972
9853585 6288841
9013333 8265952
5000261 331821
157621 613830
104309 2747932
4437915 4941926
5470882 3800250
1861315 224859
2463334 9268176
2745893 6798853
1794773 7100111
3588437 9010669
7595561 7650131
8011361 1377067
1323548 6421727
2765311 7034824
4269030 6629797
886238 6725940
9913359 6665605
3824770 8030577
4708565 5658977
4016061 8609617
1670360 4407386
9010556 5227300
5011953 6027622
1820352 2347417
1558704 9795166
5423180 1648690
71396 5636212
5397922 5400085
2725127 9695757
1641468 9855817
153237 2538505
2345217 4812570
4288051 5476646
5752308 4095057
8943815 9983308
3050512 3845059
3016791 495477
4196403 603925
5863599 3129009
262114 1606777
8696870 703561
8289522 8410631
2906136 3240681
9127128 3475709
8987875 432642
3844771 9470416
5733171 7928677
1428627 9002538
5778263 7515341
803809 6106993
628022 6763278
4842645 1446988
1933291 8484261
9260453 777719
1529946 4747136
8779993 1762325
6830840 8028967
8621422 5158978
1275096 3825485
2332936 7408474
2615679 8050174
349025 3318682
9613110 4898582
705499 8301758
9415274 5271572
4855306 7567175
8263418 1909745
1526774 4816935
5236642 7132054
801077 5429645
2095322 1580604
5987880 2999766
7362329 6516426
2042089 6669026
508724 9300738
108452 1998680
911327 8131473
5872610 5795854
9736292 3175793
6414507 3648002
2880504 6099552
3021525 5262206
4204752 3685545
2056471 7689473
8068825 8339376
1310065 877135
8371798 3816172
7022974 6637094
1030019 602330
2042510 3764517
9791840 4667003
4538163 9611259
7717545 6260512
3598194 8402057
4086379 8062314
2263240 3562618
2576757 7803045
6020424 7612593
1436026 6133384
5817071 3986277
2014680 2985007
7766849 9172740
8406782 2081599
9129358 2150399
6660601 1474049
8968592 2947822
7727677 5355671
145847 1521388
4676499 9478465
4359998 5525808
2543172 8349191
2692445 1929460
6647304 7034892
5815185 5550531
1617974 6122705
8896384 5959699
2655139 3596768
6267708 5183736
2778987 230462
2994228 327096
944168 4958975
9486881 7531335
6891896 2155059
4925971 3680962
3132489 7451037
4601987 3551119
236149 8625147
6193100 7143666
3614711 8492747
4822245 7949468
1723020 1204114
8741589 9131065
2959705 2636572
267680 974003
9810851 7625064
5058055 1794759
6138922 1525984
7602448 5242540
1662081 8691415
9730332 8699183
3567965 3310825
9117734 5023222
8574667 5562235
5754571 3352047
2820619 5308342
8006775 9295003
7450666 5067635
654069 7159342
5207522 3033648
8107346 2887507
6819415 9644249
1025262 3930712
9684953 8646996
1270192 5920435
2132360 3612166
4681292 2240149
1783560 814961
8928256 418036
844812 3562195
2980264 1077582
378413 793904
2345194 2004403
6049797 6144919
2009850 3911497
9555112 1704715
112231 1301540
7893830 1457540
1632777 3662477
6163245 6236966
8755855 1692787
1394154 5240028
1417042 4742236
1108035 2625864
2365458 6376311
2523903 7049078
3821087 3396082
8246484 2650142
1427719 5682543
671899 1838582
7423918 7798599
335345 3996293
7459722 5640009
7477741 9097910
7780912 3174414
2288740 7830323
3843565 5589808
7860686 942211
296100 20695
8458361 2926336
2873169 779439
6396842 6907428
5831269 7163320
5281173 827019
8164907 495379
4173516 934510
962428 926445
2277050 7196118
5671666 8528617
2240421 1467386
8263615 7197986
963419 6902554
5973046 3875443
9902771 1099663
3974438 5423031
8280377 6250183
6174856 5071274
2905091 1726965
1271554 3829060
8415176 3121647
8606568 5959396
6636964 2383820
2130564 197323
7071398 6251115
2895257 5347527
803927 1113219
3047862 3049438
4249815 3794275
9891163 2496486
3389684 4388099
3004741 9520188
4474163 1070678
3648003 1730492
4618760 8695031
861783 479278
3820250 5210946
1707878 496719
9213345 5808414
7848914 744715
994016 5664454
1144004 4309643
4884212 6775674
1118049 5349846
3561222 9055410
2725014 3421605
2579072 9689391
6598441 2820454
6176740 985050
7231928 3333230
2554167 4131182
6906395 2864307
9299318 3622172
5291969 3592541
3185238 2663594
4831670 2175311
9664496 5136798
8636786 1937893
4548916 5298468
1376591 7761878
2197333 9053273
9367352 6199931
9854338 7757148
393771 5305870
1188831 3291091
9214086 8488666
4538836 6710754
77893 3247600
1343678 4177127
3081734 6649319
9009452 5503958
4823257 8576808
3142960 6196272
406805 299381
4119305 4007354
5336210 6266330
3997185 21295
7583220 6566444
9685353 300491
4756047 3201966
9852427 4607147
2707578 2068298
4354535 3603661
2156408 4964966
737473 6640107
1875978 2035063
2525045 969397
4143115 5246894
7700437 3983923
8538572 5501609
3849025 6110419
9562051 8643676
4345961 6239490
192367 5235161
7886005 6990811
4626785 6748446
2261655 7332179
6250203 4480443
702843 4188500
8888173 5249204
5900690 4336262
4308682 622539
2669409 4249236
6712276 6666753
8976605 5420235
1264144 3738403
9789399 9985923
2599698 4324989
6520063 8868800
9978697 8214478
5216868 8569149
2188109 3434525
2307408 231583
6625519 1895044
7736034 551035
5190064 1834331
4330772 599123
8122427 475556
4304967 1559641
9583620 1957940
6260337 8783026
4519036 8738591
1306376 7639189
333220 5461598
6758286 2893342
9733306 8018408
7867245 9476302
3023992 5257095
7868722 6796604
2007769 1499158
9634035 622665
1347244 3371289
9265591 4194332
7971951 4965042
1863690 5594799
1735683 9352087
8346161 2970675
2014602 7731709
2216624 8715263
4641698 6551907
330334 7674074
7438214 8042238
9884723 7648024
2701675 1799942
4003814 8584721
9648716 6894593
5392768 7213712
5711092 1430212
8294880 9716294
6461608 8068410
3922744 661018
2684315 1964563
3681852 5579038
6250106 5440609
6440637 1878281
1482578 682885
8615224 4752490
1157043 9828232
1225451 1457548
5757887 492809
4173742 3818394
6193249 5562472
8420052 6156381
5984129 4079255
8460160 6571565
7697967 4056206
6028379 4431653
7003193 9182178
7615125 8867120
2135067 6675041
8330280 5858912
8067859 983145
2077874 5014529
8244246 4154643
5130502 5518849
739208 7995509
1131139 381012
6873481 4011958
9196037 7435702
4399660 6552815
1110473 5090446
8662511 6664839
3445156 1840997
4141613 7572673
9466204 6354270
3949875 6863666
9437601 4003023
3448397 2433876
8822351 3510046
7890922 3196780
1761988 6951480
9405658 4159433
3394028 7476196
7744212 7483359
5545831 9285143
7740090 9207791
7117979 1926756
809989 5284418
4689070 3191662
6332543 6126197
498011 5949250
9056327 8763938
6527842 5061705
1709920 5279591
9533031 2000419
3350362 2285309
9805914 5345769
9560641 8561666
3897938 6593250
5221486 737780
6546818 6135236
6894838 2605982
5274601 4154718
5549991 1322667
5999214 1271174
2266069 7502146
9903948 7767585
2015089 6045314
8659609 2883002
872959 15665
5873644 5753949
5695410 6713324
6649281 980425
7368341 1926166
7756651 3901770
7163394 5277988
8290354 6497792
2645586 5433461
3706496 141124
8111401 9909657
5447307 7943306
7988588 4190771
6644737 6479824
6207500 8318738
1233326 5909528
6519371 2562933
4406346 1272376
6886010 6759918
9004686 5038733
8831865 1413538
4772111 4393838
4560735 1226191
8168961 1564849
5034427 2608145
6676960 1458387
490421 2926534
126247 1967055
8915265 8368802
2911759 7884784
2071807 6373431
7380830 3200632
1242406 3352438
4532123 327579
5288787 873583
5900943 6489381
8988454 6529392
8550984 5815763
8592619 5414272
7305584 854564
3652248 8829518
8130622 5804419
1101225 3467034
7141081 3611339
3419748 8000721
9257512 9635040
8031024 8203260
1573236 2093327
9128912 2408073
4706665 7321681
8363947 8939794
1013531 7533006
5852792 1090265
5114 1297631
9628746 6420253
4166092 7371443
6107302 1143079
5120272 7714891
5496092 2384520
7325097 6396515
4617978 6785971
5619941 3748854
708578 3758882
5623647 7898300
51392 3101810
1065674 9864996
9593666 2172339
2050369 7160561
1779026 5544727
8900722 5461271
2976620 2998539
7868730 6342991
9120078 6504481
8033720 3958835
6089371 2319487
9233024 3064435
5598481 2184613
7594906 2705949
9356925 203992
6206256 6722426
3091527 1729136
8478914 1860930
7376446 561068
4363581 1914540
5257652 9437597
553868 2268407
2901105 7420796
5832739 8248683
6691305 6603350
93131 3249735
2782281 8159568
5905158 8558191
9333256 9682641
6729592 1282352
6199201 5176006
2150495 213933
3264065 2243155
934152 8134297
61621 7789885
8363190 7971713
9034430 8648246
9992550 6056193
6944843 4832157
817331 3534639
8303739 5897671
6378425 2126065
5297655 4977458
6281818 8268689
9695661 9001695
5061317 2491587
7052799 5693967
3083660 8537386
2169765 1971699
3112104 1200475
9938288 3271642
8378409 7800755
5243364 6155463
9105127 1400937
19313 5828199
4872596 8740717
8413832 8896203
2811449 6144060
7653106 3736985
3740752 2571702
4259052 5842361
334682 9616691
4198222 9544090
7777246 717692
6658594 9894362
1394820 424451
4072057 7313123
961005 7857564
8701891 3960351
6604230 1251583
3110890 8175805
3291811 2669107
3305417 6378058
9769894 8827974
2179101 171180
8429437 4018359
649012 154781
4065666 1188704
6550449 1254856
5383053 4989277
5682516 3151659
546213 6619677
4110200 1199414
2188814 8564335
9120668 7177683
6540330 7514807
4571969 847131
1140087 5682238
2093344 6568618
6960257 4002336
8484301 3386589
3227595 5691345
2560541 7169053
9513754 9590837
9965329 974608
7655874 538004
1723848 2236292
1691537 4647876
3192283 4611928
627214 1435026
2724368 2665418
7295586 2711072
320312 9531387
4480145 4126102
1103164 2175621
8533914 9591662
6885904 1258312
801204 6600751
8546696 1336654
753246 9653121
2988355 2629544
6120566 7823247
5294816 6064261
6468205 9132563
2512099 3097998
4297891 5110225
2344081 5828407
8446979 3982033
9618185 4574201
6772572 8752928
6523955 2023568
9420123 873708
5873401 9229575
7233840 3457802
1966445 3711574
7025615 2783613
4732104 8400693
5202103 6658406
6307294 3130284
846591 4273069
6468130 2812260
2666270 890528
9129020 8065288
2201979 664821
7453627 1885019
5505978 9088734
345114 2107650
1860892 5347874
5128096 3545979
8927823 5169548
510036 2598191
1154838 9078586
6197202 3209536
6530123 6686032
3501826 5541773
6140547 6441656
3960006 7954093
7700910 2013877
7096217 8196913
2998704 6644110
2406961 3727967
8615161 833121
4889989 9187394
3512509 3926834
5009055 1724831
4093502 4034710
7271983 8378251
1907041 2855431
36739 755923
2946428 6716483
7913623 8348462
8143107 6678017
8447167 5826556
2326349 9237441
5501066 7053426
7122068 9264139
5512786 3173432
7177299 2785012
8332551 7024577
7645202 1307492
6257952 9580932
3333315 1107125
2163300 2075901
3574020 9322950
7073751 4828897
6165754 2673304
6216003 4377098
6616084 5735731
9290540 8399128
9384238 5911616
7852566 7915415
7115819 9145603
1039990 7934183
6517954 1358043
6300117 8961680
3965285 7033559
8334974 1626054
5736789 8750514
7620586 5858399
9125553 1366823
1584117 6670000
8269713 3575982
1867011 1757207
9273175 4591482
3902632 4281377
6666665 6780793
4643150 8764756
4587958 8972928
7205998 8397463
7646903 7454745
4577007 801218
8983288 1299572
3385177 344180
3328519 4811394
7458044 6163644
4794301 3301204
7854644 8572361
4350443 7723587
8727155 3639784
1107334 2241996
6390391 9792282
450802 4413498
9348352 2714804
1638655 5577105
1536083 6747125
7960356 7317777
7286735 5430535
6824060 5369661
3212661 2465809
5034821 8877428
8040796 1944694
6373412 7566310
6325347 4531922
363250 5781979
6101958 5712928
4912430 7862553
8706532 4587134
167583 4874746
8189390 9484034
6917446 9872556
2610448 7667254
1597221 2969516
9482749 6527746
1361532 834758
4396587 7586531
8625365 936519
5007026 7351274
1381219 7398666
2394835 477261
8262482 6463607
6200319 7347631
7002949 4209027
199453 2734108
8785340 6277958
9882703 1956899
5465098 3684043
1789004 5894764
2307903 1048058
4120054 6416939
3103098 8972732
2025247 6559452
7867001 6235689
8353682 4433880
1665992 3612975
3013133 5220044
3362292 6465810
9568597 6540019
8970927 144221
7858710 7099111
9750433 6390961
1822461 9622423
127334 9690726
5831223 14548
9772937 4986722
2482089 3143862
7455999 6311447
8644401 2898868
6425321 3218548
916165 2211677
6057127 1465180
291037 5943305
2061116 5462676
7638992 7958338
3252642 1618498
8138679 6198482
1013479 7913055
172949 5103425
6156204 8830571
233102 1933902
2126596 8045512
767643 786334
9282785 3670991
1572465 3139418
6012897 5964311
9222913 3989284
7524401 4470404
9620062 8925000
9718059 8668842
8693689 7721803
5102730 4099051
4818039 4071189
1052644 4395942
385315 52947
2240817 3800846
9564068 4341496
969283 2614285
6699200 4580010
8492345 9523063
3624582 2964498
6056839 227379
1490884 9982109
6647684 6761875
5870975 9470644
220747 2270643
448965 9410622
9394251 8606561
6173021 7716968
