2000
2515 1563
1451 713
3537 2709
5343 1819
1855 5779
5457 5060
2650 359
1631 4042
2788 5639
5710 709
2048 5133
3893 3696
4409 1880
2590 5789
156 4137
5112 3534
1001 3159
3159 1661
3318 5323
4627 3445
5612 4725
245 2918
5528 4789
2829 5973
4299 4146
5854 4121
3179 2695
944 2783
3664 4721
2926 4504
5271 2370
2454 4918
3843 2097
3468 594
3975 824
2358 3209
1373 5445
289 154
4946 1801
3307 5881
2935 2492
3127 4576
2914 5959
1484 969
347 1656
3718 3109
5999 130
2868 1336
1073 2714
904 5162
4916 1019
2586 4583
2066 3315
213 720
3416 1460
2281 2489
3207 1908
5031 2041
2101 4925
2440 2124
5194 3533
4407 916
4900 5831
1858 468
371 4913
669 708
5869 2228
2142 3008
635 319
3266 1353
1962 5717
3527 370
2620 4810
368 3396
3204 5161
5365 3946
1165 3649
5280 2550
2740 3747
4768 378
1577 2454
2938 2608
1315 2388
4275 1715
5513 1050
4727 3
1961 1148
3510 1941
1732 4382
4561 3249
1760 3036
5137 3458
2949 291
3617 2842
833 1813
3423 4827
1316 4490
4399 4495
5860 809
4440 1824
5035 3875
3748 2736
2484 1545
5396 5379
849 1681
3466 5457
4856 4421
5326 2693
3393 2611
3754 1648
1738 5006
1294 3158
3235 5291
2636 2095
3139 4325
1709 5624
2625 4058
2890 3808
3051 5164
3507 635
802 5265
5836 4882
1132 3076
347 3201
2465 1761
4684 3720
767 2061
4797 3723
2247 3547
3074 3490
3485 936
4610 2010
4875 4448
1624 2273
2910 3414
2291 2926
5736 5873
2678 71
3549 1401
1128 3272
646 4846
166 819
1857 1969
3276 4347
3086 4729
1536 4119
1715 5440
3255 950
3594 1812
830 2581
3822 150
3346 4186
3538 5982
3672 269
2377 4069
2726 2745
2623 601
2760 528
2142 5053
3596 5268
1034 5558
2822 2751
2598 271
1485 4460
1101 2934
1628 619
3786 1949
2818 1409
2655 4137
1954 1973
482 55
2116 3045
3004 5202
530 767
1480 3342
652 4952
5434 1985
5572 2377
1893 596
4691 2828
5044 70
4210 5555
2530 1513
4898 754
3650 5075
3829 144
2343 3551
2274 5818
3213 4489
2901 4432
1199 1542
4412 2534
2846 1738
1915 1221
2273 3263
2345 5031
4175 4309
5169 3086
3990 2764
5042 429
328 3579
1568 13
745 413
4400 874
258 1087
4368 2084
1409 1892
4268 4527
311 5249
5706 4643
2760 1665
272 5612
2271 2849
648 1883
4535 5093
5619 4291
3603 2882
899 4221
2999 1618
4783 4548
3228 355
611 4250
4560 2296
61 5442
3988 838
4769 5987
3340 440
198 123
3650 5916
5927 3082
1812 3076
1300 707
1762 2070
4446 1678
4385 205
1742 2345
3418 3317
5854 3762
2923 322
4942 5630
4405 4810
337 3046
1964 3190
2621 1013
5323 4934
319 5595
2461 5786
4565 1325
341 5689
2913 5010
4871 4046
3853 2551
4908 3846
2162 5965
5778 5251
655 2390
5802 860
2568 5787
3416 1611
5268 4457
5383 3149
15 2079
1810 806
2406 3441
2284 2746
1757 2040
3561 1509
428 1488
5747 3572
3390 553
5382 474
1393 5399
3235 1644
3016 2034
4961 5493
5804 1991
1992 5155
3319 1748
3572 1304
3207 5952
5272 1562
433 513
5256 1491
5708 3363
941 5489
1042 1912
5157 359
770 3011
4721 3419
3424 908
3990 4662
1812 2111
4108 1383
743 1004
4194 1024
297 3112
3240 503
4206 5515
2979 1910
604 4145
1164 5356
1358 9
946 1210
5076 553
3539 4695
1809 663
4567 4157
5788 5985
2053 1545
2127 1047
3532 3422
2395 4428
2396 499
4722 3208
4602 3489
1500 808
1600 5894
99 4477
1354 2612
3750 3417
3674 1682
4730 597
2276 2826
3156 5470
2915 5914
3632 2371
210 3827
2061 825
532 2397
3183 3191
5757 1633
5484 474
5319 3389
240 4834
3310 1060
1321 4067
3028 1803
2139 438
1390 2541
5388 2277
564 2120
4809 4114
197 5310
3536 5072
3105 1573
5236 185
4701 5624
589 998
451 3331
2661 1690
2015 5834
1019 2744
2787 5731
2756 5736
4548 3447
229 5686
1962 4325
314 3443
5476 768
1635 4834
5122 3724
3313 284
4617 1492
2333 5069
1603 4839
354 4244
5116 5351
2398 4727
3366 601
2101 3565
1830 4695
5518 3906
2116 2417
1652 1142
1871 1719
4230 4654
5351 3793
1639 450
1169 88
2783 2941
4919 5674
5480 5745
293 3577
5329 4400
5053 4589
111 1924
5428 189
631 5208
5171 1338
3574 3836
5191 1781
5113 3205
3984 2740
5685 202
1750 2049
2000 4904
2528 3994
629 5087
5051 3954
2117 4948
57 5247
513 1053
3311 3898
2065 1864
3717 1874
5760 228
5594 3673
3597 1637
3630 5525
5163 1044
2390 5377
4641 2029
2908 1353
4108 4672
5693 625
168 1601
3689 2575
4507 536
2117 3133
746 5426
3068 4808
770 5518
3578 1075
1840 256
2496 4837
2857 465
2883 54
1891 813
1277 3158
2474 387
1547 5863
876 745
2781 2206
4477 4246
1096 3798
5636 3286
2279 4012
3900 3114
86 2964
1796 2981
2422 1475
1776 4832
1885 2194
1109 2262
2866 4658
4673 1817
5845 1282
5744 5035
2133 2955
3240 4966
440 1461
3967 1829
2599 3247
4335 3640
5279 3627
2233 2900
1377 63
2510 3377
1954 1285
392 3786
780 2843
5183 5745
3099 4980
1653 2968
1105 2310
1195 4664
5731 1418
5881 5054
2842 2336
5418 5945
867 5064
1245 3454
1775 4601
3654 5716
1204 2493
5354 5768
1658 1971
2343 410
1374 2173
5705 1711
4098 2991
3478 1613
2619 438
4676 4657
2770 495
861 4156
3412 2091
3298 2418
1506 2
309 5722
5282 92
3485 1057
3628 5497
1750 2215
3565 1243
4222 5359
1911 5335
1162 3364
3839 424
4111 399
3806 3964
1257 114
3057 5189
55 3424
409 1272
3868 5970
604 1553
5760 307
3138 702
1310 4677
3096 1712
4628 5083
4849 3853
4197 3436
2464 4992
2746 135
31 2855
1708 3913
5147 1188
4972 184
949 1357
5212 5596
3458 5069
4852 928
1164 4864
205 2406
48 2187
4521 1072
5838 4737
729 5768
5260 31
2821 4073
5859 2881
872 4819
624 5754
402 1323
4740 4241
5732 3016
2597 5038
1959 4775
4203 2065
5958 393
1636 4268
4879 5728
1376 5252
4773 4613
2917 5492
193 4517
5036 5145
4957 3743
3074 5687
1016 2183
2168 3490
5109 4183
5284 1878
3723 4633
2126 4496
5318 2574
1348 3171
740 2778
3446 4229
4314 5941
4554 4303
3197 2667
2473 5071
5497 2189
4896 3001
1550 127
1985 3218
189 5784
4735 1028
1567 164
1893 302
5423 3941
1680 2385
4603 4238
5856 5667
2342 4327
2651 5744
1433 5948
2042 5204
222 5486
4795 4018
676 2528
3165 688
1582 2107
1351 1209
3875 4266
3889 5466
1631 3839
3048 2149
1441 828
4015 3345
3963 1483
649 2055
3574 327
2336 3271
5579 2624
897 5057
4442 3051
1422 3325
4999 688
4378 883
280 634
1456 5987
281 3163
1661 5039
4088 2245
2050 108
5721 5090
4131 4901
482 604
4154 4120
2352 3062
4868 4086
449 4049
3555 551
5528 840
1946 1780
781 4853
532 1820
506 473
1966 3999
4991 2680
505 4822
1918 3850
4841 3641
1503 3900
1208 4423
2702 5389
5123 3874
3352 1729
3452 1248
4466 657
4070 4571
5122 4793
3293 610
1700 1481
5595 1398
5622 4213
3332 270
4092 4725
5451 2675
2221 3638
5306 3284
691 1750
287 2420
1583 4876
5577 3719
4292 158
287 4793
2599 4984
5033 1335
4677 2572
5653 3779
5773 3005
3411 3924
1554 4434
4426 3748
5658 3962
5777 3520
5521 5922
1222 2684
4103 752
4987 4252
4846 5916
2500 2220
1837 129
1882 3241
1743 3969
3515 2422
4581 1598
3511 56
1456 4578
405 1594
3240 2424
1628 4442
2440 2752
4858 4218
4703 1327
5409 640
5424 1581
1301 646
5523 4821
5311 667
2658 200
4653 5776
4429 3018
5263 1835
646 2948
28 2807
2934 2224
4155 2243
5542 1568
778 5455
3063 4792
4235 1842
5835 5311
5106 774
5353 674
5256 3530
2316 801
5979 1087
2821 4400
1868 3452
5765 5688
4719 3227
3444 3507
5934 5017
973 5011
2295 2921
4415 3339
873 3890
717 5924
811 5885
1391 4138
5526 2456
1679 4029
5669 5125
253 4481
5788 4619
3724 2254
5711 2676
2002 1216
1942 3822
5612 3272
655 986
4792 4217
812 624
760 3244
2705 5241
662 2220
1335 164
3242 1163
4396 2241
3462 588
3041 729
2987 406
5450 484
2817 2343
4770 5281
5139 5263
5524 3218
1392 161
1715 5853
2700 5253
1187 1996
5501 4473
2637 5246
1310 5899
4223 5204
5759 704
1658 3364
194 929
4978 346
4928 1961
4866 4162
467 1000
4597 527
1465 3747
5502 5960
3863 1441
673 2613
4276 4031
1303 2054
3321 3150
4831 4940
2312 384
1783 2478
2802 1886
1383 2374
3679 773
918 306
506 596
4947 2419
1187 5407
5341 5041
2971 1711
939 1573
2443 1344
758 4573
1661 2562
2090 2843
2817 4281
4409 2487
5306 5885
4855 633
1359 3131
3215 4223
1114 1473
3164 4397
1084 1670
3841 5752
2487 1184
3554 4650
2099 4091
2937 1170
5657 1769
3666 2529
1467 4701
2287 2333
874 5871
5828 2465
3086 5931
3132 1355
3683 2497
3810 93
182 2615
329 5950
923 882
3477 1654
3338 1841
976 5045
3422 3202
3974 4588
2693 4491
1865 5858
1619 4754
3149 3680
302 2965
2445 3734
1219 5844
2564 3588
2080 354
5365 4177
4488 4663
3092 296
4130 4448
4795 4790
458 2622
5094 3614
3343 1043
3847 3237
5379 5832
5779 1734
5759 5018
4722 830
4108 5176
2499 1329
4794 5879
4870 692
1357 3038
5696 1776
1499 826
2170 5942
975 523
5171 1142
1049 2709
1033 742
1548 4193
2308 753
2495 2265
4828 2773
2029 3311
1645 980
5589 5318
4714 276
4186 5736
1399 2447
1891 4686
4030 2836
5836 5323
3627 820
5908 514
5264 3397
2253 5787
4418 1363
3600 2322
5354 2522
3014 3656
1972 5149
3887 3904
1267 2802
3711 3267
1003 3716
1340 5325
4518 2832
4226 5181
672 1192
79 3545
2091 867
5799 2760
3532 3915
4465 3174
1324 1357
2824 4691
1831 5565
619 2052
4560 815
5949 561
3484 1711
2645 3349
1922 1642
3519 4562
5762 5411
4666 4042
907 4703
4489 4583
4946 5273
4946 5716
5874 3999
5121 4561
2263 1907
2518 2163
4482 2874
4483 3969
552 3456
3407 3528
3059 2371
4725 4408
3583 724
2822 1910
1630 2665
5667 1944
2597 2461
2403 5388
4365 1759
2211 2865
5378 5039
2609 2283
1751 2420
465 1635
2833 3192
2104 2885
2792 2778
3443 3041
361 59
2225 4107
1462 4018
5541 4027
5972 488
1125 4750
1611 1965
990 1619
346 1793
5437 334
4609 2619
3751 2696
4886 4582
594 2989
4849 2943
5082 5693
4063 2072
4589 555
4322 104
3583 2737
3247 5001
3767 1658
5311 5401
1824 2599
1326 3049
5417 1419
2576 4769
725 1359
1287 2602
1564 1502
3918 4034
4392 2042
4289 380
393 4725
4962 4365
5026 2633
4998 5024
457 3921
758 3587
3499 3165
479 2776
133 2834
4178 3253
988 4264
5508 2996
662 3306
367 4452
1983 2906
320 4950
3078 714
4743 2737
3101 3923
4890 1326
892 3570
2338 1644
5726 4534
2875 2253
1794 1188
1049 3064
1451 2083
5710 1989
1073 3920
4197 1188
4446 235
42 5286
2514 5849
2768 5346
3536 2064
3273 2626
3598 221
2097 5043
201 3825
4148 2297
3215 3280
1892 4168
1587 3809
3524 412
1468 1073
2559 2642
5238 2464
161 157
111 5682
877 1474
155 5423
118 2476
3937 867
2805 3192
2829 1679
3017 5530
4028 3686
4403 871
5538 241
246 73
2743 923
5709 2174
757 1190
3669 233
364 5349
3230 1616
5839 4800
2350 540
2645 5683
4734 4380
1928 1758
4635 4674
297 1350
102 4452
5898 3315
5493 2828
3986 2864
3600 2793
2973 143
3204 1708
3946 1906
3635 796
3659 4435
738 3746
88 5005
506 3374
3708 2512
1577 1856
4663 4945
4510 463
4042 2807
3343 694
2574 3071
3590 2
4381 330
1472 5557
2023 5466
3597 4678
2479 1752
835 5295
5452 3633
4315 5742
4936 3636
1490 4644
2836 902
1914 57
3026 2622
5414 2566
2506 2377
3633 4393
5350 3175
3880 549
5573 4076
715 15
5148 3248
4096 5554
3568 1599
3296 4268
3549 5290
5241 4927
5010 3141
3098 4161
3027 4231
4825 4588
5046 4876
4801 5102
2838 3366
860 1642
2627 2936
1646 3014
1680 4346
4442 2331
4196 312
3642 5848
3178 1315
2939 4176
4753 2334
398 3415
1564 4962
457 616
1122 1002
5828 1346
5855 4056
5181 1318
2706 2846
3156 2843
5069 4870
1871 3019
1016 3067
2279 2851
1023 2718
1706 4967
3487 2273
2711 2011
4909 4399
789 4267
1791 562
4220 4612
5088 5804
841 4824
4656 5327
4079 2751
2898 133
1553 5889
5437 3656
2889 2988
2300 555
1284 2020
158 1327
5428 2686
5814 3935
2605 2884
2668 2501
3080 532
4090 3890
978 3441
4415 2922
2558 5104
3344 3077
5455 1133
242 2304
3279 4372
177 5866
2828 1063
733 2807
5157 191
5096 3393
1969 1059
2697 177
5288 2754
4763 4586
3960 1600
4207 1823
2673 1664
5525 4472
3161 1071
3767 2226
762 1449
5775 267
1951 4721
4140 4506
1914 1742
4129 1349
2833 3256
1078 1352
2060 3663
165 789
5433 3797
5934 3439
3673 2895
4643 3149
4992 3575
4765 270
3704 3165
469 5455
623 433
5212 1110
1716 1787
5219 4891
4990 564
2580 1849
2885 2170
327 1858
3335 3136
254 2248
4693 2971
3098 2741
1651 1702
3859 1860
4859 4271
5123 4581
1706 3864
2363 1469
3970 5047
2494 4932
2775 5494
5233 2485
498 4611
4322 1537
2625 5009
1709 1084
3669 5430
5864 1935
5090 5243
1576 2996
5522 95
3098 5469
931 4692
1084 5390
5684 3616
864 254
556 4382
3008 2954
3923 5579
2132 2098
3031 4105
2942 4202
4105 4943
4463 11
2925 70
5247 3199
254 4462
1321 2856
375 5287
4684 1033
2811 2456
2363 4027
1309 5372
5854 154
5465 4272
2863 3718
4458 4135
2782 3491
2225 2710
1198 1097
1845 3176
2405 3412
4957 3738
304 2645
3288 3840
44 1375
5877 4719
4334 379
2123 3969
1836 5364
579 4596
210 3180
1737 2155
5615 1350
5902 3979
3653 2793
1273 2031
2860 1587
5473 1509
943 1588
548 2143
1277 1311
708 2051
3930 2732
1221 3916
5515 4153
1 3302
1902 5300
1124 1381
3344 2899
2063 3615
2196 236
3593 5325
2883 1869
2313 4815
4502 2949
5390 4261
3246 1513
5847 438
3565 1696
763 381
2218 743
2243 4919
3617 3999
3467 3158
3153 1706
3748 4833
3836 4145
5733 3154
5754 337
5045 3542
70 4873
3139 5281
3583 3405
5263 7
5145 1510
3582 3844
698 288
2153 5381
4893 5131
878 4013
4946 3819
1566 2225
1244 4968
5486 2300
433 15
3174 5612
606 1806
597 5939
4641 588
2522 311
3773 4479
1036 4658
2345 3043
5076 3138
4561 5946
1566 842
3492 3639
1452 5280
1908 3778
4242 1869
937 3959
4411 1056
1614 5942
4979 3707
5171 117
186 3540
2953 5577
1191 342
4281 3905
5091 5933
94 251
3898 1997
3046 4653
302 2204
5252 2541
3923 5380
2929 537
5492 242
3847 5073
1917 458
3253 184
3934 3520
14 3638
1071 2080
5033 3256
4886 631
5586 3423
434 3655
3400 2093
5028 3127
5565 4363
5473 865
1673 1158
2049 4131
4552 1821
3427 4846
5943 1541
759 3530
5147 5109
2418 4864
986 3642
414 2894
3935 5444
5255 5255
5754 2455
1647 3376
1294 1500
4298 1237
482 3197
2435 2945
1 4764
4326 5849
4841 3692
3380 4226
5760 5399
3522 4423
4298 3526
2937 2740
5124 924
1992 381
3469 1132
1629 3816
1271 4398
4224 2606
5707 4894
3673 5551
1410 4269
3349 1787
5756 1726
2420 2697
3293 4746
3166 1443
2283 701
1193 1352
3394 5510
613 4250
5856 1499
897 2766
4201 51
4018 3982
2564 5498
1731 2426
5291 608
3168 5154
1695 442
3866 1390
307 4144
5270 5031
5516 3613
2750 1083
455 4355
2046 620
2195 5780
4712 1010
226 634
145 1829
4109 5536
4705 179
45 5734
3559 4688
339 1473
5491 2529
3856 4072
3466 1872
3437 4536
486 5083
3029 273
2275 4533
1942 3368
1603 1156
5732 163
2379 2513
470 1904
836 5899
2855 2254
5083 1380
2710 33
65 2674
1702 5154
5243 1184
3711 4333
2163 4266
1211 1490
229 5828
5514 4293
515 2292
4830 1230
210 2324
3968 3690
1755 5121
5209 3000
2299 5502
2954 5372
4147 5250
5877 3615
2744 901
3473 3869
4836 5927
250 2774
643 1514
30 861
3591 4003
3249 364
2949 4573
4986 510
70 2901
5700 5924
1271 4607
1230 3089
409 4848
1227 2542
4257 3762
3283 4438
425 5859
4432 411
2445 4646
4690 4207
1567 2064
2188 5516
3940 252
532 1165
2357 5032
4023 2499
4575 4134
946 2272
3571 3436
490 2863
2167 3140
2181 1594
4546 4700
3471 5267
5428 1015
1878 908
1388 5227
4079 2734
3056 5281
463 1366
633 313
2690 4019
3012 963
631 5322
1058 2550
1281 1938
1112 5053
4568 4200
2800 1668
4710 1581
4871 5856
1099 2227
5981 453
554 1827
440 413
4617 1817
2385 4488
4229 4422
2789 470
5755 3838
5717 5071
336 5624
166 5963
763 3233
4242 2874
854 9
102 4174
1584 3524
3218 1532
3677 810
12 2079
5684 4967
2653 4245
4304 3596
2418 3680
2400 364
1068 229
648 3696
240 2448
814 5411
5352 1711
5933 3063
5361 5651
101 2255
5803 1186
2777 1843
4732 1175
543 3087
685 3424
2900 2515
459 863
3734 5044
4119 3115
4936 3866
1543 3388
4401 5680
4035 5794
5085 5288
5272 4334
5466 1156
2649 3254
5821 2494
2745 2598
1131 2849
1842 5162
2432 4797
5329 4341
3403 3207
455 2510
3360 3862
1706 5949
5605 4727
1506 1538
3669 5163
812 847
4192 4692
442 409
5657 2251
2722 859
4247 2445
4107 3090
4484 233
211 1122
1969 4100
3899 1839
848 3989
5705 1269
3145 5561
4229 4738
2293 1952
4316 2950
3222 4942
1505 5306
2973 2011
1815 5382
291 3251
1208 1640
1121 1623
2065 3668
551 475
4067 2399
1305 4822
836 3939
1421 3172
588 5951
990 1111
5848 4356
1980 5170
3851 4761
1722 2365
3096 3207
4191 5252
377 4477
70 1208
2075 2605
4333 3804
1744 4061
1033 9
1787 4232
2385 1962
743 779
4671 4705
3745 8
5011 3424
5209 2742
5759 2049
1542 5854
3179 2287
3087 5920
5186 1339
1698 2172
500 5239
704 3466
2211 3342
47 4306
2230 4234
2871 1316
3768 4973
4662 2994
5881 1337
492 4001
2956 5528
2783 3228
5624 3412
1480 3809
4600 576
2405 641
443 4509
5349 1508
5844 5094
2863 4531
5610 901
1851 4285
5241 2603
2567 5570
5600 3628
3171 4987
5010 1424
5301 4352
2933 4884
1351 912
901 967
1924 5501
1170 5181
990 2877
845 4000
1067 3834
111 3289
1763 2547
5971 3019
3524 5993
2951 4697
4750 4179
1263 3387
3320 5866
1970 3582
3145 3518
2891 5536
4159 1903
681 4216
2108 2244
191 3324
5987 3176
1077 2936
1344 2552
5797 926
2846 2118
5967 3009
1934 2697
4277 1209
2694 5563
4304 2674
752 5705
5865 3004
5271 5751
1264 1948
61 2281
665 5370
1240 2683
1866 849
2528 619
3279 3251
19 1577
4006 3026
4130 2733
4819 1480
1009 4305
5949 3952
1482 4675
127 3594
3259 1925
3080 2091
467 5949
5916 5803
2681 3077
3312 2373
933 748
1889 3226
3413 4723
1374 4462
1866 1088
5274 1178
2520 2814
5691 5736
5114 2876
4734 3562
4395 3866
2336 980
3837 3167
5974 3437
4758 1301
102 4898
3455 4219
2188 4371
5956 3666
4454 5252
3078 1617
472 2910
3356 1362
809 795
1485 4466
4164 205
3639 4164
2201 2647
2940 2623
2457 467
4304 3116
445 2634
3324 2217
4831 3359
5486 4952
895 1637
4343 4400
4063 3684
731 1659
4744 2472
3060 4535
1363 3442
3040 3750
4609 4485
1071 5213
4644 1354
517 1320
5859 860
5022 1509
1242 621
2997 2580
3079 1088
1067 5262
2895 28
2135 5675
4775 479
6000 986
4235 2009
1877 4749
3402 5053
5429 5178
3527 5555
3031 5275
1002 5273
532 5535
3229 2157
5496 1687
640 1797
3988 1626
518 1367
2143 3889
918 1569
2880 283
4330 1570
3622 5242
3331 3039
2049 933
1715 3391
54 5556
3713 5647
862 663
2553 2816
5159 3232
1513 388
834 1587
5254 516
3667 717
1701 2957
1477 5531
5682 5326
3267 4334
1692 1915
720 5038
5975 5037
1792 1300
377 2880
541 5230
2957 340
707 5758
99 2749
5171 4700
3806 4819
3348 5312
52 4467
781 1672
1074 1227
4685 4504
390 194
148 4549
5459 5294
4183 3289
3136 1979
2447 5011
4201 5403
5786 2212
1533 1361
3049 1698
3598 549
3121 2792
3668 5491
2650 3044
3994 4635
2819 2409
3167 2179
2460 1147
583 672
1306 5029
104 1457
5894 3430
2253 4692
2030 1311
3318 2831
1075 2567
5446 1736
4458 2759
1140 5469
1163 3503
1579 526
613 4847
1881 670
4808 1487
3636 5893
3705 4983
288 4960
4737 2791
3626 720
1807 401
3873 2471
337 5274
215 1102
319 1517
548 2178
1137 4231
403 1058
4915 4492
2868 1139
5512 4641
3400 2444
2884 624
8 5338
1921 3735
3775 717
3867 4377
4475 201
2564 2011
2688 1751
2817 2888
901 2849
2426 4846
148 2825
222 5423
3230 3923
5805 961
597 4502
4508 3470
2049 4510
4597 3701
4252 4317
4500 2455
2966 2854
4475 1786
4721 3937
2894 1434
677 1946
4264 2627
2510 1730
2277 1848
2185 3420
4950 848
5963 4433
3248 3475
618 2765
5469 5937
865 5423
313 2651
353 45
3446 2360
5994 1406
1097 4866
1734 814
2858 5718
3471 1917
4536 5496
4900 3216
2931 28
2536 1807
3552 1630
1139 2309
3625 1435
1087 4020
3210 1622
4764 2542
1717 3364
4508 4013
5263 5600
1032 5180
2673 552
4233 2091
3127 4366
1599 591
692 2327
1502 1023
4989 591
4092 2296
3721 1876
2437 1355
2472 3207
3799 1962
5145 1742
1286 542
4753 4293
3353 724
1131 2488
5691 5819
4163 1162
5323 631
3530 4785
4044 5265
4101 551
246 3942
430 1819
4691 5763
4945 414
531 79
2080 1927
5320 4066
2800 4671
5179 5542
4378 4838
693 173
4987 844
5287 2122
4244 5512
5090 2294
5130 3173
2128 5197
5223 288
3753 1679
7 491
3615 1775
5020 4429
4147 4839
1963 1744
3469 5202
5949 3250
3176 2577
5343 1252
419 727
1650 478
2337 333
651 9
5530 3279
2932 2611
744 3868
4250 2127
715 1370
2061 1650
4469 527
5843 5735
3951 441
3044 1596
3858 5928
5951 3715
2159 5054
4868 5634
4952 1830
2105 1763
1012 3146
5974 3461
1967 1052
2936 441
1303 2222
