1000
83 90
83 90
97 93
52 29
56 1
5 26
94 40
76 40
56 1
80 48
80 48
14 20
80 48
97 93
76 40
94 40
52 29
76 40
14 20
83 90
56 1
96 90
5 100
54 39
63 57
83 90
53 74
95 14
95 14
83 90
97 93
45 57
63 57
15 91
15 91
10 26
10 26
10 26
1 56
80 48
56 1
53 74
52 29
94 40
97 93
80 48
95 14
15 91
56 1
53 74
45 57
53 74
54 39
52 29
5 26
54 39
5 26
5 26
94 40
15 91
95 14
97 93
83 90
1 56
63 57
80 48
5 100
95 14
10 26
52 29
83 90
83 90
53 74
94 40
5 26
95 14
97 93
54 39
52 29
97 93
94 40
5 26
10 26
53 74
95 14
41 7
14 20
97 93
5 100
45 57
63 57
80 48
52 29
15 91
5 100
76 40
95 14
10 26
10 26
5 26
96 90
95 14
41 7
45 57
97 93
14 20
52 29
76 40
15 91
5 100
53 74
94 40
95 14
15 91
76 40
80 48
1 56
5 26
56 1
14 20
56 1
95 14
94 40
15 91
53 74
95 14
94 40
53 74
80 48
1 56
94 40
1 56
95 14
63 57
5 26
1 56
76 40
95 14
10 26
45 57
80 48
52 29
1 56
83 90
1 56
41 7
5 100
14 20
94 40
15 91
41 7
95 14
14 20
52 29
63 57
15 91
97 93
83 90
95 14
53 74
5 26
54 39
41 7
96 90
80 48
63 57
97 93
54 39
80 48
94 40
45 57
94 40
94 40
52 29
5 100
95 14
97 93
76 40
95 14
54 39
1 56
10 26
54 39
54 39
97 93
56 1
15 91
45 57
97 93
53 74
63 57
41 7
10 26
76 40
83 90
10 26
80 48
15 91
63 57
83 90
94 40
14 20
52 29
5 100
94 40
14 20
56 1
96 90
95 14
94 40
15 91
14 20
80 48
95 14
52 29
97 93
97 93
94 40
97 93
95 14
52 29
5 26
14 20
97 93
96 90
5 100
80 48
45 57
63 57
45 57
52 29
95 14
83 90
14 20
45 57
83 90
14 20
15 91
96 90
56 1
97 93
80 48
15 91
10 26
10 26
14 20
5 26
14 20
95 14
94 40
41 7
41 7
56 1
52 29
41 7
45 57
5 100
52 29
95 14
1 56
56 1
94 40
80 48
53 74
41 7
97 93
15 91
5 100
96 90
95 14
80 48
41 7
56 1
14 20
52 29
94 40
63 57
95 14
45 57
15 91
1 56
5 100
15 91
56 1
53 74
53 74
15 91
63 57
14 20
53 74
5 26
5 26
5 26
95 14
56 1
15 91
1 56
53 74
41 7
80 48
76 40
83 90
97 93
54 39
1 56
97 93
96 90
80 48
53 74
53 74
80 48
15 91
1 56
95 14
56 1
54 39
63 57
14 20
15 91
53 74
15 91
94 40
56 1
5 100
54 39
54 39
95 14
83 90
15 91
63 57
56 1
54 39
53 74
5 100
10 26
5 26
52 29
14 20
5 100
56 1
94 40
80 48
83 90
96 90
83 90
41 7
97 93
14 20
41 7
96 90
10 26
83 90
94 40
15 91
41 7
80 48
76 40
54 39
95 14
5 26
5 100
63 57
14 20
97 93
53 74
80 48
94 40
56 1
95 14
97 93
80 48
83 90
94 40
56 1
53 74
97 93
95 14
5 26
80 48
94 40
83 90
56 1
1 56
41 7
54 39
52 29
52 29
1 56
41 7
96 90
5 100
56 1
56 1
54 39
76 40
95 14
5 26
83 90
5 100
52 29
10 26
52 29
83 90
5 26
94 40
56 1
5 100
10 26
54 39
53 74
56 1
56 1
52 29
80 48
45 57
5 100
5 100
1 56
1 56
80 48
52 29
80 48
80 48
41 7
80 48
15 91
80 48
80 48
97 93
14 20
41 7
76 40
95 14
53 74
5 26
76 40
52 29
94 40
52 29
63 57
53 74
15 91
41 7
83 90
63 57
45 57
41 7
63 57
1 56
53 74
56 1
63 57
54 39
52 29
56 1
54 39
41 7
15 91
5 100
5 100
56 1
1 56
5 100
53 74
5 26
94 40
80 48
52 29
1 56
94 40
5 26
15 91
5 26
95 14
95 14
1 56
76 40
94 40
15 91
41 7
54 39
76 40
56 1
94 40
54 39
15 91
95 14
63 57
95 14
97 93
56 1
95 14
97 93
94 40
5 26
10 26
53 74
54 39
63 57
5 100
52 29
10 26
5 100
54 39
97 93
41 7
10 26
45 57
5 26
15 91
83 90
45 57
52 29
52 29
56 1
54 39
63 57
80 48
80 48
5 26
5 100
56 1
94 40
56 1
14 20
5 100
54 39
76 40
80 48
5 100
15 91
14 20
95 14
94 40
96 90
14 20
5 26
63 57
56 1
10 26
14 20
95 14
5 26
97 93
54 39
96 90
1 56
63 57
96 90
10 26
97 93
45 57
56 1
95 14
76 40
5 26
5 100
15 91
5 26
5 100
5 26
53 74
95 14
15 91
63 57
63 57
53 74
94 40
56 1
53 74
41 7
41 7
96 90
10 26
97 93
15 91
45 57
83 90
95 14
41 7
97 93
41 7
10 26
54 39
41 7
97 93
76 40
14 20
45 57
83 90
15 91
56 1
96 90
45 57
14 20
56 1
56 1
5 26
54 39
14 20
80 48
14 20
52 29
41 7
83 90
97 93
96 90
45 57
97 93
41 7
41 7
10 26
52 29
15 91
94 40
45 57
53 74
45 57
76 40
56 1
76 40
5 100
14 20
76 40
95 14
45 57
5 26
5 100
5 100
10 26
45 57
45 57
54 39
97 93
5 26
10 26
14 20
76 40
10 26
53 74
15 91
96 90
76 40
14 20
95 14
52 29
14 20
54 39
80 48
14 20
76 40
5 100
95 14
83 90
94 40
53 74
41 7
63 57
83 90
1 56
63 57
63 57
5 100
76 40
52 29
54 39
76 40
76 40
52 29
15 91
97 93
52 29
5 100
45 57
15 91
45 57
15 91
97 93
41 7
76 40
80 48
45 57
97 93
80 48
56 1
10 26
52 29
63 57
95 14
54 39
56 1
1 56
10 26
80 48
41 7
63 57
15 91
1 56
63 57
56 1
97 93
76 40
45 57
76 40
80 48
15 91
15 91
5 100
95 14
52 29
14 20
15 91
52 29
76 40
96 90
53 74
76 40
15 91
80 48
54 39
80 48
15 91
94 40
80 48
52 29
1 56
5 100
45 57
54 39
97 93
80 48
10 26
80 48
97 93
94 40
63 57
5 100
14 20
96 90
76 40
10 26
5 26
80 48
5 100
97 93
5 26
54 39
14 20
5 100
1 56
95 14
10 26
56 1
63 57
83 90
94 40
1 56
1 56
5 26
80 48
80 48
10 26
96 90
41 7
53 74
41 7
96 90
83 90
45 57
63 57
15 91
14 20
54 39
41 7
52 29
5 100
97 93
63 57
63 57
54 39
80 48
1 56
76 40
97 93
76 40
41 7
76 40
5 26
1 56
15 91
96 90
15 91
76 40
76 40
63 57
63 57
15 91
80 48
10 26
96 90
95 14
53 74
76 40
83 90
94 40
63 57
53 74
76 40
56 1
52 29
1 56
52 29
53 74
53 74
15 91
83 90
95 14
94 40
97 93
83 90
96 90
41 7
53 74
52 29
54 39
54 39
97 93
95 14
63 57
95 14
45 57
45 57
96 90
97 93
94 40
80 48
95 14
56 1
14 20
97 93
96 90
53 74
5 26
80 48
80 48
45 57
14 20
83 90
76 40
5 100
41 7
54 39
95 14
15 91
53 74
83 90
94 40
14 20
63 57
54 39
1 56
83 90
41 7
63 57
80 48
54 39
97 93
52 29
95 14
94 40
63 57
94 40
5 26
14 20
96 90
10 26
15 91
96 90
15 91
97 93
54 39
15 91
54 39
52 29
41 7
15 91
95 14
14 20
54 39
95 14
1 56
14 20
76 40
76 40
5 100
94 40
5 100
63 57
83 90
80 48
56 1
15 91
10 26
63 57
95 14
52 29
52 29
15 91
56 1
76 40
5 100
83 90
5 100
96 90
94 40
5 26
95 14
54 39
5 100
5 100
56 1
96 90
56 1
53 74
41 7
10 26
41 7
5 100
41 7
97 93
45 57
63 57
54 39
1 56
83 90
97 93
94 40
53 74
94 40
97 93
52 29
95 14
94 40
15 91
94 40
41 7
53 74
76 40
94 40
56 1
1 56
95 14
5 26
97 93
5 100
14 20
53 74
45 57
97 93
53 74
10 26
56 1
5 26
56 1
54 39
41 7
10 26
76 40
10 26
53 74
45 57
10 26
76 40
1 56
5 26
94 40
45 57
83 90
76 40
76 40
83 90
14 20
94 40
96 90
56 1
54 39
45 57
56 1
1 56
97 93
94 40
97 93
52 29
45 57
5 100
5 26
53 74
53 74
5 100
41 7
