6000
1 6000
2 5999
3 5998
4 5997
5 5996
6 5995
7 5994
8 5993
9 5992
10 5991
11 5990
12 5989
13 5988
14 5987
15 5986
16 5985
17 5984
18 5983
19 5982
20 5981
21 5980
22 5979
23 5978
24 5977
25 5976
26 5975
27 5974
28 5973
29 5972
30 5971
31 5970
32 5969
33 5968
34 5967
35 5966
36 5965
37 5964
38 5963
39 5962
40 5961
41 5960
42 5959
43 5958
44 5957
45 5956
46 5955
47 5954
48 5953
49 5952
50 5951
51 5950
52 5949
53 5948
54 5947
55 5946
56 5945
57 5944
58 5943
59 5942
60 5941
61 5940
62 5939
63 5938
64 5937
65 5936
66 5935
67 5934
68 5933
69 5932
70 5931
71 5930
72 5929
73 5928
74 5927
75 5926
76 5925
77 5924
78 5923
79 5922
80 5921
81 5920
82 5919
83 5918
84 5917
85 5916
86 5915
87 5914
88 5913
89 5912
90 5911
91 5910
92 5909
93 5908
94 5907
95 5906
96 5905
97 5904
98 5903
99 5902
100 5901
101 5900
102 5899
103 5898
104 5897
105 5896
106 5895
107 5894
108 5893
109 5892
110 5891
111 5890
112 5889
113 5888
114 5887
115 5886
116 5885
117 5884
118 5883
119 5882
120 5881
121 5880
122 5879
123 5878
124 5877
125 5876
126 5875
127 5874
128 5873
129 5872
130 5871
131 5870
132 5869
133 5868
134 5867
135 5866
136 5865
137 5864
138 5863
139 5862
140 5861
141 5860
142 5859
143 5858
144 5857
145 5856
146 5855
147 5854
148 5853
149 5852
150 5851
151 5850
152 5849
153 5848
154 5847
155 5846
156 5845
157 5844
158 5843
159 5842
160 5841
161 5840
162 5839
163 5838
164 5837
165 5836
166 5835
167 5834
168 5833
169 5832
170 5831
171 5830
172 5829
173 5828
174 5827
175 5826
176 5825
177 5824
178 5823
179 5822
180 5821
181 5820
182 5819
183 5818
184 5817
185 5816
186 5815
187 5814
188 5813
189 5812
190 5811
191 5810
192 5809
193 5808
194 5807
195 5806
196 5805
197 5804
198 5803
199 5802
200 5801
201 5800
202 5799
203 5798
204 5797
205 5796
206 5795
207 5794
208 5793
209 5792
210 5791
211 5790
212 5789
213 5788
214 5787
215 5786
216 5785
217 5784
218 5783
219 5782
220 5781
221 5780
222 5779
223 5778
224 5777
225 5776
226 5775
227 5774
228 5773
229 5772
230 5771
231 5770
232 5769
233 5768
234 5767
235 5766
236 5765
237 5764
238 5763
239 5762
240 5761
241 5760
242 5759
243 5758
244 5757
245 5756
246 5755
247 5754
248 5753
249 5752
250 5751
251 5750
252 5749
253 5748
254 5747
255 5746
256 5745
257 5744
258 5743
259 5742
260 5741
261 5740
262 5739
263 5738
264 5737
265 5736
266 5735
267 5734
268 5733
269 5732
270 5731
271 5730
272 5729
273 5728
274 5727
275 5726
276 5725
277 5724
278 5723
279 5722
280 5721
281 5720
282 5719
283 5718
284 5717
285 5716
286 5715
287 5714
288 5713
289 5712
290 5711
291 5710
292 5709
293 5708
294 5707
295 5706
296 5705
297 5704
298 5703
299 5702
300 5701
301 5700
302 5699
303 5698
304 5697
305 5696
306 5695
307 5694
308 5693
309 5692
310 5691
311 5690
312 5689
313 5688
314 5687
315 5686
316 5685
317 5684
318 5683
319 5682
320 5681
321 5680
322 5679
323 5678
324 5677
325 5676
326 5675
327 5674
328 5673
329 5672
330 5671
331 5670
332 5669
333 5668
334 5667
335 5666
336 5665
337 5664
338 5663
339 5662
340 5661
341 5660
342 5659
343 5658
344 5657
345 5656
346 5655
347 5654
348 5653
349 5652
350 5651
351 5650
352 5649
353 5648
354 5647
355 5646
356 5645
357 5644
358 5643
359 5642
360 5641
361 5640
362 5639
363 5638
364 5637
365 5636
366 5635
367 5634
368 5633
369 5632
370 5631
371 5630
372 5629
373 5628
374 5627
375 5626
376 5625
377 5624
378 5623
379 5622
380 5621
381 5620
382 5619
383 5618
384 5617
385 5616
386 5615
387 5614
388 5613
389 5612
390 5611
391 5610
392 5609
393 5608
394 5607
395 5606
396 5605
397 5604
398 5603
399 5602
400 5601
401 5600
402 5599
403 5598
404 5597
405 5596
406 5595
407 5594
408 5593
409 5592
410 5591
411 5590
412 5589
413 5588
414 5587
415 5586
416 5585
417 5584
418 5583
419 5582
420 5581
421 5580
422 5579
423 5578
424 5577
425 5576
426 5575
427 5574
428 5573
429 5572
430 5571
431 5570
432 5569
433 5568
434 5567
435 5566
436 5565
437 5564
438 5563
439 5562
440 5561
441 5560
442 5559
443 5558
444 5557
445 5556
446 5555
447 5554
448 5553
449 5552
450 5551
451 5550
452 5549
453 5548
454 5547
455 5546
456 5545
457 5544
458 5543
459 5542
460 5541
461 5540
462 5539
463 5538
464 5537
465 5536
466 5535
467 5534
468 5533
469 5532
470 5531
471 5530
472 5529
473 5528
474 5527
475 5526
476 5525
477 5524
478 5523
479 5522
480 5521
481 5520
482 5519
483 5518
484 5517
485 5516
486 5515
487 5514
488 5513
489 5512
490 5511
491 5510
492 5509
493 5508
494 5507
495 5506
496 5505
497 5504
498 5503
499 5502
500 5501
501 5500
502 5499
503 5498
504 5497
505 5496
506 5495
507 5494
508 5493
509 5492
510 5491
511 5490
512 5489
513 5488
514 5487
515 5486
516 5485
517 5484
518 5483
519 5482
520 5481
521 5480
522 5479
523 5478
524 5477
525 5476
526 5475
527 5474
528 5473
529 5472
530 5471
531 5470
532 5469
533 5468
534 5467
535 5466
536 5465
537 5464
538 5463
539 5462
540 5461
541 5460
542 5459
543 5458
544 5457
545 5456
546 5455
547 5454
548 5453
549 5452
550 5451
551 5450
552 5449
553 5448
554 5447
555 5446
556 5445
557 5444
558 5443
559 5442
560 5441
561 5440
562 5439
563 5438
564 5437
565 5436
566 5435
567 5434
568 5433
569 5432
570 5431
571 5430
572 5429
573 5428
574 5427
575 5426
576 5425
577 5424
578 5423
579 5422
580 5421
581 5420
582 5419
583 5418
584 5417
585 5416
586 5415
587 5414
588 5413
589 5412
590 5411
591 5410
592 5409
593 5408
594 5407
595 5406
596 5405
597 5404
598 5403
599 5402
600 5401
601 5400
602 5399
603 5398
604 5397
605 5396
606 5395
607 5394
608 5393
609 5392
610 5391
611 5390
612 5389
613 5388
614 5387
615 5386
616 5385
617 5384
618 5383
619 5382
620 5381
621 5380
622 5379
623 5378
624 5377
625 5376
626 5375
627 5374
628 5373
629 5372
630 5371
631 5370
632 5369
633 5368
634 5367
635 5366
636 5365
637 5364
638 5363
639 5362
640 5361
641 5360
642 5359
643 5358
644 5357
645 5356
646 5355
647 5354
648 5353
649 5352
650 5351
651 5350
652 5349
653 5348
654 5347
655 5346
656 5345
657 5344
658 5343
659 5342
660 5341
661 5340
662 5339
663 5338
664 5337
665 5336
666 5335
667 5334
668 5333
669 5332
670 5331
671 5330
672 5329
673 5328
674 5327
675 5326
676 5325
677 5324
678 5323
679 5322
680 5321
681 5320
682 5319
683 5318
684 5317
685 5316
686 5315
687 5314
688 5313
689 5312
690 5311
691 5310
692 5309
693 5308
694 5307
695 5306
696 5305
697 5304
698 5303
699 5302
700 5301
701 5300
702 5299
703 5298
704 5297
705 5296
706 5295
707 5294
708 5293
709 5292
710 5291
711 5290
712 5289
713 5288
714 5287
715 5286
716 5285
717 5284
718 5283
719 5282
720 5281
721 5280
722 5279
723 5278
724 5277
725 5276
726 5275
727 5274
728 5273
729 5272
730 5271
731 5270
732 5269
733 5268
734 5267
735 5266
736 5265
737 5264
738 5263
739 5262
740 5261
741 5260
742 5259
743 5258
744 5257
745 5256
746 5255
747 5254
748 5253
749 5252
750 5251
751 5250
752 5249
753 5248
754 5247
755 5246
756 5245
757 5244
758 5243
759 5242
760 5241
761 5240
762 5239
763 5238
764 5237
765 5236
766 5235
767 5234
768 5233
769 5232
770 5231
771 5230
772 5229
773 5228
774 5227
775 5226
776 5225
777 5224
778 5223
779 5222
780 5221
781 5220
782 5219
783 5218
784 5217
785 5216
786 5215
787 5214
788 5213
789 5212
790 5211
791 5210
792 5209
793 5208
794 5207
795 5206
796 5205
797 5204
798 5203
799 5202
800 5201
801 5200
802 5199
803 5198
804 5197
805 5196
806 5195
807 5194
808 5193
809 5192
810 5191
811 5190
812 5189
813 5188
814 5187
815 5186
816 5185
817 5184
818 5183
819 5182
820 5181
821 5180
822 5179
823 5178
824 5177
825 5176
826 5175
827 5174
828 5173
829 5172
830 5171
831 5170
832 5169
833 5168
834 5167
835 5166
836 5165
837 5164
838 5163
839 5162
840 5161
841 5160
842 5159
843 5158
844 5157
845 5156
846 5155
847 5154
848 5153
849 5152
850 5151
851 5150
852 5149
853 5148
854 5147
855 5146
856 5145
857 5144
858 5143
859 5142
860 5141
861 5140
862 5139
863 5138
864 5137
865 5136
866 5135
867 5134
868 5133
869 5132
870 5131
871 5130
872 5129
873 5128
874 5127
875 5126
876 5125
877 5124
878 5123
879 5122
880 5121
881 5120
882 5119
883 5118
884 5117
885 5116
886 5115
887 5114
888 5113
889 5112
890 5111
891 5110
892 5109
893 5108
894 5107
895 5106
896 5105
897 5104
898 5103
899 5102
900 5101
901 5100
902 5099
903 5098
904 5097
905 5096
906 5095
907 5094
908 5093
909 5092
910 5091
911 5090
912 5089
913 5088
914 5087
915 5086
916 5085
917 5084
918 5083
919 5082
920 5081
921 5080
922 5079
923 5078
924 5077
925 5076
926 5075
927 5074
928 5073
929 5072
930 5071
931 5070
932 5069
933 5068
934 5067
935 5066
936 5065
937 5064
938 5063
939 5062
940 5061
941 5060
942 5059
943 5058
944 5057
945 5056
946 5055
947 5054
948 5053
949 5052
950 5051
951 5050
952 5049
953 5048
954 5047
955 5046
956 5045
957 5044
958 5043
959 5042
960 5041
961 5040
962 5039
963 5038
964 5037
965 5036
966 5035
967 5034
968 5033
969 5032
970 5031
971 5030
972 5029
973 5028
974 5027
975 5026
976 5025
977 5024
978 5023
979 5022
980 5021
981 5020
982 5019
983 5018
984 5017
985 5016
986 5015
987 5014
988 5013
989 5012
990 5011
991 5010
992 5009
993 5008
994 5007
995 5006
996 5005
997 5004
998 5003
999 5002
1000 5001
1001 5000
1002 4999
1003 4998
1004 4997
1005 4996
1006 4995
1007 4994
1008 4993
1009 4992
1010 4991
1011 4990
1012 4989
1013 4988
1014 4987
1015 4986
1016 4985
1017 4984
1018 4983
1019 4982
1020 4981
1021 4980
1022 4979
1023 4978
1024 4977
1025 4976
1026 4975
1027 4974
1028 4973
1029 4972
1030 4971
1031 4970
1032 4969
1033 4968
1034 4967
1035 4966
1036 4965
1037 4964
1038 4963
1039 4962
1040 4961
1041 4960
1042 4959
1043 4958
1044 4957
1045 4956
1046 4955
1047 4954
1048 4953
1049 4952
1050 4951
1051 4950
1052 4949
1053 4948
1054 4947
1055 4946
1056 4945
1057 4944
1058 4943
1059 4942
1060 4941
1061 4940
1062 4939
1063 4938
1064 4937
1065 4936
1066 4935
1067 4934
1068 4933
1069 4932
1070 4931
1071 4930
1072 4929
1073 4928
1074 4927
1075 4926
1076 4925
1077 4924
1078 4923
1079 4922
1080 4921
1081 4920
1082 4919
1083 4918
1084 4917
1085 4916
1086 4915
1087 4914
1088 4913
1089 4912
1090 4911
1091 4910
1092 4909
1093 4908
1094 4907
1095 4906
1096 4905
1097 4904
1098 4903
1099 4902
1100 4901
1101 4900
1102 4899
1103 4898
1104 4897
1105 4896
1106 4895
1107 4894
1108 4893
1109 4892
1110 4891
1111 4890
1112 4889
1113 4888
1114 4887
1115 4886
1116 4885
1117 4884
1118 4883
1119 4882
1120 4881
1121 4880
1122 4879
1123 4878
1124 4877
1125 4876
1126 4875
1127 4874
1128 4873
1129 4872
1130 4871
1131 4870
1132 4869
1133 4868
1134 4867
1135 4866
1136 4865
1137 4864
1138 4863
1139 4862
1140 4861
1141 4860
1142 4859
1143 4858
1144 4857
1145 4856
1146 4855
1147 4854
1148 4853
1149 4852
1150 4851
1151 4850
1152 4849
1153 4848
1154 4847
1155 4846
1156 4845
1157 4844
1158 4843
1159 4842
1160 4841
1161 4840
1162 4839
1163 4838
1164 4837
1165 4836
1166 4835
1167 4834
1168 4833
1169 4832
1170 4831
1171 4830
1172 4829
1173 4828
1174 4827
1175 4826
1176 4825
1177 4824
1178 4823
1179 4822
1180 4821
1181 4820
1182 4819
1183 4818
1184 4817
1185 4816
1186 4815
1187 4814
1188 4813
1189 4812
1190 4811
1191 4810
1192 4809
1193 4808
1194 4807
1195 4806
1196 4805
1197 4804
1198 4803
1199 4802
1200 4801
1201 4800
1202 4799
1203 4798
1204 4797
1205 4796
1206 4795
1207 4794
1208 4793
1209 4792
1210 4791
1211 4790
1212 4789
1213 4788
1214 4787
1215 4786
1216 4785
1217 4784
1218 4783
1219 4782
1220 4781
1221 4780
1222 4779
1223 4778
1224 4777
1225 4776
1226 4775
1227 4774
1228 4773
1229 4772
1230 4771
1231 4770
1232 4769
1233 4768
1234 4767
1235 4766
1236 4765
1237 4764
1238 4763
1239 4762
1240 4761
1241 4760
1242 4759
1243 4758
1244 4757
1245 4756
1246 4755
1247 4754
1248 4753
1249 4752
1250 4751
1251 4750
1252 4749
1253 4748
1254 4747
1255 4746
1256 4745
1257 4744
1258 4743
1259 4742
1260 4741
1261 4740
1262 4739
1263 4738
1264 4737
1265 4736
1266 4735
1267 4734
1268 4733
1269 4732
1270 4731
1271 4730
1272 4729
1273 4728
1274 4727
1275 4726
1276 4725
1277 4724
1278 4723
1279 4722
1280 4721
1281 4720
1282 4719
1283 4718
1284 4717
1285 4716
1286 4715
1287 4714
1288 4713
1289 4712
1290 4711
1291 4710
1292 4709
1293 4708
1294 4707
1295 4706
1296 4705
1297 4704
1298 4703
1299 4702
1300 4701
1301 4700
1302 4699
1303 4698
1304 4697
1305 4696
1306 4695
1307 4694
1308 4693
1309 4692
1310 4691
1311 4690
1312 4689
1313 4688
1314 4687
1315 4686
1316 4685
1317 4684
1318 4683
1319 4682
1320 4681
1321 4680
1322 4679
1323 4678
1324 4677
1325 4676
1326 4675
1327 4674
1328 4673
1329 4672
1330 4671
1331 4670
1332 4669
1333 4668
1334 4667
1335 4666
1336 4665
1337 4664
1338 4663
1339 4662
1340 4661
1341 4660
1342 4659
1343 4658
1344 4657
1345 4656
1346 4655
1347 4654
1348 4653
1349 4652
1350 4651
1351 4650
1352 4649
1353 4648
1354 4647
1355 4646
1356 4645
1357 4644
1358 4643
1359 4642
1360 4641
1361 4640
1362 4639
1363 4638
1364 4637
1365 4636
1366 4635
1367 4634
1368 4633
1369 4632
1370 4631
1371 4630
1372 4629
1373 4628
1374 4627
1375 4626
1376 4625
1377 4624
1378 4623
1379 4622
1380 4621
1381 4620
1382 4619
1383 4618
1384 4617
1385 4616
1386 4615
1387 4614
1388 4613
1389 4612
1390 4611
1391 4610
1392 4609
1393 4608
1394 4607
1395 4606
1396 4605
1397 4604
1398 4603
1399 4602
1400 4601
1401 4600
1402 4599
1403 4598
1404 4597
1405 4596
1406 4595
1407 4594
1408 4593
1409 4592
1410 4591
1411 4590
1412 4589
1413 4588
1414 4587
1415 4586
1416 4585
1417 4584
1418 4583
1419 4582
1420 4581
1421 4580
1422 4579
1423 4578
1424 4577
1425 4576
1426 4575
1427 4574
1428 4573
1429 4572
1430 4571
1431 4570
1432 4569
1433 4568
1434 4567
1435 4566
1436 4565
1437 4564
1438 4563
1439 4562
1440 4561
1441 4560
1442 4559
1443 4558
1444 4557
1445 4556
1446 4555
1447 4554
1448 4553
1449 4552
1450 4551
1451 4550
1452 4549
1453 4548
1454 4547
1455 4546
1456 4545
1457 4544
1458 4543
1459 4542
1460 4541
1461 4540
1462 4539
1463 4538
1464 4537
1465 4536
1466 4535
1467 4534
1468 4533
1469 4532
1470 4531
1471 4530
1472 4529
1473 4528
1474 4527
1475 4526
1476 4525
1477 4524
1478 4523
1479 4522
1480 4521
1481 4520
1482 4519
1483 4518
1484 4517
1485 4516
1486 4515
1487 4514
1488 4513
1489 4512
1490 4511
1491 4510
1492 4509
1493 4508
1494 4507
1495 4506
1496 4505
1497 4504
1498 4503
1499 4502
1500 4501
1501 4500
1502 4499
1503 4498
1504 4497
1505 4496
1506 4495
1507 4494
1508 4493
1509 4492
1510 4491
1511 4490
1512 4489
1513 4488
1514 4487
1515 4486
1516 4485
1517 4484
1518 4483
1519 4482
1520 4481
1521 4480
1522 4479
1523 4478
1524 4477
1525 4476
1526 4475
1527 4474
1528 4473
1529 4472
1530 4471
1531 4470
1532 4469
1533 4468
1534 4467
1535 4466
1536 4465
1537 4464
1538 4463
1539 4462
1540 4461
1541 4460
1542 4459
1543 4458
1544 4457
1545 4456
1546 4455
1547 4454
1548 4453
1549 4452
1550 4451
1551 4450
1552 4449
1553 4448
1554 4447
1555 4446
1556 4445
1557 4444
1558 4443
1559 4442
1560 4441
1561 4440
1562 4439
1563 4438
1564 4437
1565 4436
1566 4435
1567 4434
1568 4433
1569 4432
1570 4431
1571 4430
1572 4429
1573 4428
1574 4427
1575 4426
1576 4425
1577 4424
1578 4423
1579 4422
1580 4421
1581 4420
1582 4419
1583 4418
1584 4417
1585 4416
1586 4415
1587 4414
1588 4413
1589 4412
1590 4411
1591 4410
1592 4409
1593 4408
1594 4407
1595 4406
1596 4405
1597 4404
1598 4403
1599 4402
1600 4401
1601 4400
1602 4399
1603 4398
1604 4397
1605 4396
1606 4395
1607 4394
1608 4393
1609 4392
1610 4391
1611 4390
1612 4389
1613 4388
1614 4387
1615 4386
1616 4385
1617 4384
1618 4383
1619 4382
1620 4381
1621 4380
1622 4379
1623 4378
1624 4377
1625 4376
1626 4375
1627 4374
1628 4373
1629 4372
1630 4371
1631 4370
1632 4369
1633 4368
1634 4367
1635 4366
1636 4365
1637 4364
1638 4363
1639 4362
1640 4361
1641 4360
1642 4359
1643 4358
1644 4357
1645 4356
1646 4355
1647 4354
1648 4353
1649 4352
1650 4351
1651 4350
1652 4349
1653 4348
1654 4347
1655 4346
1656 4345
1657 4344
1658 4343
1659 4342
1660 4341
1661 4340
1662 4339
1663 4338
1664 4337
1665 4336
1666 4335
1667 4334
1668 4333
1669 4332
1670 4331
1671 4330
1672 4329
1673 4328
1674 4327
1675 4326
1676 4325
1677 4324
1678 4323
1679 4322
1680 4321
1681 4320
1682 4319
1683 4318
1684 4317
1685 4316
1686 4315
1687 4314
1688 4313
1689 4312
1690 4311
1691 4310
1692 4309
1693 4308
1694 4307
1695 4306
1696 4305
1697 4304
1698 4303
1699 4302
1700 4301
1701 4300
1702 4299
1703 4298
1704 4297
1705 4296
1706 4295
1707 4294
1708 4293
1709 4292
1710 4291
1711 4290
1712 4289
1713 4288
1714 4287
1715 4286
1716 4285
1717 4284
1718 4283
1719 4282
1720 4281
1721 4280
1722 4279
1723 4278
1724 4277
1725 4276
1726 4275
1727 4274
1728 4273
1729 4272
1730 4271
1731 4270
1732 4269
1733 4268
1734 4267
1735 4266
1736 4265
1737 4264
1738 4263
1739 4262
1740 4261
1741 4260
1742 4259
1743 4258
1744 4257
1745 4256
1746 4255
1747 4254
1748 4253
1749 4252
1750 4251
1751 4250
1752 4249
1753 4248
1754 4247
1755 4246
1756 4245
1757 4244
1758 4243
1759 4242
1760 4241
1761 4240
1762 4239
1763 4238
1764 4237
1765 4236
1766 4235
1767 4234
1768 4233
1769 4232
1770 4231
1771 4230
1772 4229
1773 4228
1774 4227
1775 4226
1776 4225
1777 4224
1778 4223
1779 4222
1780 4221
1781 4220
1782 4219
1783 4218
1784 4217
1785 4216
1786 4215
1787 4214
1788 4213
1789 4212
1790 4211
1791 4210
1792 4209
1793 4208
1794 4207
1795 4206
1796 4205
1797 4204
1798 4203
1799 4202
1800 4201
1801 4200
1802 4199
1803 4198
1804 4197
1805 4196
1806 4195
1807 4194
1808 4193
1809 4192
1810 4191
1811 4190
1812 4189
1813 4188
1814 4187
1815 4186
1816 4185
1817 4184
1818 4183
1819 4182
1820 4181
1821 4180
1822 4179
1823 4178
1824 4177
1825 4176
1826 4175
1827 4174
1828 4173
1829 4172
1830 4171
1831 4170
1832 4169
1833 4168
1834 4167
1835 4166
1836 4165
1837 4164
1838 4163
1839 4162
1840 4161
1841 4160
1842 4159
1843 4158
1844 4157
1845 4156
1846 4155
1847 4154
1848 4153
1849 4152
1850 4151
1851 4150
1852 4149
1853 4148
1854 4147
1855 4146
1856 4145
1857 4144
1858 4143
1859 4142
1860 4141
1861 4140
1862 4139
1863 4138
1864 4137
1865 4136
1866 4135
1867 4134
1868 4133
1869 4132
1870 4131
1871 4130
1872 4129
1873 4128
1874 4127
1875 4126
1876 4125
1877 4124
1878 4123
1879 4122
1880 4121
1881 4120
1882 4119
1883 4118
1884 4117
1885 4116
1886 4115
1887 4114
1888 4113
1889 4112
1890 4111
1891 4110
1892 4109
1893 4108
1894 4107
1895 4106
1896 4105
1897 4104
1898 4103
1899 4102
1900 4101
1901 4100
1902 4099
1903 4098
1904 4097
1905 4096
1906 4095
1907 4094
1908 4093
1909 4092
1910 4091
1911 4090
1912 4089
1913 4088
1914 4087
1915 4086
1916 4085
1917 4084
1918 4083
1919 4082
1920 4081
1921 4080
1922 4079
1923 4078
1924 4077
1925 4076
1926 4075
1927 4074
1928 4073
1929 4072
1930 4071
1931 4070
1932 4069
1933 4068
1934 4067
1935 4066
1936 4065
1937 4064
1938 4063
1939 4062
1940 4061
1941 4060
1942 4059
1943 4058
1944 4057
1945 4056
1946 4055
1947 4054
1948 4053
1949 4052
1950 4051
1951 4050
1952 4049
1953 4048
1954 4047
1955 4046
1956 4045
1957 4044
1958 4043
1959 4042
1960 4041
1961 4040
1962 4039
1963 4038
1964 4037
1965 4036
1966 4035
1967 4034
1968 4033
1969 4032
1970 4031
1971 4030
1972 4029
1973 4028
1974 4027
1975 4026
1976 4025
1977 4024
1978 4023
1979 4022
1980 4021
1981 4020
1982 4019
1983 4018
1984 4017
1985 4016
1986 4015
1987 4014
1988 4013
1989 4012
1990 4011
1991 4010
1992 4009
1993 4008
1994 4007
1995 4006
1996 4005
1997 4004
1998 4003
1999 4002
2000 4001
2001 4000
2002 3999
2003 3998
2004 3997
2005 3996
2006 3995
2007 3994
2008 3993
2009 3992
2010 3991
2011 3990
2012 3989
2013 3988
2014 3987
2015 3986
2016 3985
2017 3984
2018 3983
2019 3982
2020 3981
2021 3980
2022 3979
2023 3978
2024 3977
2025 3976
2026 3975
2027 3974
2028 3973
2029 3972
2030 3971
2031 3970
2032 3969
2033 3968
2034 3967
2035 3966
2036 3965
2037 3964
2038 3963
2039 3962
2040 3961
2041 3960
2042 3959
2043 3958
2044 3957
2045 3956
2046 3955
2047 3954
2048 3953
2049 3952
2050 3951
2051 3950
2052 3949
2053 3948
2054 3947
2055 3946
2056 3945
2057 3944
2058 3943
2059 3942
2060 3941
2061 3940
2062 3939
2063 3938
2064 3937
2065 3936
2066 3935
2067 3934
2068 3933
2069 3932
2070 3931
2071 3930
2072 3929
2073 3928
2074 3927
2075 3926
2076 3925
2077 3924
2078 3923
2079 3922
2080 3921
2081 3920
2082 3919
2083 3918
2084 3917
2085 3916
2086 3915
2087 3914
2088 3913
2089 3912
2090 3911
2091 3910
2092 3909
2093 3908
2094 3907
2095 3906
2096 3905
2097 3904
2098 3903
2099 3902
2100 3901
2101 3900
2102 3899
2103 3898
2104 3897
2105 3896
2106 3895
2107 3894
2108 3893
2109 3892
2110 3891
2111 3890
2112 3889
2113 3888
2114 3887
2115 3886
2116 3885
2117 3884
2118 3883
2119 3882
2120 3881
2121 3880
2122 3879
2123 3878
2124 3877
2125 3876
2126 3875
2127 3874
2128 3873
2129 3872
2130 3871
2131 3870
2132 3869
2133 3868
2134 3867
2135 3866
2136 3865
2137 3864
2138 3863
2139 3862
2140 3861
2141 3860
2142 3859
2143 3858
2144 3857
2145 3856
2146 3855
2147 3854
2148 3853
2149 3852
2150 3851
2151 3850
2152 3849
2153 3848
2154 3847
2155 3846
2156 3845
2157 3844
2158 3843
2159 3842
2160 3841
2161 3840
2162 3839
2163 3838
2164 3837
2165 3836
2166 3835
2167 3834
2168 3833
2169 3832
2170 3831
2171 3830
2172 3829
2173 3828
2174 3827
2175 3826
2176 3825
2177 3824
2178 3823
2179 3822
2180 3821
2181 3820
2182 3819
2183 3818
2184 3817
2185 3816
2186 3815
2187 3814
2188 3813
2189 3812
2190 3811
2191 3810
2192 3809
2193 3808
2194 3807
2195 3806
2196 3805
2197 3804
2198 3803
2199 3802
2200 3801
2201 3800
2202 3799
2203 3798
2204 3797
2205 3796
2206 3795
2207 3794
2208 3793
2209 3792
2210 3791
2211 3790
2212 3789
2213 3788
2214 3787
2215 3786
2216 3785
2217 3784
2218 3783
2219 3782
2220 3781
2221 3780
2222 3779
2223 3778
2224 3777
2225 3776
2226 3775
2227 3774
2228 3773
2229 3772
2230 3771
2231 3770
2232 3769
2233 3768
2234 3767
2235 3766
2236 3765
2237 3764
2238 3763
2239 3762
2240 3761
2241 3760
2242 3759
2243 3758
2244 3757
2245 3756
2246 3755
2247 3754
2248 3753
2249 3752
2250 3751
2251 3750
2252 3749
2253 3748
2254 3747
2255 3746
2256 3745
2257 3744
2258 3743
2259 3742
2260 3741
2261 3740
2262 3739
2263 3738
2264 3737
2265 3736
2266 3735
2267 3734
2268 3733
2269 3732
2270 3731
2271 3730
2272 3729
2273 3728
2274 3727
2275 3726
2276 3725
2277 3724
2278 3723
2279 3722
2280 3721
2281 3720
2282 3719
2283 3718
2284 3717
2285 3716
2286 3715
2287 3714
2288 3713
2289 3712
2290 3711
2291 3710
2292 3709
2293 3708
2294 3707
2295 3706
2296 3705
2297 3704
2298 3703
2299 3702
2300 3701
2301 3700
2302 3699
2303 3698
2304 3697
2305 3696
2306 3695
2307 3694
2308 3693
2309 3692
2310 3691
2311 3690
2312 3689
2313 3688
2314 3687
2315 3686
2316 3685
2317 3684
2318 3683
2319 3682
2320 3681
2321 3680
2322 3679
2323 3678
2324 3677
2325 3676
2326 3675
2327 3674
2328 3673
2329 3672
2330 3671
2331 3670
2332 3669
2333 3668
2334 3667
2335 3666
2336 3665
2337 3664
2338 3663
2339 3662
2340 3661
2341 3660
2342 3659
2343 3658
2344 3657
2345 3656
2346 3655
2347 3654
2348 3653
2349 3652
2350 3651
2351 3650
2352 3649
2353 3648
2354 3647
2355 3646
2356 3645
2357 3644
2358 3643
2359 3642
2360 3641
2361 3640
2362 3639
2363 3638
2364 3637
2365 3636
2366 3635
2367 3634
2368 3633
2369 3632
2370 3631
2371 3630
2372 3629
2373 3628
2374 3627
2375 3626
2376 3625
2377 3624
2378 3623
2379 3622
2380 3621
2381 3620
2382 3619
2383 3618
2384 3617
2385 3616
2386 3615
2387 3614
2388 3613
2389 3612
2390 3611
2391 3610
2392 3609
2393 3608
2394 3607
2395 3606
2396 3605
2397 3604
2398 3603
2399 3602
2400 3601
2401 3600
2402 3599
2403 3598
2404 3597
2405 3596
2406 3595
2407 3594
2408 3593
2409 3592
2410 3591
2411 3590
2412 3589
2413 3588
2414 3587
2415 3586
2416 3585
2417 3584
2418 3583
2419 3582
2420 3581
2421 3580
2422 3579
2423 3578
2424 3577
2425 3576
2426 3575
2427 3574
2428 3573
2429 3572
2430 3571
2431 3570
2432 3569
2433 3568
2434 3567
2435 3566
2436 3565
2437 3564
2438 3563
2439 3562
2440 3561
2441 3560
2442 3559
2443 3558
2444 3557
2445 3556
2446 3555
2447 3554
2448 3553
2449 3552
2450 3551
2451 3550
2452 3549
2453 3548
2454 3547
2455 3546
2456 3545
2457 3544
2458 3543
2459 3542
2460 3541
2461 3540
2462 3539
2463 3538
2464 3537
2465 3536
2466 3535
2467 3534
2468 3533
2469 3532
2470 3531
2471 3530
2472 3529
2473 3528
2474 3527
2475 3526
2476 3525
2477 3524
2478 3523
2479 3522
2480 3521
2481 3520
2482 3519
2483 3518
2484 3517
2485 3516
2486 3515
2487 3514
2488 3513
2489 3512
2490 3511
2491 3510
2492 3509
2493 3508
2494 3507
2495 3506
2496 3505
2497 3504
2498 3503
2499 3502
2500 3501
2501 3500
2502 3499
2503 3498
2504 3497
2505 3496
2506 3495
2507 3494
2508 3493
2509 3492
2510 3491
2511 3490
2512 3489
2513 3488
2514 3487
2515 3486
2516 3485
2517 3484
2518 3483
2519 3482
2520 3481
2521 3480
2522 3479
2523 3478
2524 3477
2525 3476
2526 3475
2527 3474
2528 3473
2529 3472
2530 3471
2531 3470
2532 3469
2533 3468
2534 3467
2535 3466
2536 3465
2537 3464
2538 3463
2539 3462
2540 3461
2541 3460
2542 3459
2543 3458
2544 3457
2545 3456
2546 3455
2547 3454
2548 3453
2549 3452
2550 3451
2551 3450
2552 3449
2553 3448
2554 3447
2555 3446
2556 3445
2557 3444
2558 3443
2559 3442
2560 3441
2561 3440
2562 3439
2563 3438
2564 3437
2565 3436
2566 3435
2567 3434
2568 3433
2569 3432
2570 3431
2571 3430
2572 3429
2573 3428
2574 3427
2575 3426
2576 3425
2577 3424
2578 3423
2579 3422
2580 3421
2581 3420
2582 3419
2583 3418
2584 3417
2585 3416
2586 3415
2587 3414
2588 3413
2589 3412
2590 3411
2591 3410
2592 3409
2593 3408
2594 3407
2595 3406
2596 3405
2597 3404
2598 3403
2599 3402
2600 3401
2601 3400
2602 3399
2603 3398
2604 3397
2605 3396
2606 3395
2607 3394
2608 3393
2609 3392
2610 3391
2611 3390
2612 3389
2613 3388
2614 3387
2615 3386
2616 3385
2617 3384
2618 3383
2619 3382
2620 3381
2621 3380
2622 3379
2623 3378
2624 3377
2625 3376
2626 3375
2627 3374
2628 3373
2629 3372
2630 3371
2631 3370
2632 3369
2633 3368
2634 3367
2635 3366
2636 3365
2637 3364
2638 3363
2639 3362
2640 3361
2641 3360
2642 3359
2643 3358
2644 3357
2645 3356
2646 3355
2647 3354
2648 3353
2649 3352
2650 3351
2651 3350
2652 3349
2653 3348
2654 3347
2655 3346
2656 3345
2657 3344
2658 3343
2659 3342
2660 3341
2661 3340
2662 3339
2663 3338
2664 3337
2665 3336
2666 3335
2667 3334
2668 3333
2669 3332
2670 3331
2671 3330
2672 3329
2673 3328
2674 3327
2675 3326
2676 3325
2677 3324
2678 3323
2679 3322
2680 3321
2681 3320
2682 3319
2683 3318
2684 3317
2685 3316
2686 3315
2687 3314
2688 3313
2689 3312
2690 3311
2691 3310
2692 3309
2693 3308
2694 3307
2695 3306
2696 3305
2697 3304
2698 3303
2699 3302
2700 3301
2701 3300
2702 3299
2703 3298
2704 3297
2705 3296
2706 3295
2707 3294
2708 3293
2709 3292
2710 3291
2711 3290
2712 3289
2713 3288
2714 3287
2715 3286
2716 3285
2717 3284
2718 3283
2719 3282
2720 3281
2721 3280
2722 3279
2723 3278
2724 3277
2725 3276
2726 3275
2727 3274
2728 3273
2729 3272
2730 3271
2731 3270
2732 3269
2733 3268
2734 3267
2735 3266
2736 3265
2737 3264
2738 3263
2739 3262
2740 3261
2741 3260
2742 3259
2743 3258
2744 3257
2745 3256
2746 3255
2747 3254
2748 3253
2749 3252
2750 3251
2751 3250
2752 3249
2753 3248
2754 3247
2755 3246
2756 3245
2757 3244
2758 3243
2759 3242
2760 3241
2761 3240
2762 3239
2763 3238
2764 3237
2765 3236
2766 3235
2767 3234
2768 3233
2769 3232
2770 3231
2771 3230
2772 3229
2773 3228
2774 3227
2775 3226
2776 3225
2777 3224
2778 3223
2779 3222
2780 3221
2781 3220
2782 3219
2783 3218
2784 3217
2785 3216
2786 3215
2787 3214
2788 3213
2789 3212
2790 3211
2791 3210
2792 3209
2793 3208
2794 3207
2795 3206
2796 3205
2797 3204
2798 3203
2799 3202
2800 3201
2801 3200
2802 3199
2803 3198
2804 3197
2805 3196
2806 3195
2807 3194
2808 3193
2809 3192
2810 3191
2811 3190
2812 3189
2813 3188
2814 3187
2815 3186
2816 3185
2817 3184
2818 3183
2819 3182
2820 3181
2821 3180
2822 3179
2823 3178
2824 3177
2825 3176
2826 3175
2827 3174
2828 3173
2829 3172
2830 3171
2831 3170
2832 3169
2833 3168
2834 3167
2835 3166
2836 3165
2837 3164
2838 3163
2839 3162
2840 3161
2841 3160
2842 3159
2843 3158
2844 3157
2845 3156
2846 3155
2847 3154
2848 3153
2849 3152
2850 3151
2851 3150
2852 3149
2853 3148
2854 3147
2855 3146
2856 3145
2857 3144
2858 3143
2859 3142
2860 3141
2861 3140
2862 3139
2863 3138
2864 3137
2865 3136
2866 3135
2867 3134
2868 3133
2869 3132
2870 3131
2871 3130
2872 3129
2873 3128
2874 3127
2875 3126
2876 3125
2877 3124
2878 3123
2879 3122
2880 3121
2881 3120
2882 3119
2883 3118
2884 3117
2885 3116
2886 3115
2887 3114
2888 3113
2889 3112
2890 3111
2891 3110
2892 3109
2893 3108
2894 3107
2895 3106
2896 3105
2897 3104
2898 3103
2899 3102
2900 3101
2901 3100
2902 3099
2903 3098
2904 3097
2905 3096
2906 3095
2907 3094
2908 3093
2909 3092
2910 3091
2911 3090
2912 3089
2913 3088
2914 3087
2915 3086
2916 3085
2917 3084
2918 3083
2919 3082
2920 3081
2921 3080
2922 3079
2923 3078
2924 3077
2925 3076
2926 3075
2927 3074
2928 3073
2929 3072
2930 3071
2931 3070
2932 3069
2933 3068
2934 3067
2935 3066
2936 3065
2937 3064
2938 3063
2939 3062
2940 3061
2941 3060
2942 3059
2943 3058
2944 3057
2945 3056
2946 3055
2947 3054
2948 3053
2949 3052
2950 3051
2951 3050
2952 3049
2953 3048
2954 3047
2955 3046
2956 3045
2957 3044
2958 3043
2959 3042
2960 3041
2961 3040
2962 3039
2963 3038
2964 3037
2965 3036
2966 3035
2967 3034
2968 3033
2969 3032
2970 3031
2971 3030
2972 3029
2973 3028
2974 3027
2975 3026
2976 3025
2977 3024
2978 3023
2979 3022
2980 3021
2981 3020
2982 3019
2983 3018
2984 3017
2985 3016
2986 3015
2987 3014
2988 3013
2989 3012
2990 3011
2991 3010
2992 3009
2993 3008
2994 3007
2995 3006
2996 3005
2997 3004
2998 3003
2999 3002
3000 3001
3001 3000
3002 2999
3003 2998
3004 2997
3005 2996
3006 2995
3007 2994
3008 2993
3009 2992
3010 2991
3011 2990
3012 2989
3013 2988
3014 2987
3015 2986
3016 2985
3017 2984
3018 2983
3019 2982
3020 2981
3021 2980
3022 2979
3023 2978
3024 2977
3025 2976
3026 2975
3027 2974
3028 2973
3029 2972
3030 2971
3031 2970
3032 2969
3033 2968
3034 2967
3035 2966
3036 2965
3037 2964
3038 2963
3039 2962
3040 2961
3041 2960
3042 2959
3043 2958
3044 2957
3045 2956
3046 2955
3047 2954
3048 2953
3049 2952
3050 2951
3051 2950
3052 2949
3053 2948
3054 2947
3055 2946
3056 2945
3057 2944
3058 2943
3059 2942
3060 2941
3061 2940
3062 2939
3063 2938
3064 2937
3065 2936
3066 2935
3067 2934
3068 2933
3069 2932
3070 2931
3071 2930
3072 2929
3073 2928
3074 2927
3075 2926
3076 2925
3077 2924
3078 2923
3079 2922
3080 2921
3081 2920
3082 2919
3083 2918
3084 2917
3085 2916
3086 2915
3087 2914
3088 2913
3089 2912
3090 2911
3091 2910
3092 2909
3093 2908
3094 2907
3095 2906
3096 2905
3097 2904
3098 2903
3099 2902
3100 2901
3101 2900
3102 2899
3103 2898
3104 2897
3105 2896
3106 2895
3107 2894
3108 2893
3109 2892
3110 2891
3111 2890
3112 2889
3113 2888
3114 2887
3115 2886
3116 2885
3117 2884
3118 2883
3119 2882
3120 2881
3121 2880
3122 2879
3123 2878
3124 2877
3125 2876
3126 2875
3127 2874
3128 2873
3129 2872
3130 2871
3131 2870
3132 2869
3133 2868
3134 2867
3135 2866
3136 2865
3137 2864
3138 2863
3139 2862
3140 2861
3141 2860
3142 2859
3143 2858
3144 2857
3145 2856
3146 2855
3147 2854
3148 2853
3149 2852
3150 2851
3151 2850
3152 2849
3153 2848
3154 2847
3155 2846
3156 2845
3157 2844
3158 2843
3159 2842
3160 2841
3161 2840
3162 2839
3163 2838
3164 2837
3165 2836
3166 2835
3167 2834
3168 2833
3169 2832
3170 2831
3171 2830
3172 2829
3173 2828
3174 2827
3175 2826
3176 2825
3177 2824
3178 2823
3179 2822
3180 2821
3181 2820
3182 2819
3183 2818
3184 2817
3185 2816
3186 2815
3187 2814
3188 2813
3189 2812
3190 2811
3191 2810
3192 2809
3193 2808
3194 2807
3195 2806
3196 2805
3197 2804
3198 2803
3199 2802
3200 2801
3201 2800
3202 2799
3203 2798
3204 2797
3205 2796
3206 2795
3207 2794
3208 2793
3209 2792
3210 2791
3211 2790
3212 2789
3213 2788
3214 2787
3215 2786
3216 2785
3217 2784
3218 2783
3219 2782
3220 2781
3221 2780
3222 2779
3223 2778
3224 2777
3225 2776
3226 2775
3227 2774
3228 2773
3229 2772
3230 2771
3231 2770
3232 2769
3233 2768
3234 2767
3235 2766
3236 2765
3237 2764
3238 2763
3239 2762
3240 2761
3241 2760
3242 2759
3243 2758
3244 2757
3245 2756
3246 2755
3247 2754
3248 2753
3249 2752
3250 2751
3251 2750
3252 2749
3253 2748
3254 2747
3255 2746
3256 2745
3257 2744
3258 2743
3259 2742
3260 2741
3261 2740
3262 2739
3263 2738
3264 2737
3265 2736
3266 2735
3267 2734
3268 2733
3269 2732
3270 2731
3271 2730
3272 2729
3273 2728
3274 2727
3275 2726
3276 2725
3277 2724
3278 2723
3279 2722
3280 2721
3281 2720
3282 2719
3283 2718
3284 2717
3285 2716
3286 2715
3287 2714
3288 2713
3289 2712
3290 2711
3291 2710
3292 2709
3293 2708
3294 2707
3295 2706
3296 2705
3297 2704
3298 2703
3299 2702
3300 2701
3301 2700
3302 2699
3303 2698
3304 2697
3305 2696
3306 2695
3307 2694
3308 2693
3309 2692
3310 2691
3311 2690
3312 2689
3313 2688
3314 2687
3315 2686
3316 2685
3317 2684
3318 2683
3319 2682
3320 2681
3321 2680
3322 2679
3323 2678
3324 2677
3325 2676
3326 2675
3327 2674
3328 2673
3329 2672
3330 2671
3331 2670
3332 2669
3333 2668
3334 2667
3335 2666
3336 2665
3337 2664
3338 2663
3339 2662
3340 2661
3341 2660
3342 2659
3343 2658
3344 2657
3345 2656
3346 2655
3347 2654
3348 2653
3349 2652
3350 2651
3351 2650
3352 2649
3353 2648
3354 2647
3355 2646
3356 2645
3357 2644
3358 2643
3359 2642
3360 2641
3361 2640
3362 2639
3363 2638
3364 2637
3365 2636
3366 2635
3367 2634
3368 2633
3369 2632
3370 2631
3371 2630
3372 2629
3373 2628
3374 2627
3375 2626
3376 2625
3377 2624
3378 2623
3379 2622
3380 2621
3381 2620
3382 2619
3383 2618
3384 2617
3385 2616
3386 2615
3387 2614
3388 2613
3389 2612
3390 2611
3391 2610
3392 2609
3393 2608
3394 2607
3395 2606
3396 2605
3397 2604
3398 2603
3399 2602
3400 2601
3401 2600
3402 2599
3403 2598
3404 2597
3405 2596
3406 2595
3407 2594
3408 2593
3409 2592
3410 2591
3411 2590
3412 2589
3413 2588
3414 2587
3415 2586
3416 2585
3417 2584
3418 2583
3419 2582
3420 2581
3421 2580
3422 2579
3423 2578
3424 2577
3425 2576
3426 2575
3427 2574
3428 2573
3429 2572
3430 2571
3431 2570
3432 2569
3433 2568
3434 2567
3435 2566
3436 2565
3437 2564
3438 2563
3439 2562
3440 2561
3441 2560
3442 2559
3443 2558
3444 2557
3445 2556
3446 2555
3447 2554
3448 2553
3449 2552
3450 2551
3451 2550
3452 2549
3453 2548
3454 2547
3455 2546
3456 2545
3457 2544
3458 2543
3459 2542
3460 2541
3461 2540
3462 2539
3463 2538
3464 2537
3465 2536
3466 2535
3467 2534
3468 2533
3469 2532
3470 2531
3471 2530
3472 2529
3473 2528
3474 2527
3475 2526
3476 2525
3477 2524
3478 2523
3479 2522
3480 2521
3481 2520
3482 2519
3483 2518
3484 2517
3485 2516
3486 2515
3487 2514
3488 2513
3489 2512
3490 2511
3491 2510
3492 2509
3493 2508
3494 2507
3495 2506
3496 2505
3497 2504
3498 2503
3499 2502
3500 2501
3501 2500
3502 2499
3503 2498
3504 2497
3505 2496
3506 2495
3507 2494
3508 2493
3509 2492
3510 2491
3511 2490
3512 2489
3513 2488
3514 2487
3515 2486
3516 2485
3517 2484
3518 2483
3519 2482
3520 2481
3521 2480
3522 2479
3523 2478
3524 2477
3525 2476
3526 2475
3527 2474
3528 2473
3529 2472
3530 2471
3531 2470
3532 2469
3533 2468
3534 2467
3535 2466
3536 2465
3537 2464
3538 2463
3539 2462
3540 2461
3541 2460
3542 2459
3543 2458
3544 2457
3545 2456
3546 2455
3547 2454
3548 2453
3549 2452
3550 2451
3551 2450
3552 2449
3553 2448
3554 2447
3555 2446
3556 2445
3557 2444
3558 2443
3559 2442
3560 2441
3561 2440
3562 2439
3563 2438
3564 2437
3565 2436
3566 2435
3567 2434
3568 2433
3569 2432
3570 2431
3571 2430
3572 2429
3573 2428
3574 2427
3575 2426
3576 2425
3577 2424
3578 2423
3579 2422
3580 2421
3581 2420
3582 2419
3583 2418
3584 2417
3585 2416
3586 2415
3587 2414
3588 2413
3589 2412
3590 2411
3591 2410
3592 2409
3593 2408
3594 2407
3595 2406
3596 2405
3597 2404
3598 2403
3599 2402
3600 2401
3601 2400
3602 2399
3603 2398
3604 2397
3605 2396
3606 2395
3607 2394
3608 2393
3609 2392
3610 2391
3611 2390
3612 2389
3613 2388
3614 2387
3615 2386
3616 2385
3617 2384
3618 2383
3619 2382
3620 2381
3621 2380
3622 2379
3623 2378
3624 2377
3625 2376
3626 2375
3627 2374
3628 2373
3629 2372
3630 2371
3631 2370
3632 2369
3633 2368
3634 2367
3635 2366
3636 2365
3637 2364
3638 2363
3639 2362
3640 2361
3641 2360
3642 2359
3643 2358
3644 2357
3645 2356
3646 2355
3647 2354
3648 2353
3649 2352
3650 2351
3651 2350
3652 2349
3653 2348
3654 2347
3655 2346
3656 2345
3657 2344
3658 2343
3659 2342
3660 2341
3661 2340
3662 2339
3663 2338
3664 2337
3665 2336
3666 2335
3667 2334
3668 2333
3669 2332
3670 2331
3671 2330
3672 2329
3673 2328
3674 2327
3675 2326
3676 2325
3677 2324
3678 2323
3679 2322
3680 2321
3681 2320
3682 2319
3683 2318
3684 2317
3685 2316
3686 2315
3687 2314
3688 2313
3689 2312
3690 2311
3691 2310
3692 2309
3693 2308
3694 2307
3695 2306
3696 2305
3697 2304
3698 2303
3699 2302
3700 2301
3701 2300
3702 2299
3703 2298
3704 2297
3705 2296
3706 2295
3707 2294
3708 2293
3709 2292
3710 2291
3711 2290
3712 2289
3713 2288
3714 2287
3715 2286
3716 2285
3717 2284
3718 2283
3719 2282
3720 2281
3721 2280
3722 2279
3723 2278
3724 2277
3725 2276
3726 2275
3727 2274
3728 2273
3729 2272
3730 2271
3731 2270
3732 2269
3733 2268
3734 2267
3735 2266
3736 2265
3737 2264
3738 2263
3739 2262
3740 2261
3741 2260
3742 2259
3743 2258
3744 2257
3745 2256
3746 2255
3747 2254
3748 2253
3749 2252
3750 2251
3751 2250
3752 2249
3753 2248
3754 2247
3755 2246
3756 2245
3757 2244
3758 2243
3759 2242
3760 2241
3761 2240
3762 2239
3763 2238
3764 2237
3765 2236
3766 2235
3767 2234
3768 2233
3769 2232
3770 2231
3771 2230
3772 2229
3773 2228
3774 2227
3775 2226
3776 2225
3777 2224
3778 2223
3779 2222
3780 2221
3781 2220
3782 2219
3783 2218
3784 2217
3785 2216
3786 2215
3787 2214
3788 2213
3789 2212
3790 2211
3791 2210
3792 2209
3793 2208
3794 2207
3795 2206
3796 2205
3797 2204
3798 2203
3799 2202
3800 2201
3801 2200
3802 2199
3803 2198
3804 2197
3805 2196
3806 2195
3807 2194
3808 2193
3809 2192
3810 2191
3811 2190
3812 2189
3813 2188
3814 2187
3815 2186
3816 2185
3817 2184
3818 2183
3819 2182
3820 2181
3821 2180
3822 2179
3823 2178
3824 2177
3825 2176
3826 2175
3827 2174
3828 2173
3829 2172
3830 2171
3831 2170
3832 2169
3833 2168
3834 2167
3835 2166
3836 2165
3837 2164
3838 2163
3839 2162
3840 2161
3841 2160
3842 2159
3843 2158
3844 2157
3845 2156
3846 2155
3847 2154
3848 2153
3849 2152
3850 2151
3851 2150
3852 2149
3853 2148
3854 2147
3855 2146
3856 2145
3857 2144
3858 2143
3859 2142
3860 2141
3861 2140
3862 2139
3863 2138
3864 2137
3865 2136
3866 2135
3867 2134
3868 2133
3869 2132
3870 2131
3871 2130
3872 2129
3873 2128
3874 2127
3875 2126
3876 2125
3877 2124
3878 2123
3879 2122
3880 2121
3881 2120
3882 2119
3883 2118
3884 2117
3885 2116
3886 2115
3887 2114
3888 2113
3889 2112
3890 2111
3891 2110
3892 2109
3893 2108
3894 2107
3895 2106
3896 2105
3897 2104
3898 2103
3899 2102
3900 2101
3901 2100
3902 2099
3903 2098
3904 2097
3905 2096
3906 2095
3907 2094
3908 2093
3909 2092
3910 2091
3911 2090
3912 2089
3913 2088
3914 2087
3915 2086
3916 2085
3917 2084
3918 2083
3919 2082
3920 2081
3921 2080
3922 2079
3923 2078
3924 2077
3925 2076
3926 2075
3927 2074
3928 2073
3929 2072
3930 2071
3931 2070
3932 2069
3933 2068
3934 2067
3935 2066
3936 2065
3937 2064
3938 2063
3939 2062
3940 2061
3941 2060
3942 2059
3943 2058
3944 2057
3945 2056
3946 2055
3947 2054
3948 2053
3949 2052
3950 2051
3951 2050
3952 2049
3953 2048
3954 2047
3955 2046
3956 2045
3957 2044
3958 2043
3959 2042
3960 2041
3961 2040
3962 2039
3963 2038
3964 2037
3965 2036
3966 2035
3967 2034
3968 2033
3969 2032
3970 2031
3971 2030
3972 2029
3973 2028
3974 2027
3975 2026
3976 2025
3977 2024
3978 2023
3979 2022
3980 2021
3981 2020
3982 2019
3983 2018
3984 2017
3985 2016
3986 2015
3987 2014
3988 2013
3989 2012
3990 2011
3991 2010
3992 2009
3993 2008
3994 2007
3995 2006
3996 2005
3997 2004
3998 2003
3999 2002
4000 2001
4001 2000
4002 1999
4003 1998
4004 1997
4005 1996
4006 1995
4007 1994
4008 1993
4009 1992
4010 1991
4011 1990
4012 1989
4013 1988
4014 1987
4015 1986
4016 1985
4017 1984
4018 1983
4019 1982
4020 1981
4021 1980
4022 1979
4023 1978
4024 1977
4025 1976
4026 1975
4027 1974
4028 1973
4029 1972
4030 1971
4031 1970
4032 1969
4033 1968
4034 1967
4035 1966
4036 1965
4037 1964
4038 1963
4039 1962
4040 1961
4041 1960
4042 1959
4043 1958
4044 1957
4045 1956
4046 1955
4047 1954
4048 1953
4049 1952
4050 1951
4051 1950
4052 1949
4053 1948
4054 1947
4055 1946
4056 1945
4057 1944
4058 1943
4059 1942
4060 1941
4061 1940
4062 1939
4063 1938
4064 1937
4065 1936
4066 1935
4067 1934
4068 1933
4069 1932
4070 1931
4071 1930
4072 1929
4073 1928
4074 1927
4075 1926
4076 1925
4077 1924
4078 1923
4079 1922
4080 1921
4081 1920
4082 1919
4083 1918
4084 1917
4085 1916
4086 1915
4087 1914
4088 1913
4089 1912
4090 1911
4091 1910
4092 1909
4093 1908
4094 1907
4095 1906
4096 1905
4097 1904
4098 1903
4099 1902
4100 1901
4101 1900
4102 1899
4103 1898
4104 1897
4105 1896
4106 1895
4107 1894
4108 1893
4109 1892
4110 1891
4111 1890
4112 1889
4113 1888
4114 1887
4115 1886
4116 1885
4117 1884
4118 1883
4119 1882
4120 1881
4121 1880
4122 1879
4123 1878
4124 1877
4125 1876
4126 1875
4127 1874
4128 1873
4129 1872
4130 1871
4131 1870
4132 1869
4133 1868
4134 1867
4135 1866
4136 1865
4137 1864
4138 1863
4139 1862
4140 1861
4141 1860
4142 1859
4143 1858
4144 1857
4145 1856
4146 1855
4147 1854
4148 1853
4149 1852
4150 1851
4151 1850
4152 1849
4153 1848
4154 1847
4155 1846
4156 1845
4157 1844
4158 1843
4159 1842
4160 1841
4161 1840
4162 1839
4163 1838
4164 1837
4165 1836
4166 1835
4167 1834
4168 1833
4169 1832
4170 1831
4171 1830
4172 1829
4173 1828
4174 1827
4175 1826
4176 1825
4177 1824
4178 1823
4179 1822
4180 1821
4181 1820
4182 1819
4183 1818
4184 1817
4185 1816
4186 1815
4187 1814
4188 1813
4189 1812
4190 1811
4191 1810
4192 1809
4193 1808
4194 1807
4195 1806
4196 1805
4197 1804
4198 1803
4199 1802
4200 1801
4201 1800
4202 1799
4203 1798
4204 1797
4205 1796
4206 1795
4207 1794
4208 1793
4209 1792
4210 1791
4211 1790
4212 1789
4213 1788
4214 1787
4215 1786
4216 1785
4217 1784
4218 1783
4219 1782
4220 1781
4221 1780
4222 1779
4223 1778
4224 1777
4225 1776
4226 1775
4227 1774
4228 1773
4229 1772
4230 1771
4231 1770
4232 1769
4233 1768
4234 1767
4235 1766
4236 1765
4237 1764
4238 1763
4239 1762
4240 1761
4241 1760
4242 1759
4243 1758
4244 1757
4245 1756
4246 1755
4247 1754
4248 1753
4249 1752
4250 1751
4251 1750
4252 1749
4253 1748
4254 1747
4255 1746
4256 1745
4257 1744
4258 1743
4259 1742
4260 1741
4261 1740
4262 1739
4263 1738
4264 1737
4265 1736
4266 1735
4267 1734
4268 1733
4269 1732
4270 1731
4271 1730
4272 1729
4273 1728
4274 1727
4275 1726
4276 1725
4277 1724
4278 1723
4279 1722
4280 1721
4281 1720
4282 1719
4283 1718
4284 1717
4285 1716
4286 1715
4287 1714
4288 1713
4289 1712
4290 1711
4291 1710
4292 1709
4293 1708
4294 1707
4295 1706
4296 1705
4297 1704
4298 1703
4299 1702
4300 1701
4301 1700
4302 1699
4303 1698
4304 1697
4305 1696
4306 1695
4307 1694
4308 1693
4309 1692
4310 1691
4311 1690
4312 1689
4313 1688
4314 1687
4315 1686
4316 1685
4317 1684
4318 1683
4319 1682
4320 1681
4321 1680
4322 1679
4323 1678
4324 1677
4325 1676
4326 1675
4327 1674
4328 1673
4329 1672
4330 1671
4331 1670
4332 1669
4333 1668
4334 1667
4335 1666
4336 1665
4337 1664
4338 1663
4339 1662
4340 1661
4341 1660
4342 1659
4343 1658
4344 1657
4345 1656
4346 1655
4347 1654
4348 1653
4349 1652
4350 1651
4351 1650
4352 1649
4353 1648
4354 1647
4355 1646
4356 1645
4357 1644
4358 1643
4359 1642
4360 1641
4361 1640
4362 1639
4363 1638
4364 1637
4365 1636
4366 1635
4367 1634
4368 1633
4369 1632
4370 1631
4371 1630
4372 1629
4373 1628
4374 1627
4375 1626
4376 1625
4377 1624
4378 1623
4379 1622
4380 1621
4381 1620
4382 1619
4383 1618
4384 1617
4385 1616
4386 1615
4387 1614
4388 1613
4389 1612
4390 1611
4391 1610
4392 1609
4393 1608
4394 1607
4395 1606
4396 1605
4397 1604
4398 1603
4399 1602
4400 1601
4401 1600
4402 1599
4403 1598
4404 1597
4405 1596
4406 1595
4407 1594
4408 1593
4409 1592
4410 1591
4411 1590
4412 1589
4413 1588
4414 1587
4415 1586
4416 1585
4417 1584
4418 1583
4419 1582
4420 1581
4421 1580
4422 1579
4423 1578
4424 1577
4425 1576
4426 1575
4427 1574
4428 1573
4429 1572
4430 1571
4431 1570
4432 1569
4433 1568
4434 1567
4435 1566
4436 1565
4437 1564
4438 1563
4439 1562
4440 1561
4441 1560
4442 1559
4443 1558
4444 1557
4445 1556
4446 1555
4447 1554
4448 1553
4449 1552
4450 1551
4451 1550
4452 1549
4453 1548
4454 1547
4455 1546
4456 1545
4457 1544
4458 1543
4459 1542
4460 1541
4461 1540
4462 1539
4463 1538
4464 1537
4465 1536
4466 1535
4467 1534
4468 1533
4469 1532
4470 1531
4471 1530
4472 1529
4473 1528
4474 1527
4475 1526
4476 1525
4477 1524
4478 1523
4479 1522
4480 1521
4481 1520
4482 1519
4483 1518
4484 1517
4485 1516
4486 1515
4487 1514
4488 1513
4489 1512
4490 1511
4491 1510
4492 1509
4493 1508
4494 1507
4495 1506
4496 1505
4497 1504
4498 1503
4499 1502
4500 1501
4501 1500
4502 1499
4503 1498
4504 1497
4505 1496
4506 1495
4507 1494
4508 1493
4509 1492
4510 1491
4511 1490
4512 1489
4513 1488
4514 1487
4515 1486
4516 1485
4517 1484
4518 1483
4519 1482
4520 1481
4521 1480
4522 1479
4523 1478
4524 1477
4525 1476
4526 1475
4527 1474
4528 1473
4529 1472
4530 1471
4531 1470
4532 1469
4533 1468
4534 1467
4535 1466
4536 1465
4537 1464
4538 1463
4539 1462
4540 1461
4541 1460
4542 1459
4543 1458
4544 1457
4545 1456
4546 1455
4547 1454
4548 1453
4549 1452
4550 1451
4551 1450
4552 1449
4553 1448
4554 1447
4555 1446
4556 1445
4557 1444
4558 1443
4559 1442
4560 1441
4561 1440
4562 1439
4563 1438
4564 1437
4565 1436
4566 1435
4567 1434
4568 1433
4569 1432
4570 1431
4571 1430
4572 1429
4573 1428
4574 1427
4575 1426
4576 1425
4577 1424
4578 1423
4579 1422
4580 1421
4581 1420
4582 1419
4583 1418
4584 1417
4585 1416
4586 1415
4587 1414
4588 1413
4589 1412
4590 1411
4591 1410
4592 1409
4593 1408
4594 1407
4595 1406
4596 1405
4597 1404
4598 1403
4599 1402
4600 1401
4601 1400
4602 1399
4603 1398
4604 1397
4605 1396
4606 1395
4607 1394
4608 1393
4609 1392
4610 1391
4611 1390
4612 1389
4613 1388
4614 1387
4615 1386
4616 1385
4617 1384
4618 1383
4619 1382
4620 1381
4621 1380
4622 1379
4623 1378
4624 1377
4625 1376
4626 1375
4627 1374
4628 1373
4629 1372
4630 1371
4631 1370
4632 1369
4633 1368
4634 1367
4635 1366
4636 1365
4637 1364
4638 1363
4639 1362
4640 1361
4641 1360
4642 1359
4643 1358
4644 1357
4645 1356
4646 1355
4647 1354
4648 1353
4649 1352
4650 1351
4651 1350
4652 1349
4653 1348
4654 1347
4655 1346
4656 1345
4657 1344
4658 1343
4659 1342
4660 1341
4661 1340
4662 1339
4663 1338
4664 1337
4665 1336
4666 1335
4667 1334
4668 1333
4669 1332
4670 1331
4671 1330
4672 1329
4673 1328
4674 1327
4675 1326
4676 1325
4677 1324
4678 1323
4679 1322
4680 1321
4681 1320
4682 1319
4683 1318
4684 1317
4685 1316
4686 1315
4687 1314
4688 1313
4689 1312
4690 1311
4691 1310
4692 1309
4693 1308
4694 1307
4695 1306
4696 1305
4697 1304
4698 1303
4699 1302
4700 1301
4701 1300
4702 1299
4703 1298
4704 1297
4705 1296
4706 1295
4707 1294
4708 1293
4709 1292
4710 1291
4711 1290
4712 1289
4713 1288
4714 1287
4715 1286
4716 1285
4717 1284
4718 1283
4719 1282
4720 1281
4721 1280
4722 1279
4723 1278
4724 1277
4725 1276
4726 1275
4727 1274
4728 1273
4729 1272
4730 1271
4731 1270
4732 1269
4733 1268
4734 1267
4735 1266
4736 1265
4737 1264
4738 1263
4739 1262
4740 1261
4741 1260
4742 1259
4743 1258
4744 1257
4745 1256
4746 1255
4747 1254
4748 1253
4749 1252
4750 1251
4751 1250
4752 1249
4753 1248
4754 1247
4755 1246
4756 1245
4757 1244
4758 1243
4759 1242
4760 1241
4761 1240
4762 1239
4763 1238
4764 1237
4765 1236
4766 1235
4767 1234
4768 1233
4769 1232
4770 1231
4771 1230
4772 1229
4773 1228
4774 1227
4775 1226
4776 1225
4777 1224
4778 1223
4779 1222
4780 1221
4781 1220
4782 1219
4783 1218
4784 1217
4785 1216
4786 1215
4787 1214
4788 1213
4789 1212
4790 1211
4791 1210
4792 1209
4793 1208
4794 1207
4795 1206
4796 1205
4797 1204
4798 1203
4799 1202
4800 1201
4801 1200
4802 1199
4803 1198
4804 1197
4805 1196
4806 1195
4807 1194
4808 1193
4809 1192
4810 1191
4811 1190
4812 1189
4813 1188
4814 1187
4815 1186
4816 1185
4817 1184
4818 1183
4819 1182
4820 1181
4821 1180
4822 1179
4823 1178
4824 1177
4825 1176
4826 1175
4827 1174
4828 1173
4829 1172
4830 1171
4831 1170
4832 1169
4833 1168
4834 1167
4835 1166
4836 1165
4837 1164
4838 1163
4839 1162
4840 1161
4841 1160
4842 1159
4843 1158
4844 1157
4845 1156
4846 1155
4847 1154
4848 1153
4849 1152
4850 1151
4851 1150
4852 1149
4853 1148
4854 1147
4855 1146
4856 1145
4857 1144
4858 1143
4859 1142
4860 1141
4861 1140
4862 1139
4863 1138
4864 1137
4865 1136
4866 1135
4867 1134
4868 1133
4869 1132
4870 1131
4871 1130
4872 1129
4873 1128
4874 1127
4875 1126
4876 1125
4877 1124
4878 1123
4879 1122
4880 1121
4881 1120
4882 1119
4883 1118
4884 1117
4885 1116
4886 1115
4887 1114
4888 1113
4889 1112
4890 1111
4891 1110
4892 1109
4893 1108
4894 1107
4895 1106
4896 1105
4897 1104
4898 1103
4899 1102
4900 1101
4901 1100
4902 1099
4903 1098
4904 1097
4905 1096
4906 1095
4907 1094
4908 1093
4909 1092
4910 1091
4911 1090
4912 1089
4913 1088
4914 1087
4915 1086
4916 1085
4917 1084
4918 1083
4919 1082
4920 1081
4921 1080
4922 1079
4923 1078
4924 1077
4925 1076
4926 1075
4927 1074
4928 1073
4929 1072
4930 1071
4931 1070
4932 1069
4933 1068
4934 1067
4935 1066
4936 1065
4937 1064
4938 1063
4939 1062
4940 1061
4941 1060
4942 1059
4943 1058
4944 1057
4945 1056
4946 1055
4947 1054
4948 1053
4949 1052
4950 1051
4951 1050
4952 1049
4953 1048
4954 1047
4955 1046
4956 1045
4957 1044
4958 1043
4959 1042
4960 1041
4961 1040
4962 1039
4963 1038
4964 1037
4965 1036
4966 1035
4967 1034
4968 1033
4969 1032
4970 1031
4971 1030
4972 1029
4973 1028
4974 1027
4975 1026
4976 1025
4977 1024
4978 1023
4979 1022
4980 1021
4981 1020
4982 1019
4983 1018
4984 1017
4985 1016
4986 1015
4987 1014
4988 1013
4989 1012
4990 1011
4991 1010
4992 1009
4993 1008
4994 1007
4995 1006
4996 1005
4997 1004
4998 1003
4999 1002
5000 1001
5001 1000
5002 999
5003 998
5004 997
5005 996
5006 995
5007 994
5008 993
5009 992
5010 991
5011 990
5012 989
5013 988
5014 987
5015 986
5016 985
5017 984
5018 983
5019 982
5020 981
5021 980
5022 979
5023 978
5024 977
5025 976
5026 975
5027 974
5028 973
5029 972
5030 971
5031 970
5032 969
5033 968
5034 967
5035 966
5036 965
5037 964
5038 963
5039 962
5040 961
5041 960
5042 959
5043 958
5044 957
5045 956
5046 955
5047 954
5048 953
5049 952
5050 951
5051 950
5052 949
5053 948
5054 947
5055 946
5056 945
5057 944
5058 943
5059 942
5060 941
5061 940
5062 939
5063 938
5064 937
5065 936
5066 935
5067 934
5068 933
5069 932
5070 931
5071 930
5072 929
5073 928
5074 927
5075 926
5076 925
5077 924
5078 923
5079 922
5080 921
5081 920
5082 919
5083 918
5084 917
5085 916
5086 915
5087 914
5088 913
5089 912
5090 911
5091 910
5092 909
5093 908
5094 907
5095 906
5096 905
5097 904
5098 903
5099 902
5100 901
5101 900
5102 899
5103 898
5104 897
5105 896
5106 895
5107 894
5108 893
5109 892
5110 891
5111 890
5112 889
5113 888
5114 887
5115 886
5116 885
5117 884
5118 883
5119 882
5120 881
5121 880
5122 879
5123 878
5124 877
5125 876
5126 875
5127 874
5128 873
5129 872
5130 871
5131 870
5132 869
5133 868
5134 867
5135 866
5136 865
5137 864
5138 863
5139 862
5140 861
5141 860
5142 859
5143 858
5144 857
5145 856
5146 855
5147 854
5148 853
5149 852
5150 851
5151 850
5152 849
5153 848
5154 847
5155 846
5156 845
5157 844
5158 843
5159 842
5160 841
5161 840
5162 839
5163 838
5164 837
5165 836
5166 835
5167 834
5168 833
5169 832
5170 831
5171 830
5172 829
5173 828
5174 827
5175 826
5176 825
5177 824
5178 823
5179 822
5180 821
5181 820
5182 819
5183 818
5184 817
5185 816
5186 815
5187 814
5188 813
5189 812
5190 811
5191 810
5192 809
5193 808
5194 807
5195 806
5196 805
5197 804
5198 803
5199 802
5200 801
5201 800
5202 799
5203 798
5204 797
5205 796
5206 795
5207 794
5208 793
5209 792
5210 791
5211 790
5212 789
5213 788
5214 787
5215 786
5216 785
5217 784
5218 783
5219 782
5220 781
5221 780
5222 779
5223 778
5224 777
5225 776
5226 775
5227 774
5228 773
5229 772
5230 771
5231 770
5232 769
5233 768
5234 767
5235 766
5236 765
5237 764
5238 763
5239 762
5240 761
5241 760
5242 759
5243 758
5244 757
5245 756
5246 755
5247 754
5248 753
5249 752
5250 751
5251 750
5252 749
5253 748
5254 747
5255 746
5256 745
5257 744
5258 743
5259 742
5260 741
5261 740
5262 739
5263 738
5264 737
5265 736
5266 735
5267 734
5268 733
5269 732
5270 731
5271 730
5272 729
5273 728
5274 727
5275 726
5276 725
5277 724
5278 723
5279 722
5280 721
5281 720
5282 719
5283 718
5284 717
5285 716
5286 715
5287 714
5288 713
5289 712
5290 711
5291 710
5292 709
5293 708
5294 707
5295 706
5296 705
5297 704
5298 703
5299 702
5300 701
5301 700
5302 699
5303 698
5304 697
5305 696
5306 695
5307 694
5308 693
5309 692
5310 691
5311 690
5312 689
5313 688
5314 687
5315 686
5316 685
5317 684
5318 683
5319 682
5320 681
5321 680
5322 679
5323 678
5324 677
5325 676
5326 675
5327 674
5328 673
5329 672
5330 671
5331 670
5332 669
5333 668
5334 667
5335 666
5336 665
5337 664
5338 663
5339 662
5340 661
5341 660
5342 659
5343 658
5344 657
5345 656
5346 655
5347 654
5348 653
5349 652
5350 651
5351 650
5352 649
5353 648
5354 647
5355 646
5356 645
5357 644
5358 643
5359 642
5360 641
5361 640
5362 639
5363 638
5364 637
5365 636
5366 635
5367 634
5368 633
5369 632
5370 631
5371 630
5372 629
5373 628
5374 627
5375 626
5376 625
5377 624
5378 623
5379 622
5380 621
5381 620
5382 619
5383 618
5384 617
5385 616
5386 615
5387 614
5388 613
5389 612
5390 611
5391 610
5392 609
5393 608
5394 607
5395 606
5396 605
5397 604
5398 603
5399 602
5400 601
5401 600
5402 599
5403 598
5404 597
5405 596
5406 595
5407 594
5408 593
5409 592
5410 591
5411 590
5412 589
5413 588
5414 587
5415 586
5416 585
5417 584
5418 583
5419 582
5420 581
5421 580
5422 579
5423 578
5424 577
5425 576
5426 575
5427 574
5428 573
5429 572
5430 571
5431 570
5432 569
5433 568
5434 567
5435 566
5436 565
5437 564
5438 563
5439 562
5440 561
5441 560
5442 559
5443 558
5444 557
5445 556
5446 555
5447 554
5448 553
5449 552
5450 551
5451 550
5452 549
5453 548
5454 547
5455 546
5456 545
5457 544
5458 543
5459 542
5460 541
5461 540
5462 539
5463 538
5464 537
5465 536
5466 535
5467 534
5468 533
5469 532
5470 531
5471 530
5472 529
5473 528
5474 527
5475 526
5476 525
5477 524
5478 523
5479 522
5480 521
5481 520
5482 519
5483 518
5484 517
5485 516
5486 515
5487 514
5488 513
5489 512
5490 511
5491 510
5492 509
5493 508
5494 507
5495 506
5496 505
5497 504
5498 503
5499 502
5500 501
5501 500
5502 499
5503 498
5504 497
5505 496
5506 495
5507 494
5508 493
5509 492
5510 491
5511 490
5512 489
5513 488
5514 487
5515 486
5516 485
5517 484
5518 483
5519 482
5520 481
5521 480
5522 479
5523 478
5524 477
5525 476
5526 475
5527 474
5528 473
5529 472
5530 471
5531 470
5532 469
5533 468
5534 467
5535 466
5536 465
5537 464
5538 463
5539 462
5540 461
5541 460
5542 459
5543 458
5544 457
5545 456
5546 455
5547 454
5548 453
5549 452
5550 451
5551 450
5552 449
5553 448
5554 447
5555 446
5556 445
5557 444
5558 443
5559 442
5560 441
5561 440
5562 439
5563 438
5564 437
5565 436
5566 435
5567 434
5568 433
5569 432
5570 431
5571 430
5572 429
5573 428
5574 427
5575 426
5576 425
5577 424
5578 423
5579 422
5580 421
5581 420
5582 419
5583 418
5584 417
5585 416
5586 415
5587 414
5588 413
5589 412
5590 411
5591 410
5592 409
5593 408
5594 407
5595 406
5596 405
5597 404
5598 403
5599 402
5600 401
5601 400
5602 399
5603 398
5604 397
5605 396
5606 395
5607 394
5608 393
5609 392
5610 391
5611 390
5612 389
5613 388
5614 387
5615 386
5616 385
5617 384
5618 383
5619 382
5620 381
5621 380
5622 379
5623 378
5624 377
5625 376
5626 375
5627 374
5628 373
5629 372
5630 371
5631 370
5632 369
5633 368
5634 367
5635 366
5636 365
5637 364
5638 363
5639 362
5640 361
5641 360
5642 359
5643 358
5644 357
5645 356
5646 355
5647 354
5648 353
5649 352
5650 351
5651 350
5652 349
5653 348
5654 347
5655 346
5656 345
5657 344
5658 343
5659 342
5660 341
5661 340
5662 339
5663 338
5664 337
5665 336
5666 335
5667 334
5668 333
5669 332
5670 331
5671 330
5672 329
5673 328
5674 327
5675 326
5676 325
5677 324
5678 323
5679 322
5680 321
5681 320
5682 319
5683 318
5684 317
5685 316
5686 315
5687 314
5688 313
5689 312
5690 311
5691 310
5692 309
5693 308
5694 307
5695 306
5696 305
5697 304
5698 303
5699 302
5700 301
5701 300
5702 299
5703 298
5704 297
5705 296
5706 295
5707 294
5708 293
5709 292
5710 291
5711 290
5712 289
5713 288
5714 287
5715 286
5716 285
5717 284
5718 283
5719 282
5720 281
5721 280
5722 279
5723 278
5724 277
5725 276
5726 275
5727 274
5728 273
5729 272
5730 271
5731 270
5732 269
5733 268
5734 267
5735 266
5736 265
5737 264
5738 263
5739 262
5740 261
5741 260
5742 259
5743 258
5744 257
5745 256
5746 255
5747 254
5748 253
5749 252
5750 251
5751 250
5752 249
5753 248
5754 247
5755 246
5756 245
5757 244
5758 243
5759 242
5760 241
5761 240
5762 239
5763 238
5764 237
5765 236
5766 235
5767 234
5768 233
5769 232
5770 231
5771 230
5772 229
5773 228
5774 227
5775 226
5776 225
5777 224
5778 223
5779 222
5780 221
5781 220
5782 219
5783 218
5784 217
5785 216
5786 215
5787 214
5788 213
5789 212
5790 211
5791 210
5792 209
5793 208
5794 207
5795 206
5796 205
5797 204
5798 203
5799 202
5800 201
5801 200
5802 199
5803 198
5804 197
5805 196
5806 195
5807 194
5808 193
5809 192
5810 191
5811 190
5812 189
5813 188
5814 187
5815 186
5816 185
5817 184
5818 183
5819 182
5820 181
5821 180
5822 179
5823 178
5824 177
5825 176
5826 175
5827 174
5828 173
5829 172
5830 171
5831 170
5832 169
5833 168
5834 167
5835 166
5836 165
5837 164
5838 163
5839 162
5840 161
5841 160
5842 159
5843 158
5844 157
5845 156
5846 155
5847 154
5848 153
5849 152
5850 151
5851 150
5852 149
5853 148
5854 147
5855 146
5856 145
5857 144
5858 143
5859 142
5860 141
5861 140
5862 139
5863 138
5864 137
5865 136
5866 135
5867 134
5868 133
5869 132
5870 131
5871 130
5872 129
5873 128
5874 127
5875 126
5876 125
5877 124
5878 123
5879 122
5880 121
5881 120
5882 119
5883 118
5884 117
5885 116
5886 115
5887 114
5888 113
5889 112
5890 111
5891 110
5892 109
5893 108
5894 107
5895 106
5896 105
5897 104
5898 103
5899 102
5900 101
5901 100
5902 99
5903 98
5904 97
5905 96
5906 95
5907 94
5908 93
5909 92
5910 91
5911 90
5912 89
5913 88
5914 87
5915 86
5916 85
5917 84
5918 83
5919 82
5920 81
5921 80
5922 79
5923 78
5924 77
5925 76
5926 75
5927 74
5928 73
5929 72
5930 71
5931 70
5932 69
5933 68
5934 67
5935 66
5936 65
5937 64
5938 63
5939 62
5940 61
5941 60
5942 59
5943 58
5944 57
5945 56
5946 55
5947 54
5948 53
5949 52
5950 51
5951 50
5952 49
5953 48
5954 47
5955 46
5956 45
5957 44
5958 43
5959 42
5960 41
5961 40
5962 39
5963 38
5964 37
5965 36
5966 35
5967 34
5968 33
5969 32
5970 31
5971 30
5972 29
5973 28
5974 27
5975 26
5976 25
5977 24
5978 23
5979 22
5980 21
5981 20
5982 19
5983 18
5984 17
5985 16
5986 15
5987 14
5988 13
5989 12
5990 11
5991 10
5992 9
5993 8
5994 7
5995 6
5996 5
5997 4
5998 3
5999 2
6000 1
