100
10 7
15 11
19 12
26 13
32 16
35 18
44 21
48 29
57 39
65 42
75 52
77 60
87 68
97 74
98 83
105 89
108 92
117 93
126 102
134 107
142 115
146 120
151 121
154 131
163 138
169 142
172 143
173 152
181 157
188 167
196 169
202 176
208 185
213 188
222 197
232 206
236 216
245 217
250 223
259 224
262 231
263 235
273 241
279 246
287 247
290 256
295 261
299 268
306 278
307 288
309 298
312 302
316 303
317 304
321 312
324 319
326 322
331 331
336 335
342 337
343 339
352 347
354 350
355 355
361 360
364 365
370 375
378 379
383 380
385 388
395 390
399 395
401 405
407 414
416 417
426 421
436 422
441 425
449 433
454 438
457 442
465 446
469 452
472 461
476 471
482 472
488 474
493 476
495 480
499 489
504 497
509 505
518 507
527 509
537 514
538 518
541 520
550 524
554 528
557 537
