2000
4259 770
1448 3054
1926 1667
3184 5139
2840 118
4577 2469
470 388
4793 208
5743 3626
970 5011
1847 2874
4362 4226
2695 3655
3955 1363
5723 2588
2660 3697
1315 3590
2750 5356
1858 1173
4151 4823
514 3392
171 2009
1343 5918
1206 189
3767 5021
3627 3826
4608 3246
5856 1611
1186 3479
1728 2191
2057 2944
1079 3658
2884 71
3194 347
4585 5852
2157 2340
2639 1717
1642 1293
1330 2123
3297 866
338 4283
1874 4224
2548 4423
53 2380
4847 4723
546 4876
2081 600
345 747
2856 3715
2124 825
5162 279
3584 2009
3325 2583
4928 2290
575 813
2618 959
4463 2294
1679 5215
3010 3012
4407 3701
2095 4763
5611 4953
547 5236
4442 245
1582 3276
4164 5496
260 3446
1346 3911
254 4581
4156 5223
4422 1427
1409 2660
3310 3565
4003 206
3338 2613
3928 503
1409 4959
4122 5190
752 132
5992 1142
1191 3618
2835 1831
4314 2009
5266 3500
2113 3247
5534 5724
4680 2622
3782 818
5952 2785
1949 5805
5420 3370
1031 1680
1237 3839
5616 675
2359 3176
3045 1328
5361 4611
3592 4407
553 1969
1184 3994
5190 2230
871 3570
4612 2812
1306 536
2116 5697
669 3293
1081 2116
1828 3890
3531 2012
2907 817
4568 3873
3199 3906
1630 3329
5539 742
1731 3452
3708 4545
1629 4601
1829 1703
4826 4895
4316 4310
2730 4636
1027 1276
3679 210
3968 4781
4260 4101
4253 1262
5587 1966
1753 3853
5133 3243
2741 5366
3719 876
1687 4751
3607 1272
5450 3885
2283 534
973 1949
2770 805
2048 1628
4177 2260
506 1119
3919 2602
2053 3324
1801 1167
2432 1103
4719 449
5820 3607
1141 5729
3136 2694
1619 4115
2518 1476
3878 146
715 1436
3548 4297
1506 237
4652 4075
242 2090
5404 699
644 3483
617 5829
1894 1722
2163 2564
3258 2679
4749 537
3063 1317
4785 4395
807 2154
5931 1809
1336 1635
825 2538
3339 5389
433 1333
2536 5597
2683 697
2152 2361
2211 3727
4858 2765
3560 5298
4446 1480
224 2550
2109 3180
2738 799
5599 5777
4698 3045
3027 5090
5576 2118
1675 3278
3969 820
157 40
3645 5059
4851 5160
2007 4700
5100 2233
4049 2429
4393 2696
941 935
1232 4907
948 815
1661 184
2403 2445
3612 3753
3706 992
1616 5199
5707 1623
704 5132
3025 4585
3748 2871
390 431
44 764
3131 3605
5593 2042
1796 4620
4354 2499
649 1131
2945 207
4743 2873
3284 1481
493 5685
1196 4976
2592 4095
4465 4424
5447 940
4540 103
3295 3589
5563 3368
2024 1880
4768 1131
5382 4758
1587 195
4625 5860
2396 2278
2917 1018
1737 3217
355 4919
3742 1602
1742 3258
1200 1420
3647 3834
3161 5334
178 2384
3624 5468
2871 344
3598 4637
1841 2084
3409 3851
810 5000
1196 5070
5725 5007
4653 1953
5515 2852
5638 1236
3943 474
4174 5016
1114 4997
1149 5254
5583 3839
4403 1945
3640 5156
5921 3359
3527 4550
1678 1307
1990 5449
771 3350
2832 1176
2160 4922
469 847
1477 5686
2218 5870
5241 1117
4023 3197
3287 1878
4951 5394
2428 5053
4235 1260
715 5729
23 2684
5145 452
1668 1095
2992 5550
1789 5973
3776 2987
5250 2853
650 168
4871 3879
3556 426
5830 2560
1799 2263
1481 5498
4180 4026
1505 225
2731 483
5602 3063
3282 3221
4308 848
5412 1399
2388 1079
3231 5220
5072 1128
4949 106
127 5684
4524 3983
3607 3440
5806 279
1173 965
3642 4239
681 2082
5345 1238
103 1797
1369 3470
4775 1062
2510 3823
3221 3341
940 5845
449 4087
1046 781
5153 612
2226 188
811 4204
5435 2440
11 5237
4958 3645
291 2303
4205 4425
1125 3784
4015 3712
203 648
1422 2952
2352 4359
4583 910
3349 1138
4782 640
4973 3882
3351 481
3024 4852
3118 1929
2396 2938
1760 4786
2959 936
3296 2732
3039 2032
1619 713
3666 5207
5204 1266
5702 5765
5761 4016
2122 3833
5531 4932
3507 2771
554 4799
4345 4920
2215 394
3399 2050
4641 4032
270 2781
5881 5151
1362 4651
5781 5499
4955 545
2560 1195
5782 4152
5080 90
5170 3101
4560 3543
5236 1681
2332 1957
1795 5881
4455 5820
4348 2751
5728 3766
5103 607
4312 5475
3888 3451
2134 4805
5367 5816
2387 181
2576 607
1551 4556
5228 3085
4186 4795
1198 3475
2555 3316
3055 5798
429 2494
3899 5488
3453 5604
4754 445
3709 2407
3064 5567
2756 4808
2213 2187
2348 4543
5333 1002
3651 4151
1384 3017
2842 239
3844 89
2873 4282
94 559
5241 3184
3253 1189
4856 5787
2167 5399
4681 427
5994 3415
2689 3251
3877 5578
635 4137
2468 4745
2901 3817
3111 4881
3761 5267
2691 5571
2997 2425
319 4373
1451 1474
1769 2302
2738 4458
2127 1790
171 5919
1622 36
1981 117
5991 710
561 1747
2941 2077
3142 5124
232 774
3662 4088
1900 3794
4559 4832
883 1286
2708 2517
3511 4348
2426 3041
2953 833
4179 5076
989 2565
4470 3105
5803 3614
1085 3278
2272 309
2517 5976
1515 2999
162 5788
4896 4261
5960 1295
2936 4532
2787 5176
2575 5294
2736 4992
4645 1632
5362 1033
4222 3770
3262 4148
3026 1394
2031 1945
3069 1905
2466 5267
2992 5684
2427 2657
510 4556
1567 983
2768 2526
4504 2571
1298 1188
5300 712
484 891
5910 2686
5481 4691
1668 3056
2587 3298
1223 3524
3733 4577
5166 5911
1880 2605
5483 1479
2919 1639
5492 1895
5786 2549
5283 1934
5871 255
3623 3528
484 3282
4385 3139
3071 5825
56 5556
150 1759
1445 2592
519 1190
2440 4659
4257 195
4001 3900
3865 5191
3863 2463
2439 2856
869 818
486 3566
4776 2592
4231 4790
5794 1145
3070 4322
1402 1184
1780 2663
1674 5836
4467 3247
4112 4903
5437 869
5853 226
4214 3003
1657 4495
5125 4390
4589 4533
519 3345
1975 5376
5132 4902
378 4879
1256 2808
395 2340
3395 1469
3941 1527
3738 956
1942 196
5132 211
4992 3112
61 2979
4505 5224
1414 5506
1739 3242
2883 3640
1124 2425
5172 578
3143 5781
412 2755
1178 3857
581 5054
4630 596
1163 3485
4506 1064
5612 4765
89 2846
814 1775
5767 4120
4617 153
3247 5102
5561 1763
4160 3146
2781 5643
2955 1356
1899 4721
1463 5798
4586 1819
3694 3744
2486 1123
1949 2677
2735 5924
3000 5
1562 1792
707 5393
1295 109
538 4082
793 979
5050 4691
1833 176
1301 5602
2388 4980
5219 3251
3584 1621
1403 1677
1627 5436
5854 4763
212 23
4845 3804
5808 4021
1022 3443
4470 2493
4363 871
3763 2039
1570 4724
1783 1025
4758 5097
1990 2155
268 425
1641 1579
4719 5162
5658 1259
5917 440
1019 1126
2744 5395
3648 4286
4471 5820
4640 313
818 2028
3480 319
1128 158
2232 2382
2205 4384
4980 422
3732 5286
3812 4350
4874 5399
4852 4461
3179 334
3829 3825
1930 2858
1434 3484
2302 1918
492 5105
3775 5746
5047 1548
4669 3744
4650 3879
2921 2856
731 1334
618 5628
1665 5628
4586 965
3688 2899
4647 1980
2097 249
1522 3265
4143 3901
1875 3256
3834 2278
2659 775
1952 3564
480 2794
5135 4317
3773 1039
2493 202
143 2954
4688 983
337 1122
1462 1726
1009 4002
3823 765
2609 4329
397 2083
1463 2619
5771 5095
1469 4397
547 5681
49 3516
2423 5103
4278 2023
5097 5522
5906 5393
5346 5182
3086 1856
3823 877
4041 2001
5823 4941
757 1329
3991 5565
1256 4789
126 2308
3485 211
4705 2603
1969 3319
4304 701
2566 4175
767 126
1347 2911
4566 4145
625 5998
5042 4369
112 215
5265 3529
2368 361
5962 172
184 4024
1843 5470
67 5482
3353 5080
5870 3706
572 1992
4060 440
5583 959
3522 3222
4348 3361
2139 5229
3823 2920
756 1654
2726 2658
737 5330
4759 1534
39 5267
1498 2899
4448 2272
1563 4746
362 2549
4025 2735
2088 4288
5130 2771
4047 1734
1765 2781
4410 4572
4102 5076
2871 3262
3453 5623
4984 3275
303 3621
899 4566
2932 869
4899 3287
3159 1472
5188 5144
5418 370
282 5369
5727 4972
3659 1773
3344 4165
2624 5019
3271 1796
3001 3773
871 5912
5270 1364
1841 4417
3982 3426
2272 3236
3532 5822
5934 4330
5741 1908
1388 3857
2867 1122
2238 826
5029 3213
4540 2329
2397 618
4003 5145
5064 3285
5490 2821
2138 1101
5182 1072
4103 454
2494 5406
3643 4645
415 3880
1347 5272
2913 2669
866 3052
4504 1099
3661 5557
1132 3098
4095 1913
1273 513
5862 373
3760 447
5524 3207
4052 1876
2127 2514
5230 4901
5553 2941
3834 2363
5848 1972
984 436
2103 5237
3531 1985
1972 1893
4845 2407
5384 1433
2025 3150
786 5613
2752 1973
4756 5760
4997 2332
2420 2886
4705 952
2893 1317
5055 434
4683 1976
1841 3880
4210 5103
4601 3819
2200 5053
833 2544
4279 3193
4916 2463
4476 1022
5938 4855
1803 2234
416 5576
760 1587
2070 5447
127 5965
1967 4829
3805 2981
1004 5929
5684 394
1169 3209
4827 4990
2519 5573
2540 921
3833 1765
4357 3686
3927 3813
3783 5317
2757 3016
5994 2871
2525 674
167 3189
2185 3437
3180 1354
298 1669
2188 3348
3140 5948
5980 5591
511 5735
4696 426
3032 446
2843 4999
3309 4960
1514 3551
373 2893
730 1780
5014 362
2022 3774
3165 2897
2938 1847
1466 2558
5194 527
3201 803
204 4120
1274 3796
5609 4714
5937 3356
464 5153
4839 1607
5844 4602
2639 1062
3353 4154
5826 878
5290 2423
2683 2489
1350 3100
3612 4915
5967 2809
3784 4318
5530 977
3494 5742
3393 1515
308 5550
3492 1650
4674 2970
1715 405
771 3523
3638 5367
1311 4126
4294 2176
2388 4997
3009 5386
1744 660
5561 3573
5593 2685
3526 5283
1061 3445
4063 5004
2562 2213
2021 3020
3999 1737
121 5936
1841 5348
4929 4621
5104 795
5527 2825
4663 1861
1529 5888
1623 4210
1674 5200
772 2817
3616 797
4086 2615
5924 1998
5994 2735
4229 1598
1903 4309
1093 5100
4586 842
10 235
2274 5411
2223 2259
2948 2058
1296 2462
3136 507
5441 3132
3370 56
5960 3759
874 1830
511 1584
5084 2894
3523 1064
833 5181
4279 3400
1581 3732
2546 5169
423 2328
4524 29
2731 3459
3365 5604
1115 3073
3039 584
410 4180
2687 2602
3552 609
4368 4386
1977 5297
79 3099
5365 209
4464 644
4346 882
2456 1872
2381 5337
5697 5767
5501 4112
2697 2163
4808 5636
1811 932
1284 5877
4964 1932
1400 2105
3543 3524
464 808
2778 2261
4476 5985
4079 1952
2017 740
5228 2471
1558 279
5659 3777
41 4354
1738 3978
5144 3010
1628 2624
2984 5385
1159 1543
3986 764
1588 2870
177 5428
3427 3496
277 5358
4228 5244
130 3275
1486 2326
1170 4449
3419 5292
3599 5175
1738 1049
1338 3821
1629 493
5623 3442
5433 3322
5838 3420
3544 2441
3724 884
858 5876
1440 4183
4303 1961
2222 4710
5391 525
1967 1430
2498 550
191 3153
2312 1984
814 4100
5299 2474
1504 5967
2216 5270
5981 5800
5474 1260
5585 4232
4383 3719
557 4892
849 1142
3284 1589
3581 2269
3679 3561
1887 5506
3450 3856
933 3488
2565 2983
1440 3735
4931 5344
1446 810
718 3216
850 975
5441 4752
3346 835
2253 4861
248 5283
1509 5737
3530 2580
817 5319
5027 893
2543 5858
3119 4488
4813 5943
2659 52
177 4454
4498 85
3345 2677
3305 2003
1099 141
3812 1351
5870 2059
1366 5329
3071 1120
2934 2789
5862 2802
5004 4568
4478 2313
5144 5464
2328 4418
1436 2994
2760 3648
4845 3226
71 4246
2358 4950
1983 2382
3396 3011
3826 1957
5323 3743
5476 5436
623 4861
124 4921
3116 4564
1399 5924
5328 5040
5941 2746
4795 3024
2026 686
5910 1638
46 3427
1865 5994
686 4115
3794 1175
361 3803
1141 5085
2419 1532
1591 5741
4469 3404
1170 1984
2635 3459
4293 2865
1717 1007
3281 4654
4390 3856
5612 1611
3896 4620
3762 5486
2135 5100
1743 1252
4657 2237
2150 5291
2252 3729
4237 4646
336 5595
3823 4989
4313 1975
5481 3114
4198 4591
5821 5532
1357 4215
1682 2984
293 1698
5825 4387
5098 1802
1034 473
3916 2796
1357 4474
368 89
1602 3639
5390 4903
2369 3001
5585 3470
2842 171
2634 3836
2463 4267
2238 5713
5989 3213
1347 516
967 5000
3671 1532
899 710
4633 4119
2954 5624
1086 1014
20 4273
3229 2383
3130 4646
4083 2106
2955 5156
2592 2517
3143 2618
3209 5680
4359 1242
1044 1682
4355 4365
1262 3538
1082 5788
3128 4270
1598 1399
630 3640
2469 1618
4079 4035
2185 2611
5408 2746
5849 3830
5609 4234
4374 2169
2942 1716
2775 2544
1079 3980
1461 5138
4704 2796
960 282
5146 1105
568 4967
328 4013
2868 5756
3203 2564
2495 465
3335 2847
2806 5232
2291 172
2091 456
4669 363
1157 4990
4492 179
4414 1815
1900 3691
2595 96
5182 5649
4120 1862
3797 5591
1409 4686
3609 1696
5306 2110
2104 1480
5633 2402
1184 5193
4502 1304
1447 4871
1297 1236
1139 2885
3116 2237
4002 2334
3285 2766
3716 2621
2798 2134
4620 4788
381 2920
2786 4633
5340 3852
3235 133
2394 3836
5312 2099
5656 4568
2459 5959
3900 5635
4365 5396
2241 5571
675 3141
1270 2580
4972 725
4907 4486
4429 5575
5431 4347
3549 3487
2276 5802
761 3814
4369 2735
4833 970
4719 2952
2121 2763
5557 2649
425 4224
5693 2761
558 3328
212 2147
1702 5385
2477 5958
2632 1581
5007 4614
3722 5472
4595 5784
2569 75
5863 3850
4613 1308
61 3321
5649 5876
1516 2552
4007 1511
1070 4112
4659 1040
1793 2010
307 5034
5623 5927
1997 808
1301 4809
3465 5918
935 3607
195 1269
3867 1277
4507 5819
3841 1337
740 4721
1058 5999
2904 2363
3542 4726
1042 5956
2524 121
2082 71
630 4552
2397 4791
154 5316
587 2120
5266 502
695 1651
2669 5096
2851 2758
2508 5194
4833 2274
5797 4623
5627 4619
3092 1629
3339 5420
5781 5185
468 5632
443 1689
1303 5914
5181 5720
1295 2958
3811 37
1926 1845
4653 92
3917 141
5900 75
5480 3319
2471 4374
2160 1000
2760 821
2431 3672
1485 5857
3751 5270
4855 5114
5788 2049
4318 2515
2325 3536
3739 2532
4543 732
4204 4040
2762 2785
2995 3981
4858 5153
1640 726
5719 4960
4003 4412
2317 5113
162 2729
2957 2663
1417 5579
250 2317
3837 1383
2301 3039
3880 5732
5954 1046
4729 2668
2521 5553
5793 1550
5157 4622
1302 1791
4176 2389
5763 5716
3669 1533
3910 5385
3125 2277
4754 3773
1715 2093
3227 148
168 4714
1260 2916
5215 3509
4212 4136
2490 541
4868 4272
5563 16
3027 5871
4940 2230
2746 572
3912 775
569 4289
4239 5327
4256 2463
582 4097
950 4872
693 177
1430 964
5287 5017
3389 4989
1341 1157
4926 802
3531 3367
558 5224
5722 1347
2904 2324
5797 548
777 4770
4732 966
885 3969
739 5433
3281 1093
1988 1973
567 5828
4089 1328
357 5914
723 5289
4830 1253
4470 577
999 3049
3114 4285
1547 3868
3452 4421
4344 3435
91 168
1408 2068
731 1078
2809 5770
5573 1300
2877 4101
2933 5420
3195 175
1531 122
4452 5575
5131 5424
1310 5042
2477 5059
3413 4357
1421 5771
1893 2556
1324 2935
913 4935
5757 4743
5519 5847
4585 3728
5738 4086
1291 2380
3727 2460
3317 1351
5280 2970
154 339
2500 4595
3745 405
805 654
4344 3013
4112 2294
2463 914
249 1754
1353 1180
5188 3165
5423 3976
3437 5079
3180 2736
1889 4194
1009 1856
1059 909
227 298
5336 2669
4696 275
3803 1127
1054 5364
3258 1112
532 714
2791 3149
2783 4278
3751 5371
4855 5373
1846 5608
1143 41
1938 5456
3920 5430
5468 561
3174 1222
3018 4767
2498 286
775 3361
2222 3110
114 1714
492 2989
667 3937
2896 1331
969 4097
4417 5102
358 2458
300 1525
577 1110
3841 4664
1435 2404
4 454
4635 3705
829 5924
5818 3690
5640 5341
3272 4372
2326 1229
4005 4116
4587 4229
5800 1903
4430 410
2412 779
3595 1702
4126 4884
5652 5398
4752 88
4556 4042
3545 331
379 3960
1459 1332
4509 1688
4780 5902
5986 1465
4997 1432
4336 3275
2534 4982
2764 5876
5688 5037
3573 1756
4953 2363
5801 4240
2124 573
1438 1842
5430 4854
2603 1527
1794 3727
2636 680
2510 1377
5153 5026
3948 5853
719 1014
1458 3893
2461 3497
3194 1648
1785 1477
643 4986
1969 2662
5134 1281
1370 3071
5410 713
2781 3442
5048 4281
4613 267
5039 620
2530 598
4057 4673
3528 2116
4957 1100
4385 587
1891 3458
327 3539
4155 2929
4939 4521
1254 2262
289 3599
1451 4468
433 2954
2900 1636
4040 2787
4574 1967
4581 1927
1069 38
5420 5815
2053 3275
4870 4233
4146 5365
1871 645
2753 4624
4103 4248
3493 2474
3586 3764
1827 5976
4616 1822
662 5727
1653 2911
5899 4875
3578 2900
822 3195
138 1214
5580 4754
2622 2835
807 3848
3986 3963
5109 408
4614 4851
505 2464
1197 3918
3561 915
5393 2415
2270 1770
2029 736
615 2223
450 3918
1382 3776
4483 3002
849 4482
5928 2505
354 876
207 3125
2248 887
5734 4059
5268 1957
4387 2219
1053 4519
1884 2411
4684 5237
1615 452
3553 4539
283 3171
2156 2022
5 2042
244 282
5221 2572
4420 2543
2854 1764
1161 1104
4121 3615
2229 1035
4194 413
3007 4387
1866 3492
2481 1137
411 2397
5993 4895
807 5493
760 5932
2178 3837
438 5483
1683 4203
3740 2579
3639 4775
5496 3008
4430 2447
4573 2881
2940 4899
4832 88
3593 2153
2044 829
4082 4026
4383 987
2006 3811
3851 226
1785 4566
4982 3859
3940 5302
74 3287
5699 2526
2965 3753
1686 5899
3514 3159
2864 2893
5055 1525
3371 3258
4157 5545
515 140
3827 1088
166 766
228 1816
1738 1010
5444 2628
1495 3342
3102 2507
4617 1530
2001 2985
2463 5603
5246 1645
4447 4140
1820 3321
4848 1128
2613 4070
510 1905
1254 5597
4233 3780
3267 3806
4502 5715
192 2541
3757 2625
4937 2272
5145 138
5979 3747
3659 4792
2665 3268
4104 3647
3784 2215
5414 1506
963 2194
1555 5659
2647 1234
3278 1383
904 4213
4556 5272
5819 3790
3684 1873
954 3525
3187 574
3667 4548
5881 2025
4745 475
475 5686
1169 5164
4031 8
5015 3071
4066 809
3591 992
4261 2166
2932 140
1868 2449
2756 1272
3342 142
3729 266
5816 22
4458 5662
2714 4135
4560 3410
1448 5073
1353 458
1146 1562
2129 173
2844 4539
116 357
2527 5970
4805 5331
5174 5614
1243 1274
2650 326
1454 639
3159 4258
4766 4879
2765 3344
797 5721
5407 4801
1344 4560
3719 3161
3377 4522
2528 82
5808 4755
4683 2249
2813 2091
1291 1520
912 1540
1944 1275
3410 3717
1456 3699
4465 3882
5841 2998
6000 5841
2817 3508
5124 5950
118 4708
3288 5144
222 1293
3914 5162
297 5629
4044 1299
4202 5462
4804 3926
5977 5516
3116 619
2659 2712
5602 5372
2761 1672
3849 3881
3197 2604
4375 1124
2680 891
3829 4886
1015 3292
2882 152
2009 4477
3824 4555
1443 2592
5493 3041
4460 1817
5868 2769
5505 4177
3522 1703
2226 3958
3673 4609
1683 4249
2664 2435
4300 526
616 3220
1594 5679
1433 5183
2044 5786
1035 3891
3398 5406
1333 2899
5889 5058
866 1559
5977 1871
2543 1705
3214 5009
1343 89
5427 185
2631 4138
1554 5598
258 2562
1463 615
653 238
624 5570
2524 28
771 1841
3380 4654
328 4696
3343 30
2315 3360
5707 2677
4508 1863
4859 3170
2606 4574
5812 3897
1947 281
337 2481
3470 2835
2096 3781
3207 2567
787 948
3371 2904
960 2402
3026 1930
1074 5637
4103 1878
3077 904
1436 4570
5901 4011
3603 3911
4512 2465
4278 2497
3335 2960
5519 3043
3538 997
4753 4536
5121 1805
2189 1187
1723 2621
4814 3688
5963 636
1454 4817
2606 1524
302 1626
2134 820
962 1364
4026 4192
35 758
5796 3727
2347 5767
5329 2892
1884 3990
1909 5527
4570 675
1412 4993
4748 2531
1418 2995
1263 2351
3748 2247
755 789
4853 5293
4380 5366
1874 88
1026 5158
4742 2879
545 1728
3407 476
5066 2383
3647 4720
3712 326
236 4221
3036 1945
2128 2107
3274 3138
3673 5924
5242 4349
1066 967
2527 1612
2009 1992
3219 723
5743 3902
3329 5629
267 1509
762 4613
5967 74
4977 1086
2465 2146
2495 2364
2028 3730
5295 5753
2316 1480
2355 5361
1686 2337
1933 4982
4173 2321
4999 5564
5870 558
5612 5886
5381 4757
2460 583
2486 1236
1580 3146
5989 2926
3844 5963
830 5147
2527 4628
5262 324
4654 2049
2103 1307
5398 468
5168 977
3085 1058
4979 4927
2257 2867
158 4766
5953 4310
2050 4382
4241 827
3959 1939
2155 5607
230 4531
1193 2147
877 4857
3004 1774
3007 3877
56 1814
1729 426
421 1443
2847 975
3104 253
2437 3359
4008 2736
5045 3321
1713 4031
1687 4480
1924 2207
293 4811
1869 2279
475 1142
1788 5382
877 5136
4149 3453
3681 2668
1664 5585
1104 400
1113 1339
3530 4184
161 71
767 3700
2427 616
2950 789
2800 1986
5786 3060
1931 2431
3543 5436
4622 395
2178 4939
204 1944
5471 1365
2908 4459
2712 4801
3292 5053
413 3258
556 4250
62 1999
4687 2117
3219 1379
4462 5315
245 1853
4724 2299
1138 4601
354 4077
4684 2966
3869 5352
315 167
3627 4209
3543 4946
2698 2323
2142 5267
1945 1210
100 1674
925 2999
3214 4345
2702 5743
3254 247
4103 4396
1882 4031
5641 1514
3549 3938
1480 4203
4741 5681
5725 5540
3115 2579
3778 2782
4494 821
1353 3894
4208 3157
1846 3085
1495 2439
1616 2744
4654 5440
3028 1361
4593 1869
5682 5924
5204 5389
3710 1987
4589 5331
4880 2179
5126 3781
5428 445
4332 4656
5115 1837
4098 5713
5881 694
3695 1677
1445 909
3227 442
2331 4906
38 4404
621 3162
1234 313
1678 3983
2132 3133
1814 2430
231 487
1121 3568
3400 2722
2528 2994
2555 4877
2982 2005
4789 3756
5323 3854
256 1268
1981 3383
4810 1634
490 5724
3318 5733
1656 5215
1305 3056
5566 2501
1006 1321
4568 3927
4627 3709
2326 706
5082 4809
3645 7
1737 4626
4581 75
3290 3279
5929 4024
4619 3417
106 2459
4720 946
1356 5300
5932 3435
3656 985
5915 1228
4409 4147
5996 5328
2047 3311
927 2630
3823 4510
5195 3793
4256 565
5931 4089
687 5886
4059 1384
4476 1109
5712 942
2651 413
4222 2142
468 2649
415 4511
3764 5554
3859 5275
4602 5799
4842 2339
5898 2969
3180 5369
5085 363
4929 3076
2719 584
5402 4224
192 4860
5366 491
4116 3738
2045 4489
2691 2181
3657 2081
4505 4839
1384 3023
1607 3965
3036 4048
464 4104
666 152
3613 3373
255 5743
4698 4710
4246 1167
