5000
4075809 9306809
8692986 7627926
3258417 2559334
2981260 3842833
4914908 7789588
217150 6023458
6985457 1989533
6314161 1896641
9882529 9702171
8354847 3600222
2057289 494212
333714 3820515
1230312 3744363
8315386 7240161
472783 4161555
1292529 9834702
5264366 3171944
8011343 9341816
8503006 5591157
2416122 5966395
7255794 318347
2298564 7438108
6905971 6430890
127892 978034
3541536 9175327
4672118 4539995
4783108 2842568
456509 3976812
8517166 2711173
2618545 6600177
5381977 4003883
4358443 7878387
9479412 5272648
2491100 7861938
2920294 3190119
1349799 138206
5895364 7760162
1550816 2095756
343354 7311723
1236749 5757914
1575454 7451499
7043419 5855111
7973129 6258153
8779338 3411862
2531684 5249040
9745884 1590053
429974 6166314
7005799 3460909
1733133 4732434
8346371 4018524
345666 7103599
7737845 6481237
625029 692507
2996626 5593387
1295867 6876266
9567669 2326827
9007565 8554180
4329783 2102821
7194016 4327729
7132665 7923311
2166900 4592968
8089777 8013795
6622887 2152351
9488230 58966
1829661 7312910
6732697 3346087
1490672 6307320
8442058 3344809
718343 4899377
7907203 8849546
2766905 8821068
9620145 6845389
8797412 5849154
9139893 3620702
2891146 4810779
5012737 2439407
5219724 2638873
3762440 7426183
9086230 5222722
580388 1406114
3936312 1141807
2587689 8493939
4013319 7110534
9944782 7223898
2913967 5740487
8178106 744629
3190507 4379622
7551277 1689070
25209 3065738
4153348 7083990
7402585 2615926
7248474 8011923
4594326 1875590
3268715 4575002
1929530 1183229
5136329 4184776
4217508 2131700
9527822 9689500
4679414 711350
7133244 994863
4562541 9902258
5323577 5372515
3482573 4447591
7317061 4884557
2661667 6031075
7866776 8472902
5433783 3943364
7277413 9946736
1087829 6418164
684174 6202243
8327468 636146
8327278 3544757
9560451 2160472
4891736 1930890
7028953 4603359
2451287 4021281
6746061 9560572
5529415 1516054
5318881 6351488
5764040 2946383
6049138 3335985
7346101 1858820
910972 743602
6799104 3723448
3444604 9461442
2776645 9184507
9516226 9512061
2239671 7297007
5780242 6786120
5097057 842061
771571 4921509
8190473 7144286
813935 2673014
681877 2803960
9893207 7533432
6704732 5519984
5835457 8196040
1280603 4488506
8991408 6949264
815653 8144818
433784 6249472
1130824 2807303
4127545 3050531
1763107 5749035
9997750 8290783
4423353 1224392
263953 3384456
5456983 7991163
4460516 9565852
2560911 6747223
8536214 8803711
5275211 8344909
43604 6647049
4778653 6281373
563483 9506654
9934088 2247874
3398885 5446420
2321688 540819
2538378 7733722
6969982 6100946
1430599 3065280
5851987 4552427
3350356 1079062
9173331 6563095
8609003 4800764
5738854 7582253
8529800 5615109
2531278 4839738
7116445 2584808
9987251 68121
9769946 8488399
164764 1596966
1948131 5699343
8332985 4045605
321517 2968923
6754515 4374304
4477033 6851866
4287278 4639021
5032249 1646580
8498083 8831738
8148120 8175580
3147381 4752241
3679250 4975556
8092234 66877
9750573 2708485
3822419 9151810
4789131 8620823
6161536 3535466
4095043 2554830
9560816 5586042
6301848 2249781
9144361 1634540
9517453 4556853
2677029 3825959
3990580 368280
2709032 5259991
5583206 1836133
9943348 3401723
5606898 9784617
7608648 388218
6629131 8929655
1498614 713191
6662133 4392464
8105600 4863352
5635651 5655463
1464910 6520417
5056668 826394
4044953 2332207
8906753 3112455
3148315 8551038
9584019 769163
1972733 7543145
3527823 9036576
5684724 2119207
2006543 6531427
6890360 6790390
5603287 8910778
5268498 7226148
3878907 7893678
618676 6614151
9670295 3638509
3114343 7096983
730617 4518754
2992735 1015575
2107532 2812924
4771149 8763619
9862173 2251240
2654057 6922354
274068 3377269
3865743 2751490
438185 5522272
308115 5452965
993210 8744786
9705032 5542530
5320767 4528967
9706498 6570064
9793953 7117871
3902249 4216912
654878 7415068
5657670 5747273
3906436 7903000
6246950 2141687
7668042 2706505
8933531 9772719
9883842 7980823
8619511 8543098
5557779 1898354
153251 8155114
5620845 5891061
5022823 9075596
186952 9679798
3665968 7191345
4587719 8350689
5861178 4092298
6240310 1787829
3730991 939789
4684109 8185963
7571557 3212505
5925939 4643949
8420282 2301183
952189 4421721
1290908 9266620
6474472 9754669
8564866 3118217
3665546 8173541
9609199 2293832
2527336 9589178
5119483 9998201
2412818 6318553
50493 7923569
806093 9801008
4642839 3545744
3323348 3038447
7236909 2524004
2311297 8804707
8275850 4151280
5304665 1228445
9554324 7725477
3038613 2748203
956061 668676
7322946 1689219
9474349 9212746
1650134 6276285
5267572 3161014
4145874 1868944
646359 1492366
7049751 447515
9262935 3621947
1477115 6954353
6297863 9078893
8990547 4955046
3621419 8524747
9330969 1517213
1799036 3992496
5196179 5522856
3885740 3931315
9634125 9760352
9972836 3142058
3518527 6792078
1525808 456113
5119057 2971006
9568000 5299802
8023222 17274
9468635 597358
4095149 3059751
2837528 847865
2934082 6068238
6690249 2957489
3392180 7292044
838198 2640478
8130535 5925733
5501420 708733
1854649 5267408
5676482 7209908
9047615 8589048
3601704 3714869
4590516 1561899
9561173 1291983
2463719 1484737
2213719 2873808
6015312 6833213
789604 3149611
9521243 3997734
458499 4793054
1195202 759496
4085807 9203207
6758720 6265403
8988020 1607888
7926479 3465117
4097401 46919
6543059 1977195
8206844 9607369
7743688 1586519
941771 5898536
7369203 8130370
4375999 4573724
5290817 225003
223959 6944400
6701861 2356915
2626076 8431324
5392693 5123323
4673147 8704249
9420160 7012851
5188827 2497169
6520299 4550807
4382658 5583797
8547224 8650640
3152342 2774705
9664179 1604878
4351737 4444954
7822773 9349938
1120093 9925935
5869752 5311072
7977126 8596313
6243990 4962745
4556287 8638054
1370211 1995329
9252706 9211105
3350566 478768
3176430 4050641
7743357 9681756
7589301 3373299
5486881 4867390
3876739 2492477
7561612 3610183
3173445 1651744
4731647 2624795
7695083 7425952
9369020 2543335
4339807 6450462
7155993 9552809
6323773 9165632
4882560 5003453
1872412 2512258
4856935 5593779
614395 6683424
4307146 9931505
5906626 8500320
3164978 308303
395230 446558
5721671 5427099
8261207 646408
6651524 2846562
7233131 5144518
8474202 1745757
5009935 809691
642941 9819779
4174310 4977807
8491688 3897854
2453315 1963220
4550147 8515178
2261095 2922850
4313554 2018519
5784175 6294902
4398578 3224417
5254471 7528305
5746214 4833251
471859 8006661
1774295 318187
5474658 6057335
4279821 1904912
2226093 325690
2584613 8348365
9614691 1145373
91665 3227988
9878944 7473410
4830562 2672786
4882922 9497838
4561568 5510407
7876935 4546882
7505802 2813143
2730449 9758884
3171417 8290851
4202722 8503135
8746204 9240973
9834681 7087592
1771551 566518
3487144 8775589
3164395 1486524
9869788 8279881
6120335 4878808
8737538 4028935
4685463 4779475
2569347 6612764
827564 2789305
2501759 3010904
3302879 5719599
1018434 3064238
7021961 9201810
8873753 530436
1793981 6607580
5139927 6723688
5267958 9503884
5641755 9522011
643860 9292817
2127779 8856580
8003100 6314748
1449530 895326
2517852 2666934
8929423 4355179
8922186 339898
154702 7008627
8728093 5769162
7164245 3412931
1226686 8822991
9718366 5624059
5364363 4278508
2554062 8638694
2110533 5367741
4950687 2457020
730268 8242569
2268794 7989395
2948027 6959071
6255582 7653453
8844406 3707329
3633269 5670437
3475383 6166077
2448270 8537569
5131786 4486319
1752257 9210220
1243247 1917055
5426155 6630592
7777272 8261277
888638 6012513
2257479 6721408
638643 8084921
9768168 5444432
9609715 2955446
8616189 2236585
6163529 4578033
3795674 1740196
3320264 4104370
8338590 2926739
3696273 7734873
5670163 7729761
1745423 749258
1977675 2525708
9448189 151575
4089880 3202501
8803052 1744097
9967392 9471053
6056278 6489958
4621202 5834040
4555559 5085246
5152352 5332296
5512661 7581466
2576805 1156025
7989627 2505277
5153509 560888
2259050 7187150
1941736 59518
8635678 2896899
2021260 6537588
1454656 6160417
2665118 680553
8692340 1358689
2721059 3425350
7733543 4234358
1356814 5462426
2583159 9575881
6791089 4414723
3343608 7861814
2867914 5251588
8411213 8348249
3902492 5960787
6575539 5688098
3499776 3467955
4123944 4188022
5998416 2527972
4155062 8517394
7142329 6866176
5932195 4326240
1812118 3913080
1333076 5784017
7503584 4374939
5815934 5097647
8008663 853347
6859065 6021821
8783380 9207466
5345161 863477
5615426 2127864
57499 7692388
4860466 6092083
4033885 2980614
65509 8907520
721072 9935729
9076755 5735542
4872156 7036884
7755513 8751246
2251709 464967
78770 1420154
4924559 5489395
2352874 1122962
4111107 3456435
9588186 9549152
2724932 1675050
4965331 8573480
6286652 3331629
2141967 722327
6236716 5606405
2537440 9715924
9904164 6489765
1366976 4138690
8916069 7340674
7552156 5615802
4228307 4892595
9273825 5308699
4319249 596020
7366150 4987493
3630786 9407915
6370269 2775557
4823358 1462883
9732592 3794274
5481893 9990177
9588788 2890322
6123284 7336112
6889930 9135532
4716516 1997091
646418 8660420
7050273 6712806
4125325 3279049
52587 3364270
2476314 9743710
9925732 9775619
6122407 7396033
9603066 8097523
3017010 9365520
2463481 5241887
9314668 3681478
1530130 4074844
935376 1309903
7885545 212264
5232026 9592456
7980028 911203
3926199 534299
7042274 5349314
3195050 2874641
9632028 2818198
7657927 321395
5871786 4663468
9278408 1435200
1798286 3738438
3240775 6293063
1529908 5024711
7792161 7757718
8710201 263478
4761186 2355479
1856219 1865906
2909668 1326295
8677031 5601288
2072739 248726
761264 3065313
5355521 7716493
2506427 9725331
7875167 744270
8785570 5707556
8232886 7122780
1305252 6859715
4332341 8774118
543848 3750457
9638897 3027
780372 5813077
5260865 9471874
6441809 1373548
1357614 3521984
7765357 2946452
6567670 2771377
185379 3866474
8110939 1750721
6596862 7279144
1160513 4196041
2921062 2173846
3014597 2861866
2435338 3507806
8407544 5225518
4660667 9184729
4170544 745346
9882319 6981720
7690856 8263600
300983 3978310
9105913 9042620
3574052 2177681
6240503 4625307
7597472 7967988
2203062 9498757
1877209 6410247
4828062 4146581
2439834 5893984
8884916 8596892
2914970 5678445
2223042 4993977
2401775 2378142
2763898 5367869
3025449 8383882
6240105 8630264
9277611 8828816
2699259 1715203
1373068 3658129
1082007 8560982
7443519 2324321
2680798 8961012
795979 9177296
9307242 9565678
8262307 6153929
6590868 989692
7754601 2820459
1160853 3231445
2478276 3167180
4560230 2981212
1896631 8936947
8298485 9828802
2322657 6442244
8092210 4415087
1047331 4703214
2805318 7243022
6260501 5170680
5562841 336377
1581109 9181106
2867423 1439956
1757379 3604715
4352203 1889221
2979184 4216673
5754705 700450
7709940 5843049
8713257 8383816
5738853 3089355
1780068 1907203
3041874 6881148
9361460 4608040
3858489 5687437
1360782 569947
8386116 7061313
3551347 7152675
1524394 9628221
3062872 6669786
1293044 3079127
4564494 3762480
4257003 3914701
1577574 7631544
2276621 8049709
6633082 242719
9760490 7557099
8915326 6072216
3546841 7632540
5111659 2723302
3525488 4128210
8800505 1181090
4038618 7949264
3174065 7979263
3521352 8848957
4737266 5468022
8024014 2280433
9410640 1926966
7624997 7064400
4694501 3637621
276385 4954503
3490000 4560378
3728067 7445764
4408177 1909281
835764 7394124
4758668 9879574
3587328 5018062
2601419 6476839
769938 108747
681666 9898123
6726247 4011516
7144803 6718659
207801 6636221
5046319 510011
4804240 9658897
2455046 6853842
1817966 8984976
1068302 1021442
7911855 9974799
2823651 2155840
9540465 9409663
4775028 3947836
4134913 8781196
5462417 8708247
6253359 8734026
9718696 9126383
9688649 315316
1665835 4468802
8627069 4635754
7996473 9582575
5077333 9169764
2992109 5906624
8241720 9310232
1584105 7160131
7553772 8442887
339541 8858020
8049935 3963167
2519199 8342846
8869744 3160308
6953472 3714145
8119382 8993053
8065926 5702055
3776046 6746095
3852591 752647
8918632 9906858
522375 1884466
3771150 3410753
410521 9224898
5574828 7913679
4517955 114142
775484 7282268
5849839 8813148
1200130 8031608
6398068 4295897
9667788 880524
2383984 2735031
2004832 3567138
7170330 2135523
9689802 3643623
7705208 7924874
8989948 8507179
1890646 2729956
1929729 7456696
3636095 8511867
4426540 4370919
7433963 3883998
2635205 7584824
2433755 1360170
9073389 3063162
8395466 5410769
4209419 9835254
5219270 9944766
4578657 8489207
2600125 333651
8449301 3894005
957284 1330243
3820232 8895263
280065 3776358
5445450 8756715
3192681 9311791
4894027 2543050
6097801 6506128
705605 1756766
6286921 3217830
5845305 5371443
4699155 6281816
1263427 9189888
2367951 5167076
2090456 8593914
175049 4656763
4192677 4413663
645920 3041814
8212865 7823272
6356018 3549944
6238845 9572226
6911683 2881586
5785439 9291704
7336543 5908813
3964596 1018048
3400122 4315213
2817145 2892386
5012030 8994939
457779 559036
1486951 6129569
302030 9159348
4063748 6489194
4581699 3301117
4497206 1924082
8257199 9868517
854540 5546963
8797460 4642440
3461469 8005493
9635245 1605305
9599883 3723808
8043276 7334468
5462198 6607406
3972991 3977670
6630024 5584134
7577364 3293012
2288390 2614155
3990457 9365520
9918873 37205
1640341 2675730
8943866 9184951
6695165 9513406
125593 316448
1888740 2116898
6947923 4750474
9355376 2269873
6839064 7857389
3775462 6732783
4734529 232497
4702352 9091566
2588769 2533334
3505457 6047621
3176544 8242326
3562864 8841743
3288842 5461945
3467951 1991508
1094796 851464
9892783 2263930
9344741 6216478
1025859 7714096
7303241 4422746
4188985 5090746
7100612 8286766
5395490 39072
7134556 7419570
8894171 894937
6731229 1485167
8304650 4973301
5282280 4224617
8681200 7800837
5588061 4099588
5551503 3623523
4126777 4297477
3775207 7262987
2277645 1072296
4396070 9595367
5349455 7369495
6623710 6508488
6829981 2732890
2432938 3115283
5112209 341882
2077846 6917424
1532401 1935219
6623148 3952953
6068575 9847114
9811402 3706025
7673432 4088868
9312403 9477392
9691677 7740659
9165945 8285474
5443061 6338573
7194755 5770611
7172502 159768
8764270 988866
1656085 3105665
9547009 3053695
4533134 3129670
7813939 4955847
7190113 7224239
714827 8331188
2355647 4816368
1931651 2909950
724429 8433924
9045521 1590800
2377803 5713529
447765 4662021
9369781 3381931
2342952 5826038
4996482 1744401
5159299 6372007
9067372 2349412
1367965 5802803
4868234 4288737
6797055 8688962
8125945 6552531
2818884 2733777
5890990 9398653
4887224 4095554
162645 6280436
7216921 1034493
3896038 187955
2111616 8990802
3256511 2599883
4794159 9358227
7988630 804065
4375104 8144424
9452108 1102203
7314752 7496547
2678893 1456530
1946412 3313029
5666309 9333084
9200158 7120501
8003348 1933300
9129856 8291596
8211149 1325276
7666860 9679637
9632169 7059333
3673489 7922806
1097308 6874112
4487065 2545955
2261679 775061
1797324 6549779
7383469 8071535
541640 9720476
2778329 2975646
6787542 4300785
7878288 4176266
4061180 3270482
721596 2793367
3579655 7118406
6479846 5851147
8445562 4589764
8550264 775266
8634838 7051843
9310002 5658644
3198755 7757657
1034125 7094281
2743040 6458066
3768209 6185361
6243194 4638822
5374741 5343089
8090998 7270119
5360106 1022850
2852717 9460452
5445116 8683537
9538320 2676297
6372727 4364458
6942597 8127874
7924257 2751356
3402918 5894015
3535009 8808196
6668363 9450862
4677167 5687717
2266308 6164046
686277 7936661
9793772 799419
6846122 5799629
6999974 1291609
496522 4678582
1673843 6687461
4401707 8253383
7638396 8654238
1678535 6793368
2649771 5761683
223018 9389140
493086 5360346
667005 6407759
1051517 6198940
6488710 7985487
303123 3060397
6914004 2386981
5819176 9583594
978104 5055612
7528569 9770495
7527726 1720201
9688147 6029409
7929174 8775706
2541809 3527160
904341 4667796
1144320 4897057
8682943 4806150
5550465 4717272
1890574 9947799
7917491 9256809
6121612 4887361
3611337 8472350
9683871 9776554
1961800 7165882
9734567 4783321
4547058 5453835
1425138 4782853
8022779 2670539
1408821 7216228
5664867 5654699
6289132 8294664
1695023 3142678
9576685 29687
597802 2438138
8721674 364711
3566098 2090016
5915784 7927413
5762396 1024205
7829460 7349057
4603889 9750869
6404527 8632575
4969941 1123289
9820014 2794283
8432609 5225658
7259413 9911764
2000900 1975690
9196081 1193042
2162278 4661321
2559836 4992702
2155607 9836550
2920799 9028996
328833 7809488
3109265 6344569
8790155 9459209
9371282 8349464
54736 3247261
6110548 4471493
23695 4025351
7915307 7725835
5510617 3724145
500667 3915141
2935245 6641028
7824773 7517774
6834934 7490069
3025776 6635036
18053 3628411
9666102 1265197
7789604 3217828
3166826 8029627
1202309 6222471
263448 4900653
7637761 2410843
4541156 6943388
5354412 4768538
3144460 9211294
3710318 2058396
3619060 1035121
9488383 9374212
14532 6746815
8170497 5483430
3397049 8798295
4030423 9933308
3620308 6327903
5619757 4042315
5151578 5815534
9533603 5280778
6176382 5917688
430129 1505347
8325118 6366863
3640879 1633046
4366353 7328226
1725747 8055681
4555281 3834787
7254178 7334891
1750366 2152142
8850755 3440898
1914275 6158353
1844133 5094968
7096810 7446193
7438475 161180
1739872 5620301
3100026 5348329
6811711 2077231
9574600 9483250
2187285 7204438
7301828 7971809
4728507 1287933
2372807 7630342
7071031 2249277
6753972 824655
1903337 1213623
4081385 4379673
5665828 1596259
277237 8945205
1879846 2372434
5287365 4065609
3644841 4867217
8726098 8884641
8497239 3174223
5669208 4446671
8556581 9909709
7814151 7354614
9806487 352665
9747638 2597609
9877321 7729829
6990113 5302166
5867116 62941
9638056 6705150
5708457 5515676
5037621 2659354
4171521 7926715
7935065 8637319
3689863 2370423
2904679 1849725
5584951 8713901
3359314 9879167
7632194 6439587
9235868 4850822
2542589 6756553
6566241 6868178
9077328 1548290
3000837 9286833
3289344 56633
4691361 7421468
3257853 1327758
7806161 5731288
4347006 8209781
5552989 4009050
6963101 1684005
8125867 7742433
4682679 4869275
7857729 783930
7959331 3421389
1203632 5048912
4283186 519852
5577115 3437141
14534 5345422
9737104 6125902
5667460 294809
6004793 7415778
4415693 7132586
4560410 994717
6258325 5596541
569196 7251612
222833 5933839
8714986 2292311
31384 3953418
5887156 5732272
7035610 3352499
537128 9055174
3436879 8345920
9760511 5183658
8250920 2556219
3753689 723123
8128034 2732099
8404671 3445724
4092596 2389528
4276592 250377
6719947 3723165
3575383 8910983
2723827 5331222
281923 5170469
8996633 1942248
5374202 7651396
4917967 5379765
89274 2205267
9890184 488402
678672 414713
5203228 3684116
4889355 6977004
7387214 5897190
5737304 1658125
3260425 8734838
9075482 7002395
2998309 3359403
6793379 1827506
612769 9829477
1042312 7927022
5075387 860677
7600373 2149644
8668285 7711116
4110691 1943866
6763875 2295503
8080242 9691933
458451 2380134
9914701 3411873
8719233 5704769
8609363 4777693
9089923 3786249
6156782 7416550
1756794 6838738
6405876 415436
9104777 2962917
2454296 6810598
5929830 2475350
5889111 4633064
1443732 7818706
56811 3979279
9396685 7666067
9725474 9075705
2001556 9030796
8161207 2907324
2570416 9431833
8997419 1172062
6745473 4627389
6846730 644444
883631 5997677
3985913 3705234
4005211 4422138
995113 9626301
3136100 9737628
8682523 4699671
1120844 2320502
2902531 2699808
2748040 7936499
3276762 7046759
41691 3526325
469531 97096
7466133 891138
2656464 9872514
513836 6787516
7946317 4248253
714301 5843366
4138610 8851452
6758940 6715468
8637525 9239845
932867 8363643
9180271 8883566
6221080 4254131
4409664 9040275
8263627 8102144
1194102 2826957
3643755 7097869
4028387 8106461
5328189 3641276
3698149 3167539
7655805 5341824
981609 5802403
5310192 2888689
9332260 8551332
7339619 2047076
8004549 6509079
3506069 7751931
8462430 2438631
9308890 6850869
9532834 1267773
5523190 4002292
1589821 1323358
6606690 3370108
5055094 4373739
5931879 8052231
5650506 758800
1102768 5696925
6152297 6864589
6807276 2915855
1322695 2806273
7164708 268550
9622633 2632608
1088875 4961349
9565102 8063006
9942914 3745553
3293560 2941408
5532835 5713165
8540963 4686377
8288820 5646656
9000867 9076540
3387749 6728608
191470 3095959
2028425 2460953
4486907 6999369
5218630 8444337
7657683 874029
2906372 7033480
9162625 8447880
322645 979295
8229955 3781289
1193203 5109407
8509163 2325866
5386735 9527775
7849693 5037368
2381501 2762081
5255855 4573105
6000514 9431785
8265037 9539680
8221534 6138421
732190 5715700
2406462 422302
5481646 6491546
2116361 9273149
9469033 5871506
3895027 2401701
5590124 5092077
6632774 9523781
6129973 5573624
9788082 1951201
4071832 3140283
5263885 5203511
2655387 7055509
9885390 711426
6434565 3306086
8085676 402440
6202227 8226217
5457829 4710145
9351596 430564
4814518 646219
6346494 9468673
4143496 5202018
8292380 4878581
3802900 2281766
2685768 7266700
8057843 6084530
7238589 8377839
6541960 6131918
3175758 6621967
695401 5535605
5719293 6870960
8115058 6007245
9947510 5532649
1934092 4143492
4762498 2081670
2288722 5091745
6277120 3540894
5721135 6548334
6761132 9354005
8272402 2125563
2663707 3275427
3202138 5251837
5480133 3913314
5608056 835572
1774658 9786553
5068063 9424936
481697 6615688
6891158 1044430
8055718 3473904
6620946 9764501
4064416 4081000
5552014 62953
8325349 1186920
9800009 3744097
3019664 2168455
4136895 4478960
4892454 7876876
9843654 3143173
8015360 9265674
3314892 2105733
5354845 1582471
7291260 9888609
2727483 7919248
5655184 7769758
3224793 6485474
9219507 3660462
4787188 7730794
5520049 3904308
6607790 1673646
4196231 4458581
2247868 2286832
6795397 2976532
190239 2551131
9198343 2083449
881063 3597845
1178701 1231424
9126554 2874401
4995417 5235505
1154191 5706738
7945103 4497554
7301585 162051
7192584 7953370
8568850 5000903
2431863 8884726
3305684 5320022
1174965 9440256
683969 3288822
3800118 4610467
3072797 537341
8406909 9782604
2869535 4893886
2959329 973482
254314 868823
7254252 4056065
4330506 1622087
4691421 8479946
1943307 8413066
3016366 7015670
9737824 9058601
3169017 5787149
6716426 6795129
9522617 9802314
506257 8264999
300771 7272037
6490066 3296894
4001967 6488159
4894591 6120047
9352414 2042471
361125 343339
9561460 9232116
4905993 8172734
4322405 3761573
3598216 7018043
2279220 943055
8333878 4504508
7830213 2790528
1421710 4265387
3066471 8401552
9387220 8874404
4729516 615762
9281984 956126
986964 463043
5067367 5891650
4091224 794926
4470134 2006505
8834141 9222840
8740117 4725476
9276300 4596563
7070914 2625132
6794969 7915029
7234962 8427564
1695122 6412561
9183792 9212686
8522561 2388671
6165364 3487353
9774055 719960
1120374 299404
4620231 4661967
4662584 6739645
1718946 5213497
1189426 7751735
1525353 2282212
1188479 1571978
9435573 7529475
5346463 1178393
5486101 905822
1473608 938397
1431471 9316715
275838 5514533
9299416 6018621
1753148 5036713
1698537 6952038
2362672 8043789
9816760 3181856
370772 6436300
4710725 3793080
3049356 5245118
3980749 9780228
177515 8524594
9350027 6797787
7198000 550143
5239215 5321312
8882814 2979782
9326798 9112981
7711852 6552766
3847481 459105
4594382 876774
6201117 3389147
5158807 9520695
1297150 1172992
6112204 1652309
7098457 2579776
3785978 755206
5119469 9042230
4022512 4819377
2918777 1136956
7094047 117142
9891118 700049
6759213 9515969
8218599 9788330
9355774 2785172
9210775 4245203
3112672 9775065
4075147 5323166
991325 2641772
7560576 6983563
8980237 5499424
40746 5136053
1903776 1961233
3931991 4483473
9336568 8974359
975755 2604667
5306099 790564
6118035 913902
9810204 3929603
8572673 4393034
4700224 645906
8401348 1694370
3627516 2022018
8694118 6533615
4046592 2672452
6707722 8701568
769414 4048796
672240 4613591
7660962 9579464
8255996 2202661
2364557 1089339
1001787 4570296
6320404 8759885
434124 9405751
1099939 8593391
2178524 7187516
5011516 4552201
4562596 4043497
8930797 5041847
4549068 3024445
4531780 9475153
6140433 5683227
5908190 8642618
9986171 9791226
8666112 8103184
3434806 6150124
833992 1261323
1172581 5524904
3734044 4320288
3491401 2857621
6629570 5439711
4877813 6497605
6972209 4604752
4583804 7720691
6463585 7250557
718467 9662568
4319173 3572152
2210588 1916175
1594595 2640165
3940871 8812947
9707844 243990
9249889 1299857
2794512 9462473
4549659 9453219
8916288 3232478
5477581 1765138
3465208 2300737
3876651 1418894
2498120 3008799
9499125 3426080
4342725 8108097
810208 4445943
9955969 6476252
8219464 9943640
443391 2104766
3432028 1214257
7667012 2443838
5149359 6078090
9530133 4855523
3376465 9751640
1845444 1414625
9305784 9441043
5836112 4997923
1035773 6537315
1791371 1756287
6261836 2137769
7791535 9268050
288817 1335812
1874972 8093470
9364294 1830293
303767 1509341
3292674 697286
329741 514560
2464767 3885731
9570649 5545872
9189486 4696909
727025 4988776
4408504 1971062
4814116 289877
4506052 6388800
2815979 9244566
128530 2120973
5077605 8875370
1604521 67820
4058866 7690320
6317328 80179
9692986 968021
1110152 2738740
5792647 5915100
6901465 7061498
1867742 6886104
3213600 6993769
6073861 7923060
6922243 8281213
8222797 7736105
9552205 84498
6278667 4561411
2983708 5821854
6807273 2316418
8170420 7140540
1544896 6180945
2609749 9118202
1831425 396670
5662426 1248666
5922950 3866206
4979347 9018151
5054968 5221870
1693875 6888468
8456571 630759
8407447 7487374
5656952 7064652
4969265 6928695
3447716 5171306
5104664 1821658
7825346 8915001
5201211 3850177
2355549 7514276
5766563 9736458
2725680 6464825
152745 573216
525091 2664244
562886 3246870
5638558 4275218
3310270 6843603
114580 6274105
9367494 4876778
6689961 1233606
133152 440188
6882508 9215421
5046548 2576420
7129574 383297
4251380 6725054
3050156 1686985
2682531 2918769
6412789 5478068
1077227 2194173
7099785 212254
3723661 3456469
7544172 1579104
3535092 1072737
7721186 7053675
9641165 9989436
6585074 1907933
2849984 2249104
9276471 141170
8989426 3869526
9629053 5803236
7782380 3009514
5044436 2788735
7924749 2176644
7052922 8302635
398955 377870
4821377 5136284
8583302 3337539
8746394 3657238
9475609 2072160
6015111 2000044
6706265 6089812
2478213 199529
4223749 4327856
892401 3426950
4406277 3395037
6360849 9425372
3857084 6043819
6608162 4872739
4811283 838946
122912 8795154
2422882 8456198
7959953 8519219
2880773 4188558
9623825 4623375
6427049 5808728
347524 8608642
1209878 4325408
7312736 7125639
6407046 7569749
2080992 1181509
2187039 9159169
167307 9599552
8722715 860923
4292155 1854380
1148386 6432826
3170682 4930121
5305036 2260792
6020288 2049591
6270358 8502237
9922840 1998921
5392216 6143308
4414897 5714547
360898 4370001
7064992 9263838
7202461 293203
5779683 6911051
7963071 8682173
1696333 3523591
4494756 2122809
8098141 6374658
8562462 6511279
7526560 4855474
1725314 1941462
7435731 4788967
4634288 9192942
6915212 7549582
9978142 6448430
8745177 6513251
4300138 714244
6316293 3064601
545449 8429949
169465 6161630
308216 1156229
8719574 6981867
3510046 833625
7503440 7111439
4305409 1771359
4749608 5654262
7971056 1163909
3852781 3359082
7744275 1565425
9392396 6191221
4277017 3686824
159522 1546055
2414944 3698518
1305314 7505668
7679032 7912830
8640622 8762044
2376804 7122185
2699310 5381003
8246356 7029207
8573117 8433217
3617740 8885438
7736251 8273101
7819998 8643901
7079502 1139677
5727118 1474816
9817103 2136348
3272188 5974150
352292 3273441
3369381 843758
3561501 5211333
6761259 3175464
4627380 5955997
3111378 2210136
2062260 7936424
7896854 3040136
9595194 6469042
6631736 9258787
1910413 6695481
2348097 3893026
4605306 2007965
708887 5137312
1442602 7445757
2709636 5250873
9970746 5819116
4674079 2279111
613683 3776308
8011206 4411064
7311905 5020707
1028860 3714248
557651 5326676
9715645 1270242
5175650 3144457
592785 1325483
5702671 3754380
3979660 9689544
3315523 6198618
3531281 9918517
3531760 6275746
2794949 5561286
4455151 8892687
2138340 968006
5179060 8369118
5195580 3257557
4043804 3246613
8974085 4219704
3504930 6418129
8531101 1129323
1909774 2544242
7561474 205080
2974871 5827444
8802063 216126
6579256 8234486
8508685 9582375
655495 9416606
7714333 6676651
2335263 2562254
8262209 4992788
6362019 5050414
424211 5572033
8507440 4155591
5678430 3860991
380671 616456
4603893 8770937
224295 5446638
8111528 7533602
3874339 5277600
2966477 6172378
77168 8712289
839912 8510413
7476211 1155431
3153282 7147878
9506786 7788842
4005210 7959262
6882197 8577293
4355540 1665530
9408962 1689643
9244150 4444082
8232736 2536400
1591429 3925102
8088606 4905982
3232002 2789199
3923751 4061847
5696233 698871
25822 5070395
292384 2048138
5046746 5468211
3396463 4534230
7205004 176107
7472523 8521230
5278640 6920653
3462302 7172922
3173387 797529
6162479 879593
351576 2898001
7906926 7609280
6687293 1051432
4752942 7202475
5219209 3167683
9658574 6395542
2171199 3933381
6830024 3299457
8619467 2975959
401646 8543511
8357717 2893724
8562245 5655168
9649276 9169900
3534345 5130681
4064148 3466639
7915537 4866559
2632821 9521106
4394130 6942339
2813201 8004225
3592998 3730812
5142057 441562
9745411 574227
4222268 2747933
8680601 5384198
9193662 6064260
7548143 9867916
2747724 3107501
9291105 8736252
8029407 2285366
5504589 2677620
5645280 3033930
6103121 341422
6244268 3905143
4014859 4513029
9694797 374370
5221405 7143471
9586378 3739998
6190585 74743
4411554 4937390
8993646 8007556
6634818 1728501
4746410 55920
6161395 5588188
9810680 9870228
3659018 7725117
1359332 7596614
2273959 9028543
9451051 4476139
4544835 936910
8513912 619165
9665469 3355817
1378307 8979404
592206 9645608
3935123 3018280
6420022 9081945
11162 8371117
232636 7446018
8477674 3051679
9131995 741715
5910103 173046
7980795 6885646
718839 7315780
6784312 1181209
8722381 831435
6373573 8666202
6329455 7483880
1404219 5150245
5459404 5022318
3481313 2057566
1022575 6847190
6556762 6499985
6901748 3142132
8928981 3292385
7698352 5275226
1196659 5384885
7658728 9319094
4881423 8952975
7978373 9777288
55723 3345086
8375473 6769018
1398325 6543074
4647969 4604839
5523412 9512402
8596840 9241744
2606149 1115864
2598117 378369
5339173 3506809
697180 7449402
9122271 8699726
7193272 2204492
8346810 91022
7803921 9630476
7703804 3156249
2997021 5340294
9123574 2502154
1703270 4044222
6151366 6779640
226275 4841843
9501136 7769734
1410912 3832886
9196064 7282601
9579450 5037582
374504 3456571
9808988 1867541
6544907 1168956
1763085 2118723
5648776 2202663
8118550 5021775
3636349 7680156
9247009 377114
7212233 311494
6468457 5110406
7311146 1018615
7329963 7660212
2274860 107184
448301 8059233
4378209 8282481
2224989 9617212
7866355 7084892
3849270 9087208
3606967 5274321
7762443 3386832
7585838 9863511
3242387 4644916
4022487 2069578
2354312 7545091
2735485 3261656
8579004 9747717
5682990 4913199
2888042 1418477
8861065 4212539
4816848 7065319
202008 4316165
4913471 5429344
8663885 3204547
541998 5898536
871133 5015158
6928997 7519768
9502721 4062570
7733253 6348058
3265469 7635442
9683964 1819813
925449 201531
6547235 8112307
4393006 7657570
8986398 6359944
8303750 3768538
8669832 634427
8929586 7526667
7251741 7539069
591125 4185852
533559 4566888
4987098 2182701
9136818 3772205
8557579 492902
3714883 2134650
7094077 1278709
7441818 2548320
6236291 7850055
6868396 341977
9396211 2514415
5140926 4955603
4540827 3922512
498474 6194033
2801474 4795809
5782526 9823109
2963038 3317952
5602519 7690298
2733379 9763643
4235853 6854426
4577256 431319
6190615 1366311
3462349 8978252
6486804 5080578
3704417 561497
4453725 9603430
1125628 4796923
9170423 5699291
7326925 5463568
5256186 7648391
6676079 9824786
1106827 1181596
7503036 5398772
6179334 7153854
4818419 3272071
8316490 386777
9299524 5525103
6745091 8621838
4846930 8345586
6006067 986421
4541292 9117162
5208435 4486240
3486505 4140864
6566451 4931675
1211340 9344947
3996121 8181698
6614107 2044730
7959840 9476671
1437270 4864149
2935591 9910173
3700352 4548188
9653910 9708955
7672093 1200615
8986351 881166
2553773 2571421
5106867 3169506
8726393 3004012
3936931 1548729
1443251 9059819
9148889 8675
7515780 4306333
6747215 1178822
7707277 997867
1061033 7408790
9368145 539099
9515299 368154
4369566 4459382
9927284 2001931
7636517 192390
7349326 4154812
3994375 9209249
2291549 9251882
4399769 5643500
8573436 5430858
3741008 7392337
880619 4703543
9024776 6261962
3242638 6840701
9948158 264436
8778019 1932449
3530273 4644110
2609785 3359824
4873926 1876871
6461594 1578992
7646733 1967070
5025570 6857529
6525351 6572328
8664454 1467476
5344493 4309874
965767 7472049
7019103 1353981
2009361 6577837
7543255 4640441
9363109 8733445
8224291 5984807
258326 6080339
5468998 2680590
6014691 7780270
2494307 5588749
2246773 3218447
5186657 7658019
4208449 6588818
8646449 8369648
734822 256156
9848634 7499557
2332857 5769660
5059808 6069952
6733223 5395422
4770032 2585866
1932037 7869254
5588769 4281922
3080782 8060563
4049285 8542477
3590059 5384988
5243398 6330702
7413472 4273084
6326113 7514552
9852148 3851458
4195103 205562
5518207 5018885
2197345 8926538
9656651 6241869
413320 8820707
7084627 9839228
9401388 2190761
8352350 4720372
4125561 3417203
1722533 9462987
440239 3429767
2461538 6730998
3595187 3947634
2543211 3357317
5393325 1123739
2678853 9136953
5089518 2769420
3512059 8741459
9285842 6926956
1038077 9319960
7772141 5288685
4749824 1575631
4529921 913036
9651778 6385780
7840881 2303336
5181342 4546831
6844772 1779687
1154211 9298063
2763960 7965075
41722 76437
3769668 1502578
2233357 2876831
4505836 2865252
849265 81992
8589468 4751320
1106867 8614440
8226452 9746706
9970877 1578039
9415004 300992
5537043 2090112
6236550 7899487
4599438 7537256
7802718 9355533
9240726 3569694
9601003 9909921
566564 5041595
8571229 387896
6702671 2008839
2631152 5805205
9830432 2208631
3114071 2088394
3010917 7379650
6273936 106627
3289368 5348700
287527 3262229
8598062 8827209
9190565 153582
4552621 5118866
1829850 5214005
6510453 366842
2452922 8739580
6197463 3649686
2147127 4397474
650597 4686949
3668199 5850321
4941057 3456683
9090542 5592694
8262814 2099192
4684331 2932588
1171578 9886255
6345113 2016268
7453749 7432157
4233380 5627748
6594252 3018913
5959200 3371994
3103482 1616371
6581012 3813053
6424661 8582878
2706396 8831906
3164266 5461334
8106717 1812992
1576856 296118
3801749 9513707
141276 9590983
8857086 1275943
3421867 2765019
3289 9830805
8135621 392261
3917776 7832853
3483403 6399615
248028 8010918
9318478 1475341
4467329 8801430
8131259 1732831
4258997 7111470
5127068 7899344
3723632 1093729
4306547 6408165
7061159 426566
4761052 1436196
7197705 6033867
3951436 1660420
3052831 5708629
1544810 28542
3345998 940139
6274061 1730077
5509052 9169214
3946114 7071944
3013193 2029857
6556247 20652
4428959 8514075
9624485 5735627
641855 9289984
4650619 2143179
5411821 6056202
1638953 9060927
5873089 2513023
7912118 1250000
4547073 1069282
7379023 5134121
1603683 966177
1964850 8036609
6759075 6920711
3831595 8869136
8875777 1799482
2313693 1256568
2430599 9941495
6949809 5758022
2959969 2615439
1492529 5114200
8394986 2239085
455200 2388247
6550235 4813327
6102111 2501460
4553594 4436275
7801753 6114113
3487902 2778899
9691035 8951636
2867199 7603369
7623478 147313
6551826 8349500
6847111 5124281
4227652 4759333
2966490 6203807
80090 9917504
9876101 8447413
8696535 9838058
8279778 8600155
2758319 8437261
4862674 8481755
7395024 7831531
2193813 9814913
5641540 5225180
4334040 6332909
3218459 7755915
1538245 6312277
817783 7565245
5560985 100748
5817055 7927750
8726977 4418560
5994828 211497
4711949 1210304
4841936 8253132
7510410 4813279
9015201 1126774
6901699 4916302
3867504 188589
150807 8911912
7897673 770091
2060357 1815135
1341482 2897784
5849058 1702679
929662 4215596
2620123 8518258
4060727 7912892
5901637 9607272
1664295 4735092
4332572 9925376
49722 7623844
4691812 6893486
9554487 9527580
5528812 102
8619358 8410420
9317609 1110664
9973439 3281836
2779782 5901773
725892 9265593
6262707 3244102
202970 3037417
3211152 4365076
9555794 105333
9039807 4924268
2413779 3659957
6436884 9747029
4833628 7257643
3007926 5080638
6167124 4045475
6613857 2061230
5944651 1727897
493305 4893180
6996542 8326754
8267216 416172
2959756 8997643
9115411 1566477
354982 1834495
5118705 3837927
3184757 2034033
7682123 1196747
5012207 814583
5611967 2869391
3854050 8354409
3506412 278006
3815381 8631281
8602098 316535
6144605 4083740
5162673 4084054
5531723 2701503
3008926 936505
7068866 4047476
4774279 1544453
249350 6567613
9182224 2669060
99000 7754538
7315454 7162569
3452837 588439
920740 1026149
5875517 1031836
2695719 5735382
9947802 9696005
4889730 84198
3421147 7860342
7677921 8117357
8998737 9520737
1476632 2634354
5137648 4877207
826101 2522755
2459538 2480934
1903925 1781777
4214220 6373523
3059661 7281365
7195186 1615500
1522571 8350693
357564 5251929
4634563 211862
4374065 8911123
319418 4765060
3970236 3626879
9802733 7990279
5060764 415506
8641292 3066725
9621403 460138
4346847 7822820
4879048 1737876
7742200 3277319
9218367 356878
9943495 9534398
4604603 2857338
2250307 4065374
2084296 1982254
8605310 704669
9854204 9046975
7604044 342297
3345322 7524405
166048 568988
1264464 7322951
3277481 3651029
8928478 3444282
5395171 4182404
6347832 7280651
5116278 5959103
6866593 2171301
3208635 1022885
4619339 5034147
7237029 9824041
3716596 8794574
2197416 1553546
7815031 948165
6279837 1596217
4732286 8370653
4819507 7543559
4381751 1120599
9708763 8501495
8305144 5108873
373817 7783418
4515344 1644790
8875307 436904
6267477 1982297
5750256 171400
9509989 2686299
4915894 2640220
8826677 3293354
8988153 5296618
3820070 7664503
362750 8121778
390183 2149551
246160 685318
7329826 4929724
5029666 3683315
2990776 9132879
4539490 9087221
8101025 7337127
2422617 566173
1250657 8124136
3268754 9397397
20726 7331492
5049825 307150
5047320 9566611
4509941 5274164
8108949 5338559
5309658 7304897
7827580 9015268
6123746 975643
8234977 4093323
5048117 1143811
187031 5599842
1170641 4598325
8701176 2388086
2106132 7657811
4559948 3778952
2394384 8902915
4575251 8382952
7448386 7408921
2210189 3197761
9963383 9288926
2424786 745162
4314105 7054619
942233 7196124
9248570 9698263
6818198 689832
4056164 4818817
1133653 2027262
7721603 4882085
3717790 687267
8577603 3716236
32282 1013977
5978729 8162508
6405324 7310414
8447564 8858630
3525452 9554197
7651440 7246763
6016731 7826788
549038 719847
6598073 8896266
7560343 2160907
1953159 9622289
9044554 9069269
458196 8394956
9896691 9257185
1434889 7328068
7947505 9568681
6772559 5120746
5644319 516391
1681004 2558340
8784642 6619054
3606160 2946876
6236391 4906893
4533292 8520453
2519193 8941351
3172281 6629628
5103217 3273913
5858793 4763277
7559864 5847184
2415089 9729097
1933094 3981116
5861323 6508926
9027263 753524
3393243 2819906
2095190 9591053
6638727 2923901
1588009 6993888
7940073 6122707
2979083 5323089
2569526 1015923
4671263 4848419
4403015 1100344
1996852 5304914
8588131 9012033
3220811 2528442
6315072 4747591
8119243 8581272
2864306 8120474
3663345 7566418
8381820 9357655
9202379 1868357
774728 8105500
5311468 3479657
2263249 5500438
2775219 7378163
3496023 3929540
6098588 6488063
7031813 9085147
2972393 7248464
1288853 3156394
7287817 6141979
9457443 2241510
5319979 1598706
7256994 7504761
2638556 7918933
4743907 716645
1956971 1481426
5901306 5622580
6634246 6746158
9153751 2855770
5313597 1041490
5884237 9135112
5710388 827737
6471104 7020435
7404866 274500
6521362 6968135
667464 462359
8606981 5871530
6508925 1929218
6638089 8293778
3830191 7299781
5424532 9891675
1671496 1649011
1480846 6174728
4423227 9294642
7008218 8225679
5164783 1936891
96646 3735928
9159775 8146362
9196506 4153207
1570001 3465859
3050093 1167681
1772093 4999662
4314492 7883708
1709259 8630259
1510534 1924650
7519801 3653157
5338927 7331580
5629180 2773129
2432041 4764341
2170668 9840234
5256290 8795386
3053962 7173113
2105691 6484293
7489086 2694545
1389144 9449126
5550048 9618763
9143775 841231
388589 1865434
5381309 7048736
257281 2343969
5435197 5966409
7504155 8382040
147369 105867
4709656 5983081
4042043 165188
7240524 3426646
9934840 9750592
7636698 8654240
4292174 5333432
1591160 6198599
5002219 5648864
3207125 3459273
8509241 1666587
8170206 4932224
5938575 9567912
9293263 6434615
6835276 2305985
8483048 4786210
9533180 2863032
7104476 2480762
6288508 3449324
4333713 3575974
213272 3944823
454960 410462
2238394 1038981
6468635 1631661
5458768 6159586
5560760 6117072
5083409 2776162
2788851 2010528
4661702 1375022
7493297 6659625
3458845 2041780
3850228 987125
5136319 138072
7167405 2842514
6844851 5210464
231091 7267705
7967579 5625369
8475692 1921960
2632670 1879890
5084267 2263117
3501628 7766834
2370206 4897851
5892003 9317736
6402616 4250749
4045311 419822
5432231 2665629
6570111 8880061
1911937 4697473
3244870 7742981
3011013 3195564
890630 130912
9529857 6627967
8829736 935985
8000066 642917
9522224 3347356
5610819 6841632
5221156 4124956
285516 2998454
7049102 8346219
5306507 8906833
5758101 8603920
7815310 4984003
6382867 1987965
609748 2793135
1435805 1453499
7246117 2454494
7434135 3673352
5613890 769864
2114580 7889497
2283208 4803652
2062978 6233068
7724523 7971310
1136234 9769940
217399 6973773
4266702 3857273
7133214 5406638
6454047 8028140
2442499 2278216
1977911 3824912
3382238 6641882
367247 7580498
9860268 5383674
2615205 7587517
381677 4182815
831766 1744998
334852 9377293
8077705 2272014
3382005 8248624
5590346 7915227
4308253 8496882
6482973 606950
3843519 7608306
3316896 1163343
8525279 9333031
604670 4233680
2284068 4791894
6786799 1060291
8125955 4565544
828798 7971043
7989981 6572806
2506938 7558284
3860714 7632773
9079111 8922085
6120171 4083277
245470 2175618
8678313 8263830
3093698 411126
1783984 9445707
9876004 45696
9414074 8680217
1472333 9295863
4261099 9430995
6492797 2355708
182641 367203
9069480 7268135
3437724 5034854
8074438 6924302
9345221 455761
1132272 6937489
280924 1466819
8334932 6558512
7432846 115734
239697 7172156
6221356 9087991
584074 5591660
2170584 5639259
2254447 3815124
5567914 6440771
170730 858960
3576630 5463505
7001051 6567400
1109688 7692108
7344555 4341770
5490568 7945890
9211875 4794701
8698031 4879245
1503491 6750195
7212259 5454236
4923628 2096159
6226499 7313667
454098 1975237
875198 5092411
44744 8011563
2843554 3846687
5470384 8518366
3381734 5199447
9561529 9617710
2864087 5733901
4604833 7750252
72420 7141566
5394511 7891051
4380009 6832090
6030448 5825370
9490844 6711057
8442904 8664718
481826 9147421
5400577 1865265
5307968 7646401
8340182 7383895
4995873 5455307
1004651 9941114
5351339 47762
7655938 4340990
9645383 7941711
1493409 860090
7904236 7298273
3225020 748445
7035211 1762479
8824943 4835875
6315954 4383949
5078190 1401599
7507737 8927367
7350076 2392927
3425325 1538251
6956381 4033461
5133310 2904246
4416676 5058441
9759371 6477272
3587599 7757008
9963962 8118611
1281431 8657401
40980 8158224
4163906 6944548
6838201 7161104
5035533 7028778
304335 5238803
8600761 9956417
9995588 3296020
4549624 1836205
6007926 9802763
9520516 2540034
6605469 1157276
3392106 8255320
63372 1094801
8061861 2454038
1962943 5179398
4263867 4481420
4300693 9551611
9684136 6363497
2131027 6287966
9364806 2699431
2804422 7659408
3920787 7611883
6862587 6747551
1160205 1206583
2870262 4285093
4658938 9897337
2872569 1245323
5873136 3514096
741546 9673701
5376848 7299099
8494221 9710475
6097697 1009937
9186756 4176767
8730409 948406
2224808 1153794
5705114 7308786
5287655 8212652
1788425 9887743
4193049 7228948
42050 4288881
7629772 5665567
7610017 3606037
7917301 1951806
7482308 9214865
6047315 7545801
8700341 4259712
8272755 4204933
4475139 4046479
7932940 1758642
3872165 943048
4646500 6591734
343798 3844493
7028895 1619210
5270192 5161576
6113656 3649997
6666616 6614699
5091448 2565663
3831911 5110432
9670179 4454217
300510 2816161
2328781 8119424
7188125 7339084
3731986 7036073
5157798 8876687
4508373 9191779
9158154 2821563
1100252 1886886
7381976 19262
7302822 1005764
4113824 5930053
1058512 4580939
408382 3699463
4005172 8920813
9144431 8371976
6639633 4337291
1735761 4974645
1760093 827198
165037 8942306
9426629 4818058
5570403 3968392
4675045 3651193
5210455 5030593
8727677 5746454
3700723 965752
7423253 2397439
9929565 5563127
8719471 800844
5392588 7680954
5639942 4103106
3605228 7930916
6224654 2210062
2905706 4849354
9358841 3262079
3902046 6640666
5154964 1028313
7307973 793599
9700841 9431115
7107012 1489150
3424217 583845
170 689620
5966649 2209656
5668364 6607460
228318 6336707
8677395 1128832
4412143 8741798
1501238 8661623
7297075 4544912
4381766 1178339
8507672 4302762
3613843 8748274
1331465 7836855
6959336 5674251
1256891 2868372
1859218 8367150
3586053 3893077
6989006 7025806
7982416 3743941
2547668 871025
8119694 3806163
6817366 8520720
2533812 9738272
5168699 8230052
2308949 9370108
1944107 4405796
4962585 9095587
2000463 4323483
2607129 284260
7113569 3549208
4443031 6951870
4766028 411298
1664631 697367
6554596 5536627
31807 9782962
4459233 491945
6674417 1287108
1601438 9778319
8249368 248694
9398553 8646287
4335199 5960393
3720657 5873131
8295598 9355947
9091882 9638515
4218159 5435067
1294814 2060542
2936911 6931
5456399 8207272
4685080 8953260
7109114 8779059
2561363 8477425
5877494 2111853
2932504 4619472
3872304 3710034
5906276 5815717
9807672 8441052
4645769 8687642
3210353 3186359
7796100 787622
8863846 6324752
4235017 8948536
5598784 6047834
7126333 7461715
3984932 4928044
8222946 3113732
1289882 234792
6451448 1266907
9339555 9885262
7941163 6352976
9510664 2331459
1207994 8371736
7414768 8678452
3072555 7807415
9832729 792669
2561277 605737
631802 9195303
943559 8668730
7373823 3163669
5130498 6305451
4605167 1913050
9430319 9395103
2001723 8276459
2347165 93588
2912741 3529792
6335447 122811
252484 5438983
4828015 989692
9718839 329302
2572237 3580665
1908705 3113431
684916 8932238
5975622 8857635
1362445 7005964
2811609 3556890
5531310 3338616
4723693 4947283
9935804 1231601
2803298 5747167
5483276 2289851
8881088 4322029
6233739 2199705
4440495 6922590
2219011 1634980
9959715 6887629
5506375 2626321
548075 2536746
6265778 7109899
5033351 5259250
9987265 7129666
9532334 2347380
9521519 8036585
7542560 4210543
1730370 7284281
4354789 4786903
5648108 4002468
3517697 3164791
1255718 7590127
7228727 9066252
6990977 9818762
8190305 2163625
1926094 3858027
5056668 9983168
6907266 2267765
2079177 7158873
2508732 4410431
5138573 2774934
173481 7063290
2504937 8748836
9664247 4203937
9263343 1582481
5342159 3224555
585148 8758514
2655072 1168610
337328 9316124
2404085 6658805
6135059 6006631
6971644 6645341
2190286 4486342
7282346 1860894
4963094 7873356
3572217 7592204
5158031 8261680
3033907 7308198
709692 6189498
658127 1288360
8902069 519444
6274578 7838061
7943409 5855385
8223236 2109157
4671868 5641783
2648651 116010
3627660 9213026
5689151 6209557
1315335 6175087
6942646 8317002
5473165 743638
3029331 5145678
9584657 6085741
9303100 643247
8387639 9551993
3924668 9100109
3239472 5570918
3998704 8292414
1046232 5088490
734186 2598006
3909732 7994782
3346956 2542935
9272909 3528857
9351987 9238534
3689775 7778072
6654958 6699486
843016 2728608
7778628 644642
8577010 9141492
57713 4600650
938114 5582985
8113077 8491760
4475212 7889804
4743327 5782800
3039198 4697627
8399555 165902
5693867 4389471
5466143 1637853
5699879 4578482
6190284 2903583
6119379 1451443
6320104 6991125
4851615 7006481
4462084 2773479
397994 8246309
4587184 7097155
2470428 2925255
847465 8679268
1969051 216107
6275214 3273680
6126905 6138950
7287322 7293659
4981879 6851981
8870793 4012733
8206701 3859225
7165014 199361
7859297 8623433
72761 2959933
5681316 1553771
1590567 7842635
5314638 1797105
2582068 3435975
9206685 1778005
1775241 5208646
9767061 6914650
7962342 3939109
4259602 8601617
1485915 4175124
2794342 4755391
4715973 5842907
5254961 6816572
5211353 7055337
1262070 4728424
8722347 5913145
5114728 6275308
1557768 6719171
4822642 3874821
3815726 6815959
7971653 2296573
4437209 4322887
6826633 9242001
8034403 4909550
7107121 7014429
8486451 1450047
1172915 2308844
3723927 9802203
1683138 5363222
1519184 4235288
2708406 2532434
9608879 3523845
6531642 7095747
3063061 4021578
6710207 1777096
5605512 9636619
2398723 9040685
201968 4517069
6949598 5265912
8090190 846971
2541820 5796639
3438471 2943718
4037482 5383899
9183643 5915922
7373319 841412
9427994 5586621
7075662 327792
3084043 1673810
2399384 9297484
5076363 4211793
9056070 4495161
8155910 4937338
9803662 2172655
9674179 6098747
8023168 6838302
7946740 3677522
4089369 8720802
213804 6164239
414861 1138738
2841932 7481636
3822756 1829960
5091416 4548644
8689062 9510176
4732606 2722950
2134912 5935986
2145528 827306
3896629 9369318
4608397 1899435
5524509 8597762
8438019 8983868
9331584 9219630
159568 6911957
8952069 3605315
5345381 8727186
263092 8357155
8652666 8891922
2845214 298352
7813383 8760965
7562531 1505543
5488471 9419710
1574452 5924863
6232249 6545582
4440846 3873314
21213 6439614
7688034 2042423
8730000 5233570
6756811 2278405
6095265 8839443
7635097 6515432
9610715 3267308
5681511 5712789
5419592 9712626
106428 8830836
7251174 9744455
173908 8434898
1541790 7195372
584245 4097146
1198473 9277528
2476605 2744960
6498328 4782880
2239115 7421079
9376226 1617834
6039770 3662236
503822 6121938
9416126 2590211
1778021 7020781
5270647 5128625
5035999 5905932
9707918 244455
3638619 9618386
6171109 1019166
4741038 8727733
5322779 6907629
339431 8687023
1986461 553672
644519 2679984
1148514 6111545
6022114 3386930
2379678 9076361
1208192 7437207
1295177 4440654
2749858 137465
80556 4380305
9363368 4943922
8011838 3576974
3164101 6741570
9230331 9840729
5953662 6938690
2473521 238707
5761508 6864840
5409205 2265934
1087812 6439926
8259414 332619
9485078 7637721
2650464 1874724
5872680 8124618
2124879 7213302
748861 1478897
5601378 5289134
4767261 1105855
2163298 6707992
9057772 1316375
5710867 5026007
586203 1832280
7892357 4766124
6257686 8292565
32161 3211190
7887442 5982729
6974349 5583762
5850152 9550407
9961145 2690460
1260705 191507
217886 841424
8802541 7443533
3249194 9171718
982890 7962846
1643221 4331872
4589595 4002434
8997453 3584303
7595994 8583406
9170815 5953059
9884811 2954247
304653 8896887
4161834 749868
2962927 3319481
5711537 6391467
7119342 8714598
5161142 8585521
7867974 6435903
5466316 8925064
779855 5164543
2758971 6915799
4263124 7210517
5800765 6296858
4376689 5827469
7117815 9852008
7545424 4561968
5876596 6479141
4284384 7004520
9672989 4432040
4661867 1412424
9021476 1902753
4478670 9122682
1549842 1056408
9028595 168366
4510245 4608459
8879971 3640586
7113486 4557190
839168 9663953
9640975 8417980
6306459 9512414
4016336 9564821
9331240 8231129
4469263 711464
7257372 2754508
5641640 4235342
9281933 8485163
1398259 978463
6608457 6627473
532730 5848487
4994080 3472740
3299342 9432294
3004320 8427379
1745707 2518685
6312518 9020835
1737265 8766688
8493413 2543855
6357954 8161749
4447791 2000770
489913 37683
1093782 1135380
4133655 6504508
1947913 8041916
7165822 6951252
2566715 7149302
8358490 3937051
2803266 8780656
5942926 2229177
6187438 2073465
4558877 4667684
2336846 8297377
526409 5823497
3116085 1615567
1982751 6512007
9550370 9321038
57764 7945036
8914306 1867135
7282613 4586561
8508615 3955083
8485425 2250404
1786527 9153246
4550538 7935743
8464775 4296497
4028096 1799434
85146 6926355
2146532 4063306
945122 3312424
5334740 8874288
3207819 8617221
2347759 9546630
5472243 3109038
2636299 5962155
6937114 4172979
5771666 2410919
7699833 1528414
6353983 7444746
8824562 8607911
9791187 7347581
5540535 1520294
4848860 4813266
9077556 3206035
5744921 1169362
922544 6810116
2953355 6386239
323565 4086780
2115711 8611109
684799 3122205
4679993 9880559
3904338 8689780
945033 8568908
9065633 4408518
1021985 2952848
505111 2383211
4653157 9644251
4710621 8193677
2529745 347530
1611009 8398270
797060 6638980
4913584 7491211
4432583 9978758
6467097 9522465
9677438 6763215
4528353 6347618
1616196 7863970
2854202 3531435
6699136 1324355
1673895 2599573
3007262 3811944
5999063 467919
142541 2809975
2160398 5672742
8718736 1572154
7048524 4161410
9349045 8516163
7158017 6449907
844769 472631
312976 3951183
8384710 6878256
1103260 4576072
5943199 4799695
2332214 3081278
9475353 8956306
6650402 3167879
8354945 8198347
1197642 230656
451405 7694597
2597433 9674565
3616991 7194234
4662923 9965459
695144 2620692
7143998 7820335
7597997 5557067
1212550 64905
5724053 8989308
8661576 9263464
9096313 3134760
5748269 8589923
8465515 1534656
5515445 4548206
258832 1371484
4207578 2763665
2201320 9269050
5755793 4064507
2843708 5206851
3297816 3121002
2039153 1793769
5883262 1344821
3316942 5668563
5710592 5596253
6557831 5122714
5506776 3709250
3730320 1401615
5013000 360760
1787319 8392869
3951179 2868840
7524366 7779919
4260874 9806822
6184491 356245
5099989 3298086
2416427 9190592
2827361 9163339
2261423 8269579
2804031 1568883
9939324 1801871
1562552 893002
7582001 6857907
2767524 2585442
1132281 9001923
444184 1171027
6190715 2488120
1193417 8358954
7593565 3777730
2650798 3604311
371038 5302492
6935127 8298570
3437577 2721898
7476845 9012866
9643464 7680393
6095371 7374079
5596027 4309561
3198983 6561270
9775333 6044370
3827849 1390459
7015900 7531089
7217112 1709816
7568239 7264228
8604542 1336417
31266 7253345
1583299 4685009
8947321 8116483
1650756 6958513
6671490 6345288
4715748 463552
1355791 504951
8942898 1416808
7736492 661223
2938675 7639154
1496353 8586968
2249998 9343956
6626365 5070811
4713895 8319445
9123885 4403401
6758754 4486803
5258627 5057849
2459964 9757853
5586540 2114956
2346548 181672
4641381 8918455
5169908 8482714
6250041 4113570
8854850 9945156
9041802 2081906
2218855 9909858
5958343 689195
4965158 2829798
9200753 2817376
9256342 1349926
8340341 1780997
7524389 8550613
4584978 2837128
7420393 2588209
1003633 2743534
385842 294821
8933880 3052330
2749023 1783287
7129014 6791299
3315045 5334722
948846 3265736
7532449 3867347
5490009 1943481
5745162 3646345
6297458 3302425
7763257 2923489
6261424 1078769
5678415 5439119
4759078 8001375
3308699 8225761
8365182 1754859
4526979 4865012
6228034 4376394
9077853 686440
7597994 4569158
9076138 9021629
2592413 3451110
9859779 8651451
7545915 1240902
7070895 1077064
19457 2053714
2839385 5701085
6882492 627498
8703532 1983555
8525287 6231141
6956885 5950136
748168 9880478
5807290 7519775
7130310 1668465
4853711 379035
2414767 6879193
6264906 6859034
8047031 3078726
5363887 988909
520998 9944691
7792540 1610393
2038308 6623354
3857067 1534154
2602121 8563628
8948429 4123813
4303796 9970006
1271930 6391948
5452549 2515645
4233655 4678747
3880980 9044943
7025397 8244954
5389025 9036492
8169035 3853650
9350820 2640122
7540351 2623853
6434698 6606697
3328619 9283246
1093962 7270373
1398145 9838127
5348284 6207891
1666502 7733024
45210 9308214
4440640 1726683
6897844 3714843
7707066 8252560
334813 2232147
6034616 7703585
1738179 9537850
2495703 6856252
6579817 5084227
1610429 3650345
9152030 4770701
4762623 9094435
6489959 929496
3882713 7513843
7873845 6713622
7131225 1143033
1184217 3864444
5232443 1589972
5994531 5449025
688930 6938677
7366217 3730600
5155936 566306
2357613 4134169
1658920 4882692
9978421 2019382
7768498 8431726
739728 8918268
9908921 79276
738308 4096343
981750 1974405
4751284 7330039
6657524 6145047
3579133 3100740
9856369 8629587
8096279 113017
8210284 5505054
4432050 6863898
7092730 3888974
9458957 4549729
5261748 1452269
6231187 7922191
9458891 9142053
8922998 7203753
5369476 9873891
8170897 3060462
9720719 5963323
2121698 5907530
1643682 3064718
2440842 2108697
1578361 8194424
3364944 4011354
2635047 5133428
8122277 2014154
13441 5603577
1009043 7622592
781586 407307
3443104 4169355
9099748 6120423
2467707 8875922
4208327 3704237
8996598 9043983
8302224 6267228
4657458 4450017
4173407 4377060
233982 9400292
3125000 6197575
1611494 1060118
9555645 5318229
2077921 8370380
5744163 3618660
1886562 1198949
7434942 5800678
2003323 993138
2256534 2666776
7432418 3826867
4666426 3137814
754308 4368606
2945131 7023632
492638 3487233
6385905 653316
6239179 807305
4198752 1407715
7032905 7609265
7816381 3018903
583605 4066358
4621360 3466395
821207 9753144
1475784 7147036
1312648 25917
9546240 5682272
3936216 3138327
612119 9494042
4066938 2200101
6295014 1677725
4183911 2678590
1184626 6578166
9880192 9793033
4093641 8221804
3592286 6695934
6086348 3006962
9045192 9196
5278828 595504
1577219 406741
6362917 3190300
3493186 7094662
9452293 8867541
3673181 7151043
4175322 4542830
5809630 7124058
5953613 3454177
2743423 3375558
761423 3878971
2674559 1274548
4305370 359970
4379986 6507694
9405947 5969359
4174729 7770143
9932168 1494020
2859532 4403628
4046748 6601601
4484669 3463183
7784117 2199671
2869855 1351166
4496253 7147211
7038986 9297465
5197836 5515062
7416054 8226949
2984631 9796726
3537042 6008680
3539935 3834114
8254525 3464436
5317734 1084440
798993 18967
2994355 8064382
9833580 3229036
6051275 8108476
7518881 2501901
1275629 7399877
2882604 2136360
6302270 4047770
5021867 1636844
4130303 8439265
5710879 2186678
1725163 4872270
1055588 3962469
5860256 5270770
9623440 722596
5800356 8321031
5114035 2800972
844964 1976679
5281817 4953661
5293086 4027446
883233 3876614
1862597 8222739
3550573 1854661
5056048 2373662
6736356 5383700
4609918 4941373
6646454 9718946
452537 225572
7047914 1075353
2465779 2295226
5053812 2790241
835002 3962668
6348442 1784783
6306880 1450550
776822 9675676
8478986 5573242
6872880 3953066
2940560 6503347
7112473 7582696
5229208 1156398
1289269 8954180
4559317 8604074
3546796 6313722
226138 2244098
4114256 9949781
6489377 3718918
2441376 1784855
8401555 4116048
7138069 3952661
9304689 3781811
7550708 6413608
9253360 5895767
608427 8828275
2105786 9467944
9929128 8865537
8532467 7457965
6077285 9619851
7098511 9974094
6822620 1411898
9661777 5121535
9398037 5025014
659405 9934542
2606748 4881098
6052336 1086755
2611574 5924496
7033724 8206684
6711808 8642582
6612717 665992
2212886 9722804
5045197 910917
4702660 5895427
7907730 8390648
4851576 674421
6229854 5188142
5283065 3006955
4688863 4792940
6008588 8070456
65644 6434545
4245410 2935091
9383708 7245105
5598848 2797604
208181 4802181
4493917 2213241
6449597 6455442
3947062 1454338
7146063 9521128
963294 49421
3307821 2531085
6923030 7097891
8529287 1346073
4472561 2190645
410456 1831036
5080814 2636006
2783442 7767757
3580526 3120808
4983191 8339416
9598408 4925453
5595296 3875168
6566571 5140417
1806236 1244112
9371669 6797372
6189582 2322345
8986123 5882576
1546315 2992195
6054305 8655743
5984726 8656731
3865920 3647782
1616021 1714716
5268640 8356997
7228344 4158339
9034172 83082
6428826 8324215
7026597 9869274
1998061 7563500
9333714 8433522
170085 1086102
1252115 5216226
5188017 7247037
711901 8760636
8612413 6326527
2629000 8055044
8483426 8287432
5196048 3801887
7880642 2337035
844973 7052071
4700783 1857422
2406598 8322654
3905960 7138913
9137646 1869608
893649 4926178
974192 5445753
7894655 2164422
3489917 4594964
7050666 2814632
6392801 5118994
1746289 4291437
266882 3087033
9826122 5085143
2172143 478951
8141887 6472166
1078738 5986012
1319085 9576666
7519831 8371879
1281143 2241886
5409630 76511
6081105 3318671
5629455 8926808
208931 4483508
2727765 4031430
5048587 616144
299168 9006936
9760112 4445534
5748454 515352
2375804 7118353
2597177 4297068
1026805 5119049
8345588 8199781
416993 6057686
4448484 5129690
3709982 4269508
5833742 252034
9189991 933835
1346181 6917161
5014456 1614521
4802858 3208650
4146807 5270340
6326084 8926244
2227255 5393234
9584928 7706313
5797043 4803850
7311369 8478856
6412353 7763872
5971789 6123815
7864856 2571473
7798239 4617864
1292279 6444155
2440874 5985267
8200682 7658993
6532019 43256
7102998 8279090
9071654 3100479
745468 2168841
9961584 7069432
4007791 2929792
5131263 4628757
5926899 3488483
7326142 1374062
2186776 1613614
7069184 3596463
1832687 8638670
1481973 553517
130144 9012524
6692743 3947304
1535193 1782031
6795743 6019269
5333434 87194
673609 7260421
6909557 4026961
5251107 8058457
4271301 6047708
3508060 1904135
2888449 8849391
7658477 548206
4662583 8072436
8643140 2737174
9541461 2143190
6640259 1817700
1658783 4778458
2584732 6706570
8341564 126396
8793308 2363434
4504345 1985561
3785666 9446549
8004921 3414552
5980936 5795670
8965980 6810215
4625978 2910031
1198642 5066047
8848591 4489523
2688180 2794343
5745621 2940851
2102925 101209
1858006 1097488
1512446 8781724
9922240 3797532
4573920 681052
8634062 1102089
4486132 28008
9619810 3645217
865983 9270419
4802343 3043717
3248353 4319577
6955063 5188207
2010541 5319401
2651335 5066068
8750253 2223739
3639509 2193805
506067 4685278
1319980 5872103
5316285 8443489
5095794 4868896
2616623 9540291
3886073 4834617
5063418 5646472
7205135 9462851
9412622 1887839
7631555 5988589
8636875 7536395
1216448 1900930
5051293 1426170
7790472 4450039
7702953 9798326
9552885 106871
3964952 3857269
8118303 6204661
164600 6166462
7575250 5567360
2400009 9389405
8189967 8832101
7686369 5928562
7806514 1156839
7080235 6845267
6515488 4074689
262362 1508441
9515317 3167034
6896296 3794664
1601545 822453
1610796 1568125
1170608 7737539
3988414 3190116
9501203 3877139
3960941 4799941
4636022 1314206
1036040 9215978
1297918 214386
8210947 7387438
8635202 8467844
6109858 3067724
9910282 9843437
3693296 1588083
8946124 1945788
3017972 1919309
7845514 2377614
1923291 521111
3199140 5465154
4178518 4776586
5412670 6712496
2276981 1529520
5477919 7211597
5590588 9644844
8279201 2659081
2122969 8942789
3739772 1371412
5105858 9159240
7985855 5366896
7147951 9420195
4026101 7193770
3759705 2663410
9275743 7521264
1082632 7098318
6927499 2448715
5882902 2638920
6563639 7292997
6402995 6984985
549048 8614550
3654662 1826803
9672717 3711593
6936987 1180077
8142018 9502636
6203097 6845742
6498487 4127763
6551248 4825998
325617 9059869
9983065 3257293
7158029 9787473
814643 6499985
6331508 2711914
1821395 3490457
6884847 6598269
5334501 9937699
3762188 4681451
2864276 8818210
8373223 2936704
3163050 6117096
211873 6596035
6840990 9178455
7191441 1126793
9930041 634540
6552646 2346227
4167606 4133140
6204860 6539343
4910977 4688992
2897723 3193285
6249119 796054
5984315 1323178
2309184 2798502
6186536 3250750
1294982 2046834
284405 5548973
3317442 7306555
8389184 1390243
7348285 7552314
5552762 208141
6784463 3928554
5472221 6612001
3035054 1412381
2263461 9737355
7759407 4659558
8102567 9847648
6579481 671473
4699151 3472488
1785416 1692957
2197929 6184600
279072 1910746
8546384 6216590
8342518 4935207
1996031 6186642
6233046 2850988
3668943 4022341
1631436 5392121
3530278 4286828
9779863 5783274
5857167 6570453
5404394 9799088
907245 5566013
204448 7002487
6752362 5048314
7091736 4309926
3704273 7475583
7808040 9661995
9122841 90558
2113695 1713740
4810704 3718637
7803457 9931403
6766503 813284
6396533 2065211
3531221 5450727
7199603 7460768
9187174 2240646
2325967 2319295
6432074 4223954
563327 6360967
8243838 1939881
9628941 4083425
7746654 3903294
9281561 7016269
33453 7097172
7717436 6572477
3055748 8130470
7279692 3608514
909336 4360320
1445678 54370
7342966 1386365
9508033 8404982
3935184 5792866
1523928 1448949
9244217 3976152
4656963 1380656
1319433 2675058
5653989 6828552
7137823 3344361
4198515 2266392
5358028 5798242
7289176 7095539
4203905 7287764
3486788 3934049
5073634 475415
9400763 2454036
5184311 5893100
8610859 3477302
5443318 5800819
283017 345826
2624615 9342615
9566611 914519
4692654 2406163
9748724 5440377
9917622 9757987
1066775 2116422
3757322 7320598
9486796 4277105
9401899 692819
7117308 2092526
4006520 4925512
9920964 4239489
9178287 3633542
3843687 5086503
3470707 9961265
7131775 1299971
5531812 6236764
4890799 2320921
7173729 3724661
5357818 638731
9399482 5952445
987501 7162188
5380271 2863867
557001 8655316
2652071 5620775
7640472 2260025
3176590 7443060
3477878 739082
1332182 2479827
6799727 6817501
864268 7451786
8809542 3061954
1423961 1366865
4852149 2557054
1140959 5160664
3262133 9967975
7367409 9455503
564000 2709453
7741550 82250
566256 2134767
7524185 3937255
6632456 1978643
6179008 7916386
9774951 3428503
9924905 8143246
3932854 6906805
5334149 2243283
3624768 2571305
2409753 3054357
1938268 3548688
4605964 3899644
2384734 3079164
7545757 430579
2074321 2617388
4325364 4421829
5894851 368514
7899356 1868004
7059789 4407004
3242262 5828202
3767692 7760377
9028336 1616306
6050726 4316409
9154935 1897889
5363018 5995851
8072845 70610
7715501 7592487
6122404 1906895
2210710 9206803
6562718 324967
9095247 1143744
340435 4082672
9287969 1863601
6511880 116789
254222 1287721
9671025 9914338
6343303 7908406
3504887 1367405
9932073 3108963
1864969 5922154
3196478 648917
8193781 6212737
83367 7471483
9726191 3790451
2776135 2707666
2513831 3738441
4202393 5576431
576712 8127958
4010062 9185877
653024 3753618
1941063 2396638
1882881 1740791
1848621 7115023
9583796 7527917
4771362 9257798
1789710 2102787
2530461 9993508
8797399 5016173
4867389 7718433
1339300 958610
7396002 1005542
2977390 1791451
6520010 9969182
1673539 4725413
7913033 9329615
4787735 5073158
3914299 2894291
4874065 7641719
9981705 39705
4369551 7269916
388070 1822421
8180485 503032
3810796 2856251
7412842 6452005
133457 1906394
1866326 289818
3675379 5379802
6966564 8173411
5180641 3138215
8090108 9092231
4676812 3218506
8792752 6636707
7747330 9105212
3411038 4870284
8461686 92137
3103716 2539482
9438102 1465164
5315705 703137
8752313 7425100
5860845 5815942
5192825 9821094
9841504 2583832
4293600 4075857
5126908 2352873
6612105 7448876
8812567 9755332
2082420 5224839
1341737 469310
2982875 9835326
894599 9518177
4739958 8563797
9878480 1208304
5269835 2259243
4158044 219130
1494670 7848248
483790 6563343
3008421 9299944
195700 1637979
9222542 7523878
6977247 2661228
2214627 1219717
2291465 6458975
8180590 4779371
575624 2161271
1225170 5804575
8008259 1577301
4920091 5825895
5423297 8715728
7362775 5776621
8409754 1490712
9034952 4015851
63241 7617062
6646317 4728368
5932505 4145498
5545653 1740475
4057493 7799259
4741233 6258543
2586055 965598
1145103 4981910
7537386 5180278
9181252 4520820
5390748 484562
2053884 1886899
3962838 29043
5144211 9661336
7820019 6626284
2161435 4678841
4734738 8127501
6424687 7649118
1259726 7575328
8126158 4525382
1392793 4125675
385071 5295158
2955256 8333833
6169098 4852306
3282866 2594183
4544503 3666323
8989372 1882743
1681358 1965785
9734746 4926126
834579 851136
9832993 7861779
9597782 2583412
9726239 7278423
1572510 4907500
6942451 3708306
3224205 6482803
4096553 536384
963659 7821866
1227269 3816079
7473624 7424304
2419214 2860397
1108478 5438132
5774207 1853281
3006512 2032126
6375613 6493955
491582 6296553
9447154 6835476
9683544 5587702
3111908 6192039
8653810 2531699
4730602 2207383
9084297 2929916
7835396 3621878
5415401 1133573
8599317 5194139
8247095 3952204
3965657 1422499
1541557 8988928
4840411 7298914
8217666 1504851
5333189 9399078
6975491 1367462
7692751 2533592
5378105 7829912
2369654 6747961
1632511 1075509
7260807 2422192
1158809 6205629
1489772 173893
6239126 7414535
9389989 8423853
2578105 6176506
1587740 906533
4555732 8189537
8592107 6877935
6202945 6606381
3240220 440581
2152433 7373992
6110842 1947624
3790249 326947
6151232 7935493
2085016 7910328
7252797 8417956
5099372 5242272
6292982 7576798
5929313 7786722
8764067 7835933
4681386 5234930
3829003 6046114
737805 1723771
4412045 7592275
1343044 8401717
428400 5710537
3419831 205305
5136102 9890337
5701206 7163466
4364533 3917227
2098298 1000142
8230667 9375887
3780885 8736524
8702912 3373218
4194118 8855362
5351552 5228042
3727971 5223501
4596777 8701725
6758850 9911328
105010 955253
6453608 3486402
1458034 9976396
4079010 4516072
4130114 4902266
7532017 995170
5268573 9115203
2682939 2153740
6461357 9496832
4285469 3381406
4620013 2421012
7743500 1446545
760156 6904872
9794788 4129356
4169305 2926185
618744 5650496
1118831 5400409
3669771 3052850
5651154 5826216
7333931 5554231
9707786 7512426
5039616 7733250
3949152 5005267
9932285 746627
2632266 2084391
9833366 9457786
2378940 872028
4641918 9685513
5703516 1178691
1387209 552750
5403552 2983432
921563 3088410
3668388 6567452
916258 9265590
6542656 7148812
93717 162291
3008483 5545488
6181555 9970941
252862 258179
126875 7822922
5952997 9964677
2599509 6562997
2354546 1596435
673753 1614102
7394108 7985673
2893157 3337065
7087494 4994563
2551879 5437187
976483 9421629
127519 3825718
8546549 7920149
1710148 4029425
1428695 6177070
511438 6958817
1957196 9154372
9533782 8150933
3087921 8950736
4499374 5941715
397562 2690377
5782219 7226862
5203602 3732138
5942581 9617423
2365696 6993824
833994 5605220
5864564 4904553
9151284 8028627
5708476 3301452
8617063 8727925
8171288 5427804
8286906 1207506
7081482 7972135
2187343 5045318
3611764 7451427
1636135 8057433
7738231 614558
9032083 2557727
9534464 1567102
2813913 3171735
8797193 3156838
4726115 3992396
7097990 8421991
4737601 1463180
5600777 4547596
2884339 8379159
126714 9520799
2742108 9200527
3386304 8170460
135029 9823800
2855006 7042909
3095628 3545854
2449145 519856
8682854 9546166
6994673 8095141
8234526 9284782
6729236 9686291
5271733 8747803
5087187 1158041
8244508 2825713
3136317 1669428
1413996 6232188
2240022 4742258
3262658 3856558
5309307 7381561
5014468 763396
1941062 3582794
9784570 1910984
8529462 8988465
3499672 246485
197299 5912688
9678063 880045
3372726 1273710
6387711 1661828
3936787 3335516
1153655 3426442
1858661 7158282
9898011 1219947
6456763 6436056
1217727 1312559
5688020 3134880
2549299 4435504
7171270 8188899
1253513 4919862
8646067 5366821
8593121 1799571
4714045 8898561
1653741 7450134
2253718 7184015
7883220 991078
8580941 2493870
5010131 8328590
8842360 5850352
8770809 7326433
5091411 1853014
5779251 5478972
1725272 246720
17270 855030
4735747 4247712
1628213 3595167
7385281 1085881
6967771 3890459
1163675 8609030
9764213 3514979
5161610 164371
9813302 1455768
2037390 2200678
5060171 1471880
3718736 2085564
3792785 8285098
445750 6864561
5055537 3024444
5935467 4300874
5401615 44777
1274069 6572395
1659178 603204
4024093 9346870
4587073 7750246
3366150 961800
7792403 8476049
7942190 2897691
6170985 14301
6166379 2746856
2877882 2246021
2619877 971515
2616313 730936
7214539 4100667
1930558 6535917
1531546 3673039
9503731 6387129
8891518 5817703
6507144 6776676
7959426 9747597
407634 1311283
174030 8282230
3177060 7472364
2739136 2966120
3846199 6824776
8433991 2941613
8854184 2716278
5397260 2043099
1538626 583370
8846636 5225302
1605545 8225858
7669595 86498
1811836 9582381
7792447 9839677
4857271 5308061
3289214 9045059
3324421 6873022
5367411 7448801
8157214 9723445
9934189 7760638
7276598 5711220
5287348 5353094
5035440 2312878
6559316 4350155
4617593 9520304
572106 7677804
7872784 4695505
2917905 4923468
9652127 4658852
5554635 6049015
3024058 5607157
3859331 5843304
2982382 7570507
4749898 8057449
4498198 3327296
2257586 8015490
2150762 1936145
1740756 5287730
7445846 1077084
8827673 459228
5615098 662534
7276882 974403
9139081 4099451
8269308 3135520
6679848 4849760
9132554 4806195
9254269 9837970
503512 9843566
5329657 6175323
6231570 1932180
4485526 7722770
6076585 4709553
9628593 973151
1571499 4298383
9315103 8147802
3214211 5747772
5262402 6699672
9296771 8668402
4518673 5495753
8778600 2412357
8589864 3005118
7161057 10405
8031256 7165601
4474492 5568871
7067554 5091888
4906648 6497439
5199383 4067535
521932 4557541
5912695 7722956
3925689 4487849
7975896 4476715
3945539 2653676
1801556 2004411
8620173 8175707
5504848 2024153
5959713 7008082
9172038 7597398
5123848 958827
5845457 2168219
3787957 3611059
226807 754945
4063033 8807308
3102083 9261705
8002696 2813348
8508645 1135372
9196838 9156503
2443582 7850039
5902710 6235518
7561083 5791299
3861124 4628668
7854041 9726442
3176879 8983084
2104813 7105444
1011105 4630085
8383814 7123530
8855951 7584871
6872129 4823162
3389495 2588343
2341102 8248728
4066395 2409316
770442 6967268
5104086 7676416
9547339 8792918
97920 2879080
3133723 8147699
8524399 7178701
8584924 1917943
93729 2125432
8329531 7722814
7872688 9928474
2260286 1850845
661606 5444986
1376827 518357
5978403 152767
1525228 5529150
6944688 1386978
5787419 1911944
3803708 4493356
4989572 8158186
5026416 519679
754977 8269760
5247365 6867654
5297918 6650320
4203906 6991983
5407695 3685506
5376997 2183137
114745 1080488
5594775 7132038
9759601 1330171
3192827 4621068
134603 1270168
1080424 274479
8182980 5902874
4807891 8852670
6421641 6838309
1131197 2676536
9591858 1288817
7020194 4912657
2005876 5521404
8161429 9481417
5016757 8896560
562998 2007021
1797229 5550058
6714951 7721395
9281288 9144871
2123114 7432461
5738558 8308552
2825624 196972
3278056 6222164
8914105 1031906
9878556 4789344
1389813 3031447
5131931 3694146
4964505 9403173
449979 7934642
746580 3550142
2294749 747909
1505073 5550702
3709044 6394180
5124389 6597785
8437199 6886178
7004655 4633546
7202864 1225724
9565753 5743630
4657078 5065987
2061653 2485861
7120705 6459490
3032788 7902982
8505391 8752017
1235122 4681867
3831292 9747264
7561711 8943447
1691595 4721525
9854906 6910185
1454059 5908951
5502163 4531684
6315228 1116233
9364983 6139806
8197729 3894227
2752811 2000517
9069316 4096483
9730531 300294
5007428 5482080
5665262 2704816
7525380 2176546
6091004 8609951
2909798 3334334
8365917 5729051
1562759 4874818
8066023 6674908
1041516 9187257
736437 8261556
3446057 3774031
9406565 1756249
4415943 4212488
6833111 2984062
1759828 3190968
2487512 7256653
8834752 6577653
8843087 2338379
367572 9676799
2491010 5415056
8078928 3054213
3783851 1540020
3946040 2929936
6899167 4770378
3634888 3522033
724767 3821619
7138802 7981590
1497291 9019674
5893497 7289086
5164718 669921
6108164 7072954
1612486 5231506
8097800 2609719
575061 6202496
9576468 7462465
6349025 2316313
7003101 1604878
9770995 4236902
6716966 1436817
6708156 7161583
2428421 6036203
2604231 2724649
4911666 3585033
399356 9832291
6227161 1700449
7767382 8878257
1435452 3198807
1502590 5577668
3125445 3580124
8492066 5541086
9555821 2652503
4969071 4063213
6559202 7008119
3754827 4783582
7893291 8713904
4071567 6639243
2495012 1014090
8460466 6859272
1842930 7704597
2338428 8272098
427925 870638
908 5976369
1421849 1790229
6398344 1849782
5138452 5917619
8566444 20086
9668965 887535
860963 9932676
7703181 4720673
4557958 2407558
8662489 3229152
4703747 2733800
3844745 5594818
534751 1191437
2891864 5731625
113600 3661805
9545133 3247344
1569322 3786851
9804607 3623812
6371829 7348873
5096627 9776754
121728 9118978
8187100 6501381
9488685 9073786
4437752 1462531
1451235 3440677
1439356 1806968
6943022 8532761
4493749 5637856
7155225 4084769
2907069 4500184
6175947 5755847
6699267 3584365
528328 7757122
3712886 6092535
4149926 5967382
9047258 1254553
4450425 3842743
6019201 7521429
2179053 5812443
5384770 550499
4082854 8786096
8966385 7132498
5502253 1284564
6606156 6597458
4774523 2967901
8623097 9203480
6267369 2105472
8678645 5845240
3775273 1433317
6576711 9016027
7215114 4819782
5078628 3748448
410569 4068653
345904 2425867
9061836 4820926
474477 2160018
8392391 7530543
2928826 1184626
8568740 2895965
2661250 8462718
1184095 2598119
1180163 9969614
5893566 4106478
85270 2918973
6604842 7737186
6002463 7683662
3418398 7301233
7985786 2888717
6497102 1130211
1459012 8749347
1222850 3708288
7920361 8110751
4267078 9218257
9723195 9488639
6751113 4409176
8315 7350061
2426592 1931381
4421757 3160618
2011158 5476314
9797985 3260068
5993125 5173899
1197779 6581283
3348667 5707590
1371980 1728287
5264865 6884456
6981149 7955545
9211040 2913418
1354599 2815651
1604130 1277010
9541435 1948334
2110391 9641944
4950599 6998576
4443686 897216
816443 5533310
2817538 6915602
1808724 6421490
2542306 5332532
1568734 2077718
870451 1001900
6948348 7898459
7292413 2124936
4869799 8803056
5371407 3158524
7091923 1078197
7540267 9727057
1793413 2264879
4181048 5617586
9411201 1301093
4355941 4053510
9424657 9642250
5151202 7227474
4846179 4016573
554401 1371379
9468395 2984977
1582597 5399339
3694763 6440472
9224966 9800081
2294079 4884523
4752712 6770725
2999388 7305651
8039987 246332
5112235 9242629
4086821 3123668
3590097 86073
9806786 9042911
6997730 5959917
5261244 5018460
3402399 1091561
7392607 9826773
4459726 5969752
236191 2158676
241977 2793392
3746210 1933386
880060 2681045
8420780 1704356
181710 833580
4844746 4661850
8148202 1472597
1427197 9857956
3385825 8806393
3368248 3321784
4305639 998402
6684200 1536874
3486670 6756761
8423518 5759048
6441116 39504
5558043 748884
2823281 8299013
6273631 6922323
3035767 3898678
1221678 8319268
5250681 4450735
5468256 8224953
1975377 5792297
8430807 447771
3848774 9748951
3591221 1551309
4227093 8121176
2547995 5562526
7012041 5142749
2987726 6783997
6444932 7461138
1138459 7262633
5505420 6888151
3856238 5820144
7069412 3966140
4814958 1515022
9316783 4795658
3349547 615623
4226383 5523286
5024186 216290
1063029 9896899
8246612 9952527
8790968 906088
7469016 6899336
9969203 9813251
4570296 4645814
8654774 4291646
5177616 1474529
6114626 6412521
9228036 24391
4460667 9897256
9464090 3858725
1200810 3283006
7110000 7856041
2884781 8118754
6344971 6487263
5487932 6734368
9985130 6770045
4511639 8322919
919121 4093623
9218042 7335545
6026615 7218351
2938811 2928466
6162026 9282280
2083527 1958493
9198568 9099306
5038158 347031
7590519 8174604
142184 3333435
5967590 8791992
7085170 4617464
2765614 235294
9416760 2163348
6597200 5885601
5850899 9353214
4537547 8750610
8200749 3185151
5150616 2011315
9714862 6146506
7684503 9438705
8290530 6793082
6149393 7953307
5181915 5551444
6885012 2609599
9263025 1686859
2781681 6916365
2323686 8901333
5533087 8148908
6439145 3179844
2704319 7613776
4141201 6416771
2313751 8952964
1440846 5759365
5598514 9469783
4811631 1198433
2540533 1279343
311357 6499923
6813924 2423919
5024563 9639481
1858000 2252888
9444090 1162906
5964310 8929778
7354989 5641423
4229653 4218430
7106280 4096396
3702694 2471666
1846576 2710859
3170044 9977992
4788679 5826334
746088 6115724
6580854 7874588
7207512 3462001
2467867 7076681
6686628 2431847
5336589 4288897
9808941 9504096
30200 2672329
6925486 4233001
9582568 5581151
1999721 9448085
7518219 5284590
8367099 6519144
2406944 726578
5587581 8956745
1279642 7650329
2901502 246251
8316870 9289260
236192 3839196
8333973 5395211
3272194 7194812
1969987 3737089
7973538 2608403
4846573 2998178
9468298 4698313
107273 1330628
9833516 5422195
3138299 2916114
4989880 1970760
1176867 2168578
439656 1703058
6458762 2277646
9516202 8212498
5542591 2745753
7755397 3879007
8228295 4320614
187247 7994974
3111789 1772685
5997257 9144058
2972095 8462915
3092468 2283781
833976 6461802
9964938 748303
2301924 3738360
2392305 3359798
957358 1569343
9310918 5724331
7028789 3325501
9968485 3120701
1680309 5521604
8215045 3484502
4957530 601645
4184890 8170556
7901209 7760981
3437227 1567673
1968124 5285625
4128124 7242762
3963721 9979006
781119 6247149
185334 8451928
1199864 6366297
2328578 1958103
3951024 9399299
7762700 5690511
6831502 9005365
9252881 9877727
3703456 1834406
2188775 6850948
3684034 7168869
295749 1486333
7939160 888940
5023294 364137
8950696 3396462
3286864 7108364
9314585 4821556
8553262 821450
1312296 707825
3215314 8695309
4220356 1738093
4089871 9652786
5200942 9894162
8835445 8336930
2047752 6072388
7097842 9645601
6190103 8682734
9398410 4142020
5805736 4423160
731984 6955592
2050509 1981179
798068 37211
9247755 4879578
4267996 7022398
6628178 9396563
5006852 4166550
4080018 3799548
3680343 5688338
7735945 6202143
5525787 4989497
5788408 6199879
4377882 2645281
8152934 9041201
2548894 8741882
