1000
802696 962538
788832 601598
510370 549238
494935 239558
346756 651136
850038 19528
695566 774324
647879 247842
865277 203957
307204 454860
978545 751359
343499 696383
925295 51634
166061 622732
40432 597411
732821 792525
164901 923166
635258 338089
648486 312264
214301 386847
982844 28954
467455 103372
454617 431901
961965 877653
200434 27769
816278 504540
328741 11899
263450 981316
822819 507750
488612 75269
847570 690143
682122 261223
234891 149944
711654 325086
514089 715737
780920 303368
859099 620400
550808 326644
356345 876143
371671 231643
994696 608852
165872 661811
590495 530505
270850 492220
650792 299367
817187 549688
968645 651551
264131 216074
557528 271792
171816 980461
673326 519544
15132 448177
64938 95519
56841 907210
553588 715186
833747 55753
800328 8989
34074 535568
872856 802117
732293 684291
165762 324960
175564 426563
116169 416941
169777 247120
321019 949122
366291 72154
648690 217990
324175 482402
181331 302820
348400 131547
85055 974792
150088 728416
473439 919793
652916 367420
239371 684502
22287 304948
734523 736490
931751 636622
58400 429842
93502 839919
39497 452481
925850 123863
203389 974245
407807 436130
296897 910539
714874 989526
617331 629371
906214 480091
429082 85457
658923 775548
734969 557519
619451 285646
512191 208834
630999 820744
65361 629823
755830 452118
987191 829188
113172 62284
920721 906715
868597 481506
406007 277721
304084 939131
786514 801840
753301 191224
803281 494409
997823 919827
845524 272274
764472 400568
191921 367435
315354 150650
465869 778172
762754 377178
318977 654494
205662 259595
464932 606143
445593 440966
338079 82509
75106 375882
756916 130517
495097 134911
635331 298466
167255 227519
881330 7673
919978 8429
645309 254555
517403 953873
121662 288362
4013 524368
478332 106989
148298 702061
385567 180336
163142 416311
107522 772150
610594 416541
632613 973396
317331 483402
378282 276202
840487 354139
316972 892014
117789 196653
471821 991572
632815 761785
419643 91935
783530 415949
577636 203209
788874 55706
591483 320877
245646 20409
631777 221989
982470 443066
167849 803732
330670 590320
777360 364873
60245 451697
872424 895228
754988 689467
228706 543153
273056 68999
973075 146508
648686 648105
681174 876326
268453 177523
314513 317403
231432 637042
802210 687021
748760 757323
977625 866555
460540 13782
95979 514175
68657 925983
509165 364805
440031 350288
58196 573774
801198 709368
630749 861085
720248 646960
511006 112428
485115 639688
962368 537753
854256 963781
894985 309285
126831 956703
243978 726831
652131 508706
604390 441639
525781 116161
846925 814009
148726 747095
186268 329026
258562 262211
683583 656733
810433 243781
105822 319774
106662 350940
709831 998710
749648 391566
330916 137473
610995 583654
785859 973588
965977 493095
100830 259385
377537 860872
284267 590189
615210 333242
459029 673898
254029 730850
441644 649089
854279 372901
569332 20543
625958 339295
483294 483153
94193 943049
121546 383501
549357 80455
159579 975106
764642 823359
36553 654878
838120 611955
26031 874752
907947 460537
815124 623753
834662 666453
336877 436541
952851 135109
771613 341946
671049 321416
169985 363323
456097 167601
446971 4563
459819 65182
940593 392218
670910 450253
197617 599076
162753 149569
526385 76999
208984 256083
385098 407575
951863 632224
224859 569605
601657 437405
273034 74471
641862 20260
991889 640775
162411 282952
77960 754101
245868 905937
656447 16085
501903 604698
231640 927306
116567 262068
137456 559828
991848 273198
101576 881806
983477 429232
14957 679725
490112 920414
915356 945903
395123 6946
618711 713996
270361 393733
701966 18768
118320 453996
596827 15201
822414 411861
567259 914732
603290 684741
788836 881765
479221 14255
101326 574670
181303 807968
680328 17009
139616 209034
564426 106360
783654 414301
156209 762337
624440 475487
835656 747879
191427 832876
870783 235254
779165 895057
142800 131018
764254 487326
839466 50224
739942 808566
572273 723101
222446 641616
88596 436077
807177 371914
62730 531907
128561 341406
365870 477372
966546 549492
407742 667225
768548 160881
490698 234479
332678 39546
466830 283015
513937 471226
338269 255035
686965 418241
691366 364117
707143 759570
643040 460242
159451 71351
52270 291251
487588 273201
78997 957605
671139 775830
397488 25388
209564 30762
521593 965645
976515 552202
454306 83330
807724 760175
138912 695007
607257 479847
537330 761860
392893 582748
555980 422522
147302 812182
491944 507098
778584 386503
855221 390359
572902 52241
929205 513026
837924 312024
470732 424254
980130 866542
541269 676559
967744 893410
168274 427862
999395 946798
839072 622697
571053 299671
140415 140479
368859 533695
735805 841321
521098 522332
135959 312747
61644 772406
667958 350843
424263 933489
657244 678900
521276 740606
554559 870078
257574 260968
551485 264607
534732 948597
790767 710125
883452 147968
832578 605875
271154 72192
217377 418087
789742 457800
489795 887373
179423 552222
159286 59985
40696 298897
109488 715229
590600 226370
128469 784327
974770 903150
900851 861320
492586 558854
183548 119263
857108 722398
978217 354390
987679 248033
646724 4047
705171 240529
550830 124689
239450 107794
29494 58608
12196 385439
354900 181769
793688 754879
195040 279120
887707 639413
302244 504668
424541 672179
305554 878179
16779 353647
435051 303307
96483 451042
157083 645076
836721 518355
762490 873137
725919 956403
255184 320467
555432 865108
642434 713857
423292 938457
273072 173363
716465 482047
543867 844530
962828 79200
336149 720962
731669 656139
930408 58653
530119 121342
852489 547151
260305 771392
481204 430234
310320 63537
315305 978980
922952 746275
487554 539527
772707 760193
201976 890438
258904 631432
571622 222591
660198 596909
117798 416297
791995 632095
45059 966600
504905 933218
957250 996182
536569 452166
918443 705042
334787 588121
489121 457277
762603 840633
78884 629870
625468 255595
707497 600987
405625 286697
42764 773368
817057 795198
890006 506564
975770 237813
895766 213612
858907 404004
341164 308150
658590 240773
54946 628048
315455 321038
924548 116011
92189 726893
338937 978899
325515 946394
471266 289649
892396 291629
878834 480244
257399 764419
848101 922503
366147 595720
289783 254617
351231 944704
858507 915629
172265 567402
911819 106112
31943 55458
936778 875245
235051 356074
468207 975787
765874 552370
275120 280595
797416 217283
306262 369648
679789 840062
664172 501182
713404 167846
943497 586400
78347 110852
448652 877934
275575 47466
517212 571160
780080 843280
636148 968159
140264 596228
524467 448104
98633 412301
750596 342389
996585 943646
714656 863626
901114 489084
208713 582822
978713 190767
884604 217623
648113 924186
87119 932006
517694 861083
482847 919861
242558 237091
282295 889706
395393 910646
252758 427688
865097 969195
734600 278534
562622 514804
519227 843246
440165 723977
81701 85756
628620 825985
309791 182409
636675 506409
846818 861290
743879 249823
762486 574868
411305 894036
923791 763817
852272 505020
626106 650007
191860 200705
399220 453033
510507 948584
156318 115138
641158 213767
732738 446548
960437 4253
755765 383080
594204 155645
389144 222555
854531 474715
177808 104763
224331 562881
506750 401797
672264 949001
778605 979630
995395 439684
466361 379038
631227 596799
2602 205961
309924 27413
459609 879068
268721 718156
693168 714695
390901 34180
280737 548551
480057 525707
165418 534167
535343 373722
655579 570408
113274 312767
487857 222593
889372 133526
334341 970030
342490 989558
533060 542197
430870 128529
939383 860750
8023 507275
383303 23304
707887 869925
363801 603646
682945 255451
901 4026
241404 739970
445688 746710
804017 530123
931562 108002
253928 911369
327721 954911
58692 530334
928511 107969
988895 134362
46174 337104
387473 545366
333045 373150
448082 13292
483382 150270
345468 960278
575870 556954
956686 921512
526548 30532
559990 494558
545744 208771
487871 505087
690436 840452
369076 192305
10065 686137
702813 537597
522903 693369
274284 416490
345832 239988
881128 793418
778989 513167
557170 882002
577617 199790
519181 862675
545996 921669
990371 981402
837583 332159
952633 982412
624930 350148
601551 470824
745989 360514
103155 973942
301715 129261
605992 800482
261659 641873
83787 816336
92423 627199
582591 59217
511633 133471
637865 513640
743794 524857
544298 914689
131932 777140
664905 664617
960235 864713
620566 263878
660982 685886
542616 314563
256185 613766
791932 319339
30442 678735
449477 395760
142180 641436
124472 659773
605019 548929
247987 474009
371128 541475
742197 608402
980491 521889
553272 799374
223295 610049
553487 180542
248125 760963
689621 576216
559642 228365
75090 802214
169539 134570
375709 823492
751765 81494
965035 439686
751326 993211
511447 68616
440275 928955
329248 416120
147235 967423
6250 938497
496171 684660
25647 257500
186541 621685
346728 351829
705861 696559
594263 422096
512388 698206
864803 94331
994301 451380
375100 979337
705586 721163
619216 23486
524087 746145
600884 989243
339397 632251
558092 641742
863090 154047
629805 988604
369910 16245
227299 760755
119634 675571
809330 480145
946213 193811
745440 268011
697665 637011
525487 286966
223397 7960
162711 880922
96361 725247
183009 493366
680636 41462
404104 518006
235098 575112
40384 940075
178592 859455
756185 886953
506464 189927
426125 495683
370128 543708
245613 112661
759019 719775
586964 878130
191691 375020
87032 439459
754990 248407
571989 638941
119334 79808
362424 445644
868213 873144
193963 289008
393604 479268
124421 306998
747077 63302
22249 506413
513872 807431
288162 211732
186182 355924
989257 493444
145041 298571
755402 664715
201437 737333
237716 636472
938750 758427
890728 357210
45450 120485
594039 865916
563870 533709
707649 994377
446541 953973
946302 530899
605712 517186
623255 371385
502687 322877
849769 540048
820168 58802
532651 924497
712052 627963
883862 541376
547349 62767
379743 444486
264492 920228
970045 667414
771572 448704
186701 176449
790488 918530
148815 292783
376962 461205
258733 620771
311370 252604
14236 23679
503948 787967
310214 970641
222848 64557
458200 616230
866351 905993
963580 563348
90970 889923
294461 380014
187892 3275
411998 839201
752109 574081
84505 236514
482147 100217
583985 240846
950973 878558
124236 358832
206267 838951
581129 827279
570591 267267
170438 545645
406039 672605
62934 420341
980075 971686
30715 389459
667026 479411
531138 836457
795143 529070
977542 246712
292883 989001
651262 399360
781398 133501
832524 753430
561197 472480
296956 793663
426496 562329
255817 898408
377761 825492
172284 37822
890103 980533
619385 262694
542945 164579
699588 329775
202635 441018
663367 880858
879621 684296
962418 838799
868264 143478
289945 763516
744228 206749
401614 445406
694221 157967
98026 529275
876798 672452
603809 199013
707320 162813
145342 230718
522229 729290
959458 482028
251519 439012
623097 682774
197199 410967
67295 897208
109483 128676
309464 899708
673951 979950
444766 248798
282618 774687
843425 921486
844634 675188
689297 764182
208682 94842
998524 973145
325225 669944
375169 795818
984144 450407
959421 337894
433779 906569
947689 650509
579134 468486
830170 991482
968802 344835
607087 463295
793741 418026
368498 604440
926468 177512
403925 612317
996094 43324
485945 721063
281772 925964
130561 138577
505525 941238
350242 781201
717473 968708
111572 62656
384641 325717
700236 514890
613761 795877
702863 73886
655619 328672
353529 400466
926887 903771
698432 123311
869752 591624
532214 456700
598087 405026
843729 138530
481853 173783
954011 432034
492250 796663
461967 212918
197402 715473
326664 789329
412836 174030
80694 313156
622540 966427
610641 790457
931516 742671
676440 962913
652684 819747
718041 149351
448027 797607
33083 560635
863297 511803
30420 578327
917593 168862
681109 939825
33454 794263
483267 924952
112270 711262
964706 235581
629007 88645
263342 981851
158881 497595
963891 353095
996575 53256
768146 738432
610603 673855
674301 643493
120109 598120
936142 473525
180329 264205
489618 84517
469185 191535
595264 174191
29336 218581
845407 505336
512091 963403
485113 694960
9636 791338
406636 127281
324994 761170
100800 892408
324756 440253
582508 13399
783749 884894
258676 148026
105790 556728
829396 993760
115138 170540
130230 823166
405165 816079
858961 48044
698006 324697
856623 537231
18684 797743
638162 286041
848962 497482
937133 657805
543361 451539
557055 275693
158035 215007
480011 620021
485017 339393
900245 703157
902417 339720
42843 731976
479455 121792
275858 420503
900645 61511
165987 107442
550981 739851
184156 411047
225335 779886
385580 606518
424093 283475
434971 439117
318644 534291
279587 771082
661252 18708
827532 328177
130018 822086
250946 317445
973118 6369
906712 334233
297532 787065
2675 303207
85108 238903
845394 164538
790098 624062
541401 417204
918250 584929
446253 860385
907876 548453
576868 612039
191131 711963
720135 239435
358466 233774
748999 231093
146620 495556
482728 855802
619566 181071
768531 744994
709157 905581
548665 336403
494149 42769
396155 663296
358420 176133
287712 289904
388768 533504
90605 840247
51216 252916
280446 812628
681307 866540
377493 825238
182346 616058
929799 476670
923963 602566
602677 818832
917387 488146
900296 907572
890874 891294
775780 369089
316095 168973
352230 937394
993203 974979
546043 144979
695248 944313
38233 698417
111864 459782
753702 459623
6080 347421
110179 526202
476014 971773
494089 229288
847546 39703
355069 925813
853319 556389
818884 448630
590070 797077
460086 226771
371874 845544
534736 983653
202174 596585
615465 899688
263222 106643
401509 298298
678564 439675
77363 916382
205251 731492
68001 543301
863970 926995
60835 980944
937854 470753
596611 603209
402161 755431
301101 55005
270819 928972
850689 479060
697809 577401
585454 633978
563515 602509
71242 416096
668839 108377
659726 118266
817189 712458
594717 954618
300985 735215
9076 217466
