500
5987 4237
891 429
2358 1145
851 5174
1670 5571
747 3238
4391 4689
2144 1561
2383 56
5508 1777
3705 1733
4730 292
3524 519
3996 588
3682 3682
1493 5270
1145 3885
1015 644
5669 2757
439 3387
2020 1944
5420 1750
4968 3067
4771 865
809 1941
286 2478
2433 2465
2064 2100
4926 912
3971 266
3923 5413
2370 5825
2087 4487
5647 4168
4596 4258
110 1877
3081 1286
120 5299
5257 5670
3146 4238
2378 1723
5779 3561
2839 1919
1241 440
4895 2050
4437 2230
659 3113
1810 369
1915 762
2210 169
1842 5456
4377 644
470 2589
2848 5901
4409 195
5571 1664
5859 4618
5299 4816
2061 5854
5109 3922
3383 3102
5826 5359
19 5950
2053 4806
903 2214
5216 1383
1535 816
2311 1913
3786 3918
2691 3621
2328 3089
5184 648
5234 2051
5567 2325
690 5343
4773 721
1638 1875
5802 1893
1458 997
235 1936
4027 3355
4489 1859
300 5281
1720 4434
2373 5287
2705 3210
2359 2433
5232 5285
1609 3253
2374 775
1558 2128
456 3909
5021 914
5214 1817
4160 1181
517 5936
2293 2298
1278 1563
1656 1411
3292 145
967 3114
2570 3628
3748 3457
5011 2424
4151 2672
3528 5495
4266 3267
1726 4495
2347 5657
3869 4314
2045 2326
898 133
3831 721
1181 1713
5619 4791
1812 3062
4592 4022
943 1547
33 5283
1978 3759
3020 4181
4358 2707
796 4007
2631 5054
5408 4762
471 1080
2121 5328
2194 5439
5360 1794
648 373
5325 2396
943 1055
1153 412
1887 88
5181 1814
1859 4540
1961 2050
5006 2557
526 4253
3524 386
3868 3140
4685 1635
4853 1084
965 3294
3616 4621
2607 4517
2087 3314
1197 1406
4457 3882
3642 5953
4377 5386
5216 4766
5597 1705
1058 372
1712 4787
4964 3771
3088 4135
2061 5067
4880 505
732 1715
4759 3184
4400 1667
3920 3721
5295 642
5416 5042
5088 3065
1252 3408
2865 2677
2184 1946
5969 3945
160 603
3319 2458
5403 5636
1785 5457
2619 2359
1814 1997
3814 365
4301 5230
5464 2145
243 1611
3183 5091
626 877
3053 935
420 1554
4010 1955
4044 4491
5568 3076
397 174
4845 3129
5281 4996
4964 1895
5075 3676
5452 3331
3013 4758
5999 443
2075 329
1405 270
3854 2031
3863 863
3323 2739
5332 5270
2529 1529
799 3151
167 5367
1878 4584
4211 1204
5501 1991
3747 5664
3321 1491
5976 2396
1190 1158
87 5021
5426 3713
5686 1245
1839 4088
3685 4874
1829 2834
4642 4566
237 2714
5091 3685
3479 5521
5137 1490
4245 633
1111 3258
3486 4347
1063 2495
5292 1330
3957 5686
222 5838
5610 873
1575 291
1202 295
189 3239
2398 2527
1771 5591
1091 4776
1759 5666
2874 2796
3052 1724
3054 617
569 5005
1937 3759
5761 1616
2231 4772
5778 3141
5224 5539
5326 687
4851 584
2380 2102
1494 1926
2903 3061
615 3953
718 3437
2142 4676
1251 3601
1640 4413
108 4056
5654 972
2549 3247
1052 2248
1996 3252
3666 2761
2068 3692
5206 655
2291 1149
1897 2090
403 5861
1517 1599
180 1793
3549 3802
3113 5447
277 5526
3639 3549
5910 5687
3913 3279
452 3088
5374 653
1815 1213
217 426
1341 3435
1728 1790
1478 4395
3039 3205
1031 3779
3474 2158
1880 1932
5518 3869
2742 741
5816 330
2594 4942
476 4016
1583 1886
568 2910
4120 1838
30 2201
664 3084
5814 2616
1520 5097
5401 4791
2308 4779
1911 2021
4670 4588
1362 3798
1754 569
4689 3457
4584 643
4014 5714
254 2850
2456 4042
1779 1101
2754 618
789 3779
3666 5916
4132 3429
5075 2298
1861 1769
5427 2373
2191 1833
4198 1167
3969 2578
2673 5281
1322 4166
4495 3766
1200 4474
4368 1198
4170 5432
1877 3852
5014 3134
5765 857
1028 1422
2540 2159
2248 1596
5430 4398
4300 2163
2968 5402
5131 5024
2504 5722
472 3925
1808 1819
1349 2712
5823 3436
284 2241
1255 4352
1706 5631
4336 2415
1231 1796
2820 5748
303 3509
3345 752
3492 5339
4922 5238
569 4004
1590 4909
160 434
4816 3105
4910 1819
4837 4515
1034 5767
1497 4836
2993 5926
1538 2718
5525 2279
4619 555
585 690
4931 1996
5095 5183
4588 1715
3114 3869
4508 4169
1492 2076
3487 2793
5305 4899
2899 5203
1330 1739
5530 5642
4860 705
5132 5574
5158 3416
3186 5619
3670 725
2620 4528
5621 5713
1916 5217
5582 4059
265 1134
5203 5779
5453 578
1336 2752
2471 876
310 1275
250 4225
4105 2770
4236 584
3875 4838
5592 2444
4535 285
2109 4190
5870 193
3340 593
4006 894
3021 4940
2349 2488
1771 1788
5722 3171
3123 527
4597 4153
5034 4809
4170 5192
3572 851
2699 5953
3357 1559
5627 5754
5284 5702
4723 2941
5451 4818
5536 3783
2937 4804
5315 2986
664 903
5728 3099
3623 5307
4992 1588
5752 5523
3839 2675
739 2775
4030 4714
4834 2915
1154 2061
707 3638
1251 967
5689 5076
4398 4325
3211 2677
1636 185
2372 1907
5721 3736
3633 1872
213 5421
4294 3518
2678 212
1210 1381
3340 3519
5574 304
4236 3061
2201 3440
446 4014
1927 3416
319 4376
3605 5311
5680 2805
2287 4849
5908 987
467 1966
1510 4498
2451 2810
4913 3386
2679 1963
4662 1794
5097 5758
3530 4786
2951 5203
2293 4162
1460 5708
580 528
2551 5666
2791 4463
3146 4288
1348 2354
4940 3638
3442 3029
2736 3559
5951 949
1484 2763
619 1522
2907 2366
3050 2436
1723 2159
758 2259
5712 1282
3563 5214
1567 2879
2346 3733
3684 512
5190 3551
1820 3655
1769 293
5948 1094
4704 2709
5032 484
827 416
4524 2095
3039 2828
2199 4629
4579 4722
4363 9
310 2497
255 3557
727 3417
3949 3250
1948 481
