5000
7421028 7181397
7889090 7181397
4489924 7181397
9417015 7181397
5466856 7181397
4943010 7181397
487267 7181397
2913755 7181397
5187057 7181397
7849081 7181397
2114708 7181397
7042380 7181397
7558131 7181397
4365375 7181397
9604804 7181397
1537854 7181397
4402840 7181397
2707388 7181397
5591914 7181397
7969535 7181397
2451823 7181397
3830420 7181397
3557636 7181397
2781113 7181397
8290079 7181397
1048299 7181397
1282625 7181397
1084869 7181397
9685892 7181397
547300 7181397
5169477 7181397
7715632 7181397
1705900 7181397
3158168 7181397
4878952 7181397
4011150 7181397
9827518 7181397
1027591 7181397
969517 7181397
2876528 7181397
2026759 7181397
5573417 7181397
4056219 7181397
2618692 7181397
1200681 7181397
6980893 7181397
4603670 7181397
6821651 7181397
1100724 7181397
7162548 7181397
5636020 7181397
4809611 7181397
5071471 7181397
5112862 7181397
1592613 7181397
8869499 7181397
3594369 7181397
4012126 7181397
9621763 7181397
7731631 7181397
4378480 7181397
5202350 7181397
2336819 7181397
525253 7181397
1401319 7181397
1234166 7181397
3030540 7181397
4420893 7181397
4232181 7181397
4911462 7181397
8183429 7181397
3568504 7181397
4497268 7181397
1537471 7181397
3963763 7181397
6777699 7181397
521617 7181397
2144805 7181397
2711975 7181397
6188612 7181397
8864861 7181397
9679246 7181397
9322893 7181397
1724759 7181397
1679377 7181397
932589 7181397
5869593 7181397
1028171 7181397
9296906 7181397
3855262 7181397
9924142 7181397
1814892 7181397
3339017 7181397
6896099 7181397
6981580 7181397
9550068 7181397
9678102 7181397
9532595 7181397
2776348 7181397
6956036 7181397
8438927 7181397
3570236 7181397
4265109 7181397
3907538 7181397
2029912 7181397
8202888 7181397
6319518 7181397
2843646 7181397
2843789 7181397
2010210 7181397
1249366 7181397
9403169 7181397
5559755 7181397
2704648 7181397
7303739 7181397
9369597 7181397
2029655 7181397
6050855 7181397
7495392 7181397
6843941 7181397
5362012 7181397
6685851 7181397
9335830 7181397
6968560 7181397
1149826 7181397
6254034 7181397
5959689 7181397
5582415 7181397
7650777 7181397
1720564 7181397
3744057 7181397
3213845 7181397
7862534 7181397
7520267 7181397
920859 7181397
5432974 7181397
6555280 7181397
8416932 7181397
8053592 7181397
5308029 7181397
247820 7181397
9648481 7181397
93469 7181397
4175152 7181397
4430702 7181397
7036105 7181397
8815605 7181397
9138766 7181397
6988004 7181397
616028 7181397
2888144 7181397
1027740 7181397
5739123 7181397
8182852 7181397
4774576 7181397
4548482 7181397
7447979 7181397
4979993 7181397
3170678 7181397
7100763 7181397
640688 7181397
6456351 7181397
1720162 7181397
3595316 7181397
1431877 7181397
1014859 7181397
9437808 7181397
2816748 7181397
8943779 7181397
2254560 7181397
8540150 7181397
6858650 7181397
796951 7181397
1295845 7181397
7296456 7181397
2670700 7181397
7047159 7181397
2255043 7181397
3886728 7181397
5990137 7181397
424459 7181397
884585 7181397
7413369 7181397
2927068 7181397
1228035 7181397
7701930 7181397
265949 7181397
3469379 7181397
5898643 7181397
1481770 7181397
9530899 7181397
5868568 7181397
5223572 7181397
4234744 7181397
1125165 7181397
4949813 7181397
8190767 7181397
1898528 7181397
5048180 7181397
5045676 7181397
9061160 7181397
8704221 7181397
2980474 7181397
4941501 7181397
8093989 7181397
5565862 7181397
1812535 7181397
1971368 7181397
5276150 7181397
9456781 7181397
6363225 7181397
1637175 7181397
3749678 7181397
1054985 7181397
3653863 7181397
248407 7181397
2523330 7181397
7345243 7181397
8517293 7181397
8243930 7181397
2487025 7181397
1407574 7181397
7575269 7181397
9927607 7181397
7168566 7181397
3295205 7181397
4037722 7181397
8160596 7181397
6416522 7181397
9370464 7181397
1334806 7181397
1613714 7181397
1566675 7181397
6211123 7181397
7532536 7181397
4118262 7181397
4015690 7181397
4677959 7181397
3301324 7181397
5561309 7181397
577135 7181397
58716 7181397
2270105 7181397
7458742 7181397
7893637 7181397
8799284 7181397
3466062 7181397
6507670 7181397
4746173 7181397
3921911 7181397
763831 7181397
4874948 7181397
3255424 7181397
5383337 7181397
3628914 7181397
8274955 7181397
3813835 7181397
6691113 7181397
226146 7181397
9750216 7181397
3766680 7181397
7085035 7181397
9005733 7181397
9922059 7181397
7490974 7181397
9625735 7181397
2253081 7181397
3074193 7181397
1534314 7181397
1699855 7181397
7246341 7181397
6804290 7181397
3144144 7181397
4794473 7181397
8063671 7181397
8638739 7181397
9504518 7181397
8515506 7181397
9240096 7181397
9439366 7181397
7992358 7181397
3629678 7181397
2348633 7181397
2132254 7181397
1476628 7181397
1695925 7181397
4589003 7181397
3248505 7181397
21326 7181397
6083717 7181397
5242921 7181397
7445260 7181397
9089453 7181397
3839351 7181397
2827785 7181397
4861164 7181397
336813 7181397
3675623 7181397
8005930 7181397
7290126 7181397
991830 7181397
2094290 7181397
4269417 7181397
5226659 7181397
7707017 7181397
2061466 7181397
212106 7181397
2921988 7181397
6263489 7181397
2945004 7181397
742818 7181397
954229 7181397
2713327 7181397
4733009 7181397
6029401 7181397
9856308 7181397
186604 7181397
8546423 7181397
208795 7181397
7352370 7181397
2878801 7181397
7164351 7181397
7318330 7181397
3858378 7181397
5745761 7181397
4278260 7181397
9691710 7181397
3339861 7181397
3987531 7181397
1618932 7181397
480521 7181397
4693325 7181397
2683435 7181397
1962203 7181397
7018369 7181397
3774784 7181397
1588320 7181397
3548895 7181397
5685473 7181397
8568581 7181397
9089449 7181397
8145075 7181397
4727183 7181397
7243065 7181397
5308334 7181397
3266231 7181397
5624307 7181397
8861543 7181397
6053621 7181397
9161011 7181397
2883908 7181397
8885322 7181397
1393048 7181397
3939983 7181397
1488912 7181397
5288946 7181397
3377663 7181397
1427728 7181397
9469483 7181397
1153272 7181397
8827095 7181397
589722 7181397
7968516 7181397
9200577 7181397
2280836 7181397
5930435 7181397
9362130 7181397
1253698 7181397
1744201 7181397
8882557 7181397
6546635 7181397
5997616 7181397
7023426 7181397
8744614 7181397
8703948 7181397
9467319 7181397
5401324 7181397
1941224 7181397
7274 7181397
125118 7181397
6551673 7181397
4995113 7181397
7628929 7181397
3371916 7181397
2686840 7181397
9563955 7181397
9311134 7181397
3828561 7181397
1762804 7181397
2565914 7181397
7860738 7181397
551165 7181397
3681744 7181397
3129476 7181397
1865680 7181397
3487830 7181397
2368788 7181397
4651117 7181397
1976308 7181397
2210881 7181397
3227215 7181397
819402 7181397
835520 7181397
5314112 7181397
7104709 7181397
6590212 7181397
7868820 7181397
9378224 7181397
436975 7181397
2865825 7181397
6252195 7181397
5408017 7181397
3988311 7181397
8298008 7181397
4170231 7181397
8358941 7181397
2804923 7181397
369687 7181397
7609639 7181397
6390789 7181397
4521502 7181397
4194878 7181397
7266006 7181397
3510253 7181397
121428 7181397
3851313 7181397
6220663 7181397
9571371 7181397
1361311 7181397
4375118 7181397
6314352 7181397
2209997 7181397
5788135 7181397
2712045 7181397
2523927 7181397
6586668 7181397
8221794 7181397
2230487 7181397
9481710 7181397
7561747 7181397
6655000 7181397
6818730 7181397
3110378 7181397
3012449 7181397
5505070 7181397
1289847 7181397
3780300 7181397
1614533 7181397
4067349 7181397
2829515 7181397
4634465 7181397
4069428 7181397
264079 7181397
8336552 7181397
9989243 7181397
4391458 7181397
2482585 7181397
9176353 7181397
8356021 7181397
9115866 7181397
8165898 7181397
1601151 7181397
1074951 7181397
2647114 7181397
1518484 7181397
1877609 7181397
3953407 7181397
7547228 7181397
6585976 7181397
9626896 7181397
6938720 7181397
5170445 7181397
5991434 7181397
3791005 7181397
5392310 7181397
477232 7181397
6278846 7181397
7218028 7181397
8034741 7181397
3265562 7181397
2491019 7181397
2764550 7181397
7570603 7181397
2490824 7181397
1688949 7181397
4222444 7181397
5365679 7181397
3729956 7181397
6240720 7181397
3704378 7181397
4170910 7181397
8775032 7181397
1250829 7181397
654807 7181397
7829471 7181397
2796552 7181397
499046 7181397
4717234 7181397
2795607 7181397
795159 7181397
3754562 7181397
3362014 7181397
2739311 7181397
2402628 7181397
1496484 7181397
6642298 7181397
5834933 7181397
3781187 7181397
9293017 7181397
7029387 7181397
6082370 7181397
1202721 7181397
7301847 7181397
1634410 7181397
1103581 7181397
2241092 7181397
2834925 7181397
9988434 7181397
6497691 7181397
1170017 7181397
5772447 7181397
6396747 7181397
908849 7181397
4239194 7181397
7526120 7181397
8555027 7181397
9459476 7181397
3326003 7181397
8863302 7181397
8087304 7181397
4791126 7181397
2384145 7181397
5099861 7181397
4654517 7181397
8161811 7181397
3233511 7181397
2976067 7181397
936009 7181397
6702097 7181397
2051855 7181397
1205499 7181397
6501463 7181397
7587039 7181397
2407352 7181397
4116219 7181397
336278 7181397
5047155 7181397
3362344 7181397
3787583 7181397
3249280 7181397
2095457 7181397
9090032 7181397
8725269 7181397
5609019 7181397
9839183 7181397
7070440 7181397
444929 7181397
3056712 7181397
8732039 7181397
9561301 7181397
963075 7181397
484388 7181397
1768054 7181397
9902891 7181397
8896590 7181397
7932195 7181397
8047134 7181397
536693 7181397
5197181 7181397
1381855 7181397
6512398 7181397
1475334 7181397
4690152 7181397
5237187 7181397
2862043 7181397
6934587 7181397
2574243 7181397
3871463 7181397
1064202 7181397
3782727 7181397
4481224 7181397
5987542 7181397
292517 7181397
9752304 7181397
5252948 7181397
8034466 7181397
4720428 7181397
7166334 7181397
711365 7181397
4247946 7181397
1329573 7181397
9534353 7181397
9823337 7181397
5718732 7181397
366429 7181397
9679339 7181397
6884922 7181397
1405042 7181397
3596113 7181397
2909864 7181397
9601215 7181397
8949260 7181397
6157828 7181397
8271087 7181397
4562505 7181397
7033976 7181397
6590019 7181397
68255 7181397
8625578 7181397
9212946 7181397
1689030 7181397
1029331 7181397
2504048 7181397
8153922 7181397
8992960 7181397
9940137 7181397
5906190 7181397
9892143 7181397
5185299 7181397
7741343 7181397
5243399 7181397
6939438 7181397
3503114 7181397
8893767 7181397
7733930 7181397
5460302 7181397
2965160 7181397
3175320 7181397
8956457 7181397
6929238 7181397
3865515 7181397
5188588 7181397
7770107 7181397
8140099 7181397
3837922 7181397
239404 7181397
2284123 7181397
9513372 7181397
9786965 7181397
4075871 7181397
436181 7181397
1878361 7181397
1798669 7181397
1893735 7181397
6379392 7181397
9225924 7181397
7813544 7181397
6666317 7181397
5564708 7181397
5591885 7181397
7526763 7181397
8114894 7181397
2469118 7181397
5942517 7181397
2180859 7181397
7223285 7181397
576274 7181397
8578954 7181397
3256569 7181397
8285484 7181397
9013276 7181397
295753 7181397
3716143 7181397
3955740 7181397
4078618 7181397
2058667 7181397
2844062 7181397
7733776 7181397
7406805 7181397
3946182 7181397
164837 7181397
8508987 7181397
267406 7181397
754227 7181397
9192116 7181397
5671176 7181397
3323153 7181397
8296170 7181397
7057837 7181397
7383653 7181397
5002643 7181397
6385480 7181397
7971237 7181397
3235319 7181397
3140588 7181397
4911367 7181397
8717561 7181397
5481056 7181397
2841982 7181397
5122546 7181397
8693893 7181397
9505910 7181397
9187336 7181397
5583002 7181397
1401913 7181397
8257577 7181397
2444190 7181397
4565433 7181397
5022773 7181397
2442972 7181397
5019108 7181397
355553 7181397
1565630 7181397
6092452 7181397
5314952 7181397
3857971 7181397
3954582 7181397
510884 7181397
8386161 7181397
2697180 7181397
4851230 7181397
9650863 7181397
83430 7181397
2111733 7181397
9864649 7181397
6886416 7181397
5396342 7181397
634381 7181397
664503 7181397
4049730 7181397
1880578 7181397
516093 7181397
3787727 7181397
8449744 7181397
3439669 7181397
1318052 7181397
300525 7181397
876775 7181397
2554443 7181397
7701050 7181397
8259376 7181397
1771874 7181397
7798658 7181397
8422122 7181397
5201147 7181397
4858118 7181397
8464279 7181397
8411290 7181397
7720561 7181397
8366235 7181397
6637193 7181397
605948 7181397
4107872 7181397
1301621 7181397
5747841 7181397
6225436 7181397
2127431 7181397
8237217 7181397
3628837 7181397
7014845 7181397
2779183 7181397
540515 7181397
4046459 7181397
5087794 7181397
4274633 7181397
9047614 7181397
4400955 7181397
1295715 7181397
1471967 7181397
2157966 7181397
436005 7181397
6098682 7181397
5829284 7181397
3367042 7181397
2991979 7181397
9196032 7181397
4496519 7181397
2384229 7181397
6870440 7181397
7544103 7181397
6365846 7181397
6246850 7181397
7605285 7181397
8147511 7181397
7087312 7181397
7439901 7181397
7738957 7181397
9058908 7181397
9497670 7181397
4299592 7181397
9422441 7181397
4995017 7181397
5079302 7181397
5645327 7181397
4933142 7181397
9688338 7181397
3468234 7181397
9010821 7181397
1063478 7181397
5869470 7181397
7268669 7181397
7334350 7181397
7952177 7181397
7462187 7181397
7393195 7181397
3726510 7181397
5006130 7181397
8305927 7181397
2556043 7181397
3538555 7181397
1989947 7181397
5103169 7181397
6755086 7181397
3658899 7181397
4705500 7181397
8839284 7181397
1223272 7181397
9848308 7181397
6111847 7181397
8454820 7181397
4240530 7181397
8973526 7181397
2166629 7181397
8024640 7181397
5266831 7181397
5097348 7181397
3435313 7181397
4406970 7181397
3085672 7181397
2270304 7181397
3107778 7181397
4562715 7181397
8163792 7181397
8338626 7181397
7901074 7181397
6697591 7181397
3865785 7181397
8439529 7181397
10066 7181397
9303116 7181397
2378180 7181397
6937083 7181397
6722320 7181397
1053719 7181397
8691597 7181397
8192720 7181397
1648910 7181397
6612669 7181397
5173093 7181397
1586952 7181397
9916527 7181397
3557473 7181397
1777863 7181397
3962406 7181397
2562726 7181397
1197657 7181397
4890860 7181397
5248159 7181397
987588 7181397
8691210 7181397
4221203 7181397
3107723 7181397
6096136 7181397
2126956 7181397
7208580 7181397
6796574 7181397
2043153 7181397
4599285 7181397
3824021 7181397
410281 7181397
1682614 7181397
5883067 7181397
8187037 7181397
5060459 7181397
8877556 7181397
640564 7181397
2971886 7181397
3968264 7181397
8797125 7181397
8393491 7181397
2086246 7181397
2203097 7181397
6462309 7181397
7225304 7181397
8176583 7181397
5446524 7181397
5613170 7181397
8397329 7181397
2969652 7181397
4555226 7181397
8396817 7181397
9436221 7181397
3584742 7181397
5452783 7181397
7480960 7181397
9432090 7181397
734691 7181397
7655461 7181397
4465410 7181397
7392617 7181397
9610068 7181397
3050205 7181397
5078241 7181397
4563247 7181397
998569 7181397
3901781 7181397
9529167 7181397
9419712 7181397
8116856 7181397
9684294 7181397
5338140 7181397
3220513 7181397
9556654 7181397
9376881 7181397
5951992 7181397
6713156 7181397
459797 7181397
1563131 7181397
4599142 7181397
6868435 7181397
5185863 7181397
1631048 7181397
5695844 7181397
4091087 7181397
2149754 7181397
2490409 7181397
4177018 7181397
6821010 7181397
1570796 7181397
7085063 7181397
241174 7181397
2124830 7181397
4758277 7181397
8264777 7181397
8577941 7181397
8665684 7181397
8877556 7181397
9931636 7181397
6159036 7181397
6715204 7181397
2109167 7181397
186560 7181397
6390487 7181397
1766463 7181397
8044248 7181397
4649684 7181397
4200003 7181397
1009900 7181397
370044 7181397
455661 7181397
7295026 7181397
1827063 7181397
6847617 7181397
3746635 7181397
843255 7181397
4255139 7181397
9164275 7181397
1290891 7181397
8413150 7181397
3402245 7181397
8261990 7181397
9143911 7181397
8084175 7181397
7308795 7181397
940741 7181397
52559 7181397
6081736 7181397
2210397 7181397
3988457 7181397
4450989 7181397
7357109 7181397
6427435 7181397
1612566 7181397
6272215 7181397
5785541 7181397
4860030 7181397
8132444 7181397
3768074 7181397
2024668 7181397
1009019 7181397
8220225 7181397
5784289 7181397
3865490 7181397
9728903 7181397
9962833 7181397
4266858 7181397
3283388 7181397
753645 7181397
2091888 7181397
3831494 7181397
9348058 7181397
2713497 7181397
3412183 7181397
802436 7181397
6158205 7181397
8000679 7181397
6765341 7181397
3293474 7181397
2301219 7181397
7969771 7181397
1881429 7181397
4184628 7181397
3873345 7181397
3517084 7181397
9307491 7181397
8760384 7181397
8498870 7181397
8312255 7181397
9567144 7181397
5811230 7181397
2729264 7181397
4638068 7181397
9421132 7181397
297901 7181397
3815447 7181397
9023041 7181397
1942250 7181397
5100456 7181397
8124592 7181397
2833883 7181397
2179675 7181397
5538467 7181397
1879175 7181397
4161743 7181397
699515 7181397
9819805 7181397
4761064 7181397
9779840 7181397
5060048 7181397
5925004 7181397
3071273 7181397
8806921 7181397
8362222 7181397
5701501 7181397
4006108 7181397
7121297 7181397
3900672 7181397
917898 7181397
4401638 7181397
48841 7181397
8201321 7181397
7200236 7181397
8252522 7181397
5245363 7181397
4203652 7181397
7018198 7181397
3391887 7181397
1906451 7181397
7070382 7181397
9092435 7181397
6913642 7181397
2532002 7181397
1911646 7181397
4113558 7181397
8797813 7181397
2155063 7181397
3029840 7181397
8028480 7181397
3459384 7181397
1198714 7181397
4760935 7181397
1363643 7181397
3040114 7181397
6569762 7181397
736453 7181397
5656497 7181397
1704834 7181397
1165154 7181397
4468108 7181397
4340275 7181397
7081805 7181397
7737118 7181397
1279723 7181397
3410990 7181397
734093 7181397
1312300 7181397
9652609 7181397
4808541 7181397
7472470 7181397
5855812 7181397
3418977 7181397
4546157 7181397
7001936 7181397
3838809 7181397
8191736 7181397
4984470 7181397
8559665 7181397
6091008 7181397
3888450 7181397
3292195 7181397
1479845 7181397
9271754 7181397
1587251 7181397
8523667 7181397
8895170 7181397
63641 7181397
9653936 7181397
2464271 7181397
3096769 7181397
4508549 7181397
1440306 7181397
7566311 7181397
9197677 7181397
7958885 7181397
4285378 7181397
3466087 7181397
2613038 7181397
9243202 7181397
8100020 7181397
8382318 7181397
8695284 7181397
5425258 7181397
990376 7181397
9845142 7181397
8731542 7181397
2395046 7181397
6634887 7181397
1740972 7181397
2113744 7181397
4494506 7181397
3897922 7181397
8977429 7181397
1662007 7181397
6657492 7181397
2063074 7181397
6419155 7181397
1979721 7181397
2772332 7181397
8909855 7181397
8578755 7181397
3746543 7181397
4467773 7181397
6916192 7181397
6710224 7181397
8006335 7181397
5577542 7181397
7074295 7181397
463281 7181397
5865311 7181397
5377223 7181397
8245008 7181397
3590881 7181397
5847365 7181397
8196945 7181397
88241 7181397
8375633 7181397
9856481 7181397
4526335 7181397
2549450 7181397
2837938 7181397
8920516 7181397
6088692 7181397
8774824 7181397
3757111 7181397
2304112 7181397
149971 7181397
2299432 7181397
2006582 7181397
7675466 7181397
9648350 7181397
1705798 7181397
8711943 7181397
3102595 7181397
6479517 7181397
3634487 7181397
3025078 7181397
3214310 7181397
2723343 7181397
3907350 7181397
2186232 7181397
7050046 7181397
1813475 7181397
8323930 7181397
9352162 7181397
3350110 7181397
8735738 7181397
4571464 7181397
5925474 7181397
3547700 7181397
2379777 7181397
7842237 7181397
5573150 7181397
2297458 7181397
1564941 7181397
7883513 7181397
9784025 7181397
2678379 7181397
6768827 7181397
7057329 7181397
7694292 7181397
9654909 7181397
2088099 7181397
4997101 7181397
766449 7181397
4294075 7181397
7907381 7181397
777025 7181397
285233 7181397
7853224 7181397
6311066 7181397
33426 7181397
1854698 7181397
6425752 7181397
8728268 7181397
7096076 7181397
3658935 7181397
3207587 7181397
534310 7181397
2880020 7181397
4204109 7181397
8664470 7181397
6751317 7181397
1361745 7181397
1073389 7181397
3642076 7181397
1917307 7181397
6127324 7181397
8627558 7181397
833349 7181397
1729022 7181397
5743142 7181397
2741395 7181397
4223400 7181397
5993816 7181397
7215459 7181397
7875258 7181397
4332049 7181397
803660 7181397
9399595 7181397
5327230 7181397
7565760 7181397
8049646 7181397
4336876 7181397
9512130 7181397
9005827 7181397
6042426 7181397
7390204 7181397
1529794 7181397
1435542 7181397
1077370 7181397
6964149 7181397
2722223 7181397
4269635 7181397
4187905 7181397
9908328 7181397
5657854 7181397
2268389 7181397
476898 7181397
4298245 7181397
6297100 7181397
10136 7181397
2315803 7181397
9731942 7181397
4704296 7181397
3320701 7181397
5221745 7181397
3269244 7181397
3302313 7181397
8958669 7181397
8381049 7181397
141913 7181397
3870507 7181397
4535070 7181397
2742045 7181397
7437317 7181397
8737660 7181397
8539642 7181397
7089255 7181397
8433131 7181397
146157 7181397
8481296 7181397
324910 7181397
1142264 7181397
4303903 7181397
3606997 7181397
2878943 7181397
8700292 7181397
6243088 7181397
1667999 7181397
292935 7181397
5039122 7181397
1394711 7181397
3686903 7181397
8306205 7181397
1606588 7181397
3188641 7181397
1976574 7181397
6479378 7181397
5832640 7181397
3316722 7181397
5334567 7181397
1912434 7181397
6501541 7181397
2396094 7181397
4891195 7181397
2079989 7181397
9278581 7181397
3556339 7181397
3165951 7181397
1723111 7181397
8388800 7181397
5501015 7181397
9152255 7181397
7848768 7181397
6439487 7181397
2505502 7181397
2190088 7181397
9854188 7181397
2084097 7181397
8905381 7181397
4239273 7181397
2985044 7181397
8548626 7181397
2475100 7181397
827183 7181397
6069915 7181397
7426795 7181397
9585224 7181397
9054250 7181397
1698176 7181397
4143197 7181397
8879047 7181397
6671282 7181397
5773431 7181397
6619783 7181397
6270729 7181397
8365003 7181397
5470524 7181397
8704752 7181397
9013088 7181397
4355901 7181397
6151563 7181397
3293097 7181397
6959066 7181397
2906512 7181397
641397 7181397
8065668 7181397
4598773 7181397
190363 7181397
749714 7181397
826024 7181397
6707309 7181397
8071221 7181397
2656284 7181397
1269068 7181397
7586368 7181397
7416776 7181397
2169848 7181397
3277236 7181397
145058 7181397
7130984 7181397
1674611 7181397
6076128 7181397
1150289 7181397
1328464 7181397
4717387 7181397
4264654 7181397
5221100 7181397
1360718 7181397
9196233 7181397
8307715 7181397
5011401 7181397
6993067 7181397
5772432 7181397
4973195 7181397
764765 7181397
7798784 7181397
3246259 7181397
7242050 7181397
5048902 7181397
1592969 7181397
236891 7181397
6834755 7181397
800878 7181397
4121755 7181397
2239441 7181397
3583401 7181397
185254 7181397
4250244 7181397
5066170 7181397
6484770 7181397
9751737 7181397
8677884 7181397
9859098 7181397
4307701 7181397
9660533 7181397
3833591 7181397
7079950 7181397
5972719 7181397
7773454 7181397
2853835 7181397
2343892 7181397
709947 7181397
6201760 7181397
8542749 7181397
9816735 7181397
4077629 7181397
7879166 7181397
9104184 7181397
6803924 7181397
4428681 7181397
8554806 7181397
9351231 7181397
6150547 7181397
7840812 7181397
5959507 7181397
6908987 7181397
4931039 7181397
1531510 7181397
3406786 7181397
3704611 7181397
5316396 7181397
2562701 7181397
5542703 7181397
3648644 7181397
674351 7181397
6877943 7181397
1072840 7181397
1904406 7181397
4850518 7181397
4458921 7181397
1027058 7181397
1632300 7181397
4799682 7181397
6223393 7181397
8313113 7181397
159241 7181397
7175115 7181397
911448 7181397
7638554 7181397
8710154 7181397
2802196 7181397
202039 7181397
9585768 7181397
1454257 7181397
2356001 7181397
7269975 7181397
2890143 7181397
9294748 7181397
6836032 7181397
3968089 7181397
8029884 7181397
7401697 7181397
7505847 7181397
8908946 7181397
9757650 7181397
8572932 7181397
9765128 7181397
1658026 7181397
7018382 7181397
2144588 7181397
2215446 7181397
7084206 7181397
3802454 7181397
9816076 7181397
4826425 7181397
2090072 7181397
5205045 7181397
8217368 7181397
2254338 7181397
6985431 7181397
313277 7181397
6292150 7181397
5006274 7181397
6594840 7181397
7653357 7181397
8261167 7181397
6563727 7181397
7332386 7181397
4263776 7181397
4564043 7181397
9296290 7181397
6436644 7181397
3622738 7181397
8203029 7181397
2182735 7181397
6625252 7181397
50235 7181397
4502050 7181397
7921472 7181397
983519 7181397
3740979 7181397
4908394 7181397
5747512 7181397
693896 7181397
624850 7181397
7637483 7181397
8582258 7181397
5056016 7181397
4171912 7181397
1055026 7181397
2565048 7181397
2747462 7181397
1353869 7181397
4681268 7181397
200754 7181397
5943296 7181397
1063695 7181397
6013570 7181397
6423090 7181397
686484 7181397
7645622 7181397
6463573 7181397
181760 7181397
8007307 7181397
8077683 7181397
7715592 7181397
3504206 7181397
586653 7181397
968945 7181397
6227457 7181397
5891162 7181397
8792309 7181397
6348813 7181397
150988 7181397
7457020 7181397
9721263 7181397
1067504 7181397
5507321 7181397
4223255 7181397
5411969 7181397
6874613 7181397
5758644 7181397
7524174 7181397
1934588 7181397
1838933 7181397
9992357 7181397
8991848 7181397
3369059 7181397
6697556 7181397
8291829 7181397
282589 7181397
7426900 7181397
1593947 7181397
6793538 7181397
4194151 7181397
580729 7181397
3283142 7181397
119657 7181397
8898306 7181397
2491433 7181397
4223221 7181397
2569224 7181397
6680248 7181397
5071735 7181397
6350755 7181397
8577780 7181397
2350462 7181397
3119241 7181397
2949503 7181397
4539874 7181397
7423444 7181397
2626384 7181397
6009420 7181397
8758718 7181397
7944788 7181397
4029860 7181397
2300969 7181397
6340111 7181397
4521639 7181397
9808554 7181397
405109 7181397
8178672 7181397
1254386 7181397
3129380 7181397
9863983 7181397
9636132 7181397
5069818 7181397
7883863 7181397
2394245 7181397
8029495 7181397
2625316 7181397
1668678 7181397
3777037 7181397
9827129 7181397
7166481 7181397
4104810 7181397
3995610 7181397
5702843 7181397
7753039 7181397
1386987 7181397
1711192 7181397
1496683 7181397
4359353 7181397
9601751 7181397
4093650 7181397
5012067 7181397
161837 7181397
590153 7181397
9026331 7181397
4005581 7181397
4085661 7181397
1185016 7181397
4888696 7181397
7233578 7181397
2209100 7181397
6983810 7181397
1101543 7181397
700031 7181397
4976799 7181397
5317373 7181397
2088938 7181397
3050768 7181397
3941223 7181397
9643461 7181397
7748646 7181397
9673523 7181397
1791948 7181397
630079 7181397
3058954 7181397
9496470 7181397
332303 7181397
4814027 7181397
7046592 7181397
6632113 7181397
6652543 7181397
6884586 7181397
8897064 7181397
3692757 7181397
1020129 7181397
8913255 7181397
8681640 7181397
5267082 7181397
7965595 7181397
7071188 7181397
6858642 7181397
9250518 7181397
5926780 7181397
4422156 7181397
1726646 7181397
4655387 7181397
1715738 7181397
6461700 7181397
4177211 7181397
9776150 7181397
7397615 7181397
4884321 7181397
3628560 7181397
2136720 7181397
636310 7181397
6849592 7181397
4060136 7181397
1199442 7181397
4183992 7181397
5175293 7181397
1104888 7181397
3756517 7181397
856830 7181397
6520871 7181397
4565583 7181397
5636202 7181397
8161295 7181397
9381711 7181397
4837359 7181397
3169851 7181397
7015982 7181397
289149 7181397
6281215 7181397
1145799 7181397
9987477 7181397
4039797 7181397
3370893 7181397
3112004 7181397
3806811 7181397
9953759 7181397
8244479 7181397
1228009 7181397
832644 7181397
7219416 7181397
5412987 7181397
1282807 7181397
8741812 7181397
7931068 7181397
4716928 7181397
1452421 7181397
4964441 7181397
4867685 7181397
7827878 7181397
5285619 7181397
6855913 7181397
8662103 7181397
4917353 7181397
7362100 7181397
6176358 7181397
9581150 7181397
7787453 7181397
860369 7181397
6942423 7181397
8525182 7181397
3639540 7181397
7118401 7181397
2524590 7181397
439463 7181397
18794 7181397
8752683 7181397
8363650 7181397
8332570 7181397
4294480 7181397
2413259 7181397
9138381 7181397
9824966 7181397
1935778 7181397
8013735 7181397
7687276 7181397
8228243 7181397
1379188 7181397
3437663 7181397
2395728 7181397
8282898 7181397
205701 7181397
8846162 7181397
2059740 7181397
3673018 7181397
8500559 7181397
9722596 7181397
1642882 7181397
1131063 7181397
7070022 7181397
4011454 7181397
5470105 7181397
6103593 7181397
4128843 7181397
5718649 7181397
7840924 7181397
7101739 7181397
5514917 7181397
8825186 7181397
3299374 7181397
8805782 7181397
5696657 7181397
6000802 7181397
3908206 7181397
3672657 7181397
2676510 7181397
3005968 7181397
8917353 7181397
4317162 7181397
7028374 7181397
9727168 7181397
2628242 7181397
3460980 7181397
2973744 7181397
3380107 7181397
8749838 7181397
2833469 7181397
3128841 7181397
3244504 7181397
1211987 7181397
1013370 7181397
5712467 7181397
4068958 7181397
4930387 7181397
5956330 7181397
4503543 7181397
3867410 7181397
2898769 7181397
310953 7181397
1575362 7181397
3370324 7181397
3917675 7181397
487917 7181397
3428225 7181397
1824624 7181397
5275034 7181397
4542856 7181397
3038401 7181397
1584721 7181397
3340781 7181397
7313983 7181397
2130768 7181397
5994889 7181397
4969389 7181397
6210640 7181397
3846973 7181397
7581092 7181397
3885979 7181397
206221 7181397
6785239 7181397
1561670 7181397
2727809 7181397
4515908 7181397
1129402 7181397
8844284 7181397
4074129 7181397
6966722 7181397
1207643 7181397
3077402 7181397
7019994 7181397
7599823 7181397
9990839 7181397
9702248 7181397
9620679 7181397
9810360 7181397
4850357 7181397
2558536 7181397
2124942 7181397
8645492 7181397
4692463 7181397
4158664 7181397
8291468 7181397
2715332 7181397
4466201 7181397
537329 7181397
1962384 7181397
8257748 7181397
9049419 7181397
5253333 7181397
3024196 7181397
9338575 7181397
1151690 7181397
7099431 7181397
5447498 7181397
1514665 7181397
3371128 7181397
5563070 7181397
4639137 7181397
6273031 7181397
2826281 7181397
4613481 7181397
6932744 7181397
2728739 7181397
7700184 7181397
3021807 7181397
6415355 7181397
9696236 7181397
7144565 7181397
947196 7181397
5866896 7181397
1150790 7181397
1281387 7181397
4975707 7181397
2819426 7181397
2529898 7181397
3421237 7181397
3826069 7181397
8854415 7181397
3996128 7181397
9890144 7181397
5587953 7181397
3190002 7181397
5456613 7181397
1334523 7181397
5473168 7181397
3599324 7181397
8154512 7181397
3109659 7181397
8237536 7181397
641797 7181397
4684081 7181397
9681178 7181397
1684899 7181397
2184712 7181397
6316123 7181397
2498299 7181397
5827665 7181397
1836840 7181397
1545931 7181397
2119888 7181397
6323371 7181397
2215339 7181397
8776436 7181397
7717754 7181397
1006310 7181397
4123808 7181397
9642954 7181397
6146222 7181397
47062 7181397
5190761 7181397
407911 7181397
7499937 7181397
2720652 7181397
378030 7181397
3282410 7181397
9944111 7181397
2396417 7181397
6485773 7181397
6531593 7181397
3242237 7181397
7599413 7181397
1784177 7181397
956685 7181397
6574425 7181397
5783463 7181397
1923373 7181397
7117486 7181397
3104010 7181397
9084890 7181397
8146964 7181397
3893376 7181397
7424147 7181397
9585120 7181397
9948896 7181397
410967 7181397
4031721 7181397
230574 7181397
1648563 7181397
9886700 7181397
8869555 7181397
1427750 7181397
4113022 7181397
3620652 7181397
2723182 7181397
3965513 7181397
5018955 7181397
7914080 7181397
1946981 7181397
1595345 7181397
8063226 7181397
23707 7181397
9958784 7181397
5398777 7181397
6419413 7181397
9273814 7181397
3637213 7181397
8588825 7181397
8044575 7181397
8219145 7181397
1955685 7181397
4137265 7181397
1025590 7181397
1254927 7181397
9541095 7181397
1053009 7181397
545442 7181397
128225 7181397
7850125 7181397
9359922 7181397
4800153 7181397
1353018 7181397
6453714 7181397
1811120 7181397
4489086 7181397
9604536 7181397
3408755 7181397
4517098 7181397
9469930 7181397
6647912 7181397
4998774 7181397
4829113 7181397
5912193 7181397
9322553 7181397
8895915 7181397
494688 7181397
5350908 7181397
1751662 7181397
9952490 7181397
415920 7181397
39439 7181397
4622958 7181397
520137 7181397
7404317 7181397
4445674 7181397
6686596 7181397
6940564 7181397
2747777 7181397
6853434 7181397
6083147 7181397
5961935 7181397
794369 7181397
731604 7181397
7900352 7181397
9165141 7181397
613138 7181397
2867186 7181397
8887662 7181397
5326078 7181397
2150061 7181397
6091135 7181397
6161386 7181397
2087913 7181397
4732240 7181397
4678538 7181397
3952555 7181397
8041112 7181397
4004700 7181397
6008902 7181397
9598314 7181397
8027263 7181397
9465748 7181397
5319672 7181397
5459376 7181397
9648351 7181397
6607481 7181397
8001786 7181397
5085055 7181397
1599572 7181397
3123289 7181397
8598002 7181397
2195958 7181397
108761 7181397
4018230 7181397
9591174 7181397
7922355 7181397
735456 7181397
9973985 7181397
9871698 7181397
5915804 7181397
3747335 7181397
4559713 7181397
7050057 7181397
1726350 7181397
8892136 7181397
1564227 7181397
7524675 7181397
7799515 7181397
4052856 7181397
3391242 7181397
7803248 7181397
270639 7181397
8492936 7181397
3141598 7181397
9998371 7181397
5893548 7181397
6648623 7181397
8030634 7181397
1593417 7181397
8019828 7181397
8388882 7181397
8033746 7181397
8795471 7181397
7269673 7181397
8363500 7181397
5964688 7181397
1154779 7181397
926873 7181397
2010263 7181397
9030762 7181397
5882534 7181397
6307014 7181397
2267186 7181397
8921776 7181397
6873042 7181397
349866 7181397
2480524 7181397
4930464 7181397
2680329 7181397
3920699 7181397
2273422 7181397
1792361 7181397
149186 7181397
9192162 7181397
9904329 7181397
7175663 7181397
8018648 7181397
5033299 7181397
206308 7181397
6922991 7181397
9599839 7181397
5157770 7181397
3922456 7181397
2072340 7181397
8439976 7181397
1214587 7181397
4744768 7181397
7630321 7181397
7692395 7181397
9974154 7181397
7715396 7181397
3044259 7181397
5324981 7181397
8700003 7181397
5177361 7181397
3888980 7181397
6920611 7181397
6486781 7181397
636159 7181397
7874513 7181397
2168177 7181397
471922 7181397
8221587 7181397
5298994 7181397
9979931 7181397
2441652 7181397
9864063 7181397
9767229 7181397
485075 7181397
2936678 7181397
1885823 7181397
1100426 7181397
8615824 7181397
3170823 7181397
8610773 7181397
6336603 7181397
8511211 7181397
9793674 7181397
2945161 7181397
4271292 7181397
8213972 7181397
6256207 7181397
586480 7181397
4482070 7181397
2401616 7181397
8210655 7181397
638450 7181397
1838468 7181397
4560417 7181397
2628218 7181397
3148420 7181397
8792649 7181397
2239730 7181397
9531659 7181397
8714050 7181397
9968116 7181397
830444 7181397
1988123 7181397
3118961 7181397
8113504 7181397
8297127 7181397
8271680 7181397
5592338 7181397
5083895 7181397
5571851 7181397
1534194 7181397
7908393 7181397
8040893 7181397
6156446 7181397
8340822 7181397
2594413 7181397
2873623 7181397
7546972 7181397
2655389 7181397
1855356 7181397
4668967 7181397
4264235 7181397
6616273 7181397
6436276 7181397
3070044 7181397
6720346 7181397
752599 7181397
7952451 7181397
8124573 7181397
3027074 7181397
3742792 7181397
8960553 7181397
3519949 7181397
9686866 7181397
6669231 7181397
7776013 7181397
9268431 7181397
4425430 7181397
3559280 7181397
4554953 7181397
7294180 7181397
3917136 7181397
9086498 7181397
8721744 7181397
6471273 7181397
8682585 7181397
4298478 7181397
7233324 7181397
2956109 7181397
8129907 7181397
5218411 7181397
5726431 7181397
6168657 7181397
3947788 7181397
2429844 7181397
7565676 7181397
7241701 7181397
5667245 7181397
5989368 7181397
9107657 7181397
8821769 7181397
3792192 7181397
1680307 7181397
3987879 7181397
462051 7181397
1634874 7181397
5108385 7181397
7769228 7181397
3790563 7181397
6593727 7181397
9437041 7181397
4682946 7181397
1615164 7181397
7347741 7181397
223073 7181397
5647012 7181397
6411024 7181397
8404048 7181397
263980 7181397
7429125 7181397
8608254 7181397
5779771 7181397
8006753 7181397
8845915 7181397
1745125 7181397
282839 7181397
4305150 7181397
2151818 7181397
1418622 7181397
6208632 7181397
2816413 7181397
2759049 7181397
8980352 7181397
5077503 7181397
2597434 7181397
2412835 7181397
8804051 7181397
1139515 7181397
5000423 7181397
4827938 7181397
1948150 7181397
479851 7181397
5008069 7181397
3394889 7181397
7434655 7181397
1500283 7181397
3257397 7181397
1066604 7181397
4885221 7181397
6675522 7181397
4820251 7181397
8297120 7181397
7350261 7181397
8638316 7181397
4986591 7181397
4035373 7181397
7425192 7181397
9510251 7181397
1368501 7181397
6257976 7181397
6867034 7181397
5990720 7181397
62475 7181397
3571574 7181397
2610870 7181397
5478699 7181397
2290005 7181397
3657845 7181397
940406 7181397
98443 7181397
8515714 7181397
2608424 7181397
3500625 7181397
6237010 7181397
1989838 7181397
2714461 7181397
2923562 7181397
9466730 7181397
932605 7181397
7458247 7181397
7170321 7181397
2077715 7181397
1103240 7181397
568834 7181397
7071130 7181397
1752614 7181397
5457611 7181397
92609 7181397
4139630 7181397
4605045 7181397
6703772 7181397
9800896 7181397
3004041 7181397
5889366 7181397
8647383 7181397
4209402 7181397
6466754 7181397
4545106 7181397
3559586 7181397
4845777 7181397
9324836 7181397
273779 7181397
5376555 7181397
9846705 7181397
2260887 7181397
9513623 7181397
4837775 7181397
5013091 7181397
9156177 7181397
1055742 7181397
2567056 7181397
103879 7181397
9597335 7181397
9116464 7181397
348293 7181397
5656521 7181397
6719993 7181397
6591811 7181397
1999926 7181397
5655548 7181397
2180096 7181397
5364475 7181397
9162338 7181397
6517558 7181397
5022661 7181397
1073372 7181397
6264318 7181397
9359186 7181397
5332811 7181397
6128592 7181397
4259497 7181397
6772048 7181397
2225141 7181397
9547693 7181397
2528729 7181397
2440182 7181397
6558115 7181397
298924 7181397
1934943 7181397
5349944 7181397
8053646 7181397
3879105 7181397
8366668 7181397
8236411 7181397
7192579 7181397
3249378 7181397
1840289 7181397
3610042 7181397
4158207 7181397
256020 7181397
3260589 7181397
7442602 7181397
5954963 7181397
5002784 7181397
871288 7181397
8348412 7181397
824571 7181397
7651451 7181397
6275998 7181397
1066739 7181397
3591484 7181397
4376113 7181397
1947513 7181397
261354 7181397
6185541 7181397
1920002 7181397
2648425 7181397
8013990 7181397
9289942 7181397
641134 7181397
4657483 7181397
319768 7181397
2042123 7181397
719799 7181397
3956059 7181397
5237612 7181397
7785942 7181397
442223 7181397
425574 7181397
3528996 7181397
6068293 7181397
3256760 7181397
4247975 7181397
3505714 7181397
2915397 7181397
3891612 7181397
8480145 7181397
2316995 7181397
9606025 7181397
3935835 7181397
9069936 7181397
8217496 7181397
4502661 7181397
9834746 7181397
2292829 7181397
374312 7181397
7039460 7181397
8611538 7181397
3024265 7181397
6496220 7181397
2164366 7181397
6408903 7181397
4259866 7181397
3173687 7181397
7328771 7181397
7572779 7181397
1534917 7181397
472157 7181397
3206563 7181397
5954034 7181397
3483778 7181397
9411440 7181397
5319982 7181397
6923912 7181397
2252232 7181397
3778745 7181397
1638362 7181397
1519894 7181397
9919271 7181397
8469126 7181397
4261944 7181397
3549077 7181397
6841176 7181397
6488305 7181397
4865653 7181397
3900709 7181397
2031224 7181397
4441803 7181397
5432077 7181397
5992513 7181397
8623641 7181397
9225237 7181397
1431367 7181397
8885209 7181397
1701391 7181397
5884841 7181397
8853302 7181397
6163385 7181397
4475785 7181397
7034027 7181397
5811794 7181397
9406597 7181397
5883159 7181397
5914365 7181397
850901 7181397
6802068 7181397
5089256 7181397
7137431 7181397
5210488 7181397
9398722 7181397
2972459 7181397
1708327 7181397
2678207 7181397
6255915 7181397
9765916 7181397
1258030 7181397
9228680 7181397
1990428 7181397
6291260 7181397
7308352 7181397
3049300 7181397
4854074 7181397
5011957 7181397
6942818 7181397
6539562 7181397
6318801 7181397
2571038 7181397
6108988 7181397
2126823 7181397
6032382 7181397
4815307 7181397
3102748 7181397
1259196 7181397
2474400 7181397
5401190 7181397
18650 7181397
750658 7181397
1775474 7181397
1018710 7181397
3958482 7181397
8323545 7181397
4013704 7181397
4556059 7181397
821684 7181397
8387012 7181397
6102118 7181397
6147726 7181397
3770845 7181397
3169789 7181397
9411648 7181397
5180896 7181397
1961138 7181397
714365 7181397
8648454 7181397
6802414 7181397
1583436 7181397
5522667 7181397
6324788 7181397
1569371 7181397
5489608 7181397
6309603 7181397
4306098 7181397
7777975 7181397
9641815 7181397
142354 7181397
2414485 7181397
9121984 7181397
2229838 7181397
3189847 7181397
833379 7181397
2941525 7181397
2775838 7181397
688944 7181397
5020673 7181397
112624 7181397
7314964 7181397
465724 7181397
4752905 7181397
1849950 7181397
7535226 7181397
9555478 7181397
4407630 7181397
5198 7181397
7032583 7181397
2800945 7181397
5751583 7181397
6597231 7181397
5636923 7181397
8100929 7181397
8297485 7181397
3982713 7181397
743116 7181397
204987 7181397
3759760 7181397
1624708 7181397
4057499 7181397
8884828 7181397
750909 7181397
7643572 7181397
6880878 7181397
1313698 7181397
4548255 7181397
2051984 7181397
8095783 7181397
63101 7181397
7443063 7181397
4203360 7181397
9946404 7181397
7903012 7181397
1586935 7181397
8357512 7181397
6244010 7181397
2337013 7181397
400276 7181397
2092853 7181397
192141 7181397
4433462 7181397
3103616 7181397
6339344 7181397
1953562 7181397
7846592 7181397
9116879 7181397
2737340 7181397
4925623 7181397
7120389 7181397
1668648 7181397
3587317 7181397
283658 7181397
3601555 7181397
6423799 7181397
9093571 7181397
9231203 7181397
4170893 7181397
4331655 7181397
6815806 7181397
8931754 7181397
3920007 7181397
6506816 7181397
8375538 7181397
876360 7181397
3002518 7181397
1881826 7181397
4749171 7181397
7432757 7181397
1269815 7181397
1608013 7181397
1493494 7181397
9879867 7181397
9304375 7181397
3400910 7181397
8175075 7181397
9218681 7181397
9429216 7181397
5715217 7181397
7095513 7181397
3433567 7181397
7946147 7181397
4417505 7181397
5503897 7181397
3142270 7181397
7328235 7181397
2748518 7181397
4289467 7181397
4985229 7181397
2171184 7181397
8776751 7181397
7567346 7181397
4571733 7181397
6011610 7181397
2572715 7181397
6835610 7181397
2506892 7181397
9851238 7181397
3605025 7181397
7423461 7181397
3249773 7181397
9741892 7181397
5965011 7181397
2829068 7181397
7437009 7181397
175658 7181397
2527002 7181397
7106815 7181397
5425202 7181397
8587745 7181397
4034372 7181397
3573194 7181397
2293702 7181397
1111987 7181397
9086045 7181397
4493953 7181397
1371552 7181397
2056032 7181397
2210917 7181397
7812440 7181397
423605 7181397
8756639 7181397
5994417 7181397
3362807 7181397
6858260 7181397
8787314 7181397
7282775 7181397
4509683 7181397
8578797 7181397
1679263 7181397
2510809 7181397
388789 7181397
6790978 7181397
2091517 7181397
5677312 7181397
7810913 7181397
8524792 7181397
3736867 7181397
8275319 7181397
3926235 7181397
9870981 7181397
3610757 7181397
8693317 7181397
2955670 7181397
4476920 7181397
6958185 7181397
5223935 7181397
7447855 7181397
746050 7181397
8929142 7181397
5444540 7181397
3629043 7181397
6370447 7181397
814205 7181397
3200215 7181397
4525623 7181397
9113380 7181397
5240397 7181397
7289358 7181397
2790304 7181397
3790443 7181397
2884969 7181397
4400175 7181397
3309821 7181397
8201707 7181397
6783905 7181397
4539862 7181397
5718595 7181397
2197629 7181397
9083976 7181397
775611 7181397
3995512 7181397
7446231 7181397
7614711 7181397
9218783 7181397
8308997 7181397
5640088 7181397
6909975 7181397
6599194 7181397
5153318 7181397
1877033 7181397
2663947 7181397
5712867 7181397
2432399 7181397
9240101 7181397
6479334 7181397
7522793 7181397
7236933 7181397
4826899 7181397
7956413 7181397
5743953 7181397
9431166 7181397
8613563 7181397
1517782 7181397
2775755 7181397
2224038 7181397
9093947 7181397
8692108 7181397
8509455 7181397
3150590 7181397
2091371 7181397
8686708 7181397
6915557 7181397
1435969 7181397
5282659 7181397
645990 7181397
7954823 7181397
5695103 7181397
4358643 7181397
3293848 7181397
3665098 7181397
6060997 7181397
2883349 7181397
9689394 7181397
3153841 7181397
7930799 7181397
1162409 7181397
2760208 7181397
9852272 7181397
1780197 7181397
2736318 7181397
9045002 7181397
7233228 7181397
1287621 7181397
9804598 7181397
2715351 7181397
1294579 7181397
638464 7181397
47518 7181397
3028932 7181397
6788737 7181397
965472 7181397
1278943 7181397
313508 7181397
3398847 7181397
503783 7181397
4326942 7181397
7131031 7181397
9984049 7181397
3465201 7181397
8575687 7181397
7380305 7181397
7342916 7181397
7026443 7181397
4389223 7181397
8472261 7181397
4958035 7181397
5040337 7181397
2985974 7181397
2234273 7181397
7987842 7181397
4057274 7181397
5416691 7181397
3525862 7181397
4720784 7181397
5342820 7181397
7474693 7181397
1782048 7181397
1822654 7181397
5392411 7181397
8032299 7181397
7120716 7181397
2234728 7181397
2931046 7181397
5686359 7181397
1754783 7181397
6287574 7181397
6266307 7181397
6560727 7181397
5739683 7181397
4090213 7181397
607436 7181397
7303479 7181397
9591192 7181397
4848203 7181397
2358180 7181397
8944403 7181397
3537440 7181397
9394463 7181397
6274304 7181397
4911 7181397
5518196 7181397
8922985 7181397
5187541 7181397
4313098 7181397
3359622 7181397
4156616 7181397
7173876 7181397
618381 7181397
7717258 7181397
4266416 7181397
8819060 7181397
2531164 7181397
5400468 7181397
3864059 7181397
9509874 7181397
4848088 7181397
7482743 7181397
2872283 7181397
6793740 7181397
5544559 7181397
8134042 7181397
8548303 7181397
7148021 7181397
8738718 7181397
9354416 7181397
9207878 7181397
5322303 7181397
9705048 7181397
5104865 7181397
6661127 7181397
1178772 7181397
1358788 7181397
8011015 7181397
7071361 7181397
5379782 7181397
6517235 7181397
7983135 7181397
6777824 7181397
4580088 7181397
7533055 7181397
938579 7181397
562854 7181397
7705881 7181397
7582686 7181397
3392832 7181397
2869888 7181397
140115 7181397
1938272 7181397
3965787 7181397
3302439 7181397
9290150 7181397
4417241 7181397
7935898 7181397
790027 7181397
6494008 7181397
9513115 7181397
7314447 7181397
6331968 7181397
9527234 7181397
1765636 7181397
7851505 7181397
5843033 7181397
8929765 7181397
6848969 7181397
7181890 7181397
2050574 7181397
8413686 7181397
5390915 7181397
9920837 7181397
173452 7181397
2395115 7181397
672381 7181397
3087664 7181397
4020396 7181397
159424 7181397
3526315 7181397
7710227 7181397
5771706 7181397
9311393 7181397
2536291 7181397
8587105 7181397
8354121 7181397
2452462 7181397
4272916 7181397
7811645 7181397
3843716 7181397
7356462 7181397
5109306 7181397
7163625 7181397
5955348 7181397
3635613 7181397
1380817 7181397
312434 7181397
2442400 7181397
5729477 7181397
5076886 7181397
4287670 7181397
2808471 7181397
2317491 7181397
4648177 7181397
4989755 7181397
118615 7181397
722513 7181397
7593002 7181397
3213996 7181397
3500620 7181397
3142005 7181397
7726852 7181397
7351618 7181397
1032488 7181397
4258986 7181397
7618094 7181397
1324980 7181397
2603315 7181397
1489942 7181397
9521277 7181397
8828933 7181397
6092511 7181397
3236164 7181397
9891414 7181397
1087049 7181397
9061912 7181397
7041531 7181397
6343205 7181397
6424436 7181397
3741942 7181397
7697842 7181397
4270372 7181397
7251594 7181397
8547434 7181397
145824 7181397
663101 7181397
4355343 7181397
1579591 7181397
7399711 7181397
9241392 7181397
6342898 7181397
8915404 7181397
4833823 7181397
782591 7181397
2962167 7181397
6514874 7181397
5156900 7181397
3738980 7181397
3011891 7181397
4638687 7181397
3551341 7181397
3601485 7181397
6158453 7181397
2786106 7181397
5146071 7181397
9176505 7181397
1988877 7181397
885190 7181397
5028490 7181397
3721207 7181397
7738667 7181397
2419767 7181397
994050 7181397
8127300 7181397
3907661 7181397
3550604 7181397
8784953 7181397
1719007 7181397
5454649 7181397
2519699 7181397
3935163 7181397
8934695 7181397
1574089 7181397
6022508 7181397
1695291 7181397
3837008 7181397
5207330 7181397
8249923 7181397
7581290 7181397
5418281 7181397
6201121 7181397
1448948 7181397
3786188 7181397
6085119 7181397
4959843 7181397
6785537 7181397
9367930 7181397
1018018 7181397
952690 7181397
3463828 7181397
9379789 7181397
8390679 7181397
7086293 7181397
7967118 7181397
8882381 7181397
7035448 7181397
9385991 7181397
8288357 7181397
500295 7181397
1415177 7181397
1807544 7181397
1340049 7181397
824090 7181397
1829642 7181397
3545258 7181397
2051520 7181397
4443169 7181397
9084248 7181397
6652072 7181397
5984332 7181397
785830 7181397
1043333 7181397
3917093 7181397
9956723 7181397
5399180 7181397
7245671 7181397
9998698 7181397
4769703 7181397
1612906 7181397
7801927 7181397
8556418 7181397
3722911 7181397
8528170 7181397
6340999 7181397
1658395 7181397
1338584 7181397
9128137 7181397
9463424 7181397
6055417 7181397
3584964 7181397
777669 7181397
7757 7181397
6882433 7181397
2161669 7181397
525332 7181397
1664841 7181397
4355025 7181397
3994965 7181397
2271612 7181397
4482302 7181397
7823061 7181397
3200480 7181397
7296931 7181397
7110451 7181397
2175424 7181397
2910166 7181397
2101815 7181397
2166096 7181397
1180604 7181397
1458546 7181397
6250732 7181397
3473654 7181397
2978409 7181397
9920661 7181397
7378921 7181397
7288652 7181397
7119255 7181397
4873949 7181397
7840841 7181397
4537435 7181397
3347843 7181397
5143916 7181397
6206693 7181397
6866131 7181397
5797957 7181397
1039621 7181397
530274 7181397
2986204 7181397
3302270 7181397
4508306 7181397
1149763 7181397
1020189 7181397
367917 7181397
9946410 7181397
6753575 7181397
4430793 7181397
175169 7181397
5978932 7181397
3922077 7181397
7089172 7181397
4357219 7181397
6771005 7181397
7103250 7181397
1979126 7181397
4110814 7181397
3775230 7181397
7850791 7181397
3511048 7181397
729662 7181397
6232643 7181397
9130203 7181397
7576385 7181397
2078952 7181397
1289888 7181397
8240398 7181397
1435107 7181397
1678524 7181397
2472062 7181397
3853435 7181397
7522980 7181397
8670598 7181397
3734738 7181397
2098246 7181397
5777772 7181397
6172636 7181397
2144246 7181397
8800365 7181397
4635330 7181397
4859254 7181397
1288406 7181397
455335 7181397
7051021 7181397
2167401 7181397
2704430 7181397
6886259 7181397
6095651 7181397
8171543 7181397
3311147 7181397
1647465 7181397
5897069 7181397
6216898 7181397
3368081 7181397
1915618 7181397
7207698 7181397
8475067 7181397
5679443 7181397
8272956 7181397
4250099 7181397
2414946 7181397
4811294 7181397
9057287 7181397
2826966 7181397
3647269 7181397
684950 7181397
6816372 7181397
2029284 7181397
2503599 7181397
5672665 7181397
2930888 7181397
1694618 7181397
3477062 7181397
9057462 7181397
5531915 7181397
2531474 7181397
3979751 7181397
800623 7181397
1653936 7181397
2123496 7181397
3904866 7181397
4213759 7181397
9021716 7181397
2639835 7181397
5638684 7181397
6239471 7181397
129043 7181397
6228780 7181397
8508873 7181397
3850489 7181397
6533246 7181397
7734788 7181397
8128773 7181397
2974843 7181397
891813 7181397
5317726 7181397
8770342 7181397
5209099 7181397
4464859 7181397
3836886 7181397
3834771 7181397
6964974 7181397
7571719 7181397
3601682 7181397
9368832 7181397
6185315 7181397
5452091 7181397
2525953 7181397
2062867 7181397
9308988 7181397
3368887 7181397
5801717 7181397
4100665 7181397
4012512 7181397
1524294 7181397
1618621 7181397
2954107 7181397
8732354 7181397
6541267 7181397
9444805 7181397
9740711 7181397
326867 7181397
4174502 7181397
125760 7181397
346359 7181397
8650336 7181397
7199646 7181397
6246218 7181397
9270638 7181397
7963658 7181397
6665854 7181397
5464906 7181397
5681006 7181397
414037 7181397
4918598 7181397
1398616 7181397
4738228 7181397
2588432 7181397
4917614 7181397
7013872 7181397
3648394 7181397
4993889 7181397
9691394 7181397
7443786 7181397
5389222 7181397
5678703 7181397
8392297 7181397
9697879 7181397
2112982 7181397
2587283 7181397
9284681 7181397
9252612 7181397
6663733 7181397
4456723 7181397
4017917 7181397
342354 7181397
6487318 7181397
4463225 7181397
1849982 7181397
6312828 7181397
367991 7181397
9384005 7181397
7723720 7181397
4267371 7181397
1505749 7181397
9562783 7181397
4259036 7181397
4633857 7181397
9844668 7181397
5640681 7181397
8088558 7181397
7927384 7181397
2430149 7181397
8055645 7181397
9176687 7181397
740753 7181397
1056044 7181397
809156 7181397
5598251 7181397
5701216 7181397
4801982 7181397
8243246 7181397
9279328 7181397
8704792 7181397
8873709 7181397
7107279 7181397
7350885 7181397
3223005 7181397
2079124 7181397
5869283 7181397
324459 7181397
6911562 7181397
5633991 7181397
9850117 7181397
169561 7181397
8383508 7181397
1239428 7181397
7146840 7181397
4970158 7181397
8416737 7181397
1033729 7181397
107939 7181397
4666037 7181397
6899912 7181397
5013424 7181397
2128713 7181397
8583056 7181397
7920145 7181397
9761690 7181397
9922208 7181397
5661995 7181397
5078068 7181397
4970955 7181397
2300696 7181397
8431210 7181397
6157141 7181397
3185670 7181397
7080523 7181397
2133472 7181397
4969294 7181397
8258273 7181397
3963636 7181397
6649441 7181397
7957354 7181397
6786102 7181397
92218 7181397
36713 7181397
7480941 7181397
3479498 7181397
7029732 7181397
4277453 7181397
6944572 7181397
2811454 7181397
664485 7181397
5003525 7181397
7666895 7181397
6485961 7181397
6948487 7181397
7020371 7181397
4604288 7181397
6468161 7181397
5674558 7181397
9628013 7181397
7714828 7181397
6459175 7181397
1017773 7181397
7760910 7181397
7288238 7181397
5334498 7181397
6360355 7181397
7974913 7181397
914852 7181397
3936462 7181397
7497850 7181397
4870711 7181397
7828069 7181397
230736 7181397
2260388 7181397
2945255 7181397
2017932 7181397
2932782 7181397
2942346 7181397
2780539 7181397
1639757 7181397
3830205 7181397
8227776 7181397
5597156 7181397
9640484 7181397
8935123 7181397
8120437 7181397
2626304 7181397
8348368 7181397
1676505 7181397
3383376 7181397
7275633 7181397
9834626 7181397
3447000 7181397
3791347 7181397
6130956 7181397
392338 7181397
2992203 7181397
2773588 7181397
6722536 7181397
7424674 7181397
4232473 7181397
9676142 7181397
2746909 7181397
2444847 7181397
3585991 7181397
5917638 7181397
691466 7181397
676363 7181397
5399031 7181397
8915424 7181397
6576057 7181397
26809 7181397
4889115 7181397
9528984 7181397
8198717 7181397
9589674 7181397
1028367 7181397
6540428 7181397
855655 7181397
1094354 7181397
1871183 7181397
1169114 7181397
9081679 7181397
6031528 7181397
2993682 7181397
7582369 7181397
1784368 7181397
4995507 7181397
1902573 7181397
5190469 7181397
7739098 7181397
8897788 7181397
1275327 7181397
2980931 7181397
5375898 7181397
5674226 7181397
1807144 7181397
6632155 7181397
7057462 7181397
5499360 7181397
1375271 7181397
8567696 7181397
3015529 7181397
8130500 7181397
6431462 7181397
8398676 7181397
2087290 7181397
4524499 7181397
1613555 7181397
5756296 7181397
3071643 7181397
4858190 7181397
2116079 7181397
9914414 7181397
3038800 7181397
6395256 7181397
3818757 7181397
8870360 7181397
5509549 7181397
1678641 7181397
8365870 7181397
7480249 7181397
3934763 7181397
9671106 7181397
8228510 7181397
9315866 7181397
3983587 7181397
4985324 7181397
7626784 7181397
8293031 7181397
5900438 7181397
5294538 7181397
4276940 7181397
6134300 7181397
5925831 7181397
1425896 7181397
6733090 7181397
1997703 7181397
2704155 7181397
2812223 7181397
7449335 7181397
4274030 7181397
6209738 7181397
8170775 7181397
9339126 7181397
9024249 7181397
4020436 7181397
3679358 7181397
9217446 7181397
3879649 7181397
2636820 7181397
2633667 7181397
4231546 7181397
7283902 7181397
1841369 7181397
2869619 7181397
76549 7181397
2064478 7181397
4569569 7181397
4676373 7181397
2188944 7181397
7111865 7181397
5588048 7181397
3264041 7181397
3615484 7181397
1948139 7181397
9897053 7181397
3441850 7181397
8505428 7181397
2639538 7181397
3926402 7181397
2379049 7181397
8924120 7181397
6998055 7181397
8616477 7181397
453961 7181397
5802692 7181397
6797742 7181397
6499576 7181397
8321493 7181397
7179933 7181397
330857 7181397
1061088 7181397
74926 7181397
4569778 7181397
8454318 7181397
4781509 7181397
6138937 7181397
5433585 7181397
863223 7181397
8268444 7181397
6715830 7181397
231971 7181397
3381569 7181397
3848057 7181397
4456226 7181397
3702517 7181397
1022589 7181397
9573910 7181397
5132750 7181397
8257778 7181397
5981312 7181397
6904603 7181397
9877905 7181397
7448563 7181397
725270 7181397
1092070 7181397
5385050 7181397
8408253 7181397
3385874 7181397
5729331 7181397
3262892 7181397
1966778 7181397
2966786 7181397
1938529 7181397
5795454 7181397
3211702 7181397
7125036 7181397
1535034 7181397
1577359 7181397
8776543 7181397
4360050 7181397
8577907 7181397
3054565 7181397
3825545 7181397
7879677 7181397
9288701 7181397
8761368 7181397
5840363 7181397
5133836 7181397
151743 7181397
815223 7181397
9577479 7181397
6879023 7181397
7960181 7181397
219763 7181397
7486940 7181397
7054667 7181397
5565099 7181397
7694269 7181397
6307028 7181397
5144873 7181397
8395157 7181397
9355703 7181397
6231651 7181397
3005488 7181397
4933268 7181397
8788999 7181397
3589821 7181397
2069730 7181397
3996089 7181397
7731765 7181397
1864207 7181397
8184068 7181397
4948893 7181397
3096863 7181397
8252013 7181397
7895631 7181397
3169111 7181397
3260044 7181397
3628975 7181397
5429718 7181397
2162535 7181397
570331 7181397
7345954 7181397
5406484 7181397
5317526 7181397
4210351 7181397
9414931 7181397
2692527 7181397
1827183 7181397
5650111 7181397
4036124 7181397
2351529 7181397
6999758 7181397
2903534 7181397
1961541 7181397
2921816 7181397
6977542 7181397
50331 7181397
1179769 7181397
3035452 7181397
8398223 7181397
4781687 7181397
3055883 7181397
5347692 7181397
9084417 7181397
8991318 7181397
1282117 7181397
1038779 7181397
5452091 7181397
5997478 7181397
3190017 7181397
1155938 7181397
4227379 7181397
2198148 7181397
5316244 7181397
205495 7181397
7770559 7181397
7940305 7181397
3229830 7181397
2703810 7181397
4277241 7181397
1616867 7181397
612255 7181397
8799045 7181397
7338612 7181397
637004 7181397
507254 7181397
5138523 7181397
4471355 7181397
6847887 7181397
3178779 7181397
3971320 7181397
6186761 7181397
1456619 7181397
1688059 7181397
8338504 7181397
7796255 7181397
8112776 7181397
5835477 7181397
1068439 7181397
68675 7181397
9535511 7181397
6792978 7181397
2699506 7181397
3249925 7181397
2163457 7181397
2369650 7181397
5942159 7181397
2335307 7181397
5286184 7181397
8601335 7181397
4762734 7181397
2634236 7181397
4962336 7181397
3716924 7181397
7942812 7181397
5617884 7181397
2455330 7181397
1803304 7181397
5894488 7181397
7878139 7181397
1226193 7181397
5090532 7181397
7646926 7181397
9723461 7181397
9490638 7181397
1184538 7181397
1390835 7181397
1834455 7181397
5772717 7181397
4871866 7181397
8021597 7181397
1018951 7181397
2784878 7181397
2169365 7181397
7681507 7181397
2322982 7181397
5110990 7181397
3592626 7181397
164697 7181397
2992152 7181397
9240599 7181397
8422662 7181397
9230441 7181397
3803921 7181397
8397190 7181397
8943010 7181397
8907002 7181397
717777 7181397
5840484 7181397
8148960 7181397
7866681 7181397
5545945 7181397
572803 7181397
2726780 7181397
420725 7181397
9313056 7181397
6672845 7181397
1283053 7181397
5591846 7181397
4594014 7181397
8616544 7181397
74292 7181397
4971749 7181397
8418856 7181397
3708923 7181397
2941441 7181397
4047457 7181397
3452527 7181397
3649509 7181397
5192655 7181397
9154950 7181397
592384 7181397
2970810 7181397
5006025 7181397
643882 7181397
6703002 7181397
2286115 7181397
6460036 7181397
7895898 7181397
611486 7181397
5177451 7181397
7489541 7181397
3750124 7181397
531721 7181397
2960471 7181397
3027605 7181397
899974 7181397
9738602 7181397
5794873 7181397
8028122 7181397
2717817 7181397
1708067 7181397
3682414 7181397
4386096 7181397
1800330 7181397
6156153 7181397
8700731 7181397
9063047 7181397
3119479 7181397
8520958 7181397
1314888 7181397
8460941 7181397
2155796 7181397
240018 7181397
6363251 7181397
7653231 7181397
7391392 7181397
3614918 7181397
5477406 7181397
5677142 7181397
6700168 7181397
2301639 7181397
223867 7181397
3034 7181397
3259293 7181397
9927276 7181397
6493906 7181397
3246288 7181397
8576376 7181397
9621789 7181397
5045840 7181397
6873598 7181397
182094 7181397
7559854 7181397
839513 7181397
6000446 7181397
2541207 7181397
527046 7181397
2005591 7181397
8041017 7181397
4860615 7181397
8633076 7181397
5834657 7181397
9167803 7181397
9542067 7181397
1847404 7181397
649976 7181397
7793131 7181397
6968412 7181397
7136395 7181397
5403397 7181397
3744890 7181397
9317653 7181397
3073439 7181397
4661595 7181397
735786 7181397
433451 7181397
684042 7181397
7648909 7181397
297699 7181397
3361290 7181397
6662956 7181397
6701074 7181397
4010407 7181397
8614260 7181397
6924597 7181397
1778640 7181397
9229815 7181397
8274660 7181397
9863897 7181397
9092604 7181397
4240685 7181397
5093325 7181397
9556719 7181397
1586962 7181397
6652316 7181397
9844403 7181397
5012634 7181397
6671632 7181397
2143854 7181397
8421847 7181397
2107807 7181397
8139907 7181397
1966740 7181397
1929626 7181397
6528418 7181397
6076367 7181397
9613176 7181397
4869655 7181397
9623644 7181397
18450 7181397
7814666 7181397
6524306 7181397
1045583 7181397
653282 7181397
2706134 7181397
4198399 7181397
1091123 7181397
9214701 7181397
7659055 7181397
3270420 7181397
5646568 7181397
1266710 7181397
7378012 7181397
6202288 7181397
9513269 7181397
874051 7181397
9802491 7181397
2067810 7181397
3842556 7181397
8285644 7181397
2012480 7181397
3591539 7181397
645483 7181397
1054239 7181397
7272752 7181397
9045521 7181397
9936550 7181397
5422820 7181397
1911101 7181397
1646520 7181397
8011904 7181397
4707408 7181397
5694464 7181397
7448705 7181397
6035264 7181397
5518009 7181397
7841195 7181397
241123 7181397
3709141 7181397
6780798 7181397
3694560 7181397
984486 7181397
3603832 7181397
3726555 7181397
893193 7181397
3076143 7181397
3167328 7181397
7414764 7181397
3628538 7181397
3426748 7181397
7817803 7181397
856037 7181397
284869 7181397
3563178 7181397
7977572 7181397
7171365 7181397
5824011 7181397
4550048 7181397
735415 7181397
9987434 7181397
1883492 7181397
5803614 7181397
5561419 7181397
3452700 7181397
1962619 7181397
1515793 7181397
2547895 7181397
5182259 7181397
5127757 7181397
8638501 7181397
3153183 7181397
6430072 7181397
6848208 7181397
3257876 7181397
1188720 7181397
3626696 7181397
2585033 7181397
949134 7181397
2511743 7181397
2541188 7181397
9572488 7181397
283933 7181397
4097881 7181397
8939876 7181397
8156680 7181397
3336902 7181397
9467740 7181397
1107786 7181397
9423177 7181397
2595294 7181397
7399085 7181397
5296791 7181397
3131526 7181397
8101175 7181397
4835808 7181397
4192033 7181397
5644760 7181397
1947350 7181397
1149212 7181397
4454999 7181397
999868 7181397
52668 7181397
3080896 7181397
8593665 7181397
2300679 7181397
5707234 7181397
7986845 7181397
4847937 7181397
4520355 7181397
3200587 7181397
1649570 7181397
759337 7181397
161467 7181397
1197097 7181397
1765102 7181397
9480258 7181397
4818624 7181397
9463449 7181397
7134380 7181397
3057855 7181397
8948870 7181397
1892192 7181397
9407220 7181397
5432216 7181397
7352252 7181397
385712 7181397
3842499 7181397
8683215 7181397
9263549 7181397
9013767 7181397
9057517 7181397
1054091 7181397
6298264 7181397
3146864 7181397
1278689 7181397
5168904 7181397
7463531 7181397
3877475 7181397
7611857 7181397
3414276 7181397
5280897 7181397
969621 7181397
8088187 7181397
2505713 7181397
9479001 7181397
8394822 7181397
6723815 7181397
3108358 7181397
1027099 7181397
4475527 7181397
815609 7181397
7074528 7181397
9408121 7181397
5204216 7181397
5251877 7181397
2569105 7181397
6915902 7181397
6319810 7181397
4688230 7181397
4860914 7181397
7927203 7181397
702735 7181397
6983071 7181397
1497773 7181397
8617199 7181397
6982940 7181397
6248568 7181397
5403977 7181397
1419948 7181397
376396 7181397
5429396 7181397
1295414 7181397
7857509 7181397
4608621 7181397
7970158 7181397
6396931 7181397
6083871 7181397
6043348 7181397
6715241 7181397
3822120 7181397
5918382 7181397
6656209 7181397
3004685 7181397
9869746 7181397
5287814 7181397
1545722 7181397
8957449 7181397
8816762 7181397
3512861 7181397
5278480 7181397
9263389 7181397
1663278 7181397
4161513 7181397
3994955 7181397
2280796 7181397
9824373 7181397
5772798 7181397
2180606 7181397
9107345 7181397
5395606 7181397
7801311 7181397
4603683 7181397
5203470 7181397
9784468 7181397
8786234 7181397
3813931 7181397
1835474 7181397
3658404 7181397
1766757 7181397
9263050 7181397
9758129 7181397
1039893 7181397
8331564 7181397
736697 7181397
9195821 7181397
6768379 7181397
2811516 7181397
2568012 7181397
735729 7181397
3635693 7181397
7249212 7181397
7032202 7181397
7609659 7181397
4972624 7181397
6081570 7181397
3706903 7181397
4956536 7181397
9358983 7181397
552609 7181397
3153429 7181397
5577139 7181397
5133261 7181397
1065389 7181397
4324015 7181397
4594246 7181397
9475148 7181397
3865492 7181397
6336658 7181397
5376343 7181397
2831217 7181397
8719669 7181397
5006389 7181397
6524361 7181397
580750 7181397
1202934 7181397
8191459 7181397
6766785 7181397
8503722 7181397
1290259 7181397
1052290 7181397
1969854 7181397
1245995 7181397
1262392 7181397
6723389 7181397
4623300 7181397
7582330 7181397
9748622 7181397
4917245 7181397
3932341 7181397
1124111 7181397
2555590 7181397
1990080 7181397
4243967 7181397
5623172 7181397
2941358 7181397
8929470 7181397
111004 7181397
2543131 7181397
2441064 7181397
2041823 7181397
3781099 7181397
5340410 7181397
9389210 7181397
6917885 7181397
8786444 7181397
9137800 7181397
5175117 7181397
9700782 7181397
8687105 7181397
7295345 7181397
9704004 7181397
359858 7181397
1857330 7181397
2060150 7181397
366001 7181397
5930310 7181397
7231968 7181397
6212115 7181397
2644404 7181397
2125307 7181397
6270404 7181397
6495208 7181397
8842637 7181397
2960692 7181397
5254428 7181397
7995779 7181397
7306906 7181397
4065287 7181397
3985922 7181397
4409752 7181397
8062115 7181397
7794696 7181397
7434067 7181397
5467440 7181397
771535 7181397
9458195 7181397
8895083 7181397
5547884 7181397
2937208 7181397
1709228 7181397
4700037 7181397
9874869 7181397
5372670 7181397
1205829 7181397
7424958 7181397
3355418 7181397
1693515 7181397
3289590 7181397
8170896 7181397
1630104 7181397
5380983 7181397
7284175 7181397
7890761 7181397
668014 7181397
8445035 7181397
9758743 7181397
8275214 7181397
9149503 7181397
1755270 7181397
4529031 7181397
9526458 7181397
4769540 7181397
9283873 7181397
6888030 7181397
6293216 7181397
810332 7181397
9856342 7181397
4544753 7181397
7131866 7181397
4738543 7181397
2305747 7181397
3128623 7181397
1925276 7181397
8141645 7181397
8056909 7181397
851329 7181397
76396 7181397
7345259 7181397
7186344 7181397
2421286 7181397
8928877 7181397
7545707 7181397
4238322 7181397
6297553 7181397
8651965 7181397
7694330 7181397
2842545 7181397
1309990 7181397
1321141 7181397
2018564 7181397
6215245 7181397
8636603 7181397
7479632 7181397
5811181 7181397
4297052 7181397
574195 7181397
1874835 7181397
4376866 7181397
8482654 7181397
2360770 7181397
3818987 7181397
8374950 7181397
2360220 7181397
1214089 7181397
6587709 7181397
6375850 7181397
7924960 7181397
2767621 7181397
3591599 7181397
2492923 7181397
9119883 7181397
5265202 7181397
763924 7181397
8108687 7181397
4014918 7181397
3686864 7181397
257276 7181397
5439429 7181397
6926313 7181397
814435 7181397
2215289 7181397
5083215 7181397
1017240 7181397
9867979 7181397
6762944 7181397
4747253 7181397
3326777 7181397
858001 7181397
2612576 7181397
4320082 7181397
6490883 7181397
8862081 7181397
427535 7181397
4685663 7181397
6185796 7181397
893492 7181397
7274045 7181397
3757788 7181397
930957 7181397
1270126 7181397
8946361 7181397
8498388 7181397
9065646 7181397
8026366 7181397
2422345 7181397
5744351 7181397
4176360 7181397
5895794 7181397
3754795 7181397
725657 7181397
1729499 7181397
5048832 7181397
1894952 7181397
9695593 7181397
5469938 7181397
6925274 7181397
2624939 7181397
2870413 7181397
9529147 7181397
8483782 7181397
22260 7181397
5929717 7181397
1405662 7181397
1554076 7181397
5109225 7181397
2209282 7181397
5851498 7181397
930248 7181397
7613153 7181397
7985908 7181397
8277684 7181397
5642289 7181397
2858159 7181397
1468141 7181397
1778701 7181397
8197458 7181397
5175968 7181397
3021963 7181397
7071068 7181397
4762375 7181397
784205 7181397
7237624 7181397
9298911 7181397
4540906 7181397
4814517 7181397
8831511 7181397
5925964 7181397
3932509 7181397
8173982 7181397
7005521 7181397
2915078 7181397
9872840 7181397
8752007 7181397
6832513 7181397
5117401 7181397
7089071 7181397
9135614 7181397
1372183 7181397
4532202 7181397
228711 7181397
7617638 7181397
7063615 7181397
9695387 7181397
5697534 7181397
7279698 7181397
9705763 7181397
2819982 7181397
9835039 7181397
9534529 7181397
9646241 7181397
8610301 7181397
1283390 7181397
1170528 7181397
704096 7181397
9012691 7181397
4169280 7181397
9452812 7181397
1392508 7181397
6491167 7181397
8902248 7181397
2577759 7181397
962950 7181397
7213953 7181397
3952251 7181397
4329090 7181397
7049906 7181397
4591679 7181397
6565670 7181397
327535 7181397
2661623 7181397
6897349 7181397
1873985 7181397
5888145 7181397
8107100 7181397
4752082 7181397
6350795 7181397
1295099 7181397
1331081 7181397
880931 7181397
5015109 7181397
408448 7181397
8207215 7181397
86943 7181397
800220 7181397
6873648 7181397
5623979 7181397
8178856 7181397
2994239 7181397
9319880 7181397
4713721 7181397
5229322 7181397
1431903 7181397
3351511 7181397
2939150 7181397
6979881 7181397
8318227 7181397
6362632 7181397
4302213 7181397
5823934 7181397
8631834 7181397
793508 7181397
3369721 7181397
7955000 7181397
8628494 7181397
9143454 7181397
6690662 7181397
9911236 7181397
3981042 7181397
7277957 7181397
9932440 7181397
5681037 7181397
2063871 7181397
2127272 7181397
3202191 7181397
9429148 7181397
3393055 7181397
464855 7181397
4002289 7181397
430870 7181397
6477853 7181397
4836927 7181397
9116977 7181397
4980863 7181397
4500327 7181397
6606285 7181397
3813020 7181397
4662007 7181397
9292337 7181397
5761587 7181397
4246770 7181397
7405800 7181397
2048822 7181397
7593956 7181397
6163583 7181397
3557110 7181397
7997845 7181397
1438367 7181397
555401 7181397
2620477 7181397
6690275 7181397
6454639 7181397
7107859 7181397
1663601 7181397
2002876 7181397
1950238 7181397
6615685 7181397
9350 7181397
780050 7181397
7038379 7181397
306131 7181397
6641960 7181397
1337299 7181397
1475713 7181397
2821679 7181397
2776086 7181397
8336642 7181397
1478955 7181397
7031178 7181397
9748052 7181397
6562872 7181397
4955453 7181397
1956265 7181397
9131982 7181397
2370377 7181397
1177307 7181397
6676916 7181397
2871266 7181397
4773074 7181397
5769444 7181397
5370678 7181397
3893104 7181397
5243365 7181397
7808837 7181397
1006104 7181397
2235106 7181397
1661849 7181397
763854 7181397
6812744 7181397
6382633 7181397
2258581 7181397
9913024 7181397
2014755 7181397
8714315 7181397
7945104 7181397
5380673 7181397
8568790 7181397
3974163 7181397
8657393 7181397
1132713 7181397
5304308 7181397
9395196 7181397
4323806 7181397
665912 7181397
9910700 7181397
2377533 7181397
9458052 7181397
5844050 7181397
8070841 7181397
328086 7181397
105412 7181397
2330493 7181397
8618034 7181397
1399244 7181397
3764881 7181397
5394728 7181397
502255 7181397
3447045 7181397
955132 7181397
5516418 7181397
9460330 7181397
9805268 7181397
3756711 7181397
3123244 7181397
4744466 7181397
2013621 7181397
3695622 7181397
9744557 7181397
1397113 7181397
2918930 7181397
6560304 7181397
6585590 7181397
8357041 7181397
7116039 7181397
3711941 7181397
4186330 7181397
4979666 7181397
4417515 7181397
4909241 7181397
2303463 7181397
7869156 7181397
1189531 7181397
3632699 7181397
9449487 7181397
2207691 7181397
1112999 7181397
5288828 7181397
8868410 7181397
9386379 7181397
8184486 7181397
820968 7181397
7280220 7181397
6555203 7181397
6672834 7181397
1685033 7181397
7569891 7181397
7208951 7181397
3785326 7181397
7166131 7181397
5772173 7181397
5342156 7181397
1311500 7181397
9657764 7181397
1806903 7181397
1791569 7181397
9538969 7181397
4507693 7181397
8917726 7181397
1476107 7181397
3445839 7181397
7883465 7181397
9688913 7181397
9559745 7181397
9085688 7181397
8289390 7181397
5718542 7181397
3092309 7181397
8646346 7181397
4002876 7181397
940992 7181397
5700802 7181397
8217836 7181397
7178981 7181397
4392879 7181397
4252918 7181397
9414957 7181397
8028790 7181397
2641303 7181397
1487629 7181397
8570279 7181397
3001208 7181397
4151420 7181397
7257102 7181397
6374885 7181397
2697187 7181397
303759 7181397
5866429 7181397
3309637 7181397
6104091 7181397
4892082 7181397
8274021 7181397
2542613 7181397
3289950 7181397
5726654 7181397
360196 7181397
7123805 7181397
2526562 7181397
6611131 7181397
606334 7181397
6115875 7181397
1172895 7181397
612802 7181397
9584778 7181397
5892053 7181397
8309592 7181397
5435113 7181397
2844443 7181397
263477 7181397
5740862 7181397
5652633 7181397
7212161 7181397
2335248 7181397
2126019 7181397
1512617 7181397
1725066 7181397
3735505 7181397
2947612 7181397
2683212 7181397
7404233 7181397
4741946 7181397
5206662 7181397
818327 7181397
4677347 7181397
3077286 7181397
5563992 7181397
7884698 7181397
6964503 7181397
5366788 7181397
7899714 7181397
7236992 7181397
8229126 7181397
8631402 7181397
1761282 7181397
8067166 7181397
8200171 7181397
2104519 7181397
1819412 7181397
553827 7181397
6990236 7181397
4769795 7181397
6472309 7181397
690394 7181397
704353 7181397
4939257 7181397
6711393 7181397
3502162 7181397
3766131 7181397
2399175 7181397
5789141 7181397
8080768 7181397
4238414 7181397
845263 7181397
5413137 7181397
9629147 7181397
4763136 7181397
3599396 7181397
9854232 7181397
9818475 7181397
4726750 7181397
8907783 7181397
6974891 7181397
4989896 7181397
9810833 7181397
3619919 7181397
4706854 7181397
5655283 7181397
8624453 7181397
1219174 7181397
9967536 7181397
188266 7181397
5769932 7181397
2663288 7181397
6455296 7181397
1493883 7181397
6137900 7181397
6223553 7181397
5702429 7181397
8726322 7181397
6578179 7181397
7682389 7181397
9043426 7181397
5458912 7181397
3413831 7181397
403376 7181397
398876 7181397
5649077 7181397
4517240 7181397
8014769 7181397
2021853 7181397
9776605 7181397
5131570 7181397
3861187 7181397
2294225 7181397
1117206 7181397
54086 7181397
7046535 7181397
1002188 7181397
8873616 7181397
5556418 7181397
6582230 7181397
4517840 7181397
8804337 7181397
2910236 7181397
7377854 7181397
6066368 7181397
2052364 7181397
9640735 7181397
2281366 7181397
5947191 7181397
5066640 7181397
9967570 7181397
32458 7181397
7626433 7181397
5721999 7181397
5128644 7181397
2672826 7181397
2723616 7181397
3257302 7181397
8481626 7181397
5541285 7181397
1835105 7181397
6824069 7181397
3933799 7181397
6545110 7181397
1113071 7181397
4498455 7181397
5581203 7181397
412871 7181397
9411046 7181397
9000128 7181397
521780 7181397
3033821 7181397
2460597 7181397
6421795 7181397
1326735 7181397
9157127 7181397
3510717 7181397
2634404 7181397
8469326 7181397
3862594 7181397
8682685 7181397
7182250 7181397
5944651 7181397
5729344 7181397
1538058 7181397
9604323 7181397
1487159 7181397
6819615 7181397
9820799 7181397
9379402 7181397
7542874 7181397
818460 7181397
4279060 7181397
6769479 7181397
3870347 7181397
9845699 7181397
1484143 7181397
3576650 7181397
3155557 7181397
8722144 7181397
7918104 7181397
3419195 7181397
6287292 7181397
5244370 7181397
3991774 7181397
9915481 7181397
1912561 7181397
5170555 7181397
5450086 7181397
2735398 7181397
3539024 7181397
9280095 7181397
8496495 7181397
489700 7181397
3173593 7181397
2446698 7181397
6400127 7181397
2414777 7181397
4708830 7181397
98996 7181397
5050443 7181397
5179165 7181397
3847079 7181397
5740571 7181397
5845219 7181397
575338 7181397
3818563 7181397
2457082 7181397
913886 7181397
9759205 7181397
2919217 7181397
2829807 7181397
9509574 7181397
8013910 7181397
6626625 7181397
3486109 7181397
7959649 7181397
3722794 7181397
1679925 7181397
2413740 7181397
8859224 7181397
9030751 7181397
8227127 7181397
9726135 7181397
3867796 7181397
3726543 7181397
7428879 7181397
5492626 7181397
613053 7181397
8062658 7181397
5718386 7181397
4769965 7181397
9207442 7181397
296394 7181397
4370267 7181397
2843134 7181397
2490130 7181397
3602830 7181397
4162751 7181397
7021337 7181397
2242410 7181397
1464176 7181397
2088431 7181397
423933 7181397
3296775 7181397
1435881 7181397
6912905 7181397
2025580 7181397
8362627 7181397
8584870 7181397
4050969 7181397
164548 7181397
3773 7181397
5970118 7181397
2309754 7181397
5939317 7181397
3240633 7181397
4767769 7181397
5903200 7181397
1673175 7181397
7631330 7181397
2427587 7181397
5826316 7181397
4313251 7181397
5473896 7181397
3099627 7181397
7409085 7181397
5364762 7181397
8232738 7181397
3425275 7181397
3888572 7181397
3804013 7181397
9984945 7181397
8380404 7181397
9885563 7181397
5996535 7181397
4599718 7181397
5528348 7181397
4324692 7181397
1129601 7181397
5898265 7181397
8264566 7181397
3111136 7181397
1945352 7181397
278869 7181397
5890224 7181397
4016384 7181397
2093260 7181397
7900250 7181397
8540923 7181397
9829512 7181397
5673442 7181397
7918038 7181397
5530737 7181397
7817810 7181397
8654006 7181397
8246806 7181397
4277178 7181397
5886592 7181397
7179390 7181397
7244515 7181397
1681965 7181397
8187115 7181397
207067 7181397
4385586 7181397
174233 7181397
5454743 7181397
2487408 7181397
3004251 7181397
5341166 7181397
2943712 7181397
8452950 7181397
3439744 7181397
1047197 7181397
913538 7181397
5992675 7181397
1885956 7181397
9258603 7181397
4730556 7181397
3657944 7181397
6478640 7181397
980912 7181397
4062944 7181397
344697 7181397
2369322 7181397
251905 7181397
4743693 7181397
6723372 7181397
5001961 7181397
1117751 7181397
8389038 7181397
2656862 7181397
8203391 7181397
6434662 7181397
5635201 7181397
2365 7181397
7640452 7181397
4094979 7181397
520278 7181397
7373934 7181397
4016465 7181397
7132027 7181397
8587093 7181397
3801533 7181397
8561992 7181397
9106050 7181397
7363023 7181397
8975740 7181397
3432013 7181397
1430035 7181397
6747511 7181397
4174576 7181397
5527246 7181397
5744010 7181397
7450544 7181397
4334966 7181397
2874638 7181397
6434509 7181397
5079854 7181397
3150457 7181397
4946134 7181397
2275361 7181397
2640689 7181397
7221938 7181397
3859873 7181397
6383955 7181397
8856352 7181397
606787 7181397
1182842 7181397
5085213 7181397
3145613 7181397
4207191 7181397
9051067 7181397
9854371 7181397
4274163 7181397
8542869 7181397
4288682 7181397
55208 7181397
1863246 7181397
7181298 7181397
3387109 7181397
2585794 7181397
9874281 7181397
4646970 7181397
6296604 7181397
355710 7181397
8090132 7181397
78386 7181397
389184 7181397
5927386 7181397
944124 7181397
1123887 7181397
1828264 7181397
7811820 7181397
47617 7181397
2618643 7181397
9061973 7181397
1995899 7181397
6131583 7181397
1737556 7181397
4810990 7181397
9304192 7181397
4315697 7181397
7700300 7181397
5489427 7181397
9205064 7181397
8810414 7181397
653353 7181397
5141856 7181397
8852149 7181397
6623242 7181397
1202485 7181397
5734359 7181397
5441754 7181397
420792 7181397
4227634 7181397
6733827 7181397
2790438 7181397
5936693 7181397
528442 7181397
9712318 7181397
3327543 7181397
3495988 7181397
9890664 7181397
1048876 7181397
8107730 7181397
6741590 7181397
8254106 7181397
9077665 7181397
5954427 7181397
2140905 7181397
8924084 7181397
5583981 7181397
3819068 7181397
840734 7181397
9585846 7181397
3405711 7181397
1364319 7181397
1285115 7181397
794741 7181397
389765 7181397
4936830 7181397
3164069 7181397
4951848 7181397
2929967 7181397
5194144 7181397
1014445 7181397
1977157 7181397
5699950 7181397
6241677 7181397
9198596 7181397
1506001 7181397
2609090 7181397
7261050 7181397
6727116 7181397
354713 7181397
1724255 7181397
6665662 7181397
7267309 7181397
9988534 7181397
9081655 7181397
1833644 7181397
3218274 7181397
2879454 7181397
9382180 7181397
9896338 7181397
5939222 7181397
4328879 7181397
6126094 7181397
4394821 7181397
4628058 7181397
9647878 7181397
9893661 7181397
8758308 7181397
5147421 7181397
9615110 7181397
5013904 7181397
5500582 7181397
4999987 7181397
5406303 7181397
2336199 7181397
7342001 7181397
1294071 7181397
166545 7181397
9229538 7181397
9997363 7181397
3417614 7181397
2059080 7181397
8275722 7181397
2773047 7181397
4635682 7181397
2876126 7181397
2249920 7181397
250424 7181397
365827 7181397
666631 7181397
7171743 7181397
4141422 7181397
847452 7181397
224957 7181397
3395640 7181397
2939887 7181397
4460536 7181397
7454736 7181397
4146740 7181397
7195453 7181397
3950177 7181397
5263621 7181397
918143 7181397
1507514 7181397
7900548 7181397
3405992 7181397
1515039 7181397
449853 7181397
2944816 7181397
294351 7181397
8813286 7181397
4160758 7181397
8225460 7181397
980191 7181397
9702201 7181397
1081972 7181397
4015422 7181397
5034482 7181397
8922656 7181397
431224 7181397
3237361 7181397
3227627 7181397
8543269 7181397
773980 7181397
9490313 7181397
4886941 7181397
3869330 7181397
4714536 7181397
3810530 7181397
9082166 7181397
270889 7181397
946763 7181397
6947622 7181397
749404 7181397
6205522 7181397
8908543 7181397
5856535 7181397
8653197 7181397
6477728 7181397
5861504 7181397
66635 7181397
8831454 7181397
8951737 7181397
3281100 7181397
348049 7181397
