5000
5008311 5111672
3073916 5447535
5020323 5122752
8790826 7918966
8169240 6901969
8795958 7927228
2950587 5271413
2955481 5269610
8166162 6897927
4019704 1598771
8160970 6907188
5012454 5130480
3078744 5446416
3085782 5435653
8798304 7920177
2939721 5253526
2942300 5267682
5503175 9635868
5514105 9636816
8790662 7934382
5003538 5114192
3080299 5448990
8789483 7928524
8788556 7924484
8158900 6905192
4597076 1579858
4591730 1567985
3092255 5440102
5503521 9624868
3083689 5454359
4584548 1572030
5510432 9623738
4024781 1608705
5011299 5122451
4587134 1572320
5508741 9624024
5501160 9634371
3089223 5437278
5512995 9627449
8165840 6899044
3088213 5435065
5499664 9627493
2953436 5272935
2942580 5269179
5020054 5114081
4595293 1570720
8784865 7921873
2940377 5253709
4586525 1576781
4587537 1574165
2949473 5253555
4036454 1592249
4600432 1579965
2954305 5268013
4591502 1579201
4594821 1564972
3075157 5452869
5016634 5117057
4031804 1599491
8781313 7916477
3091186 5448640
4020601 1605024
8786497 7918621
3081072 5447128
5502676 9635157
2939114 5257871
5014648 5126181
5516048 9632455
3080424 5444659
5509204 9620656
3090421 5440463
8157054 6909349
8794921 7922392
5511205 9632182
8164332 6890466
2942530 5258510
4589121 1571643
8797305 7923786
4597720 1583135
4597372 1567401
4019094 1601277
5017253 5124312
8162110 6895070
8786798 7920822
4026026 1604843
8787410 7925451
4588558 1572683
3079813 5440239
2942007 5269950
5511803 9633304
8798311 7929957
2940088 5272862
5509044 9621779
2953387 5257252
5516304 9624676
4021693 1594937
2946664 5262593
4586631 1577087
2952886 5267931
4598012 1581028
3079526 5447008
4598702 1575833
5013844 5130534
3092106 5447083
8157841 6893119
2958532 5268204
4035163 1594666
5006697 5116258
5507652 9618043
3081368 5450782
8793789 7933938
2954991 5256038
4590817 1580937
8167904 6909961
4586279 1568807
5020793 5125029
5499123 9631320
4024033 1609912
8781226 7930993
5007944 5119748
5502917 9635369
8795747 7919668
8789749 7929427
2952143 5267071
3090378 5451577
5007907 5123757
4596300 1581406
3078270 5440333
4585145 1566325
8171111 6899026
4034231 1591402
5013077 5122738
8158021 6898231
5004720 5129274
8161890 6890192
2941393 5257692
8783529 7920598
8779590 7929019
5017962 5119360
4585798 1582252
5013371 5116096
8783921 7931473
2953890 5268233
4589023 1584151
8157476 6900639
4035376 1590406
3075334 5444713
5504256 9618961
4586250 1570795
3079158 5452416
5509929 9632318
3091194 5448824
4592237 1577338
2942681 5270304
5508112 9625605
4585554 1572538
5504726 9621688
4594143 1566497
4601228 1578312
5007706 5116512
2940053 5271231
8171086 6909255
3083969 5434935
8784868 7930438
4588374 1565540
4029866 1607381
2958209 5256666
4599934 1566381
8785302 7921794
5500253 9622598
5517860 9630409
8176357 6903244
8168775 6891172
5004263 5118596
3088887 5453745
2956153 5265462
5014986 5127475
2951907 5253857
4598879 1577142
5506821 9630632
3080154 5434808
5012689 5121266
5021092 5124484
8797496 7923751
4027381 1593840
4032994 1599799
5501779 9631305
5015292 5112059
4597850 1583028
8785329 7917588
5505858 9625935
8789650 7935377
3091278 5438839
3079691 5444542
5508032 9621601
8166438 6890911
5507927 9626228
3084879 5436308
8165558 6893105
3089454 5438286
5002576 5127981
4021697 1599948
5500769 9618596
3084602 5451000
8174981 6896778
5500054 9617775
8790312 7934180
8798242 7916150
8176635 6909472
2951549 5267784
5002960 5120864
3077272 5449301
5505268 9637361
5501565 9633579
5003583 5119299
8797999 7920625
4017494 1607946
3088984 5444091
4601387 1579986
3079505 5445861
3081662 5438717
2954957 5254129
4020985 1593556
5500620 9626593
5006508 5118577
5011440 5121352
4022851 1603731
4586415 1584386
2943295 5264686
5009491 5111994
3078326 5447474
8789470 7921748
3079062 5441692
4024136 1605938
2943925 5267133
8779276 7926121
8171477 6905997
8784817 7923012
2951453 5254356
8158361 6890713
2946884 5271516
5011657 5117636
3078209 5450870
3078415 5451688
4585860 1581886
5510257 9618185
8165125 6902747
5514124 9637356
4594944 1566052
8790668 7920858
3090837 5451503
5013728 5119692
3074654 5452258
8788290 7933079
5499600 9627414
3076568 5436890
8795870 7922075
4599811 1566150
8782830 7921480
3075465 5446527
3091131 5439136
4025205 1607774
4588775 1568304
3085706 5448705
4030055 1599694
8794746 7922568
8795267 7928813
4598578 1574620
8160684 6891632
8792188 7921936
3088834 5440635
3076786 5448025
8791560 7925082
3083553 5453636
2950048 5253224
5507309 9623312
8788915 7935295
5006177 5117560
8780713 7921013
4029368 1596589
8169418 6900732
3072938 5446985
5009572 5127366
2952065 5270122
5510143 9623908
4598176 1580970
2952051 5271352
4030478 1600145
2954756 5263759
3092315 5451791
4596557 1571061
2949518 5270881
5007701 5115682
5502038 9631385
4597109 1569739
8798215 7922412
8175072 6899292
5007892 5113046
4598125 1578406
3085569 5452552
8170698 6900425
3091154 5436231
2943315 5255511
4032389 1599089
8793159 7917640
8781832 7918218
5011500 5118613
5018834 5123269
4036445 1591942
8798139 7918168
5514922 9630590
4592610 1567450
2954767 5270164
2947495 5253353
5505150 9635169
2956200 5259442
3073277 5453877
8176563 6907973
5511926 9625159
2956369 5266995
3076122 5446295
5515226 9631901
3079046 5436600
5013572 5115148
8169461 6891797
5009307 5119970
5502884 9627085
8781441 7935820
5503246 9620121
4584022 1572903
8172829 6896763
5019896 5125908
4032414 1609493
8781102 7921797
4594039 1575445
8163802 6898828
2948311 5266698
8164869 6905126
2948333 5258884
8164481 6908721
5002736 5120525
5016919 5112826
5006523 5122460
5014234 5125625
4023101 1602982
4021828 1606488
8781105 7919512
3087802 5452166
8795584 7928977
3085136 5435064
8780645 7931732
5508494 9635793
8167764 6893379
4022776 1601870
3084110 5438793
4592886 1571833
5503276 9621783
4022416 1603006
4036273 1591495
4596533 1579582
5012482 5115525
8171135 6892874
4586632 1574636
4587718 1565831
4020584 1598900
8791784 7927487
3092273 5434838
2949191 5253338
4022935 1597495
5014460 5127432
4588563 1582609
3076390 5449185
8176226 6898154
4019723 1608264
5502191 9617458
8781925 7930836
8158780 6901647
8786129 7928194
8176084 6895641
5012747 5120831
4024859 1603052
5006176 5126545
4032846 1602425
5501761 9629760
4584241 1570773
5013827 5129069
2956579 5262833
8790294 7925152
8162676 6904929
4588224 1566992
4021889 1590267
8172306 6893070
4034029 1592139
2939300 5266679
4598877 1581503
4025248 1602163
3085568 5452721
8786038 7932219
3091980 5436514
8783843 7916176
3081379 5448795
5515764 9625604
8794854 7935735
4032115 1599485
3076124 5454359
4026497 1594629
4587175 1568364
2957056 5269851
5516833 9622855
2954959 5264290
4600752 1583413
8166611 6893425
4600280 1572555
3091070 5446527
8170420 6904035
5506999 9636468
8168204 6907048
8786997 7927601
2951973 5270398
3074529 5438733
5501149 9621906
8157419 6907759
8798103 7929801
8169029 6891943
4597191 1569006
4585387 1571365
8162655 6893858
4597733 1574931
4588789 1571114
8157196 6904029
4020528 1599074
5516193 9631276
4598632 1564511
8163160 6897906
5499718 9626320
2952334 5254094
5011854 5113552
5008739 5131065
4023320 1601099
2943634 5263323
4026463 1598807
5012827 5114471
5003229 5127012
8788607 7928726
5017835 5111777
5003805 5119843
5508317 9630272
5515319 9637189
8170433 6901361
3075862 5451197
5503506 9618451
2939027 5266156
4025717 1593695
8787488 7930382
8784633 7924370
4026255 1604261
5014863 5123024
4029167 1607783
4021200 1607428
8162003 6905794
3089013 5436221
8160554 6901412
2945829 5260588
5019955 5124403
8176364 6894331
4029413 1604726
5008992 5111479
4587814 1577700
8789218 7921704
4602070 1571182
3077843 5439742
4597953 1577436
5002341 5115680
8797464 7929128
4030524 1600999
2950074 5255826
4017721 1596248
2948043 5260025
8160047 6908650
3079847 5434875
8175412 6896960
5008179 5121955
5514153 9620352
3089366 5452604
4594282 1580964
4028890 1590528
4593695 1572933
4030619 1606817
4036537 1603104
2953581 5269993
5003931 5130687
8157255 6900043
3080387 5450712
5511942 9631458
2946576 5261209
4025968 1600697
3087026 5449911
8159788 6906008
5021011 5113143
8782535 7930475
4595415 1582645
4589088 1564830
8790983 7919602
3085751 5440005
5510168 9631291
2955301 5270695
2944269 5266373
4597510 1577363
4586446 1578582
4023599 1605614
2941057 5271085
2939537 5266095
5514597 9625952
8779875 7924817
8161407 6905527
8790015 7916300
8790244 7927283
8795413 7919820
8163366 6907591
4589366 1579797
3074010 5451641
4032531 1602528
5513217 9629260
3082652 5438626
8172987 6893211
4019852 1600302
8170560 6890321
5516400 9622262
2946246 5266115
4031267 1590763
8786292 7931589
4017100 1604121
4583882 1574856
3089722 5443964
4020661 1609234
8782405 7922798
5021732 5119120
5505087 9622402
2951649 5271269
8166807 6907882
4035556 1591119
3089343 5447378
8784065 7927189
4596181 1574595
5012227 5113495
5015114 5115991
4591519 1582677
4022062 1591139
8789265 7917410
2946082 5259562
8779626 7920777
3088745 5440659
8783441 7923585
5499504 9629926
4029825 1594015
5007815 5124029
4034916 1601414
5512561 9630361
8792318 7918732
4021652 1607001
5513644 9635275
8172599 6899537
3075699 5439593
8791475 7933353
4029886 1603262
4599794 1573384
5013931 5122834
8168763 6894123
3090023 5453945
3088675 5435480
5012064 5114612
8791871 7925453
3074538 5448976
8789166 7935761
4025563 1596376
5511972 9627716
4599596 1582472
5514002 9623451
3084558 5436399
5516806 9629385
8162384 6904478
5506975 9634763
8174616 6891766
3089524 5438620
2942521 5253997
5008204 5114171
5019887 5121177
4589133 1574886
3087147 5436306
2940516 5261094
8795014 7932664
4599347 1579467
5513412 9632954
5013948 5122531
8160912 6890918
5011017 5122925
3081594 5435094
5508510 9636892
2948210 5260456
8163699 6892175
3072708 5439689
5509288 9620446
2954506 5253909
5512576 9618896
8783380 7923808
5501141 9628960
4028499 1605313
8791545 7917896
8797114 7920764
5004805 5119637
4022547 1591746
5018198 5118269
3085802 5435004
4019461 1596615
5007408 5115814
2958212 5271451
4598492 1574432
8157181 6890460
5011016 5117601
4590900 1573030
4025063 1602960
8172062 6900186
3089442 5438336
5501563 9628114
3074088 5451900
4585067 1578590
3079670 5447187
5506384 9627661
5499775 9631348
4017818 1602561
8791885 7931900
3085466 5435516
4025114 1601997
8797045 7918813
5518232 9619836
4034340 1599645
8794727 7935183
5500134 9626525
8784580 7920200
5002484 5120117
5009788 5123092
5499103 9627358
8781016 7934050
8166592 6891806
8162670 6896948
4033290 1609501
4029239 1610093
8797383 7917508
5503039 9620431
4585994 1568917
8170785 6890932
4025492 1609691
5503330 9631136
5012608 5112967
5004435 5120374
5011285 5121994
5503142 9626415
5004055 5129057
3083715 5438232
3092122 5437842
5016735 5122935
8780167 7931963
4590047 1584091
8175815 6891848
4591753 1576869
4583688 1582525
4597617 1584133
5017403 5113242
5513901 9621944
2955230 5260701
3092131 5439230
4018803 1592015
3074815 5454432
5015410 5124769
5505490 9623575
5509121 9630626
8160115 6900046
4017565 1597057
8788524 7921412
4016995 1602438
5007565 5120856
8170640 6892291
8787029 7930746
4019408 1601223
5513098 9629472
4600511 1565314
8162427 6890758
5018151 5130696
8161091 6892223
8784034 7928921
8796146 7928657
3072660 5435090
8169698 6902649
2949675 5257949
8157807 6903793
4018167 1596402
5517877 9623817
4592140 1579507
4031287 1591855
4031640 1600988
8175723 6908860
5013606 5115015
5012419 5129529
4597480 1571167
8157848 6891915
5516644 9620107
4034401 1591302
8165837 6897202
2941914 5263499
3074047 5445324
3086244 5442581
3089556 5441358
8172866 6907746
4588700 1579996
5014445 5127468
3090304 5435142
5507027 9623022
8160157 6907335
3081388 5450426
4588172 1577049
4022571 1599761
3086604 5434877
4035152 1601417
5510840 9623069
4601806 1566360
8781943 7919019
3078300 5439006
8793523 7934303
8174492 6899994
8169793 6908729
8172517 6901319
2950808 5257495
5010887 5115167
3082388 5454430
5500997 9624853
5012563 5121017
5006590 5118412
2948053 5261017
5013544 5113944
2948788 5263917
5001969 5128451
8786847 7927840
5505436 9632477
4023340 1604415
4031621 1604645
4021880 1592954
2941149 5270337
4585713 1573162
8795939 7933793
5515177 9625835
5515053 9627457
8176390 6905403
4599326 1581353
5014088 5127280
5508100 9620801
5517921 9635088
4592149 1572343
5515113 9635584
8168385 6909024
8781803 7929822
5511369 9631060
3090360 5453506
8161564 6895637
5017153 5126554
3086277 5438494
5517951 9627550
5513124 9633838
8172304 6900602
3075421 5436970
3076285 5453585
2951971 5261095
2952956 5258303
4018280 1602022
5513132 9635444
4597164 1581703
8165493 6896053
4030005 1596516
8163485 6904235
5007141 5128293
2955475 5272384
5002742 5130906
4019491 1599856
8791835 7918701
2942084 5257974
3087242 5442537
5017569 5124325
4029316 1603894
4594654 1567952
2940116 5255745
2939137 5255694
5514712 9621170
8169501 6903759
5019547 5115870
5504282 9631689
8167095 6901949
5517703 9625896
2944786 5260182
5514981 9621985
4597814 1574685
8172947 6895017
8779157 7917216
8158188 6902965
5517238 9621803
3080292 5434768
4591404 1579794
5015339 5112286
2939236 5267252
4598446 1572565
4586019 1571271
8793293 7917419
2956652 5272591
8173916 6907289
8166717 6893528
4600188 1581434
2948783 5258757
3090240 5443840
8167029 6901882
2947134 5260769
3085746 5451505
2947778 5264066
8165690 6902106
8796789 7922990
8171027 6893611
5518162 9633788
3087245 5449288
3081381 5449865
5507656 9635742
4022248 1607567
4032944 1596959
8165545 6907993
5516720 9627074
4587325 1567785
4020549 1603213
5004373 5128637
3075940 5446530
5015095 5118184
4587660 1582419
8785003 7927918
3088562 5434641
8161672 6897715
8782831 7926371
8158086 6900048
5518632 9619494
4588522 1574250
2958107 5257140
5003651 5113593
8163996 6896322
4029972 1603974
5500885 9625923
3083825 5440872
2943401 5266086
2944097 5266463
8173188 6890855
3082863 5442937
5004864 5123837
4595812 1578466
3089858 5453338
3091876 5436782
4026917 1604694
5510374 9630310
4028688 1596998
2946386 5261870
8170357 6906293
5004612 5120505
5006914 5128754
2953492 5271904
3091350 5443779
4592295 1571186
5006662 5118552
2946056 5268740
4597881 1566578
5517561 9622544
5013915 5129994
8793323 7924889
4588977 1572241
8796420 7932003
4021309 1594752
3092063 5444565
3079403 5441837
3090399 5445054
3073737 5453189
8157930 6899155
4590555 1583902
4028972 1590994
5019907 5115238
4587905 1575416
8791065 7927772
4032884 1606343
8794583 7917293
3086867 5447709
8159776 6900532
5512905 9620916
4031453 1591045
5499930 9634662
3088484 5447616
3087912 5445382
2957780 5261372
8787517 7920255
8162384 6907838
5506467 9630805
5012152 5129661
8172534 6906228
5509337 9625246
5510246 9631679
8157812 6908968
2954221 5263472
8791793 7918166
5020183 5118365
5021311 5114903
8781559 7928612
4026508 1598245
4017282 1603673
8790013 7923190
8793756 7924205
2952431 5254655
5502702 9624323
2951532 5259421
8176528 6903956
5008936 5126244
8783971 7927762
8784783 7932619
3075055 5441697
4019303 1602703
3086070 5437413
8176486 6900046
3073545 5439803
3076768 5443253
2943538 5269389
2948009 5257315
4018592 1603098
2942817 5262879
3089081 5452809
4595275 1573854
4035479 1608606
4588426 1567034
5516513 9622723
4018559 1590924
4028033 1591502
5004640 5123280
5020343 5122843
5019810 5124177
8797589 7928667
3083800 5446084
4601443 1569962
3075949 5450405
4599819 1576171
8791247 7920620
5020549 5121919
2956459 5266314
2947903 5254658
3076186 5445378
5503575 9630982
5505308 9626258
4598552 1573789
8166016 6906906
5012878 5118096
8798241 7932299
4018806 1592368
5507241 9630245
5517699 9635977
5503341 9635332
5006489 5126566
4019115 1592946
8162701 6892043
5009881 5122924
8166477 6896478
4599494 1575437
8158136 6903770
4591237 1575768
4599233 1571048
8168159 6903184
4028040 1604687
3078300 5442023
3081677 5453214
8157236 6900356
4031328 1607500
4028997 1610108
4017782 1594731
3089249 5436374
8167719 6903633
5011951 5127396
8787742 7931424
5001976 5127378
2957312 5271852
5010262 5128463
5501980 9631313
8164251 6899485
2958433 5272388
4032771 1604878
4599051 1565402
5517595 9622275
8175397 6890732
2942926 5265285
5504339 9623368
4026633 1602883
8793031 7934194
8168453 6904861
4590544 1566978
8166308 6906727
8159137 6897066
4020028 1606691
8782718 7917277
4018155 1603370
4032319 1607871
4585722 1572640
8173265 6901463
8171178 6902777
8788816 7924864
4588232 1579932
4022746 1603215
5015428 5115094
4027099 1591492
4028714 1594835
5013201 5122372
4601093 1569120
2941447 5260441
4026697 1599310
3080474 5446388
8159036 6903547
4016611 1601016
8166674 6897568
8161335 6906169
5019037 5117882
4035807 1605657
2940277 5255720
4035851 1598584
5019457 5128322
8176878 6906896
2941914 5258615
4590562 1578230
5499937 9634735
2950650 5268252
5513472 9622409
3078393 5440251
5507648 9634882
2958399 5265080
3091286 5436652
5513420 9619253
4589218 1577128
5013307 5119591
4593186 1571524
3080009 5447666
8783783 7927136
8173743 6902176
8175218 6893841
3084033 5442626
5501571 9635972
4035230 1603668
5518264 9618747
2941962 5255065
5515139 9636547
3076456 5440006
4031032 1595615
8173492 6903590
2939839 5267674
4591541 1570269
8158342 6894651
4600428 1583387
8161552 6902737
4598533 1583391
4595862 1574022
5505541 9623889
2940045 5257260
2954673 5269956
8157456 6893766
4022463 1606449
3081278 5453764
2939823 5259907
8791585 7934765
8796361 7920011
4021215 1607517
4032329 1594485
4018391 1592856
5509294 9622807
4024868 1605145
3085007 5441027
3087510 5447472
5003575 5116095
2955630 5265322
8164736 6902454
5016919 5127724
4032407 1595354
8786263 7933327
5515755 9621762
5011747 5115914
5006647 5116270
3089000 5435548
4032617 1600465
4029879 1605269
3084857 5444886
3075079 5439094
4020478 1608207
8794565 7929178
8794812 7925574
4601643 1578768
2941010 5266381
4598449 1567777
2957305 5257714
8162126 6909105
5002636 5118423
8783159 7919243
8172483 6896026
3074058 5442672
4031754 1605285
3080592 5443792
3087354 5444603
5516699 9623198
4589505 1581384
4030335 1607241
8174764 6906414
5516996 9627888
5020009 5122123
4600794 1580787
3086824 5438088
5016895 5115737
4027138 1597912
2950032 5269648
2946936 5259683
8173717 6902120
5009477 5124844
4019143 1594253
5511289 9633020
5007293 5114284
5502113 9623674
4027610 1609171
4582889 1581356
4585785 1576220
8788311 7926104
4584340 1576429
2956786 5271968
3085807 5452836
4585185 1575630
8159326 6906653
8170191 6901097
8793740 7924744
4031538 1600218
4023803 1608349
4599253 1566394
8162283 6901415
4582881 1581703
2943724 5259744
3078297 5437161
3091454 5442393
4587366 1574473
4022243 1599574
3073238 5441449
4022072 1597513
5501238 9627428
8781428 7929716
4028658 1605800
4600436 1578125
3085159 5449170
4592702 1569038
5499060 9631160
8169005 6908533
5015815 5115134
8792634 7931566
5021401 5114658
2943635 5272029
8158496 6895120
2942610 5266007
8778565 7921126
2951764 5270503
4034273 1601394
5517620 9631206
3074653 5437310
4020081 1606351
5013940 5111683
2940905 5259774
5012582 5114005
5020596 5130920
4018552 1596453
2953568 5260489
2952072 5259420
2948424 5260136
3087181 5448460
5499803 9617848
5518202 9626801
2941912 5260376
8173261 6906971
8158466 6890084
8789131 7921006
8176173 6902361
4029725 1609173
8788040 7916986
5516074 9631159
3092410 5448899
4594437 1569442
2938866 5262129
5502666 9621530
8160026 6905005
8790485 7919906
2952206 5266085
5516278 9635921
4027970 1602482
4026480 1606978
4587160 1581011
8793505 7925361
2944657 5255817
5007464 5131104
4597725 1567983
5512096 9627624
8782960 7916317
8169949 6903271
4595468 1579577
4588619 1567601
5505450 9632198
8167542 6895409
8170668 6890520
4029353 1603209
8164793 6891000
8791513 7926180
4590028 1567954
3073375 5450095
4024257 1593559
5518466 9631966
2942035 5267339
3087692 5446691
3077486 5439942
2946284 5267107
5006919 5126705
4036289 1604134
8175691 6909582
4019862 1596837
3081642 5450340
3090274 5447672
5509219 9627523
3074549 5450920
4023722 1607090
5513604 9629580
3079960 5440259
4018385 1590439
8167343 6893587
2941558 5271154
8785180 7934427
5516009 9633363
8157555 6890614
2952569 5260947
8785841 7925263
4598031 1567132
5499975 9627814
4594013 1584322
4594545 1569093
4594562 1565695
8791423 7928277
2943593 5262886
8157702 6898024
3091267 5442237
3079708 5447773
3078597 5445453
2957836 5268637
2954354 5262111
5020772 5126896
5011687 5119866
5514719 9634946
5510653 9618391
3088115 5439915
8795071 7916853
8786127 7923870
8788254 7931998
2956536 5269641
5508616 9625623
5002674 5126869
5510692 9630080
2940441 5264483
4586169 1575507
5502574 9621277
2954043 5259645
5506441 9618520
5514674 9619305
8168118 6899968
4029390 1591749
8789239 7935239
8792595 7922026
5017216 5131121
5503974 9630976
4597897 1574122
8781333 7930739
3088627 5443412
2943053 5265505
8174797 6892258
4588506 1579980
4026556 1603682
8166362 6904660
8796680 7923562
5516892 9634120
2938832 5259931
8796945 7928257
5499097 9625379
3072649 5434958
3090187 5441049
4590211 1570127
4593470 1580623
5017127 5125882
4028048 1599718
8165279 6902316
8163368 6894038
8792073 7923281
4599273 1575626
8157352 6908279
8160721 6904368
2940367 5266953
8779099 7927212
2941262 5272973
5007551 5120406
5510962 9625942
3073131 5441449
2945702 5253532
5508842 9622043
5513894 9620371
2956796 5266465
3073984 5437686
3078457 5446265
8784966 7934852
2941497 5258400
5015521 5118794
2946658 5263285
4017463 1601686
2948465 5258200
2956679 5257319
4583513 1580790
8779111 7925252
5020910 5126117
5509291 9627288
4588728 1567081
8159469 6907267
2954910 5259668
5006084 5121641
8169286 6895089
3091345 5442846
8160481 6905038
4022051 1600730
4029359 1602314
8158114 6894010
5016290 5126222
8158066 6896108
5499352 9617945
4585371 1577087
4026500 1596626
4596509 1570022
8158349 6894715
2953810 5270743
5016326 5111434
5504628 9636536
8160364 6891503
8171839 6909471
4027495 1607024
4587786 1579030
4034235 1596599
4588042 1569777
8173096 6904115
4587148 1578034
5515537 9623696
5017769 5130498
4021436 1599151
5013866 5129708
4026060 1593777
3085169 5440993
4018685 1592294
4019780 1599958
5513202 9622183
5501759 9634761
8171490 6903661
4585882 1579411
4036535 1602609
5012960 5130335
4594800 1574232
8784446 7932878
4595444 1576474
8794416 7930366
8778913 7919695
4035230 1602235
8795928 7929267
4020473 1602963
4590775 1578950
3085295 5447527
8167181 6897492
4590070 1572901
2955061 5260071
4593249 1574694
2958215 5266998
3074885 5450977
2951626 5272377
3091893 5443478
8794760 7929844
3087883 5436163
8172931 6893055
5502624 9633872
5506427 9622803
5507093 9635855
8797541 7922545
5511416 9628846
4032832 1596334
4598542 1569690
3074495 5435527
2943449 5255891
5504624 9635695
5004794 5115096
2945558 5272579
3084289 5444205
2941149 5257444
4593530 1578000
2955036 5257584
5512509 9635211
4600988 1567985
2943753 5271354
2956343 5272202
4602166 1584005
8165165 6901716
3076140 5453827
5512729 9636580
5013146 5121389
5013815 5112888
8163383 6890472
2954530 5259565
5019912 5125514
2938965 5258611
5517462 9635735
3087147 5446155
4597170 1578606
4601928 1574624
2945488 5261503
8789105 7919122
8797249 7935515
8160708 6897422
2952358 5259874
4598004 1581464
3087496 5437245
4019746 1597690
5503335 9634949
8792457 7920835
5015626 5131173
5020141 5130302
8161445 6907300
8169514 6897680
2951307 5260664
2951308 5253573
4022145 1607713
2949957 5259468
2940985 5270389
8168019 6894057
8166975 6893545
3085877 5440454
4024884 1596415
8162023 6897739
5003548 5123195
8797050 7934370
3079109 5450357
8795017 7918691
8168392 6905554
4602040 1571100
4585398 1565318
4035377 1603336
8786728 7930326
5504488 9619170
8792632 7933808
8794057 7929988
4031147 1605636
3074072 5438231
4588624 1567225
5499762 9625544
4585866 1571301
5003964 5118471
4032330 1593865
2939693 5254316
8158936 6908770
4591573 1571530
5518614 9630757
5507545 9634527
4035877 1600566
8786143 7928161
8784329 7933497
2941865 5258424
3082955 5446700
5501320 9624783
2958257 5269289
2939211 5263950
8167119 6896554
5009479 5123086
5507641 9630347
5508344 9635540
5005162 5111777
8795376 7929348
8163534 6891015
5510884 9619407
8174855 6896708
2943869 5270704
8788156 7927699
8780341 7926101
4602712 1571665
5502170 9621358
4022943 1604922
8169787 6896754
2947892 5256381
4584045 1565152
3086789 5454107
3080026 5434907
5017915 5124938
8794711 7933127
5506683 9633946
2950446 5261988
5017520 5117920
4019640 1590929
8785250 7935484
8169564 6899933
4028012 1604898
2945890 5264254
5517818 9632209
4025695 1610101
3073589 5438736
2942855 5269867
4597772 1574703
8785793 7928448
5011109 5118534
8779396 7922818
8788942 7924633
4027633 1605929
4025691 1600465
3085978 5450029
5008246 5126251
2947102 5262169
2948145 5259753
4595361 1583575
4026835 1602017
4592079 1579644
5004467 5116818
8796272 7929390
4596113 1583734
5500712 9618596
3075398 5452717
5019543 5116590
4590309 1566113
5503694 9634895
4036368 1595699
5514856 9619189
8798423 7919422
8162001 6904140
8160918 6897345
4029391 1595986
8172180 6909674
4034772 1595927
8786010 7917720
8796746 7924761
2951284 5259470
5504409 9631521
4034350 1598257
5517567 9618412
8160905 6907001
3083071 5453319
3086084 5453085
3073786 5452454
4028512 1600306
8171095 6896180
4584158 1570245
8787265 7934871
8797078 7925247
5502805 9628642
8169202 6898582
5503899 9636380
5511505 9621006
3082235 5443064
4025147 1601384
8157795 6897963
5518016 9627199
4033287 1592888
4024039 1602797
4022162 1594001
5498905 9620630
8792077 7916547
4019625 1591343
4590690 1565182
5010861 5117180
5020627 5131000
4594399 1569940
4023526 1593655
5508040 9618496
4586559 1575941
2944822 5256461
4600291 1576773
5006075 5123681
8790656 7922079
8157881 6894748
4602166 1573031
4021552 1600691
8779694 7935961
4020425 1592904
2946684 5255709
5517298 9619217
8789153 7930641
5500010 9625157
5004023 5121508
5507344 9618159
8165607 6900975
5018948 5119807
4028429 1602297
5015239 5122410
2945785 5262589
5002645 5124730
3091561 5450961
5511753 9629010
8162753 6904563
5017099 5118847
3081423 5444901
4601436 1579963
5003211 5111641
5501441 9632238
5015692 5128665
4602404 1581152
5004235 5113500
2946519 5257408
3072930 5435947
4597674 1574201
2941325 5264414
4586047 1572029
4598389 1572560
5005434 5130175
5002047 5127815
5018600 5123075
4030572 1604401
5015821 5126068
5513078 9637173
4587658 1575003
8176603 6892145
2945400 5264176
2947787 5265333
4029494 1591000
8165879 6903255
8796646 7934786
4029733 1594464
5008642 5112380
3080345 5446387
4029234 1604421
5012265 5111470
2948566 5266809
5007224 5126176
8793481 7917218
2950450 5253802
8168154 6901155
5506711 9629175
5511362 9636967
5502873 9634755
8781766 7934825
8782404 7923624
2944730 5255206
4582970 1575585
8167564 6903869
5499409 9629403
5017988 5123577
3091475 5453321
5503704 9628832
5004736 5113479
5003818 5113686
8162934 6893286
8157010 6907762
3082761 5438197
5509379 9621196
5005885 5125887
5011401 5123163
3074779 5442001
5011925 5130256
4029412 1606515
8785654 7919727
5018842 5131248
3085639 5446284
4600440 1580603
3088546 5448607
4029870 1602719
3092190 5441328
3090998 5435338
2946414 5253877
4017851 1599229
5007964 5120151
3082295 5444669
4028549 1599671
5019148 5118243
5499284 9619215
8168756 6901176
5503719 9627860
5504893 9631190
3087496 5447388
4584463 1574244
3086840 5447973
4583489 1565021
5516449 9624503
2953037 5259074
4593358 1570219
5007713 5127232
4590549 1583373
8156971 6907491
3078058 5450207
4596247 1570848
5506960 9636029
5015083 5119477
5514977 9621920
8159864 6893574
5010091 5120391
3085665 5440839
5502309 9631574
4598100 1568634
5500653 9635136
8159917 6903626
3089124 5449884
4584490 1572365
4019477 1596238
5009325 5112734
5507589 9632632
2957265 5262816
5518123 9625599
4590166 1579727
8794821 7923046
8788879 7932791
4586351 1582226
8164453 6892929
5009091 5125560
8798389 7919629
4019663 1609432
8169242 6898470
5502537 9631779
3082642 5444917
4599737 1574967
5015464 5122502
3089979 5441035
4032029 1609675
5007055 5117590
8158308 6901544
4032775 1606706
4596541 1579268
5009876 5129091
3081057 5441580
3074286 5444845
2951476 5267308
4589289 1571902
5006132 5126766
4602294 1571857
3089012 5442346
5509176 9618579
3088402 5454078
4036335 1606115
4022652 1601777
5511794 9634130
3072892 5439693
8779426 7934424
4595185 1575457
4599293 1582042
3078541 5435738
5021165 5129120
4588801 1583071
4600287 1580922
4031875 1601681
5011096 5112209
4591467 1575533
3085101 5438539
4023124 1606962
5515597 9617525
3073044 5435432
5013647 5116386
3077902 5447236
2957786 5256102
5517441 9636224
3081363 5444628
8160705 6899010
8795733 7916849
8794771 7919433
8168493 6899352
5019208 5130301
4588487 1574032
4585438 1581302
4021087 1602339
8782103 7920371
4020093 1590749
8788058 7923388
8160049 6905994
3085638 5437673
5009578 5112039
5503981 9624428
5513638 9629560
5499802 9636189
4588732 1581486
5505230 9622931
2955748 5263606
4596723 1580314
5009966 5129436
8785683 7925995
5500091 9628230
2948407 5269273
4024413 1591560
3089029 5448575
4582880 1576401
8789890 7928414
2945979 5261724
2948880 5261919
5016170 5128950
8778873 7918797
4595439 1582127
3075538 5452441
5019720 5117077
2949680 5258858
3073696 5453550
8168732 6892083
8791105 7934508
5501136 9618390
5505855 9631225
3076363 5437647
4017459 1592501
8173053 6909722
5513131 9626652
5012776 5123885
8172239 6907728
5018807 5112973
5018809 5130225
5009328 5123056
3076707 5441400
5503477 9627046
2941710 5268637
3073268 5452425
8789560 7932992
8162964 6894601
5507395 9630746
3083859 5452822
4017372 1595425
4584246 1577975
2945758 5254126
2954899 5257754
8163001 6894695
3083532 5440312
5501557 9625502
5516204 9620274
4585648 1569492
2951216 5265987
4029690 1601588
8169109 6900304
3079561 5443238
4591416 1577234
3085579 5447353
8163088 6904536
5515576 9634333
2940186 5260865
8795186 7929713
4033119 1607689
4017335 1607170
8794531 7920855
8172508 6894794
8787159 7917099
3087967 5451019
8797477 7919008
8780951 7934703
4017116 1597893
8165222 6894759
8780077 7927337
5011091 5130149
5515321 9636958
8171504 6897061
8784181 7922673
4020156 1609951
4026367 1600144
2950553 5273038
4584410 1567065
5017307 5130918
8160267 6899009
8164750 6896631
4595383 1571006
2958527 5264541
4592066 1578167
5016408 5122824
5500569 9633487
8158585 6894149
2951710 5265506
2957621 5270506
4027690 1595151
4589289 1573180
4024189 1590361
5499550 9621011
2952966 5260372
5518068 9633768
8174648 6899449
5501900 9626677
4592129 1580071
4027592 1593033
5008236 5123892
8780013 7917779
4586861 1576932
4586007 1581115
8157328 6895365
8791008 7925633
5009645 5124224
2941174 5257500
4586644 1579659
8797724 7921635
4589960 1572494
8782876 7928727
2939987 5266050
3092245 5435726
3082352 5439933
5512706 9633267
5021614 5114492
5004190 5123883
5511399 9621467
4024394 1595385
4584666 1568926
4034978 1605291
4588821 1569671
5502471 9623934
4597154 1577278
5516537 9624995
8791571 7926496
4029937 1599210
3086061 5435506
4024064 1594283
8166672 6898161
5503145 9628331
8175747 6904773
8161079 6891652
4032101 1602338
8794625 7920850
3084593 5437511
8786289 7916349
2958245 5255244
5018275 5113297
8170639 6902406
4593284 1566092
8161850 6893204
8786603 7928017
8786139 7921573
2947250 5272980
4028087 1597692
8790536 7919936
2939625 5256266
4595543 1580720
8173327 6890138
8786263 7934118
2942017 5261834
2950959 5264198
5002697 5115930
4598617 1567444
5018261 5123911
4021233 1605504
4028858 1608443
5003746 5113795
4024452 1600234
4582808 1566434
3074966 5443670
5013322 5121966
3083164 5437402
3087329 5441681
5015688 5125949
4019007 1599936
8170008 6901248
5511168 9619633
2953990 5272543
8173971 6890192
2946839 5262172
8787106 7930500
5512013 9627023
5503863 9631083
3080696 5449213
3084561 5441692
8163878 6899417
4590477 1569958
8162537 6903069
5503110 9621047
4602070 1584175
8779669 7934887
5007364 5129702
4033078 1592226
5003639 5116211
8795165 7921272
5505205 9623425
5509932 9621689
8795714 7916941
5004639 5123265
8175356 6901166
5003555 5127962
8788381 7923403
5506763 9631760
5006715 5119174
8174067 6893952
8789251 7917313
4591893 1565297
4028468 1606743
2946026 5271143
3088890 5438562
4030943 1605393
5506044 9623801
8782428 7927879
8161248 6909188
8170457 6909923
8165558 6909511
5019558 5116421
5014664 5129043
8173713 6897215
4023290 1601479
4017265 1607758
5508838 9617963
5020375 5115617
8172034 6908780
4602682 1583545
3076196 5442269
8796726 7928257
2957405 5253317
2944922 5259716
8795703 7934818
8793124 7925574
3077803 5441909
4025200 1609381
5516997 9628165
4592829 1566771
5503675 9634995
8170612 6890753
4026961 1597404
3085370 5436329
5013452 5126638
5020106 5119692
2955502 5272500
8171413 6898489
8792626 7925023
4026680 1604350
3082619 5443669
5502142 9633314
3072948 5449305
5019987 5130097
3072925 5440190
3087276 5448656
4033122 1604641
4596285 1573666
2944941 5262594
5004230 5119636
8792854 7932198
5504362 9622098
3077087 5443494
8173926 6905322
5005544 5122050
3085425 5436678
5506248 9635210
3081651 5450370
4596793 1580844
3073235 5452688
4601023 1567817
2945335 5260236
8173146 6893501
5501777 9635325
3082552 5437768
5017468 5121670
4593544 1581163
4597954 1567919
5510286 9624004
5016121 5118982
5016532 5111854
8160114 6906125
8798159 7930722
8796414 7935763
5513566 9618085
3082809 5441789
3085603 5436532
8170665 6896741
4031214 1608295
4026961 1595415
8167645 6904344
4587981 1567768
8173257 6891070
8164550 6893081
8794103 7928759
8169596 6895834
2946383 5254428
5501461 9623888
2939713 5268506
4019425 1608419
8175128 6908314
4600735 1570808
8781319 7933644
3091050 5446113
3073546 5446140
3090577 5436523
4589848 1573034
8158570 6909979
3073906 5438566
4022861 1607651
4601607 1579111
2950757 5253247
8175502 6897800
4033752 1601417
8790764 7921232
4019559 1599905
3080557 5451516
8173864 6896284
8789305 7921983
5012950 5119058
4036145 1604003
5504946 9621541
4599463 1571196
4586850 1579374
4583801 1576570
2955000 5260694
3085677 5438294
5508458 9625485
5018659 5127101
5511636 9634570
5004801 5113638
8787119 7917066
4026445 1597959
4023712 1602129
8796256 7929334
4017434 1608467
5502129 9618476
4035033 1609616
5009447 5119592
4035314 1592064
3089003 5447312
2953462 5264588
8158248 6908281
4016660 1604488
2952080 5261243
8164794 6898540
3091906 5454019
8787281 7934983
5006465 5120234
8795456 7929738
4595039 1574548
5016684 5117567
8172784 6893398
5517952 9618427
3091797 5449344
2950115 5271217
8781343 7920363
3080763 5435117
4029952 1595409
4020286 1605653
8798176 7935799
4583644 1584436
2950771 5257517
8783084 7927825
2940727 5264667
4586625 1570454
2947552 5259235
5503718 9628518
4596931 1582591
2951156 5266620
4597013 1581324
5021825 5123719
4033808 1590328
2941003 5257668
4028123 1606282
8781139 7917768
8795322 7921700
3079905 5447000
4594102 1565370
3088467 5440712
2953628 5266719
8165462 6894271
3082939 5447101
5518087 9630922
2947917 5268057
5506689 9625705
8783956 7933934
4034485 1597081
2956461 5255341
4017025 1596453
4024722 1594254
4027158 1607878
5513574 9623632
3084526 5435618
5499817 9627219
3081240 5448135
2956395 5253986
4586859 1568944
5020990 5117674
5010883 5128255
4594786 1566686
5505291 9625213
8797767 7929933
4584764 1584336
4596887 1571715
4597295 1571426
5508910 9633981
4032885 1606227
4593776 1574177
2954621 5270607
5518097 9620847
4596915 1571281
4024175 1607989
5507643 9633922
5018983 5114080
4035605 1600418
5013380 5120913
3085371 5445981
8161724 6897723
8796821 7926172
4588387 1571982
8166008 6909423
8172531 6909295
5010757 5116350
4026352 1598738
4588325 1567438
8795562 7922646
5006151 5111912
8171094 6903970
4032800 1599331
5002793 5127413
4602352 1581834
5008751 5130863
5006171 5127504
2940223 5257767
8169111 6892733
5020055 5114238
8783654 7925627
5014419 5124395
8794795 7929042
8162840 6898759
5009216 5123575
4024747 1609221
5014852 5130376
4035369 1604930
5501102 9620800
3074504 5441018
5016096 5119035
4587930 1575184
4019959 1602686
4036156 1594245
4583515 1567671
8782454 7934969
5010408 5111791
8779328 7927764
3077276 5451913
4017573 1591238
8157551 6909762
2957259 5255248
8785860 7932737
3077306 5442656
5517949 9632587
2943323 5264207
4587080 1569630
2957858 5255636
5515264 9618920
8786581 7934982
2953353 5253524
2948454 5259623
5514088 9618376
8783273 7928715
5506932 9633470
3078164 5453846
8796776 7932663
8792270 7929181
5010277 5115269
8779550 7925379
8779528 7922030
2957418 5259717
4593971 1567393
4021017 1603866
8170991 6895972
4018659 1609285
4021704 1599325
8168023 6906489
5006202 5111538
4025131 1604687
8170673 6904787
2941870 5267774
8797932 7934499
2944813 5269535
5512076 9621958
8788650 7923832
3082483 5435508
3084623 5447734
8171917 6906706
5004267 5114253
4585169 1566451
5003194 5128064
4027033 1597896
5006053 5115084
8781402 7926717
4029885 1609986
2948249 5267061
5011226 5131144
3073830 5448075
3089671 5443592
8159017 6908277
5012253 5112858
4025752 1591467
5017896 5115666
4586506 1566535
4027165 1597361
5005980 5121218
5013188 5122526
4588489 1566948
4026590 1594584
4024690 1595815
4018803 1596971
8168706 6909215
2945587 5270372
5510150 9635367
8779348 7935676
4033461 1592102
5015482 5126579
8798015 7934641
4597859 1578495
4599759 1564997
8784471 7927879
8797319 7925891
2949369 5269839
4022128 1601877
5017760 5115820
8783098 7932692
8791728 7928204
5002409 5130539
3081950 5442738
2953908 5271153
8795922 7929607
2957615 5260639
2948132 5253127
5501583 9624970
5505134 9619852
5500231 9617489
4022363 1590387
8790465 7925760
4030930 1604820
3075242 5447205
4022689 1596464
4019729 1596687
2958376 5253562
4025253 1592787
8792286 7920625
2947247 5261320
2944042 5260467
4599761 1570273
5005288 5129715
8173438 6896969
5020532 5120992
5019529 5124004
3088752 5445818
2958566 5271449
2955566 5270945
4019044 1608253
4600441 1570044
5005372 5113946
8167016 6895970
4602287 1577334
5509894 9623419
4026494 1602434
3081841 5448911
5009356 5124612
5503995 9617978
8792557 7935729
4023246 1597903
2956843 5261986
3082212 5450524
8779209 7925493
5499225 9620447
8161770 6907465
4028777 1603769
3085135 5438717
5002186 5116873
5018617 5114192
8175865 6900654
5013789 5111696
3087578 5439323
5017727 5117017
5505508 9627145
2939438 5262519
8782737 7935650
8166926 6894383
3085577 5444551
2955164 5260038
5021033 5112449
5516685 9626897
8794259 7919573
3075061 5442010
8781927 7933550
8157568 6894400
4582955 1580639
5012258 5129663
5507762 9620151
8162426 6905869
5509129 9634342
4025016 1592699
5518658 9627389
2953052 5272281
8170539 6897870
8786482 7929637
5008478 5120603
5007458 5117644
5014705 5112741
3078275 5435939
5004974 5114284
8170746 6900415
8160405 6894903
5010196 5122028
5510793 9637037
5508117 9626189
4028432 1609073
5502034 9625228
4032734 1601344
8794561 7918263
5012888 5121597
4020782 1596019
2953772 5271257
3075481 5450531
4031374 1590989
8164860 6900152
4594305 1573392
4594820 1581299
2952492 5260481
8779120 7926406
2942807 5262787
3075306 5452861
8168951 6890463
4600063 1566974
2949350 5253800
5504312 9623531
2955876 5266797
5516089 9629750
2956461 5257981
4031155 1599083
4030563 1597707
5501010 9620174
5514212 9628133
5518277 9633514
8158244 6909603
2947827 5267323
4598902 1571420
3084266 5454529
5507582 9618594
4016653 1605213
5008758 5115562
8786226 7916673
2952666 5272722
3076159 5443358
2956126 5263285
5008288 5127703
5502554 9629591
8164438 6907235
5515096 9629731
3075183 5452908
8176427 6897634
4031305 1604451
4588478 1572588
5499995 9634910
2949891 5266877
5004449 5119663
4597489 1564538
3083347 5442805
2942370 5259293
4591374 1580778
3086613 5440620
5500314 9624231
5018078 5124179
8161974 6903740
3090129 5454326
3088506 5439886
8167100 6907389
5001929 5114304
5501562 9621149
8169456 6903985
5002137 5111830
2953808 5264286
5011161 5126716
4024107 1604612
8162912 6909166
5010894 5129154
3090843 5435104
4591098 1573980
3074403 5442762
2946238 5264167
8162319 6904285
8792289 7930125
3077076 5449483
8158066 6909115
5510980 9633267
5007103 5119492
4588729 1578654
5018587 5113376
3081175 5441615
8162355 6900607
4597956 1569816
8781830 7931512
4035371 1592487
8786850 7924355
3082052 5440002
5006262 5128473
4033647 1597591
2955075 5264732
5516008 9634501
3075211 5445860
4034863 1590722
3082893 5452965
8782524 7927303
5013027 5118632
8782926 7932489
4591756 1566821
8159745 6890731
3077968 5439785
2953563 5257184
8786469 7931770
5014567 5127647
4019110 1607732
8783632 7925533
5003116 5121197
8782504 7916281
8162343 6907089
5003330 5116497
4024297 1594185
5511267 9633267
4585384 1571618
4027429 1598336
4026474 1602895
8796348 7921527
5506240 9629812
8784043 7927558
2946135 5262233
2944986 5272369
5507360 9637375
3083799 5451286
5008345 5123318
8175249 6906766
4598721 1573728
5007838 5130666
4025178 1599658
4017939 1600917
8790345 7934178
3076565 5450244
8165788 6903483
4028125 1603516
8786710 7925845
8779596 7916398
8170384 6904593
3082253 5450691
5006716 5111985
5502017 9635220
3072771 5445397
5017464 5120285
5002494 5127437
2946385 5260639
2949526 5267648
3083694 5443703
5010381 5123786
5507709 9621380
5015835 5117285
2952967 5261651
2950266 5260884
5005501 5119816
3088385 5443545
4592138 1575980
2955478 5258719
4583486 1566769
8780737 7934435
2953403 5253635
4595770 1568602
2939526 5265521
3090390 5438374
8790218 7926586
5518092 9618027
4594991 1574641
8176667 6892790
8174533 6899402
2947947 5256703
4592361 1569827
3076015 5434877
8162189 6890691
4020666 1591127
4035766 1610029
8158188 6891939
5018050 5112052
8172838 6891965
4587389 1572929
5011904 5115730
4032208 1607282
4017858 1593675
8168423 6903189
8166963 6904974
8169788 6907097
5013054 5112418
4583441 1581573
4587448 1573108
4600447 1575386
8794450 7934455
8159028 6904084
8157312 6895343
4591140 1571462
3082899 5442511
5508234 9622940
8795856 7921454
5509176 9621939
8791819 7935791
8787663 7923154
5010357 5112240
5506738 9629457
2957844 5265621
4593158 1582955
8789982 7929684
5515545 9628782
4601050 1579983
8161291 6898504
5508869 9619990
5511252 9625907
4017651 1605933
4599546 1571796
3076904 5448938
2949645 5265372
4592118 1575221
8171209 6902417
5510939 9624450
4600814 1576731
8157251 6909136
3073107 5447304
3080949 5451872
4590267 1584249
8160484 6900880
4019488 1601171
2954980 5257300
4590734 1580642
8780449 7919623
8164779 6901477
5512425 9630679
8797860 7929520
2942800 5271501
8172842 6907468
5508252 9629771
4582796 1567289
4019538 1599256
4031009 1608439
4025309 1603901
4599001 1567523
3091744 5445550
5516045 9633723
3080889 5447706
2951919 5271292
4018609 1604176
3080423 5454239
8170773 6907826
2953573 5263357
5518106 9622601
2950083 5265507
5018815 5126732
3073380 5452140
8789725 7932040
8166014 6890435
3076102 5439580
8162504 6902893
5502165 9619153
4024511 1593889
4590405 1573742
3089609 5450550
3088774 5443084
2941703 5257349
2955547 5270713
4030751 1608362
8795040 7935546
5512567 9625784
5499424 9625943
8788910 7935446
5502210 9623566
4020810 1594872
5005151 5113401
8778814 7925416
2938823 5264999
2940354 5254060
3073177 5439378
5013933 5130733
4594499 1568443
5505858 9619362
5501786 9619718
4031247 1592247
3077259 5445131
2958023 5271326
8784861 7919496
4589571 1570903
4588444 1572914
3086512 5437141
3092298 5450827
2953105 5262613
5018013 5125949
5019589 5126807
5501629 9623318
4585929 1574641
2951388 5264948
4600882 1576643
8780555 7919316
3078778 5445078
4025067 1600684
8789870 7916730
8789717 7916570
3073801 5452953
4018055 1600137
5020960 5121190
3092276 5442773
8161714 6894582
8787248 7924858
5014669 5114179
2942918 5263038
8160592 6892220
4021320 1609809
5021373 5121158
3078237 5452225
3082375 5450968
8795058 7930757
8162988 6904281
5501384 9636836
3074296 5444308
4596516 1575025
8170171 6895413
5014914 5112697
3088561 5440545
3084336 5446192
4019326 1596273
8170091 6890614
4031492 1601788
4585514 1580106
2949080 5261520
2958135 5254650
4022320 1604617
8790632 7929937
8174431 6893266
8780014 7928552
8173125 6895617
4017703 1606284
2956563 5269068
8784264 7918578
5515117 9631858
3084806 5450509
8172075 6890657
2942023 5255136
4592575 1580076
4601532 1575561
4020387 1608923
3075217 5441812
2958358 5253672
4030003 1593177
3081945 5445781
4586066 1567276
4587900 1567941
3075483 5452891
2952246 5265305
4587069 1575070
3092073 5438649
3088984 5437447
8780694 7918670
8789786 7917785
8781159 7931790
8778531 7921263
3075079 5447785
3080853 5434807
8782619 7924964
8173343 6901194
5516372 9625667
2941333 5259006
3081433 5434848
2947145 5270700
8778694 7926313
3091681 5437459
8786022 7922921
5511201 9631602
3082111 5453439
3091917 5448234
3085440 5445019
8168174 6895395
4024956 1599481
8159241 6895089
8164304 6898217
5500079 9631996
4589295 1583451
3090269 5435472
4594797 1564884
5501056 9632825
3083639 5441446
8176621 6908530
8785812 7920675
5517036 9622658
8157642 6909351
5516169 9630827
5511723 9630615
3082154 5437833
3083917 5440024
2947690 5261494
8164023 6908291
8785558 7935214
8791944 7931038
5012168 5126251
3091363 5440939
3075402 5446547
2958270 5262812
8166913 6904647
8791630 7917169
3076835 5438504
8792425 7935485
4024938 1593930
5499355 9626165
8780006 7927949
4030285 1593639
4022676 1608913
8784305 7924346
5002181 5118528
8793522 7931866
8795616 7928770
5013527 5126929
8169323 6892493
8794408 7928875
2955777 5269192
4601439 1571570
4034805 1600120
4035210 1608378
5016540 5127800
8784516 7922805
8784569 7918493
5517799 9636063
2944287 5268688
4018673 1593988
5516216 9631571
2943488 5262161
4595601 1565599
5005483 5123977
4593030 1584327
4586894 1573783
4593066 1573931
8159374 6901515
5005266 5112454
8157309 6903631
2951652 5256009
2948017 5258830
2949670 5259961
2945287 5259510
2943269 5256880
4025734 1595391
8159557 6893336
8782784 7935292
3075563 5448474
5515848 9627123
8787453 7929558
3086133 5438558
8796026 7916752
3087639 5435672
3079943 5443119
3089744 5438780
2948781 5270398
8794758 7935284
4591961 1571635
8167304 6890181
5515095 9636933
4035850 1602938
8791636 7932516
8788862 7918174
5512186 9637024
3089419 5441241
4591587 1577330
8778778 7923354
8176845 6898183
4586319 1578719
4028283 1591825
4588375 1582927
4598601 1576718
3089587 5443766
4027061 1590614
5004654 5121138
8164407 6891391
8175267 6903720
3089353 5449361
8158802 6903248
4019896 1592554
4027149 1609755
4595926 1574754
5506718 9636694
3091081 5436135
3087825 5440484
4599850 1580662
4034408 1592631
5012999 5122734
5510003 9618130
3072763 5447363
5005965 5126663
3082346 5453585
8172728 6890244
4017399 1590177
5006158 5117236
4584844 1576171
2951610 5260874
4602041 1581477
3082373 5441777
5016573 5113016
8788635 7921049
4592528 1581875
8174485 6893883
2941186 5256717
4024475 1609588
4036313 1599548
8163252 6902779
8159984 6895888
4594841 1583540
8785064 7927067
4034401 1601687
5505183 9631666
3083513 5446274
5003652 5125790
3087131 5445728
5503468 9631610
2951688 5271009
8796680 7925677
4583979 1573844
8161707 6902929
4026480 1604403
2947445 5253180
5014301 5113734
4598752 1573427
8160202 6899925
3076567 5445784
4019856 1604293
5507682 9633158
5500118 9626420
5500338 9623795
4036337 1600109
8163229 6904548
5505492 9622588
4029807 1597770
5515997 9627192
8161270 6891909
8791383 7924476
8172671 6896262
5516840 9632939
8167807 6907374
4583173 1567169
3077097 5443441
5002347 5130290
3087987 5449495
3076320 5437923
8171246 6907862
3090466 5452551
3087751 5442939
2948103 5268301
3090396 5441942
4034983 1595708
8783059 7921009
4033264 1607332
2955837 5267354
2943940 5253264
8169461 6900712
5515718 9619673
5006032 5116512
5020760 5115352
5003604 5124329
4025693 1600792
4020562 1606986
3081400 5443437
5514937 9626409
3090045 5443773
5512848 9634488
8159044 6906328
8162870 6909277
3080001 5450497
8158321 6909241
2954860 5265275
4028858 1594660
4586724 1582511
3084202 5441471
8168975 6901593
4600327 1582189
4586432 1574258
4599623 1569263
3076408 5441556
5016362 5111461
8157103 6901610
5012480 5123413
4588860 1571735
4589555 1569380
4021203 1597382
8175888 6893745
2956832 5258007
5016835 5128024
8169688 6907571
8170210 6903153
3078944 5449513
3072675 5437135
4590300 1573530
4024002 1593094
3089856 5447377
8158269 6907372
4602626 1571099
4033521 1600307
3090824 5454221
8789509 7917277
3086714 5440993
8169664 6900030
8778540 7918386
5004271 5111424
8782666 7927009
5011606 5115835
5514325 9624439
5510072 9632754
8782228 7925219
8167897 6907950
4596596 1577809
2944667 5271382
8159191 6898466
3085842 5449092
5503794 9630796
4032640 1598714
8784026 7927579
2945758 5270883
8162058 6897424
2946107 5259379
8176873 6905201
5017340 5115538
3078793 5435304
2945603 5257196
2942647 5269909
4587894 1583321
5012489 5112243
4033351 1608823
5506516 9618021
8160461 6897096
8176042 6898528
4035499 1607300
8792725 7920172
2957520 5258099
3083320 5440163
5017269 5123317
2951962 5262063
8796552 7933926
8794602 7925360
3073582 5445463
8169678 6907076
3086666 5449039
5020530 5115287
8781674 7923721
3077352 5437574
8164220 6899816
3088461 5438666
5510397 9621136
8162664 6908031
2950885 5263668
4018950 1605598
4028407 1605851
4589160 1567675
2947411 5253196
4590924 1572776
4585390 1573135
4018405 1592201
5009934 5112742
5506807 9633047
5017461 5112682
4036377 1596896
3077544 5441550
4583229 1578510
5004462 5120092
3089112 5438607
4585922 1576608
2949437 5271642
4586415 1569826
5015632 5119083
8164755 6903806
5004939 5129142
4597489 1582501
8160729 6902350
5505244 9620968
8163879 6897754
8798093 7928025
3090745 5447073
5503951 9624613
4601193 1566119
4036433 1605081
8158929 6895017
8163392 6906623
4032826 1593391
5013904 5123936
3077927 5450574
3073993 5439685
5015951 5123949
4601234 1578676
8788139 7919792
8158143 6895532
8163267 6891052
8176421 6893352
8163179 6898865
2939007 5266186
2950312 5265112
5506698 9623538
5500931 9621903
4026913 1598480
8797111 7929244
2957267 5264935
5006403 5128099
4023905 1590781
4586793 1570144
8169278 6900546
8786425 7928562
8782946 7922008
3081171 5443149
3084173 5444969
8176487 6905262
2953248 5264456
5516242 9628448
4593237 1569760
4020498 1594412
4601920 1577085
5507046 9634272
8158637 6906522
4020200 1594268
3082547 5439030
8779268 7934384
4593946 1572798
8158139 6905614
5513379 9636131
5501174 9629400
4027028 1592626
3090084 5443239
8792982 7922061
3080217 5444330
5018267 5122310
4026800 1605662
3080201 5440675
8162587 6896227
4024913 1604869
5505442 9624367
5011834 5127886
8784508 7927347
5020047 5116199
4029441 1608052
8791622 7925224
5013515 5120756
4033979 1598975
2954414 5269844
5500176 9637336
2940315 5264266
2941283 5259332
4017756 1605954
4033541 1606270
4601369 1577647
8157777 6905866
3077458 5453465
3081965 5447010
5014494 5129535
8172406 6903855
5498994 9634587
3091202 5442903
4598930 1568416
4030401 1598504
8170962 6898265
8783423 7931422
2952892 5265679
3087320 5447865
4023774 1590429
4024595 1599625
8778900 7925783
3079192 5445771
8171441 6897619
2947171 5269103
4593192 1569158
5503169 9629792
3076557 5446249
4591292 1572445
4022911 1591189
2944982 5257874
8797968 7921312
4019101 1608171
3078555 5439155
4583433 1580566
5510452 9617425
4589254 1565301
4023838 1603087
4023616 1596883
8160374 6900966
5008569 5124059
4029658 1609663
5013913 5126488
5502988 9626436
5014035 5129132
4034404 1597000
2944304 5268237
5012746 5114865
4599081 1569647
5517277 9631279
8786612 7916721
4586518 1575823
4588732 1572430
4601061 1570403
5507387 9620119
5502415 9625811
4595970 1580479
5016926 5118204
8786639 7932202
4017017 1605598
5507868 9623568
5517732 9634203
8788678 7928881
8781805 7931999
4586166 1572161
5505923 9630519
8173182 6895443
5019865 5129151
8175385 6908238
8790188 7922720
3082823 5450739
2952825 5256750
2941709 5269367
8173329 6893344
3077999 5450168
8161565 6909375
2947473 5255680
5501716 9623905
8158098 6891662
8788357 7925342
4028813 1598281
8782175 7935995
8158767 6890085
8786230 7935640
4016859 1592229
5020853 5120259
8163027 6898334
2949168 5265079
5005254 5120462
4593047 1578809
4594879 1578942
8167984 6904160
5008453 5116080
4030359 1600008
5504601 9627996
4028955 1591515
8795377 7935949
4587073 1578583
4591787 1575214
8791349 7918750
4021379 1604453
3089535 5441205
4025210 1591842
8168753 6890113
4029265 1603736
2957208 5255063
3073703 5452708
8789715 7925673
8797729 7933467
5517996 9622553
5009389 5122488
4589687 1583325
5503624 9632094
8783388 7924554
5502902 9618254
4018869 1604575
5007808 5121248
4029968 1593250
2942008 5272880
2954362 5253694
4020033 1604097
8161140 6901136
3088563 5453011
8174413 6895175
5011175 5123772
8158837 6901309
4031048 1603653
5503007 9629746
8795171 7932202
4582805 1571156
8789442 7922796
8787501 7918645
4592367 1583323
4597159 1580868
5499363 9625852
8165980 6904969
3072792 5451827
5010473 5123444
8788106 7933362
5006146 5112138
3080640 5445361
5517147 9617762
5506165 9623662
3089230 5450197
5009690 5126223
5011424 5111944
2947866 5255110
3090261 5437232
8169631 6903926
4020447 1590419
3084595 5440642
5021855 5120254
8796469 7934377
5505867 9619569
5008207 5120227
8176336 6901957
4592256 1583681
5518461 9620907
2957318 5256227
4583662 1570812
2949498 5268879
5013144 5121082
3091039 5436735
5510919 9622392
8171494 6895527
8790765 7933632
5513405 9623648
8785029 7930947
4591166 1575773
8165015 6900205
8167841 6900617
4596922 1575175
4034802 1602463
4026857 1594835
5010892 5123215
4587413 1567288
5509183 9624419
5508866 9623645
4023726 1610075
2956381 5268520
3081542 5453643
8163609 6903663
8788223 7935022
4597687 1570845
4024391 1602689
4024291 1609516
4602536 1572604
8157629 6907457
4583540 1564572
5507134 9634572
5014590 5117829
8161844 6908040
5512926 9631591
8787484 7917372
8780151 7923019
4021676 1601612
5507699 9617498
8168898 6907250
8168815 6902950
4032851 1603398
2939297 5266296
2947057 5258208
4597619 1573774
5002489 5117119
3091391 5454204
2943628 5262560
8792361 7919516
8788668 7925020
3076736 5450595
5012209 5119619
2958263 5259053
2944814 5267273
8784026 7921136
2944464 5264047
3074002 5437612
4023326 1594279
8159617 6898294
8158278 6909600
5015365 5123556
5014191 5117658
2942499 5257512
5510485 9624397
4020557 1608606
4029480 1595303
8163840 6905723
5015074 5118851
5015206 5121494
5012945 5125786
4022774 1600980
8161958 6902789
8793707 7935842
5514542 9627150
5505933 9628132
2945890 5256889
4030671 1594840
4031529 1605731
5505662 9622604
5019158 5119152
2943600 5271171
5014488 5113640
8779676 7930068
3080430 5441559
8167239 6890143
3083321 5443329
2956616 5256566
2955443 5270182
3081072 5439321
8796476 7935019
8789302 7928566
5499437 9617847
4601509 1582565
2955185 5256061
3075996 5451477
3082148 5442295
8170522 6890738
4028896 1595810
5517695 9622122
5017354 5128527
8779835 7925561
5501045 9630487
5506284 9624208
8167127 6907721
2940164 5272081
4021853 1599949
5009836 5127371
8174650 6890428
2940327 5269390
5501133 9620747
8796665 7934603
5010622 5123947
8176287 6906526
4031173 1609333
8172217 6899549
4018613 1605970
4021058 1605202
4583410 1573563
8163442 6892510
8164706 6890953
4031144 1598000
4591203 1567296
3085454 5446641
3090938 5453722
4016927 1595895
5016641 5113322
5505751 9624736
8797339 7918008
5503436 9628613
4021791 1594358
8788181 7922415
3076573 5434898
8171004 6890314
4028404 1599094
8172813 6900032
4592627 1583786
2941124 5270691
3089339 5443667
3080696 5435904
2953593 5256079
5517593 9628267
8792590 7923569
5015564 5128720
2946842 5259189
8168120 6900816
8159400 6895420
4584443 1569950
4017979 1592793
5012006 5120675
2958254 5256779
4596171 1564991
4600352 1580147
3076752 5443839
8778906 7923525
5013488 5121461
8173665 6900532
5504377 9625326
5010435 5127357
8167157 6893682
5507567 9633777
5018953 5125441
8781140 7922198
3074391 5448396
4030088 1609342
5009517 5123267
5512693 9621493
8166330 6902561
4022363 1603537
8782491 7928468
8792769 7933707
8785706 7932113
2945378 5271569
3088241 5448687
8795990 7925226
5015347 5127857
8797215 7934155
4036112 1607838
2940247 5263822
3082363 5440485
8172188 6908632
4602410 1569405
4026163 1592780
8790171 7919659
8158866 6901138
8792277 7917177
5003561 5129750
4023424 1597834
8174749 6900044
8171103 6898258
4027241 1591078
5515706 9622630
4588086 1565875
5013446 5111740
8160896 6898393
8789832 7935274
8163426 6907627
4021311 1603996
8797050 7927888
2944295 5255173
8789721 7918003
8173295 6898337
8163828 6904595
5515549 9635363
3077795 5446350
8157787 6895582
8781795 7922022
2939515 5267474
5503010 9632384
8782753 7927168
8792268 7922432
4028231 1597908
8784721 7917999
3077290 5444052
4594168 1580734
4034496 1601281
8780366 7918477
3084948 5450438
5011463 5119609
8167496 6894278
4030628 1598662
5517659 9628970
4028805 1590888
5505381 9622957
5006739 5118657
8779835 7927174
5009814 5115326
8162584 6894211
8792228 7933650
3078537 5443605
4588966 1564620
8783799 7917339
4032309 1596163
4583733 1570018
8787730 7926252
5007583 5128111
2950277 5271258
4017557 1592253
5513987 9630914
2954032 5263000
5011387 5111889
8788485 7929839
4591516 1577981
8166651 6901322
4016974 1600109
4600448 1570698
5515595 9619390
8159019 6909825
8793675 7924939
5501747 9620764
3074690 5451408
3073662 5440051
2947853 5270302
8173635 6905290
8167136 6908494
8161455 6890306
4587932 1571783
4590711 1566098
4599299 1574585
5515375 9633381
8785900 7928258
8778884 7935345
5002901 5129609
4590499 1565823
8786922 7924653
5513688 9621656
5509810 9634003
8172084 6905583
5517540 9627556
4598436 1569179
5513936 9628783
5517917 9618994
8783874 7918978
4027980 1596408
8157091 6906716
5512053 9617436
8796443 7916739
4592369 1583216
5508157 9629962
8164960 6900263
5013612 5128340
5513387 9630169
5514611 9628969
5008405 5118562
5510160 9633789
5517454 9619183
4028911 1600864
4588941 1584273
4021265 1591934
4586059 1570107
8159956 6900622
4029335 1597230
3082847 5439451
8794322 7934269
4592483 1579565
5513608 9630181
4588031 1565346
4020600 1606442
4583768 1580085
8791735 7927932
4028436 1608229
5512762 9630128
8793553 7930984
4590331 1573777
8169212 6896110
4590631 1569658
3084620 5444560
2954701 5269825
4036029 1608868
4584236 1569188
4029431 1600710
4600972 1567855
5015763 5116384
8791386 7929460
5511607 9630642
8169169 6909597
8168408 6899021
8778985 7932533
3081123 5452336
2946255 5256791
5506396 9631510
5512145 9621582
8782647 7919055
5506140 9628690
4017428 1609696
5017055 5112540
8795480 7935846
8160972 6901041
4023365 1600839
2939384 5270063
2953242 5261613
5499422 9629418
2957090 5263979
4021808 1591553
8789930 7922821
4031139 1594817
3077713 5448024
8167696 6905225
5503321 9632358
8781704 7916900
8791106 7922931
5513158 9636151
3080050 5445248
8172971 6893410
5016113 5117527
4601782 1571473
5501217 9632151
5516288 9619246
8781133 7926270
5011767 5129863
8163866 6904808
4021163 1597901
8167336 6900465
8783819 7924259
8797324 7920973
3082188 5445126
5019087 5118304
5511512 9623040
8798170 7929372
4029324 1601611
4029736 1593539
4594829 1578930
5020608 5117846
4595326 1582160
5020733 5117127
4595868 1577536
5018681 5112324
8170136 6900136
5505764 9619303
4022126 1601037
4588985 1580436
5012789 5119466
4030702 1593342
4020509 1593725
4033531 1593697
8159388 6893676
4602387 1569494
3084174 5446197
4029461 1607109
5503210 9632596
2948841 5261290
8169254 6893022
2947221 5259405
8784802 7921804
5021648 5113341
5505585 9634518
8159508 6902641
4021934 1603755
3077833 5451576
8779487 7931249
8176632 6890983
3085495 5442679
4598939 1572710
4032173 1592239
8795908 7926000
5500265 9634370
8158066 6908725
8171643 6899951
2955743 5262121
4583817 1570632
4592804 1566503
4589761 1575932
8778602 7935238
8173715 6903848
8797704 7932563
5513411 9636702
8164234 6903618
5005566 5116387
8161994 6902272
3081215 5437580
3083545 5451831
8785676 7920536
3088684 5440071
3075861 5439179
4585251 1580714
2945862 5258872
3079289 5447639
3075767 5453532
3084094 5439141
8167800 6900996
3088433 5435104
5003259 5125732
4586843 1573763
8164423 6893501
2958412 5268116
8161101 6892200
2939878 5268277
4589924 1583530
2950369 5263541
8164831 6898283
5512393 9622033
8167408 6890710
3079241 5448152
5516798 9620449
5516149 9617952
8161706 6908948
4583233 1580162
3083984 5436486
5011424 5114292
8784602 7924487
8786942 7921430
5011714 5128882
5020484 5121399
5002471 5128578
5017146 5123528
2946579 5257835
2945854 5268524
3090508 5443133
4020325 1593482
5504751 9617570
5514825 9620403
3080011 5444401
8797066 7926829
2956449 5256213
5517533 9627494
5515090 9634970
3083258 5442288
8170780 6908566
4593605 1573235
3080474 5447493
4026597 1597866
5003467 5127126
4599918 1578741
8790267 7930386
4032173 1599237
4018036 1604285
8176366 6893452
8158238 6901324
5014485 5117535
5019979 5116165
4027699 1591991
4601257 1573547
3087332 5441250
8164341 6899760
8788849 7932974
8159576 6905525
4032248 1605605
8780071 7919375
2948132 5255588
3086048 5452421
5013561 5112044
5503150 9633502
4027334 1597124
3091300 5451049
8170356 6901731
5509736 9635788
5003159 5113578
5510978 9622403
4591589 1573754
4584756 1568771
2954439 5271247
4590117 1575723
5009976 5119710
8789998 7922563
8793133 7924359
5004921 5122372
2955344 5254340
4027731 1610048
5015746 5126350
2944361 5273017
4027708 1606361
8796487 7920493
5004662 5117125
2944377 5269026
2938763 5253639
2945134 5265137
8170165 6909132
8161681 6905491
2953375 5264455
5002515 5129409
5010109 5128695
5516565 9628513
2943700 5262981
5518030 9626853
8170449 6896830
4019744 1603137
2951220 5259031
5009164 5112027
5010288 5115889
5002367 5126703
4595268 1574865
3086043 5440121
2951917 5258733
4600112 1575727
4028405 1596544
4027485 1609127
4585902 1571463
3082464 5453743
5011628 5112268
8786296 7935175
8161520 6903664
8160162 6910061
8175019 6900936
2943737 5256521
5007812 5114357
2949978 5263523
5010697 5121663
5013862 5117981
3081565 5444212
8172892 6905842
4019172 1593290
8173351 6909770
3081692 5447749
4033878 1601791
4593456 1573500
8797837 7929528
4033228 1590496
8796457 7928809
4026280 1599949
3072850 5435146
4589751 1570563
3076023 5441306
4025627 1609604
8174673 6904487
4022784 1599478
8158197 6905365
5499554 9636160
4019095 1609478
8792144 7926163
4586482 1574951
3079927 5453215
5008019 5123334
8160494 6900935
4019042 1593274
2958560 5254772
4585544 1565130
5505849 9631099
4017021 1594964
5010986 5122085
8779889 7933979
5005677 5114143
4020351 1606093
4587989 1582192
5518542 9636434
5511687 9623547
3086008 5445609
2953907 5272744
8172933 6893419
4593899 1568651
8779814 7929228
2951259 5259476
2952229 5260056
4594834 1583068
5013070 5115126
2944186 5261667
3080178 5444865
5508279 9632591
8173928 6899446
4584841 1579326
2943431 5271299
8785851 7929202
3085635 5448583
5002934 5128197
3082288 5439366
4032339 1591818
8167423 6898200
8780317 7924019
8160506 6895599
4031490 1601881
4033845 1606291
4584072 1573722
4595196 1565976
5021319 5118486
2950042 5255845
2939173 5259242
8787847 7929623
4026487 1591162
8785541 7931080
4585659 1577539
4590206 1582293
8173665 6891909
5017471 5116372
4595480 1567112
5510800 9631152
5008280 5128439
2957332 5265331
4593948 1574922
2956713 5257502
4583608 1570808
4598301 1583109
5015341 5119100
5007698 5129371
4591539 1567285
8794742 7926146
5016222 5116604
8789791 7932492
8169279 6896765
3091592 5449067
4586813 1566343
8785623 7926554
5512001 9622933
5011012 5114397
2952722 5265041
2951375 5259481
4018004 1594541
8785272 7934175
5005311 5117515
5016603 5130950
2953194 5261672
3087029 5448920
4023483 1605595
5008873 5122561
8163050 6895534
8161954 6907629
5511821 9621038
2952061 5264041
5507901 9618611
4588521 1572423
5014454 5126750
8792062 7918696
5513592 9625702
4594152 1576360
4017834 1597219
8789793 7925228
5512773 9631985
5004468 5122640
4033528 1593473
4031467 1598680
8168567 6890710
8173407 6904032
4017173 1603248
8175275 6907948
4034611 1600152
5019681 5121080
5513256 9631355
4027132 1606835
2955947 5272153
4023843 1600660
8784610 7929290
8795465 7919447
4602098 1582350
8790212 7935367
5502902 9635983
4022232 1604412
4592172 1565444
4022962 1591608
8172813 6909386
5005637 5127461
8161084 6908033
5515477 9624495
2956955 5257080
5511852 9628948
2946376 5262454
4020157 1606135
8791947 7933315
5015611 5123254
5006048 5123929
2944868 5265442
2952811 5253544
4020996 1603938
5013461 5120621
5517130 9620334
2941847 5255505
5504307 9619787
4602197 1583400
2939790 5259057
4594739 1576509
5015365 5113949
5020514 5117677
3087091 5441697
8171050 6903807
3081585 5436106
4596108 1568828
5512059 9636034
4600052 1580018
5514074 9619422
4596106 1576416
8164178 6904158
4020443 1596653
2956077 5258820
8170143 6905847
2953430 5254428
5017304 5115209
5019022 5121031
5016605 5126256
2954624 5261380
8159650 6890637
4024228 1597561
2940244 5262435
5021622 5128702
2940021 5254809
4029141 1597996
5018871 5124361
8173436 6904553
8793945 7918860
8161374 6890209
3078993 5440760
4021311 1597558
8158016 6903879
8789398 7929708
5501550 9620316
4023345 1605151
8789870 7921420
4033371 1601665
5498734 9623335
4596096 1566025
3077108 5453109
8784598 7918255
8173008 6909837
5018148 5117530
4022661 1606576
4029335 1606281
8782667 7926262
4016703 1595049
5013035 5125574
8779972 7921806
3081827 5440310
3076454 5445518
8158437 6890496
8169795 6890396
5011041 5127877
3084768 5451318
5506682 9634085
8780617 7927193
2956008 5268722
8794687 7931866
5013189 5120372
5015652 5123941
8161506 6907688
5019053 5124134
3081431 5442162
4028483 1605508
4594146 1572649
5516478 9636043
3091360 5443891
4027259 1601058
3078667 5451863
5515267 9621190
3083110 5445259
8793537 7919240
4583627 1574575
5013074 5114174
8171487 6909246
4589906 1573079
8790204 7933628
2949745 5268858
5002487 5121897
8782730 7930558
8166547 6891310
4028167 1609453
4588732 1575869
4023787 1591279
3074033 5454413
5017367 5114725
8161793 6900348
4583051 1582593
4585780 1569240
5019848 5117416
8786796 7923721
4591816 1571067
3088388 5451824
4598371 1568440
4032776 1609087
8783631 7935323
5014181 5124001
8786185 7918799
4022914 1602409
5003589 5127899
5499105 9635510
4584770 1576954
5021004 5121940
4020122 1609951
8789285 7932457
5017991 5117280
8169412 6894735
5508047 9619890
2953623 5260211
5517776 9634089
5501107 9634077
5509360 9619866
8171611 6897899
8788180 7917079
5502573 9618873
5517549 9627962
4035778 1603963
5009564 5120566
5008515 5123640
8784876 7931073
8174094 6897575
2954751 5269013
5011442 5123612
8794153 7919742
4036315 1599715
5020329 5112381
8169409 6904730
4589012 1566773
4599846 1565560
4022021 1607461
8175636 6907796
2954451 5270543
4587452 1580187
5019580 5131119
3081477 5446065
4020947 1594201
5007846 5128961
8781448 7927975
4598678 1580095
8779843 7928903
8791051 7935255
2950790 5264488
4027069 1591052
4025129 1600984
8797327 7922816
8793317 7931741
4586159 1570935
4031142 1601175
8158826 6897487
4582993 1582285
5004638 5114665
5018933 5115001
4034830 1596450
4600553 1564460
2953202 5260446
5514777 9632229
5009127 5126657
4022408 1606775
5019548 5116053
4031273 1609061
5017124 5131186
4598111 1578712
4592428 1571456
8171684 6892194
2944745 5258130
8161955 6909542
2942678 5270029
5018601 5127781
3085160 5441585
5516297 9636007
5003348 5111892
2954952 5272991
4016805 1590950
4601833 1567262
5517953 9631622
5503773 9629853
8167606 6908111
5018810 5125420
5010136 5121232
5510259 9621124
2946414 5263311
4601490 1574428
8166274 6900102
8176429 6901349
3074927 5449658
2945550 5254742
5502905 9622934
8788427 7922409
8787731 7924539
2954044 5271247
5014835 5114640
4017890 1598224
5013536 5128249
8164607 6903399
8173005 6904050
2951958 5264723
4588976 1577767
8786784 7927922
4017691 1600055
8795619 7933577
4590956 1582790
8164036 6891896
5513380 9626062
4019206 1590871
3086261 5448617
8158430 6904969
4025014 1603071
3078847 5445352
8797772 7925125
5008264 5129865
5517316 9623518
4589535 1578139
4025119 1592573
4594806 1573590
5517265 9618422
4587329 1582415
2956062 5263949
4026737 1601045
8174869 6895932
4590872 1569478
2958149 5262857
3081595 5443926
8797887 7932613
4021963 1610082
4593700 1578742
5502256 9626864
5018685 5120919
4030948 1594917
8788241 7929424
4593053 1577989
3080511 5450597
4592416 1571799
5499971 9629469
2941333 5269721
5509307 9637125
2938799 5262165
8781489 7931347
8796634 7916656
5019746 5124388
4027656 1598538
4591289 1566656
4601965 1578082
5505684 9622643
4020631 1591391
8164783 6903933
3091995 5446272
4029606 1608905
5020389 5128188
5012220 5127613
3079541 5453030
8161959 6902026
3083092 5444863
5015564 5111696
8174335 6893764
4602471 1583951
4586672 1572083
2954957 5263162
5012833 5117341
5507221 9621540
8174605 6908394
3079589 5436584
8170901 6903523
8162339 6900151
2952965 5253793
8159991 6906132
4027726 1591330
4035248 1605576
4020266 1604325
5005648 5114831
4594669 1571207
3077574 5453717
4597372 1579757
5008931 5117475
8175829 6893333
5501195 9619525
5006832 5114872
3089511 5444639
8176385 6907092
8167712 6906358
2943529 5260634
4021494 1594062
2941424 5263158
4593789 1569961
4586835 1582767
4598526 1580478
8159069 6900690
4019029 1605973
8171214 6901723
5518413 9633876
4024737 1607025
2939686 5256874
4589624 1565580
4601592 1582651
4590712 1573605
4587363 1576609
8783399 7918635
5507235 9629960
5510129 9630220
4589759 1572634
5500112 9617509
4587726 1577053
5008404 5129097
2949321 5257485
3082480 5434650
4029231 1596805
2947143 5272192
4025434 1591887
4034426 1608732
3087824 5439172
2942788 5266506
8167694 6902221
5517733 9635842
3084009 5444095
2943283 5262886
4599172 1578588
4036095 1597483
4599287 1582441
8782867 7928196
3083447 5438297
8798423 7927801
8161663 6907770
5515127 9631735
4031815 1592504
8792863 7920366
2956611 5272765
4598885 1570812
4592705 1574149
3089957 5435133
5518052 9633136
3078737 5437887
8161725 6895554
5505481 9628632
4592611 1569618
2958065 5259862
8788002 7928830
3086828 5437833
4584176 1570671
8163563 6896402
8796105 7916745
2956420 5260300
8797346 7922990
8784853 7925112
8789341 7929040
3084624 5435239
4029959 1593767
4024849 1591572
5014893 5112862
2953183 5271267
5499899 9625309
5499010 9621968
8164036 6906981
5504005 9634627
8176065 6908144
5509724 9623615
5012899 5123608
5518384 9633722
8797817 7922372
4028322 1594264
2952163 5257767
4588338 1573194
8174082 6904811
5512269 9625284
2951996 5256108
2948318 5260391
3086683 5454065
5505573 9624208
5513095 9618402
5501391 9625583
4597579 1572614
5007044 5118573
3084417 5453192
2956900 5253506
2950438 5272842
8161359 6892821
8162621 6896520
5500723 9631719
4020727 1597653
4026592 1590890
3079325 5453603
4028334 1605227
2947615 5266048
5517712 9635503
3081692 5447928
5503789 9619383
8166587 6897498
4035154 1608482
8795245 7929014
5507931 9631283
3075424 5438318
8791972 7919537
8784779 7930406
4036369 1608946
5002310 5126913
5514928 9620416
8168220 6901398
4021517 1593691
4032413 1596295
4033354 1606307
3081282 5437621
4597740 1583450
4601286 1569260
8165351 6903282
4601481 1581347
5015575 5112778
3081141 5449671
8158138 6897168
3082532 5447079
5008843 5112702
4600245 1583488
8795530 7935345
4600083 1579537
5007100 5122420
2953815 5268732
8793192 7927345
5005356 5117668
4599339 1584441
8790773 7920146
5002795 5127123
3073682 5436556
4589120 1567874
2945973 5257375
5512185 9619067
8163645 6894526
5004548 5130846
2957178 5260535
2946383 5259943
4028528 1594882
5009614 5117811
4593235 1575291
8157397 6903951
3082750 5438804
2950544 5269881
8164815 6909444
8167495 6900992
8797928 7919199
8160301 6901089
5012864 5125392
5021818 5114913
5501390 9635048
5513688 9620781
5009820 5121601
2943505 5259319
8789329 7935055
8782140 7928871
4034084 1591415
8794952 7918613
8797282 7925450
8163423 6908051
2943612 5268865
5017547 5118760
8163132 6904768
5021457 5120334
8176340 6892380
8157606 6908351
4597793 1571918
5009976 5125480
2942166 5256541
4036422 1590708
3092294 5439280
8162564 6909799
4028033 1596822
4023566 1593493
5506537 9631803
5020687 5125507
8789935 7926085
4590264 1580620
8175813 6908069
2938927 5263513
8786684 7918931
3083076 5440940
8163509 6909813
8786507 7916367
5014442 5130223
4589771 1569236
5021837 5121813
4586061 1564829
2952075 5270628
5012069 5118184
5499945 9629679
5017345 5126790
3082552 5440759
5514733 9629194
2947780 5269249
8161068 6899045
4594514 1581265
4587014 1566577
5004821 5127290
4022395 1606945
8796146 7921672
8789494 7923170
8784195 7924238
4029736 1598144
4596963 1576981
4585518 1578726
3084964 5450889
4595816 1574046
4599054 1580851
8175641 6902697
2948574 5268443
5013818 5121455
3073378 5453009
5009151 5120706
8796186 7921812
4018142 1598555
8782840 7921861
3076139 5447238
5514284 9627205
8787693 7931943
8162695 6909343
8163091 6906075
3088406 5442423
3084303 5437720
4021153 1609914
4585094 1579695
4601477 1567099
8780442 7931672
2947146 5262377
4021624 1609699
2943928 5268787
5018625 5119828
8787013 7920386
4584453 1568290
3079703 5440925
4586270 1565087
5499291 9636775
5010522 5118545
8171456 6902056
4027334 1603313
4028408 1606192
8165971 6898349
8795343 7920338
4589117 1574945
5517542 9636291
3091819 5450336
5019685 5113841
3075267 5446497
5510118 9627484
8781807 7932743
4583229 1578917
5504749 9633035
3080207 5451525
2943317 5261718
8782069 7920063
8167357 6902921
4601725 1573743
4030743 1599186
5507928 9627927
5011804 5130761
5512948 9622458
8164660 6906453
3079449 5448200
8170467 6902514
8176110 6906047
3073980 5454342
8780464 7916416
4583000 1566404
5515802 9628333
3075390 5447121
5006313 5125013
8793874 7935733
8160056 6906870
2946917 5262856
2945422 5272481
4590936 1583569
8158840 6898691
8793506 7935917
8792575 7925278
2958731 5256176
5008233 5122308
5006134 5122857
4598119 1579908
4600733 1580242
8157323 6904719
5020082 5126144
4029366 1590479
4031151 1595111
3085835 5449268
4017658 1594296
4025118 1593468
5014663 5127968
8797064 7923019
8796658 7931761
8161944 6893012
8794034 7930086
2948627 5253646
8174510 6896512
4598592 1570983
8784117 7930006
5510581 9635085
8165293 6902513
5510177 9620386
4594164 1580455
5509986 9636007
4594887 1578202
5006082 5118001
8798042 7931681
8781978 7925043
4033663 1595495
5518683 9625770
4023133 1605226
8785956 7932874
4596679 1575374
4598774 1565146
5003103 5111802
5018122 5115625
4029330 1602314
5516406 9620648
3082294 5442556
5515068 9626420
8165478 6908576
8778599 7933000
4017036 1601330
8790052 7928233
5510602 9628942
5012004 5126663
4595834 1583374
5513798 9626994
4583088 1581255
8160730 6901021
8166298 6907303
3082147 5450169
5508818 9619331
5508531 9636066
8165505 6892953
2951894 5255879
2948016 5259170
2946431 5262151
2949784 5267417
8167821 6906190
4032124 1599520
3073333 5451947
8176823 6906620
8796056 7919067
8786201 7922562
8167188 6906622
4021410 1602272
8779536 7918946
5508161 9627899
4018668 1596093
4020713 1597411
5003492 5115862
8787149 7925163
4023947 1600459
4596465 1574362
8790318 7931024
4585883 1576897
8782854 7922550
4586349 1566316
2956333 5268051
3085383 5452011
8164311 6900524
8789941 7925691
3075448 5435512
8795239 7930350
3078542 5453092
2958066 5267036
8176683 6895645
3091241 5441504
4596652 1571615
5509290 9633611
5515538 9619742
5010070 5130683
3076839 5446719
8163314 6905881
2956027 5269467
5007417 5114470
5009934 5111986
3087799 5446433
8788797 7933637
4584954 1575519
8789129 7922682
8780033 7932524
2954983 5259086
3084840 5438168
5004246 5130433
4020115 1594777
5019539 5122285
4599244 1579038
5506398 9620065
2949444 5257690
5509027 9630704
8175787 6908500
4600247 1576230
5518634 9630628
8173140 6895413
4017680 1608956
4587587 1579263
5502247 9623419
3084996 5434950
4596793 1565877
2944521 5272841
4594512 1578734
5009775 5126127
5018196 5111390
5512449 9619500
8157876 6891982
2944989 5258367
3084759 5448264
5500468 9629990
5011600 5113060
5500738 9635925
8788372 7918367
5505461 9624163
4020517 1593707
5502665 9622352
8165943 6895250
8791286 7934177
8174519 6904100
5016313 5112651
8796365 7930352
4033501 1594847
8161679 6902463
8792003 7923891
4594378 1575289
8160784 6899341
5506669 9621427
2958676 5257057
8162470 6890860
3084216 5446417
3077069 5450959
8783617 7917004
5510665 9629675
5009848 5123949
8781184 7930489
4026358 1605657
5017133 5125053
5012672 5121070
5516865 9618290
8173991 6892945
8175105 6897010
5500683 9626200
8158370 6900807
4021792 1599353
3074465 5444761
4023911 1605421
4035558 1601369
5508254 9623988
3079823 5437478
3083976 5450968
8161994 6899905
2947960 5256767
4587734 1564703
3073498 5449510
8174532 6894551
8164615 6906981
5019706 5118449
3074002 5453548
8173607 6895427
4592219 1575694
4034401 1591615
3079566 5442803
5017700 5129360
5017205 5119950
8795215 7916678
5021391 5129146
5513295 9632123
8176876 6896118
8782190 7928969
2951508 5265000
8797670 7916803
4596132 1569957
5019111 5127515
8782440 7923039
8788291 7916124
3082795 5434954
4027150 1593230
5016060 5123425
2953610 5270055
5010273 5119748
4021531 1592398
2949958 5261089
4588843 1580301
8792129 7927499
5509654 9632669
2948452 5263754
5005626 5126846
5501134 9623872
4591902 1584255
3074511 5450364
3089192 5451253
5506680 9631249
8780638 7933296
4588576 1579633
4597682 1579716
5517356 9626314
8785540 7925886
5513801 9628068
4017776 1594564
5500786 9626192
4584948 1566090
8782889 7934029
2941300 5261479
8791011 7926011
4590352 1568710
3090438 5450526
4596413 1572118
8161160 6900519
8790241 7923366
4584212 1565597
8796248 7925452
4024739 1597890
8156932 6908796
5512520 9626129
3084594 5441066
2942057 5261953
4594681 1579976
5001972 5113367
5505549 9622895
8797686 7920059
8171564 6892623
3073108 5437572
8789200 7929885
2943601 5272113
2948587 5271890
5002030 5120525
5505134 9620374
4030605 1592149
5003308 5117213
2954567 5254634
8798224 7927039
5510135 9624578
5011609 5117464
3077307 5440097
8164431 6890583
5508952 9621122
8167918 6891698
5016116 5119771
5015631 5126525
8797371 7918266
3076240 5438149
8170127 6899089
4592002 1580632
3089926 5443563
2945442 5256632
8789056 7923739
4030394 1600527
5014839 5120898
8173169 6898788
4588051 1577850
5500913 9630569
2950036 5253442
5013565 5126564
8788513 7926875
2945894 5270508
4601000 1578808
5003129 5129282
4585351 1575986
4602490 1575600
5019389 5123337
8173577 6898143
8780232 7920734
5019618 5116465
8794331 7916878
2958143 5262207
8789094 7921340
8168832 6898166
4025672 1608143
3079317 5443241
5003863 5114369
3092112 5451774
8794781 7919014
4031655 1603895
5515792 9634106
5005683 5124230
4021598 1605112
5502560 9635071
8797621 7922267
4598384 1568249
4585555 1584017
2957920 5265941
5508499 9622360
5011395 5111848
5509373 9633393
4032773 1593164
4033709 1597543
5004563 5117460
5009322 5116585
8160152 6892543
2941724 5258167
4019924 1591856
2951745 5257761
4032909 1609086
8167567 6891076
3075939 5438472
2949332 5255429
5006999 5127365
5513989 9621288
3082353 5438855
8158637 6897171
8792342 7926816
3076015 5437543
5008095 5125650
2953637 5257136
4589220 1570186
8167819 6890237
4023892 1598622
3087331 5443620
8784647 7930566
8159577 6906222
4588069 1568832
4022122 1592651
5006272 5119074
4027412 1590938
8162214 6898156
4021159 1594075
3077617 5441660
3072822 5440809
8792690 7935724
8788417 7930024
4017961 1606410
4021452 1594465
4596506 1574398
8788157 7934793
5019358 5129659
4586112 1572205
8781282 7928087
4033416 1608575
5513499 9620579
3081257 5453982
2947750 5259939
3081895 5450316
5020085 5123013
8160236 6906246
2949351 5265035
8162385 6907859
4028405 1601224
4597030 1574088
5006455 5120149
8163731 6899498
8782130 7924184
3084541 5442152
8163422 6894102
3087305 5441044
4588709 1571931
5517536 9634968
3090927 5434809
5516493 9620073
4034901 1606558
4026312 1598756
5014707 5127710
8165151 6898635
2952841 5260750
8790405 7933897
5507039 9634169
5506335 9631441
5502881 9630847
2943865 5269446
5017268 5119161
8781824 7927591
2957649 5270756
5007919 5118176
4036338 1607920
5016723 5122262
4018684 1593992
5021023 5116011
5512555 9621088
8779375 7934350
5006916 5115171
2944008 5264566
8796092 7921464
5011084 5127536
2955242 5259634
3077575 5453290
5514161 9619858
8790996 7927867
4584913 1571238
4031764 1600933
4023740 1607382
8780399 7926060
5506520 9619097
5510943 9628624
4027012 1593253
4596286 1566319
5516501 9623450
2943958 5257514
8792101 7923860
8163307 6893634
5009675 5129810
5503308 9631433
8798217 7924631
5500580 9627287
4591698 1571135
2940563 5254442
3085592 5443726
8168011 6899175
2939927 5265357
8176836 6892242
5513410 9637208
4028373 1608734
8168514 6894681
3080897 5437039
5500071 9632273
2941246 5261694
4594696 1578635
4031216 1599740
4584285 1579448
2942829 5257554
5509465 9623807
5503534 9629540
8778757 7921879
3077853 5453256
8176121 6900626
5005694 5111823
5507835 9624142
8794824 7928393
4025620 1594919
5021151 5118819
3074885 5439846
2952705 5253262
5012186 5123977
5513056 9632701
4588832 1578254
8793751 7926154
4591869 1565212
5502789 9622503
2949652 5253136
8165931 6902144
2944592 5268354
8784386 7920486
8166993 6902548
3080778 5438344
8162444 6899356
5501586 9630451
8162769 6906321
5017826 5121334
2939383 5267673
4589143 1571442
2951136 5255447
5014777 5112776
8170557 6906897
