500
139 252
388 78
246 295
384 198
155 3
368 442
6 218
498 227
338 43
268 283
312 369
212 230
106 102
54 174
45 441
349 421
459 316
106 432
6 311
464 266
126 419
50 137
79 400
340 81
277 315
250 183
362 325
476 427
448 466
261 146
4 178
496 461
128 64
181 420
206 286
409 304
255 367
165 234
449 301
443 118
281 311
322 209
461 383
310 147
499 117
265 9
333 83
196 280
199 263
430 36
396 216
375 58
241 357
266 483
68 49
216 327
422 209
435 490
266 441
384 307
80 231
222 396
462 58
341 274
115 269
19 171
427 430
310 315
8 179
172 287
196 300
374 235
425 499
110 443
219 294
40 277
290 481
349 329
469 85
459 496
140 314
387 274
299 391
223 220
280 484
204 430
78 11
493 366
328 464
466 23
218 463
338 131
297 258
213 242
185 56
139 141
338 123
459 464
53 71
333 20
122 265
204 269
173 213
125 488
213 84
434 35
490 474
128 193
201 58
114 482
171 193
304 85
330 55
276 361
223 418
16 174
405 65
86 443
13 218
286 434
244 244
241 101
244 141
48 133
202 101
337 122
250 142
162 364
247 94
19 249
59 133
212 1
77 440
317 484
42 126
53 371
495 278
172 115
62 112
401 29
437 408
276 436
297 90
121 255
249 137
391 196
217 102
78 46
187 94
126 336
228 74
85 311
300 212
97 432
486 89
479 128
73 222
445 22
367 281
30 169
196 498
324 95
71 487
181 191
1 207
267 112
192 77
178 403
354 346
151 361
315 382
239 294
390 427
407 348
53 244
224 310
441 179
175 229
295 316
265 270
81 320
14 302
325 467
153 401
425 306
390 124
194 154
484 292
469 199
231 20
273 65
59 66
154 227
491 42
372 423
475 206
282 172
358 332
276 248
497 63
313 182
270 11
261 361
266 420
349 391
92 184
482 338
23 198
37 51
364 295
22 114
169 204
497 99
175 366
47 369
54 77
231 137
144 129
330 191
377 264
6 309
270 342
480 427
421 376
430 493
74 138
129 444
241 258
196 90
486 70
384 436
152 113
178 383
399 247
128 145
254 148
500 80
181 177
295 478
440 146
343 143
94 41
138 9
18 314
469 3
114 310
486 408
43 9
350 161
435 459
271 286
140 418
424 385
129 466
260 485
92 264
446 148
6 44
160 186
473 303
103 40
127 441
89 74
472 444
476 442
116 235
356 222
331 320
456 121
459 423
386 367
313 76
446 473
96 85
79 74
189 50
51 284
193 323
434 492
410 162
410 378
195 254
154 185
187 57
170 229
434 79
341 212
344 460
88 136
308 314
292 417
258 305
267 376
289 29
32 52
393 191
146 37
263 188
49 268
24 105
46 320
414 358
89 453
332 255
342 139
120 410
346 367
440 26
473 163
162 94
239 333
334 4
219 3
456 2
329 230
87 149
342 491
428 104
151 496
485 101
98 105
106 185
345 225
251 308
348 125
164 14
19 384
332 320
274 393
126 371
243 407
103 195
136 360
178 42
246 279
83 243
231 59
129 220
457 105
284 44
117 430
167 85
56 103
135 75
150 162
26 339
230 100
65 413
443 33
354 135
306 170
191 384
265 151
93 257
130 117
166 28
226 438
280 315
303 412
235 181
383 299
271 334
138 243
379 183
123 333
196 259
320 115
444 304
141 471
407 394
45 253
421 2
49 498
258 481
427 29
476 107
201 366
101 465
11 18
147 99
257 153
366 166
22 128
206 275
170 95
302 466
77 251
357 249
13 225
289 482
393 446
439 116
36 257
236 67
494 484
216 459
83 255
482 97
326 328
233 234
428 297
18 158
262 9
347 58
387 27
177 459
407 381
383 180
349 207
297 380
158 150
290 342
299 221
67 347
27 495
402 436
271 211
183 265
465 102
166 395
237 209
79 422
115 216
344 452
475 416
143 132
259 462
118 80
17 470
473 288
450 61
244 121
384 99
337 15
264 174
54 54
157 473
101 481
468 66
195 2
6 109
430 476
85 358
291 2
283 314
60 372
361 427
207 25
118 500
393 76
69 158
408 206
190 113
2 199
242 88
351 252
294 380
387 279
153 326
205 290
31 386
125 284
362 108
239 273
429 451
18 484
384 61
338 356
81 496
247 300
306 276
372 10
88 471
140 389
226 12
392 370
44 237
199 79
105 364
481 235
453 478
456 364
327 103
378 450
200 123
354 321
259 192
346 42
283 282
415 2
108 2
121 438
202 179
198 29
284 140
260 229
267 216
156 299
180 148
239 279
