2000
387 5422
387 898
387 4532
387 988
387 4636
387 5872
387 3831
387 5700
387 5597
387 5017
387 1316
387 4560
387 2822
387 1820
387 2125
387 2873
387 3377
387 2988
387 4468
387 1596
387 652
387 575
387 1313
387 552
387 1864
387 4176
387 224
387 2035
387 4267
387 3886
387 3968
387 5414
387 3022
387 5051
387 5957
387 3292
387 3248
387 1389
387 5526
387 5511
387 4610
387 3760
387 2463
387 5531
387 5001
387 2017
387 433
387 4385
387 4384
387 5445
387 5581
387 3894
387 1363
387 752
387 4845
387 2777
387 4100
387 1775
387 5995
387 5760
387 3561
387 4415
387 1640
387 915
387 732
387 3683
387 5766
387 5184
387 3690
387 513
387 126
387 2358
387 229
387 4518
387 3724
387 490
387 3218
387 654
387 3374
387 4085
387 3740
387 5500
387 1048
387 5379
387 95
387 2024
387 5026
387 2597
387 5837
387 5484
387 3288
387 1392
387 5661
387 1959
387 2649
387 1964
387 567
387 5066
387 4250
387 5943
387 4553
387 3085
387 1200
387 3951
387 2245
387 123
387 249
387 4091
387 784
387 4897
387 4724
387 835
387 3845
387 3
387 276
387 1651
387 1872
387 776
387 5361
387 93
387 2052
387 1305
387 3286
387 2723
387 4630
387 5798
387 1060
387 4881
387 191
387 2417
387 3102
387 2161
387 189
387 1392
387 107
387 4148
387 2098
387 1615
387 3992
387 192
387 1476
387 1212
387 963
387 5261
387 4540
387 2186
387 897
387 823
387 5143
387 2350
387 5224
387 3935
387 4856
387 5605
387 2614
387 842
387 3332
387 2380
387 408
387 2288
387 3940
387 2886
387 5220
387 2814
387 1846
387 2122
387 5056
387 1365
387 1597
387 387
387 3768
387 3321
387 5789
387 1902
387 2636
387 3490
387 3935
387 2703
387 4175
387 238
387 5651
387 988
387 2569
387 2445
387 4713
387 1616
387 3366
387 4596
387 1239
387 3786
387 1334
387 3691
387 1750
387 3995
387 3547
387 1951
387 4389
387 1420
387 2909
387 2464
387 5701
387 214
387 153
387 900
387 3435
387 3703
387 510
387 4834
387 337
387 2420
387 3823
387 4712
387 1876
387 3025
387 292
387 5558
387 1959
387 2075
387 1784
387 4897
387 3183
387 5599
387 2828
387 1041
387 54
387 3184
387 5123
387 2435
387 1241
387 2708
387 2436
387 4775
387 2234
387 1656
387 5756
387 4291
387 2030
387 5656
387 4921
387 4766
387 1951
387 3080
387 431
387 1702
387 3739
387 4606
387 87
387 715
387 1187
387 4820
387 4587
387 1569
387 4109
387 1179
387 1692
387 690
387 195
387 5907
387 4428
387 3050
387 5298
387 1892
387 3380
387 4793
387 5660
387 537
387 79
387 2949
387 1974
387 1280
387 5789
387 2997
387 1595
387 267
387 849
387 3863
387 1831
387 4369
387 4292
387 4730
387 1628
387 205
387 2624
387 1477
387 5472
387 1950
387 3077
387 5647
387 1885
387 4230
387 3863
387 2132
387 2032
387 2844
387 3918
387 1702
387 3867
387 2378
387 5380
387 2458
387 5796
387 3775
387 3163
387 3191
387 883
387 493
387 3253
387 3867
387 4072
387 5036
387 1866
387 1013
387 5746
387 998
387 4453
387 1932
387 2441
387 4841
387 1399
387 2502
387 1061
387 744
387 3619
387 322
387 5700
387 4922
387 1632
387 2943
387 1016
387 4217
387 3483
387 2562
387 1879
387 4725
387 1522
387 4740
387 3338
387 3199
387 329
387 258
387 4046
387 1070
387 969
387 43
387 2950
387 3437
387 1564
387 454
387 886
387 107
387 4563
387 5049
387 442
387 1657
387 3536
387 2803
387 2829
387 4304
387 5100
387 1795
387 5042
387 5257
387 3922
387 3614
387 5279
387 4866
387 1666
387 1965
387 3949
387 2752
387 2415
387 5804
387 1833
387 2119
387 833
387 4685
387 4774
387 5972
387 3540
387 3347
387 473
387 5108
387 5383
387 2743
387 5436
387 2250
387 3215
387 1959
387 5099
387 1789
387 577
387 2562
387 2362
387 3063
387 1835
387 3549
387 2604
387 3975
387 1387
387 2369
387 1933
387 4944
387 3158
387 3578
387 4922
387 5352
387 1747
387 2345
387 2484
387 1962
387 4926
387 3348
387 4513
387 3412
387 2294
387 2977
387 4075
387 202
387 894
387 4926
387 143
387 1409
387 1759
387 556
387 4638
387 1797
387 4597
387 4639
387 4335
387 2355
387 4494
387 2048
387 3931
387 4751
387 1951
387 347
387 1952
387 4624
387 3934
387 3633
387 3647
387 2575
387 3784
387 5671
387 2943
387 2812
387 1405
387 710
387 2263
387 1065
387 207
387 1913
387 4695
387 2988
387 2455
387 1490
387 4144
387 4161
387 3584
387 5364
387 3303
387 4518
387 5866
387 3706
387 3142
387 190
387 4088
387 2159
387 4379
387 2175
387 2434
387 2981
387 3928
387 1156
387 5252
387 3646
387 4705
387 4987
387 3453
387 3638
387 5025
387 2519
387 4193
387 4903
387 341
387 1759
387 3688
387 418
387 3711
387 2366
387 589
387 4093
387 3652
387 1057
387 31
387 3632
387 367
387 3020
387 2771
387 4759
387 4908
387 4565
387 432
387 3011
387 5325
387 1655
387 2609
387 937
387 3641
387 2529
387 2519
387 817
387 360
387 4245
387 5125
387 824
387 4472
387 825
387 1138
387 2782
387 3947
387 745
387 4810
387 25
387 5735
387 2483
387 1181
387 1729
387 4244
387 4265
387 5119
387 4498
387 4242
387 3187
387 3046
387 5437
387 736
387 5434
387 2960
387 2166
387 2582
387 4206
387 1322
387 1639
387 1100
387 5217
387 5977
387 2492
387 1089
387 2474
387 1573
387 1830
387 3477
387 5252
387 4201
387 3384
387 2382
387 2588
387 4469
387 5261
387 5207
387 342
387 892
387 3808
387 4429
387 4632
387 2246
387 2482
387 4929
387 1069
387 1535
387 871
387 3480
387 1923
387 518
387 3465
387 1822
387 3982
387 1599
387 1444
387 510
387 5347
387 5666
387 3656
387 1468
387 77
387 1754
387 2939
387 4603
387 5116
387 4166
387 5060
387 2071
387 4225
387 2811
387 5105
387 2541
387 4660
387 512
387 642
387 4046
387 2878
387 2240
387 1611
387 4992
387 1007
387 300
387 5110
387 3388
387 5321
387 1303
387 4431
387 2625
387 578
387 2280
387 4118
387 5008
387 3223
387 139
387 3376
387 5678
387 1316
387 5136
387 4071
387 4037
387 588
387 5899
387 3973
387 2051
387 2215
387 498
387 2109
387 5049
387 3119
387 5906
387 5779
387 3021
387 450
387 3531
387 1630
387 4440
387 2371
387 3215
387 797
387 3657
387 5881
387 1591
387 2111
387 5025
387 4975
387 3566
387 2185
387 4997
387 674
387 4772
387 1941
387 1567
387 4534
387 5820
387 4109
387 2957
387 3026
387 478
387 2916
387 769
387 2031
387 2678
387 5501
387 1647
387 636
387 1075
387 3346
387 5074
387 4461
387 4937
387 5214
387 3543
387 504
387 943
387 4211
387 3663
387 2006
387 2338
387 2950
387 1634
387 744
387 640
387 1710
387 5703
387 5936
387 4302
387 4104
387 5453
387 1475
387 803
387 5750
387 4678
387 5086
387 4042
387 2155
387 4294
387 734
387 3940
387 2432
387 4808
387 1318
387 5796
387 2403
387 1401
387 5101
387 2593
387 1363
387 1883
387 2141
387 4967
387 5077
387 3364
387 2806
387 3014
387 2146
387 3964
387 3032
387 2466
387 2278
387 883
387 5885
387 5809
387 5251
387 5912
387 5405
387 2032
387 828
387 4403
387 3159
387 895
387 2138
387 2348
387 559
387 1872
387 3563
387 5681
387 474
387 4908
387 5486
387 2020
387 2371
387 3662
387 4520
387 459
387 2538
387 1605
387 2290
387 5887
387 1168
387 5622
387 4536
387 3037
387 2317
387 681
387 3435
387 5384
387 1210
387 2023
387 6000
387 4885
387 4039
387 2354
387 3648
387 3421
387 5814
387 5517
387 5990
387 3230
387 5598
387 4656
387 2788
387 1963
387 2057
387 837
387 5262
387 2295
387 1734
387 5774
387 3036
387 1134
387 4264
387 572
387 701
387 1069
387 2788
387 3337
387 5567
387 2277
387 5031
387 1488
387 4152
387 124
387 5230
387 5919
387 2720
387 3227
387 3501
387 4444
387 2004
387 2753
387 3769
387 2909
387 1701
387 926
387 2845
387 2734
387 3479
387 857
387 4153
387 5727
387 723
387 5755
387 2014
387 2804
387 5541
387 2274
387 2211
387 2579
387 4062
387 5663
387 3331
387 425
387 4083
387 1464
387 1805
387 4774
387 1164
387 2183
387 2691
387 1132
387 5574
387 4584
387 4363
387 2420
387 4178
387 1503
387 5409
387 4537
387 2707
387 4224
387 1939
387 42
387 5268
387 709
387 5908
387 5276
387 5392
387 4924
387 3225
387 4918
387 4984
387 5574
387 2591
387 2004
387 4273
387 2105
387 2003
387 1541
387 3571
387 127
387 2232
387 1309
387 4395
387 5477
387 1349
387 2291
387 3689
387 461
387 5140
387 196
387 1731
387 3932
387 5157
387 926
387 2320
387 141
387 1673
387 2310
387 3742
387 2876
387 535
387 1779
387 253
387 3691
387 730
387 5104
387 2466
387 288
387 2144
387 270
387 389
387 549
387 3949
387 351
387 3235
387 2615
387 614
387 1245
387 716
387 4968
387 3735
387 2593
387 1174
387 2766
387 4445
387 1436
387 1832
387 3425
387 3021
387 17
387 880
387 5920
387 1883
387 1481
387 382
387 941
387 2548
387 4510
387 1847
387 5180
387 2773
387 5040
387 3794
387 696
387 3553
387 3123
387 4350
387 959
387 4478
387 1055
387 2363
387 2817
387 3320
387 4383
387 2300
387 916
387 4109
387 2034
387 1275
387 1859
387 3664
387 3597
387 2965
387 2266
387 2071
387 3480
387 1274
387 1708
387 4365
387 1724
387 4526
387 3310
387 3408
387 875
387 3899
387 5785
387 1636
387 5176
387 1101
387 1035
387 5918
387 2459
387 1460
387 1127
387 601
387 3726
387 3222
387 2192
387 4613
387 338
387 234
387 98
387 3059
387 5163
387 4573
387 3898
387 874
387 4208
387 385
387 824
387 3957
387 1516
387 4122
387 4852
387 4499
387 1328
387 3423
387 2967
387 5574
387 1550
387 3807
387 5373
387 5956
387 1695
387 5593
387 4218
387 761
387 2975
387 3410
387 2962
387 4531
387 3612
387 4179
387 718
387 5765
387 1002
387 665
387 3182
387 4613
387 2753
387 2388
387 5746
387 4205
387 4253
387 4104
387 2880
387 5949
387 5230
387 2894
387 3826
387 5287
387 1510
387 4660
387 900
387 1922
387 2141
387 4361
387 1610
387 4921
387 5168
387 5346
387 1272
387 105
387 190
387 40
387 4136
387 2102
387 1002
387 2664
387 472
387 1478
387 2172
387 3937
387 1833
387 68
387 1920
387 1465
387 3265
387 175
387 2101
387 57
387 5658
387 2840
387 3678
387 188
387 1745
387 5000
387 4869
387 3572
387 1320
387 2199
387 963
387 3893
387 4068
387 6
387 1546
387 4824
387 1151
387 5910
387 283
387 2058
387 2503
387 3311
387 896
387 4058
387 4109
387 4250
387 2195
387 1854
387 2664
387 2071
387 4085
387 4175
387 2447
387 5256
387 2632
387 3112
387 5458
387 3828
387 3061
387 4107
387 1874
387 1125
387 4648
387 3132
387 2853
387 1482
387 4174
387 4
387 2963
387 3350
387 2094
387 5167
387 4283
387 959
387 2013
387 1710
387 2303
387 3280
387 328
387 2326
387 819
387 4503
387 2126
387 4384
387 5202
387 2456
387 2420
387 4023
387 1993
387 3304
387 5055
387 5325
387 346
387 1154
387 2285
387 4518
387 3867
387 3350
387 4893
387 5002
387 1268
387 773
387 3538
387 5271
387 3781
387 2902
387 2708
387 2830
387 141
387 3989
387 2958
387 626
387 5764
387 3438
387 577
387 2076
387 5794
387 4806
387 2064
387 4969
387 5205
387 4755
387 2834
387 2746
387 3744
387 3023
387 4420
387 2578
387 2086
387 1689
387 4484
387 5644
387 3907
387 67
387 4103
387 2499
387 3651
387 2917
387 2595
387 360
387 5337
387 5129
387 3638
387 5712
387 4938
387 4285
387 1197
387 4867
387 3567
387 436
387 638
387 2814
387 3687
387 5749
387 3359
387 978
387 4162
387 3130
387 4716
387 3427
387 1959
387 5907
387 1141
387 2073
387 927
387 4369
387 3869
387 2354
387 87
387 3739
387 4828
387 5230
387 2546
387 4124
387 5710
387 354
387 4901
387 674
387 898
387 3350
387 1994
387 417
387 5229
387 5431
387 2413
387 2846
387 820
387 2005
387 1874
387 4021
387 3269
387 2534
387 141
387 452
387 4271
387 178
387 3048
387 173
387 3797
387 948
387 193
387 5720
387 4958
387 5535
387 5401
387 1582
387 3272
387 1607
387 5878
387 639
387 1345
387 2116
387 5122
387 749
387 4541
387 1219
387 4217
387 4175
387 5171
387 5748
387 2703
387 5423
387 5904
387 93
387 2600
387 5532
387 2162
387 4341
387 4910
387 889
387 2845
387 5434
387 879
387 2940
387 3706
387 5084
387 205
387 1584
387 2739
387 975
387 540
387 1443
387 4217
387 2877
387 38
387 4185
387 5470
387 2274
387 1098
387 1063
387 1515
387 1070
387 2137
387 2793
387 411
387 2407
387 5001
387 2812
387 990
387 1796
387 978
387 1268
387 1095
387 4435
387 4275
387 1928
387 1887
387 2228
387 1117
387 4433
387 1392
387 2731
387 1447
387 4223
387 5258
387 5954
387 4409
387 3316
387 4305
387 2948
387 1233
387 2246
387 637
387 4820
387 4385
387 977
387 1352
387 132
387 4430
387 5459
387 2580
387 3870
387 5635
387 4863
387 1043
387 3327
387 492
387 1915
387 4173
387 4310
387 1356
387 1
387 5629
387 2730
387 3399
387 4673
387 5300
387 1137
387 4024
387 3310
387 5509
387 2442
387 925
387 3933
387 3175
387 3188
387 1254
387 3545
387 3991
387 2948
387 3769
387 2178
387 3587
387 4067
387 1649
387 5176
387 5903
387 382
387 4090
387 3333
387 2948
387 2501
387 2135
387 4257
387 3884
387 108
387 1709
387 651
387 2232
387 5548
387 1381
387 5271
387 2362
387 131
387 5437
387 490
387 5531
387 2960
387 1608
387 1776
387 70
387 1736
387 2265
387 2615
387 4027
387 5940
387 3180
387 3665
387 4845
387 2705
387 5550
387 5574
387 5268
387 2702
387 1648
387 2704
387 2396
387 5473
387 4280
387 2749
387 4420
387 3091
387 1359
387 3024
387 2880
387 831
387 4100
387 5647
387 1736
387 1287
387 5847
387 3543
387 4663
387 335
387 5007
387 4964
387 3356
387 672
387 645
387 5642
387 1900
387 4678
387 2151
387 4079
387 4686
387 4451
387 1942
387 510
387 5278
387 5098
387 2984
387 2997
387 3194
387 3940
387 3686
387 295
387 4136
387 4526
387 2303
387 3516
387 4862
387 1849
387 5172
387 652
387 5497
387 2329
387 5514
387 2280
387 199
387 151
387 2075
387 4449
387 1468
387 591
387 3157
387 4126
387 2241
387 5267
387 3337
387 2891
387 2352
387 3798
387 413
387 2405
387 5930
387 881
387 4347
387 3182
387 2081
387 5329
387 3440
387 3791
387 2206
387 5047
387 2445
387 5873
387 2684
387 3751
387 2218
387 3075
387 971
387 5737
387 1054
387 5016
387 1582
387 2972
387 328
387 5558
387 141
387 3582
387 5977
387 3431
387 868
387 1029
387 3783
387 155
387 1890
387 1673
387 5100
387 4853
387 2731
387 1255
387 4165
387 5546
387 4023
387 4304
387 3284
387 5925
387 1216
387 4567
387 95
387 774
387 5032
387 775
387 3614
387 1310
387 1153
387 5835
387 1920
387 3348
387 1363
387 2100
387 2759
387 3107
387 2585
387 1591
387 5335
387 5946
387 1732
387 3068
387 3531
387 4410
387 1399
387 896
387 97
387 3644
387 265
387 4228
387 4073
387 1689
387 3638
387 3675
387 3145
387 735
387 1470
387 2992
387 5500
387 4835
387 229
387 1582
387 3374
387 4953
387 1665
387 3510
387 5362
387 1598
387 4816
387 636
387 4188
387 2607
387 3631
387 2154
387 5112
387 399
387 1043
387 4268
387 1569
387 3093
387 1060
387 2867
387 2250
387 219
387 1197
387 2594
387 5529
387 5168
387 3230
387 4788
387 3879
387 4391
387 4154
387 3508
387 3281
387 1046
387 3129
387 3283
387 570
387 2360
387 1575
387 277
387 5079
387 3228
387 2323
387 5684
387 1649
387 4531
387 1057
387 1836
387 3655
387 629
387 313
387 3565
387 1801
387 1389
387 4261
387 5165
387 2718
387 5417
387 4711
387 1267
387 5103
387 315
387 5569
387 2829
387 5273
387 2938
387 907
387 347
387 3055
387 4818
387 5232
387 3569
387 1094
387 4560
387 3169
387 2569
387 856
387 54
387 4384
387 4431
387 146
387 2701
387 1799
387 5763
387 2021
387 62
387 2831
387 1803
387 472
387 3720
387 1849
387 5102
387 3444
387 4814
387 4985
387 1962
387 679
387 1094
387 5205
387 3214
387 2482
387 4970
387 1818
387 5985
387 3051
387 251
387 4168
387 377
387 4428
387 3225
387 417
387 5685
387 4770
387 5996
387 1742
387 5364
387 286
387 2495
387 4602
387 5660
387 1143
387 2047
387 4116
387 2676
387 87
387 1536
387 4722
387 4489
387 906
387 2568
387 2745
387 1741
387 1330
387 1730
387 5254
387 3779
387 69
387 2381
387 1752
387 1189
387 1405
387 4811
387 4787
387 4302
387 3111
387 5106
387 222
387 3296
387 1365
387 4302
387 1510
387 5104
387 1596
387 3805
387 3465
387 4709
387 5751
387 1249
387 3740
387 4268
387 898
387 1666
387 950
387 4567
387 4815
387 586
387 1426
387 3593
387 1893
387 1623
387 4945
387 796
387 3803
387 4412
387 5494
387 5595
387 4738
387 256
387 1560
387 4168
387 2569
387 1117
387 5475
387 983
387 5686
387 1410
387 5047
387 2289
387 5652
387 2402
387 4183
387 5795
387 2831
387 3875
387 2780
387 748
387 2026
387 2672
387 368
387 418
387 3721
387 3688
387 355
387 5966
387 2983
387 2268
387 1690
387 3451
387 1634
387 2564
387 3467
387 5355
387 3690
387 763
387 3489
387 1010
387 325
387 5071
387 4206
387 3401
387 3902
387 4210
387 4628
387 4828
387 3073
387 1340
387 1259
387 620
387 2337
387 118
387 1391
387 1246
387 531
387 5760
387 3919
387 3659
387 3888
387 2860
387 3839
387 30
387 4727
387 816
387 1511
387 1161
387 2504
387 1192
387 1473
387 4768
387 954
387 595
387 5983
387 316
387 838
387 1473
387 562
387 3001
387 3913
387 2027
387 5348
387 1112
387 2598
387 2763
387 2992
387 4542
387 2066
387 1855
387 1684
387 4611
387 2406
387 3387
387 1990
387 4388
387 3265
387 1236
387 3308
387 3234
387 1380
387 5525
387 5842
387 5569
387 2019
387 1438
387 3528
387 4506
387 3851
387 2624
387 402
387 5625
387 4966
387 5410
387 2326
387 2879
387 5784
387 1903
387 4801
387 3201
387 5558
387 4278
387 691
387 3303
387 3162
387 4137
387 5774
387 2734
387 2385
387 238
387 1051
387 5447
387 1916
387 1089
387 4340
387 2005
387 2706
387 4432
387 1915
387 2643
387 3085
387 5597
387 418
387 4604
387 3929
387 3136
387 4049
387 1265
387 696
387 2995
387 5140
387 3831
387 2368
387 5812
387 3802
387 182
387 2315
387 1702
387 711
387 4987
387 1222
387 1600
387 2690
387 5222
387 3154
387 3036
387 2520
387 4973
387 5319
387 4393
387 3447
387 3752
387 4828
387 1610
387 5012
387 4755
387 1008
387 1733
387 2758
387 2591
387 5732
387 1701
387 4648
387 2240
387 4767
387 3449
387 1259
387 5888
387 2489
387 2514
387 1297
387 3803
387 4240
387 3433
387 4595
387 721
387 4694
387 1686
387 5213
387 3032
387 1056
387 3514
387 3981
387 5720
387 1977
387 4118
387 5703
387 492
387 4941
387 5122
387 339
387 1671
387 1006
387 2839
387 3854
387 141
387 499
387 5557
387 2101
387 5750
387 564
387 2270
387 829
387 654
387 335
387 4521
387 5742
387 1176
387 5430
387 288
387 5203
387 1510
387 5599
387 5218
387 4363
387 3747
387 1666
387 4402
387 4587
387 3257
387 3311
387 5302
387 954
387 4955
387 3957
387 1737
387 4468
387 3741
387 2220
387 5113
387 1464
387 438
387 3196
387 3449
387 3706
387 821
387 3540
387 144
387 3505
387 73
387 3508
387 1753
387 4522
387 5624
387 3315
387 4417
387 5667
387 329
