100
252 560
208 219
442 153
867 49
625 813
479 297
272 242
905 518
34 937
531 712
931 4
668 256
302 971
420 94
226 62
421 364
51 777
34 990
400 676
399 65
249 311
668 426
94 20
800 235
345 17
72 718
25 878
385 254
984 547
370 420
251 110
512 390
61 841
929 131
48 28
40 1
23 623
13 688
877 93
4 377
749 418
186 128
159 438
547 587
313 833
940 24
931 443
479 832
5 43
461 249
29 589
869 544
115 183
336 205
294 389
60 612
69 6
78 476
824 25
767 162
44 167
725 708
289 258
309 210
867 174
599 409
709 731
983 721
288 874
286 265
815 208
394 592
579 872
98 813
799 520
209 548
847 958
753 1
474 577
491 115
39 190
777 764
775 670
561 16
865 566
776 251
73 74
903 539
308 674
810 566
69 454
642 770
268 400
286 294
535 901
414 552
224 889
594 840
655 674
321 406
