1000
368622 200920
146332 502957
732155 865268
412819 538208
917541 323403
943765 964395
872460 155742
768247 607163
621150 221544
369696 95361
590875 857034
210679 609663
853546 349031
753871 447899
648023 974155
700065 851008
851731 923414
924883 422172
729024 808071
355831 122619
902488 605493
785663 301168
566828 964116
690590 155736
300360 242926
319906 874931
794488 852961
31244 115657
828124 882193
28028 866908
501242 559803
15029 313129
233570 223341
325625 350701
741177 317791
736664 200517
974466 637682
403348 144468
610992 430537
517693 456535
962718 351837
727063 469695
959502 145285
644723 926754
31093 936659
917388 705940
725357 673801
238915 468933
518791 947280
187504 255682
736715 788173
460401 651682
712893 185434
374211 605274
89507 486608
137714 902375
967491 339005
5711 100079
962384 660233
557009 333834
466135 654307
39353 848262
252735 324052
539073 227828
292692 338888
8050 243760
454737 949931
687619 682426
878776 362138
662032 886468
496021 564338
16347 607994
351614 240177
27000 997995
486530 110272
643955 765206
203439 356102
935142 920932
321674 418510
447420 944329
959543 165034
466343 965597
282688 605993
706279 796650
325156 259802
322978 610372
138065 457774
740885 555173
677105 383438
185981 149434
444099 624381
288004 603847
868473 474408
605491 822925
795968 230284
952798 407676
661733 662067
612490 12778
73874 60578
369969 512942
305378 363556
675412 74671
10359 585892
13127 243451
302552 417613
963524 798210
646713 499951
183933 535286
306270 584558
267484 794631
10740 934658
395114 152218
328939 444154
297916 318912
422888 121146
53138 296210
589485 95334
438310 164959
194832 954541
985470 861552
175620 276518
860702 197925
821434 436506
127319 325670
717631 366025
955296 453431
685324 215286
71500 223148
698134 786864
653521 372488
556400 210295
133592 838604
338900 512823
877027 752288
92286 910069
600246 691938
918776 323584
128591 895101
825655 717435
66277 531919
188185 586591
860536 984726
132072 454571
123964 164181
562298 301942
733861 510855
358463 424329
413257 73392
94837 468675
623046 499676
582473 740518
620365 645182
637215 838133
642674 357581
955964 264408
570076 264578
126684 893597
693340 898899
878733 336635
767930 805752
710005 850792
990064 511060
69575 177363
211504 962706
736798 912182
828176 965864
263997 318538
970559 61503
974396 684088
82883 903150
949508 604103
14414 359178
333373 932393
191523 390884
877598 466056
17597 57769
990152 358636
120391 744103
283353 767156
253875 213428
194121 538857
787161 34296
709767 744683
735420 164874
38003 368576
401881 291925
605608 912157
247849 437336
478005 850559
645546 233741
864898 498105
52561 327883
323891 155425
838359 402508
609582 896003
98075 293793
536343 68340
790914 521568
24010 259145
726455 881299
620605 995377
15526 535081
926946 891042
248270 165091
435165 887710
89145 190889
774495 763248
92811 122988
142030 965622
596044 575719
710827 565375
202450 720632
136785 64413
257012 235662
751160 178952
672583 283266
47224 817747
556506 666002
714805 50490
121590 521337
906973 268426
297985 82619
771165 664562
796212 456757
9139 963869
718920 706562
213784 917177
414705 586423
352979 7645
123916 205150
41004 694574
4501 237486
975721 694610
499145 373331
278856 216271
49992 105760
771492 667133
980257 582775
723126 825204
849824 673997
35169 58658
183859 751665
718398 861308
981514 113412
796791 272405
126926 784725
592071 822551
511635 103175
95593 672767
632112 369309
629547 594264
591141 706938
700082 237696
332437 728243
248717 616682
189078 461461
384350 661601
339228 827649
174395 492230
61487 553125
874126 364632
499650 620773
649419 242585
809495 43157
553155 632730
348416 53734
693297 692610
19340 594364
519209 434143
83071 714982
916903 96543
417238 230623
127940 338764
43695 625815
284074 253996
277702 177007
277898 216420
402089 428263
152466 941923
658793 94819
636960 728386
819850 704830
613562 568631
601893 738715
12071 655606
691347 235340
610784 422624
983356 657542
775708 813996
881091 943206
5886 125564
705177 549980
461756 329362
512573 614328
421071 621288
810860 257401
722750 205160
717425 328315
119851 913015
282663 243014
925332 973744
899388 947758
98288 211737
685920 513714
339393 951904
190424 689534
847105 261186
428717 181304
186268 613409
507250 324869
996487 112490
237830 247582
63838 361809
824931 52695
899417 602066
212402 925082
52933 332755
554140 114849
830088 794189
25684 744374
897977 998109
485145 734454
747592 217293
65463 498536
146128 163877
367643 852414
751206 797958
587933 658288
516318 871382
125981 671734
393708 371177
383518 621106
746261 437484
357154 270807
432256 538885
192285 353819
540750 210561
121082 175048
913709 692686
817479 457038
657419 859600
192505 915034
609468 29085
804917 3271
947388 615395
997702 924492
969171 272792
840474 281077
8772 883469
957850 427826
38730 606363
283560 920331
19394 651891
255679 370259
34218 472633
461448 623588
226213 993066
836161 883186
361045 156792
522900 622195
899381 543069
653989 173630
491911 136226
360133 889077
549875 547173
487958 723697
381537 974890
81601 206238
942833 584247
181183 346260
3099 190224
895912 45047
43578 36282
810196 987194
308345 216870
349255 55460
46957 661225
9998 34940
641785 221929
536659 578839
771644 475460
269613 930877
862840 949147
650823 249379
769986 692438
799265 394082
88388 939233
514992 695751
486853 532548
985841 631770
974144 944558
934444 311757
469044 993564
209587 628873
329045 317395
656286 488136
516947 140772
668584 305798
120127 816937
75802 594247
539393 333524
867388 511454
297750 336076
116438 67268
814783 586432
899966 103160
268490 676089
234674 222194
939479 507404
91040 832422
89447 471444
664738 40293
427585 767354
387905 321018
682014 180345
245129 771504
510072 193132
915846 931005
142830 147967
632995 628180
437666 723253
679372 408630
990032 879877
519454 872732
787373 914087
521088 548367
317268 997647
320261 798363
38014 464963
937996 385195
78070 284289
207989 416958
535790 732747
981826 58495
306437 25351
980182 204365
397758 334455
860037 257924
683719 943423
132282 499925
728627 814587
676429 148203
453866 101924
669746 185344
219465 213250
467774 255809
882647 509826
948413 349140
987244 247201
119348 914280
946276 159644
455697 1715
565717 561016
590651 153904
864976 874205
583894 380738
433462 896980
547295 266061
478502 762108
423704 513671
297006 193245
686265 709183
710712 736114
786542 108960
847999 745368
675694 912009
893876 641379
451006 13158
645489 203430
667706 277660
793744 504444
733215 547539
985659 253856
492529 212502
211800 803145
994901 790184
169832 669336
120405 201767
637646 809845
130316 34794
66307 554192
241241 778837
324699 725704
866417 665982
376870 599636
772678 351022
679697 663515
532319 926006
705479 84780
980825 470721
971400 232251
169526 595524
860018 677096
66567 614417
291555 447635
660608 218099
980392 421964
498759 871191
554865 807694
579791 255590
922495 636234
205218 469145
383895 155976
274376 953276
750341 623597
329644 842234
571497 23532
111159 360702
231409 521980
966149 442290
394624 744785
975773 316613
804877 676398
166077 787591
416961 517391
382468 678876
698407 80849
348355 225380
884810 598506
923423 189598
361515 956605
956677 337695
700915 655833
480624 29716
728978 593257
601804 996631
841181 188267
280125 248076
262176 899617
484497 222139
400555 478530
90904 144410
844956 22933
402000 128805
935093 690332
799484 559998
566556 298526
921094 663831
531380 314015
615913 12774
399080 133246
131665 777449
279281 243861
142006 914179
366963 95799
482009 166052
32917 899352
390813 166389
203171 506361
379838 558327
244861 585931
605517 2443
25815 176104
948883 588896
479931 307419
258702 78807
805459 305400
443902 994348
319148 766120
115413 614432
115037 249597
908060 217467
623500 74923
82685 484723
979321 820876
598192 203607
121857 727717
513391 379967
673030 858600
884968 832769
571328 229169
352704 50382
539282 418662
262273 868198
310585 333209
873745 11795
36093 823642
468930 137300
597370 756470
324778 156909
144727 568833
752350 92358
122663 622047
185004 706747
392997 38388
956462 471079
771556 916124
53365 532756
10211 720715
916379 526889
633575 212730
832116 283594
269795 85327
94410 262061
573647 130377
194481 289590
503389 545561
82459 797125
170400 347137
542738 782816
308000 606850
235885 783136
881468 125639
276565 16829
990863 289452
741611 704501
738769 255824
386821 50979
356637 156399
464921 69790
894165 395273
930267 266880
544290 258647
425328 649907
331152 111899
985766 545411
363918 734954
252220 73844
424173 103805
191937 226983
694290 699542
896239 769631
296170 468795
347733 342305
417934 105985
526408 33625
398747 587451
281126 51838
948974 759172
193284 378065
377455 192887
242662 148692
993827 957081
356139 167455
311706 468081
186620 714119
517430 314862
894347 283957
394866 192674
211754 230770
792850 862757
846158 883572
195112 215369
523063 224326
290984 937712
871284 356970
245157 327758
707948 53014
936112 742503
359009 909459
220635 799912
359556 266064
520409 234670
145666 365054
505156 78759
374497 569300
593212 961686
589712 108626
16170 382406
598386 77278
216576 675364
877503 990904
578030 606102
330686 996207
740163 817667
137563 56424
100928 557059
864003 452815
468122 18058
141791 892824
423739 83520
67713 826615
592184 578853
839571 857098
384277 228101
693948 885899
636304 975297
789553 709906
708148 599032
264362 376422
272653 705696
151782 369251
60586 289716
955332 901613
301112 76014
144701 281456
479559 468825
544571 209032
265153 455366
788289 653232
306306 758729
558978 606555
24140 286290
528023 151953
695213 966737
725102 540019
591284 105156
405711 457215
135350 537027
263225 716492
190170 158632
159228 767943
638400 464388
427262 992931
542479 185818
282217 369811
427307 96934
724652 14705
772362 670759
4019 10449
946107 173365
482224 761338
348879 64323
877254 377086
74635 650107
322748 467373
403298 577508
203444 742128
759467 1375
565696 82836
283171 985596
810149 556839
856580 134353
406494 715887
683548 613273
409030 85498
111619 746455
263571 548530
225202 895981
42166 772126
308288 551421
387802 193484
364173 922018
631132 685333
770750 400115
891264 172291
494325 259331
812894 539325
154239 615535
226238 97720
453838 596589
923346 62268
247799 574247
66741 211541
775683 362838
911904 733579
906041 38444
827192 475983
80251 802540
882601 931003
360946 184772
871605 639226
368972 457994
691465 16824
261432 496869
195092 939062
481560 257057
505715 114134
435991 225241
780245 747835
787380 700898
16087 109418
746512 783506
630597 456979
801414 781702
243955 825226
322207 842198
341490 574360
427705 727240
70918 481791
163934 584852
199876 689773
551546 433777
789206 378541
668692 193073
893430 898524
305694 214867
152665 407475
462737 494444
131329 468087
590040 210746
727633 129909
687062 621366
588209 757098
306444 236688
947205 723725
75802 481900
659983 829165
314655 401323
429593 414378
634522 602582
617084 402074
956605 160602
682055 792938
717788 799519
2435 804348
875557 187053
595233 653696
504782 944434
445686 755234
36157 393998
356381 194044
173260 312922
768807 781943
694936 267000
450214 269318
336250 737530
643188 22158
617798 745306
272084 473860
63742 64341
774685 97447
269713 982135
698415 787989
406805 262173
267527 248372
591443 252369
753271 535111
280952 811468
386483 737091
714460 887736
806994 506443
444768 278604
758452 907880
90581 843717
846933 321027
576393 956357
898086 734412
988275 162012
419090 599720
839860 93968
160734 796929
481305 902668
242943 884027
606963 636993
706404 418344
672385 148936
649544 859054
52529 260076
306805 22322
915571 10313
412734 501063
359177 296759
768505 217592
451181 902830
401314 48705
778800 986111
240993 816222
528361 640246
83800 731096
355780 776045
497733 445250
923578 498027
784258 905786
570711 781693
727451 434653
469539 920978
368740 68944
959848 173402
877615 126798
15638 307980
252528 852726
943484 423113
193798 413761
834705 905979
318695 834760
573196 254156
477071 912814
342012 779419
461507 376568
948611 137405
758624 126982
631940 40779
46615 976548
183765 510028
772027 793904
938476 692417
363886 707194
84447 924289
135793 829291
867753 662493
561128 282828
112649 317470
866313 304447
440288 561660
311360 122744
42358 138615
565134 428090
892038 43091
524586 104742
379221 330720
907821 852886
110271 958307
789402 646245
390778 663527
220289 5461
366706 907570
993712 843469
871275 657576
128478 810480
209507 931768
759985 177474
896036 348763
872355 80302
765251 283728
75248 279870
568094 296312
810443 642724
487707 998222
929264 887193
633951 818033
833584 372331
367557 710121
851104 638776
211832 165464
669701 780162
699469 941822
358545 95796
908715 482344
463342 427713
872659 448758
90826 951060
996118 366672
730141 478864
776497 529490
432525 543525
233150 721065
919965 308763
202436 3128
212546 660908
674095 636205
197131 869881
950341 139307
450212 561723
218221 476184
721729 89290
455941 616626
564995 975294
224560 394527
633218 182671
212660 322148
126965 49068
196876 851747
421669 682390
639289 635985
888842 256514
197058 111783
634840 519450
662054 374978
715444 172175
299246 152510
219718 348889
861600 192395
848228 926512
562139 473251
360415 336792
477323 563738
498178 80083
107556 371700
546647 437632
677885 121250
378177 296596
444510 97888
826767 240447
583273 733545
495226 559506
827030 167369
245763 356214
784548 900365
467536 707805
55053 766697
879843 46896
168064 980687
339192 333307
802942 237119
578993 295291
391477 472911
151899 571227
357802 413906
679733 875698
740952 613235
64455 589284
424064 183461
914723 98659
90181 676357
478704 629042
223106 626667
610839 544599
429413 293981
182532 961119
126049 305759
137764 969052
763002 745382
744323 822045
660604 956858
75684 433622
707642 256000
93036 993452
67153 504314
893428 524604
