100
747 668
947 668
851 668
740 668
650 668
938 668
246 668
174 668
680 668
914 668
542 668
70 668
134 668
646 668
990 668
212 668
917 668
183 668
744 668
351 668
741 668
655 668
826 668
821 668
964 668
363 668
259 668
229 668
240 668
162 668
524 668
953 668
404 668
847 668
496 668
934 668
402 668
375 668
957 668
16 668
442 668
726 668
907 668
159 668
67 668
789 668
913 668
473 668
785 668
10 668
949 668
862 668
213 668
430 668
861 668
607 668
618 668
125 668
535 668
892 668
853 668
440 668
911 668
751 668
370 668
580 668
753 668
912 668
538 668
704 668
491 668
837 668
416 668
4 668
643 668
218 668
237 668
777 668
58 668
126 668
207 668
402 668
248 668
155 668
175 668
613 668
799 668
181 668
638 668
150 668
83 668
474 668
170 668
540 668
46 668
148 668
491 668
889 668
354 668
232 668
