1000
847239 813859
583977 353188
697260 591241
585671 353854
584331 353384
110807 785670
584023 353979
697492 591205
20478 461129
22307 460249
110817 786097
846157 812910
697315 592183
697854 591532
846797 813722
846164 814657
110459 786051
584626 353116
698581 591744
698273 590941
585197 353966
585191 354094
585112 353970
697030 592038
110800 785135
846834 814188
584038 354280
698532 591811
111751 785156
846638 814056
846248 813931
22178 460102
585453 354047
111070 785582
21040 461324
21915 460554
698295 591630
110890 786672
20425 460006
585124 353103
697640 591774
697273 592585
585628 353359
847843 814117
585033 354238
110612 786904
584698 353686
697039 592562
584153 354154
21050 459506
584422 353072
21522 460798
22339 460934
20894 459545
847094 814518
847593 813706
846311 814448
110415 785495
584484 353150
847845 813545
111472 786012
585716 353171
110060 785818
847211 814074
111016 785303
697482 592292
583788 353938
846505 814424
109944 786375
847433 814660
22051 460217
585454 353213
583897 354011
584693 353319
584044 353918
847366 813126
847321 814768
584481 353287
697176 591231
697643 591115
110510 786612
846301 813342
697367 592308
584565 353050
110876 786446
697527 591552
111254 785646
584864 354096
20732 461211
21004 460653
847499 813020
110869 786604
585016 354417
20520 460557
21437 459559
22034 460176
111437 785394
20985 460767
584086 353903
846759 813809
20459 460776
585344 354186
21183 460190
20669 460336
20483 461073
110543 786457
585699 353222
697393 591448
21062 459688
847264 813588
847251 814271
585372 354364
584391 353631
847726 813527
846467 813626
698303 591539
585425 353480
697982 592653
847468 814769
584438 354770
697888 592067
584651 354856
585375 353587
20454 460686
111452 785588
698628 592282
846784 814662
847919 814345
20851 460914
697854 591739
698729 591286
697173 591077
696829 591404
846641 814410
847535 813223
847566 813365
847530 814322
20704 461210
847897 814252
109966 786889
585490 353211
698722 591351
110984 785945
847921 813051
846562 814336
698134 592689
22335 460367
110579 786579
697198 591081
585443 354821
21845 461101
585023 354421
697175 592679
20593 459851
111513 785488
111520 785852
585422 353164
21220 461143
21650 461278
20456 460705
20785 460272
584756 354835
110139 786221
110002 785362
110757 785349
584848 353744
584351 353283
584272 354585
698253 591779
111669 786001
698469 592019
21506 460305
110259 785452
21149 461133
696866 591302
846232 814754
585591 354849
847870 814450
110541 785200
21807 461297
847160 813550
847945 814714
584119 353067
697557 592193
847164 812896
845959 813187
20382 460913
21970 460571
697099 591374
584527 354697
847516 813422
698219 592473
111806 786384
846515 812936
697320 592348
697195 591976
698692 592849
585602 354581
846713 814317
21230 460791
110324 786646
110520 785828
111858 785529
22138 461282
584505 353895
846061 813710
698293 591981
585287 353737
696740 592153
111698 785579
696956 592144
20915 460357
110293 787036
696942 592654
584902 353024
698245 592272
111896 786902
697071 592075
585514 354911
22126 459491
110495 786019
846419 813119
698588 591844
584674 353601
846996 813116
584163 354744
585749 353826
111521 787085
846801 813466
846443 813212
20744 459634
698412 591481
22232 460649
110058 785268
110313 785417
110032 785671
585690 353082
584127 353196
584004 353458
583949 353619
20724 459392
847303 812953
585243 354413
584576 354682
846197 814773
20856 459691
583971 354250
22175 460843
698725 592639
110224 785897
585185 354428
21173 459617
21129 461079
847835 814711
846895 813398
21813 460420
846495 813398
846759 813961
584009 354713
584148 353520
696940 592700
111194 785813
585090 353681
847918 814844
111385 785207
111085 786653
847254 813210
111540 786116
846503 814866
847817 813671
22107 460308
696812 591282
584505 353470
20885 460959
697647 592691
584389 354606
21421 460445
696734 591187
698160 592444
585529 353830
846585 814553
846303 814707
110112 785834
584206 354199
583797 353927
846691 813259
698383 592336
846951 814450
110669 786568
20381 459828
110061 786754
697421 592282
110323 786752
697113 591990
20915 459411
584409 354944
111500 785292
110285 787011
110916 786538
584870 354279
584724 353129
110132 785663
696994 592375
847289 813203
583870 354146
845967 814015
21490 460564
110152 786266
846889 814541
21978 459453
698470 591189
846460 813608
109942 786693
846695 814400
109932 785533
21625 460713
846249 814514
585060 354433
20953 461150
110581 786462
846234 813047
584422 353111
110359 785441
584822 354424
697286 592202
111091 786879
21147 460808
20620 461094
697468 592803
111218 786455
584447 354216
110693 785803
697722 591497
21579 459396
698453 592199
698182 592731
846198 813695
585177 353641
847661 812964
111141 786790
584932 353036
698632 592261
846825 813560
847716 813266
21667 461093
585651 353356
697087 591309
111196 785583
847721 813213
697175 592343
584346 354982
22091 459623
585064 353750
111838 785995
697701 592220
847499 814248
585694 353684
697264 592189
584528 354853
110384 785831
21115 460166
583897 353318
697374 592393
111788 786539
584766 354443
21265 459964
696796 591171
585025 354040
21639 460445
584928 353791
584466 353832
20974 459453
111339 786438
697289 591329
847812 813339
846482 813374
583809 353208
584880 354584
585600 353462
21196 461252
847950 813243
20795 460255
698285 591568
110531 785794
846151 813409
697480 591225
697772 592288
583970 354244
110445 785997
22160 460801
21824 460662
21251 461299
583770 353332
110564 785150
110289 785195
584592 354210
846091 813931
698024 592330
111431 785692
20522 461088
846309 814035
111122 786436
846916 813487
110559 785252
698103 592185
21357 460628
846149 813837
846949 814473
697739 590930
21431 460827
585724 354875
846561 813208
585245 353507
21423 459531
110779 785173
698664 592049
110111 786051
698110 592099
110469 786377
847903 814156
111645 785567
21124 460792
846757 814313
110353 786568
696867 591685
111047 786767
20625 460834
698720 592085
696847 592685
111618 786952
698010 592563
697794 590969
697187 592090
21054 460065
22109 459569
21745 460314
111407 786797
847820 814362
847701 814507
21509 461014
110373 785261
846906 813983
21647 459598
696954 592812
21570 460936
697527 592848
584140 353195
21303 459509
847543 813807
696756 590902
584852 353880
847616 813302
847340 813907
110030 785476
585211 353100
697723 592818
847743 814667
584940 354283
846792 814105
847694 812932
697289 590892
584631 353293
585215 353772
109974 786684
846224 813946
697706 591539
698251 592371
110211 786912
697136 591590
111894 786034
846171 813390
585285 354001
698151 592321
585576 354981
20782 460567
110330 786458
584201 354503
111474 785247
110668 786422
697840 590879
21905 460546
585165 353320
584821 354827
110153 786401
111069 786348
21024 460369
847187 813124
697658 591081
846501 812952
845967 813546
21462 460953
697739 591403
110532 785862
698609 592164
111636 786156
696852 591798
110656 786931
846771 813115
20708 461195
698233 592431
697705 592245
698378 591904
111858 786756
585680 354262
697475 592453
847868 813361
583971 353142
21293 461138
584916 353511
583865 354965
111497 785674
20955 460133
22317 460042
697005 591883
698649 592813
585752 354560
697099 591209
21189 459355
697262 590887
696875 591044
22052 461174
846973 814755
21035 460533
22113 460656
21589 460573
110320 785435
583854 354359
585396 354422
111190 786986
21711 460884
111140 785202
583778 354466
696865 590949
22121 460880
696888 591388
110936 786572
846107 813037
698249 591508
20824 459464
585627 353186
584585 354489
21501 460536
847896 813681
110847 786609
110689 785532
584210 354351
585201 354347
697808 591470
111535 785720
697327 592597
846047 814127
110153 785227
697738 591808
585057 353980
585668 354154
584675 354741
585189 354959
697217 592388
846441 813315
847105 813506
584803 355012
21617 459691
21081 459783
109957 785649
111475 786823
696875 592005
111814 785378
584575 354369
21519 459661
698107 591639
698441 591911
20741 459451
697969 592000
110963 786316
584462 354615
21795 460246
847079 814710
847696 813429
110453 786077
21892 461204
20654 460697
697188 591852
585320 353862
584438 353741
111168 785481
111520 787069
110860 785957
697753 590886
111455 786009
585651 353776
585484 354860
846867 813753
111230 785743
846258 814697
21543 460381
845983 814797
583772 354756
697525 592232
110079 785769
20718 460743
20991 460954
21542 460444
584358 354921
111302 786108
110784 785694
846880 813737
22135 460391
21148 460866
846489 814470
846304 814791
22356 460348
22355 460938
585539 353803
21093 459557
585341 354517
846496 813591
111155 786425
847500 813078
585034 354539
21530 459805
584027 354922
110168 786871
847427 813106
847887 813348
584178 354785
584727 354791
21338 460928
111799 786203
585317 354044
697665 592770
697468 592783
110082 785146
697808 592074
20787 461078
697292 591119
111402 785666
585487 354966
697468 592580
110242 785354
21225 461104
583999 354041
20525 460603
111192 786651
20409 460328
111021 785238
847013 813180
584846 354102
110169 786500
110906 785198
698219 592756
846329 814745
20831 460463
110533 786047
584121 354439
584472 354825
20577 459564
584907 354744
585220 354091
111127 786195
584924 353248
698181 592445
110111 786130
22281 460936
585013 354252
697579 592084
111115 785914
584045 353631
584259 354156
585351 354180
21138 460870
21722 460721
21119 459991
583903 353721
111763 785753
845993 813545
111068 785408
21839 460949
698728 592554
111720 786187
111183 786144
110560 786492
585129 354753
847210 813711
585382 353224
846560 813216
585050 354152
110411 786320
22160 461164
21100 460624
847506 813592
698183 592686
846114 813264
21880 461234
111057 785829
697676 591583
846047 813682
847088 814790
846472 814681
110010 786281
845971 814681
21959 461173
847025 813114
21510 460550
585579 353925
698684 591444
110828 786960
111745 786829
696953 592020
696816 591705
584928 354981
698428 591610
697488 591988
698180 591261
21517 460117
21272 460128
111208 787075
110673 787098
847469 813279
696785 592404
111311 786524
21841 459715
697174 591241
697647 591371
111663 785212
846637 814263
20745 461171
21681 459492
698410 592346
847283 814419
584866 354669
20697 461006
846558 814673
22186 461021
846853 814231
846202 813780
847006 814494
21845 459931
698608 592334
20407 459401
584761 353971
847798 813113
20536 461029
21875 459579
697337 592594
698174 592223
21620 461105
846226 813768
583899 354438
697739 592733
111088 785574
847950 813332
20786 459352
21755 460671
698140 591087
697988 592394
21128 460773
697415 591484
847698 814079
698135 591913
20592 461112
698599 591012
698457 591831
584257 353815
584000 353816
21874 460201
847114 814878
22017 459646
111735 785762
584929 353308
697744 592588
111233 786004
20501 459534
111543 785304
585366 354595
21112 460774
110041 786307
111474 786886
21611 460882
584885 353907
697244 592236
110816 786662
698392 591677
111711 787130
20804 461074
585649 353889
847308 813096
111902 785500
110661 785205
21063 461103
21010 459968
847490 813037
697356 591070
583880 353381
584292 353917
22074 459380
584000 353210
110575 785362
847849 814856
697285 592546
110236 785314
846141 814234
846304 814037
20979 460739
846931 813065
696827 591393
697534 591562
697255 592219
698055 592074
21189 460516
697311 592211
697749 591884
697381 591971
847256 813628
22007 459662
111339 785259
583880 353263
585649 354212
111815 785728
583836 354762
585033 353924
21918 460917
21071 461101
847251 813282
698408 591987
21015 459776
110156 786764
698647 591009
110219 787027
584822 354435
697681 591452
20832 459420
110856 785353
110092 786268
846402 813231
697557 591580
846964 813173
847425 813620
111096 785384
697744 591894
110903 785611
20547 460314
110391 786726
110069 785882
698727 590941
583773 354520
847339 814449
847825 814109
22168 460793
110449 785841
697020 592809
847638 814137
21047 461091
21684 461039
696863 591360
697324 590918
111325 785506
846920 814831
847804 814036
20786 459856
697383 590968
111810 786666
847156 813380
584094 353047
584650 354922
584832 353633
585112 353769
110298 785952
21790 459974
846609 814256
698674 592423
20372 460485
584026 354551
111878 786854
584563 353350
696953 591376
110351 785791
847823 813773
847872 814762
846817 813469
110332 785824
846578 814801
110253 785407
111270 785170
583931 353592
847724 814718
697825 591189
110455 785690
110751 786236
585012 354300
22299 461030
21967 460990
584127 354125
20588 461224
21074 459835
585187 353266
696903 591841
846650 814492
20837 460726
110019 786484
585399 353216
846473 814677
585506 353152
847198 813146
20994 459405
847623 813819
584080 354828
584409 353086
111213 786427
583966 353931
847791 812931
847480 814373
697284 591695
847344 813270
20452 460338
21046 460421
584068 354335
847885 813700
22360 460797
111004 785459
111621 785978
22071 460804
698302 592043
584163 353781
698411 591438
698335 591428
20753 459504
110887 786833
697549 591773
22238 460371
21149 459727
584169 353560
20587 461086
585747 353514
846574 814225
847312 814164
698221 590870
698417 592387
20481 459481
846295 813885
111420 785791
585555 353942
584769 353544
21089 459765
20828 460269
583801 354208
110530 786991
697305 592144
585293 353530
847913 813320
846184 814827
584379 354873
110194 785720
584600 353533
698199 591923
846755 814075
584523 354704
698651 591587
21786 460883
110476 785476
846271 813742
698062 591355
584793 353078
846352 813496
696895 591538
583856 353569
697925 591941
698515 592326
846443 813025
696965 591803
110903 785237
111508 785449
847924 814296
584668 354092
20418 460666
110702 785658
21914 459607
111211 786931
111861 786798
22184 460956
583829 353913
584513 354243
847548 814162
846031 813548
697297 592803
110788 786190
110984 785625
584161 354038
696844 591812
583898 354137
698690 591348
584629 354328
698112 591231
110510 786796
585155 354524
111747 785974
111529 787057
584089 353638
22232 459348
22035 461183
584124 354707
