-1 -1 -1 9 9 7 5 5 5 5 3 3 3 3 3 3 3 3 3 3 3 3 3 3 3 3 3 3 3 1 
-1 -1 8 6 6 4 4 4 4 4 2 2 2 2 2 2 2 2 2 2 2 2 
-1 14 12 8 6 4 4 4 4 4 4 4 2 2 2 2 2 2 2 2 2 2 2 
-1 -1 9 7 5 5 3 3 3 3 3 3 3 3 3 3 3 3 3 3 1 
-1 -1 -1 -1 -1 5 5 5 5 3 3 3 3 3 3 3 3 3 3 3 3 3 3 3 3 1 
-1 -1 10 10 6 6 4 4 4 4 4 4 2 2 2 2 2 2 2 2 2 2 2 2 2 
-1 -1 11 7 7 7 5 5 3 3 3 3 3 3 3 3 3 3 3 3 3 3 3 1 
-1 -1 -1 8 6 6 6 4 4 4 4 4 2 2 2 2 2 2 2 2 2 2 2 2 2 2 
-1 -1 11 9 7 7 5 5 5 5 3 3 3 3 3 3 3 3 3 3 3 3 3 3 3 3 3 1 
-1 -1 10 6 6 4 4 4 4 4 2 2 2 2 2 2 2 2 2 2 2 2 
-1 -1 -1 9 7 7 5 5 3 3 3 3 3 3 3 3 3 3 3 3 3 3 3 3 3 3 1 
-1 -1 -1 -1 7 5 5 5 5 5 3 3 3 3 3 3 3 3 3 3 3 3 3 3 3 3 3 3 1 
-1 -1 -1 7 5 5 5 3 3 3 3 3 3 3 3 3 3 3 3 3 3 1 
-1 -1 -1 -1 9 7 5 5 5 3 3 3 3 3 3 3 3 3 3 3 3 3 3 3 3 3 1 
-1 -1 11 7 5 5 5 5 3 3 3 3 3 3 3 3 3 3 3 3 3 3 3 1 
-1 -1 -1 10 8 6 6 4 4 4 4 4 4 2 2 2 2 2 2 2 2 2 2 2 2 2 2 
-1 -1 14 10 10 6 6 4 4 4 4 4 4 4 2 2 2 2 2 2 2 2 2 2 2 2 2 2 2 
-1 15 11 7 5 5 5 5 3 3 3 3 3 3 3 3 3 3 3 3 3 1 
-1 -1 -1 7 7 5 5 5 5 5 3 3 3 3 3 3 3 3 3 3 3 3 3 3 3 1 
-1 -1 -1 7 5 5 5 5 3 3 3 3 3 3 3 3 3 3 3 3 3 3 3 1 
-1 -1 11 11 9 7 5 5 5 3 3 3 3 3 3 3 3 3 3 3 3 3 3 3 3 3 3 1 
-1 -1 -1 -1 -1 7 7 5 5 5 3 3 3 3 3 3 3 3 3 3 3 3 3 3 3 3 3 3 3 1 
-1 -1 13 9 7 7 5 5 5 5 5 3 3 3 3 3 3 3 3 3 3 3 3 3 3 3 3 3 3 1 
-1 -1 10 8 6 6 4 4 4 4 2 2 2 2 2 2 2 2 2 2 2 2 
-1 -1 -1 7 5 5 5 3 3 3 3 3 3 3 3 3 3 3 3 1 
-1 -1 12 8 6 6 4 4 4 4 4 4 4 2 2 2 2 2 2 2 2 2 2 2 2 
-1 -1 -1 -1 7 7 5 5 5 3 3 3 3 3 3 3 3 3 3 3 3 3 3 3 3 3 1 
-1 -1 11 7 7 5 5 5 3 3 3 3 3 3 3 3 3 3 3 3 3 3 1 
-1 -1 15 11 9 7 5 5 5 5 3 3 3 3 3 3 3 3 3 3 3 3 3 3 3 3 3 3 3 1 
-1 -1 -1 7 7 5 5 5 5 3 3 3 3 3 3 3 3 3 3 3 3 3 3 3 3 1 
-1 -1 -1 -1 7 5 5 3 3 3 3 3 3 3 3 3 3 3 3 3 3 1 
-1 -1 -1 8 8 6 6 6 4 4 4 4 4 2 2 2 2 2 2 2 2 2 2 2 2 2 2 
-1 -1 11 9 7 5 5 5 5 3 3 3 3 3 3 3 3 3 3 3 3 3 3 3 3 3 1 
-1 -1 9 7 7 5 3 3 3 3 3 3 3 3 3 3 3 3 3 1 
-1 -1 9 9 5 5 5 3 3 3 3 3 3 3 3 3 3 3 3 3 3 1 
-1 -1 -1 -1 -1 6 6 4 4 4 4 2 2 2 2 2 2 2 2 2 2 2 2 2 
-1 -1 12 10 8 6 4 4 4 4 4 4 4 4 2 2 2 2 2 2 2 2 2 2 2 2 2 2 
-1 -1 -1 9 7 5 5 5 5 3 3 3 3 3 3 3 3 3 3 3 3 3 3 3 3 3 3 3 1 
-1 -1 -1 -1 5 5 5 3 3 3 3 3 3 3 3 3 3 3 3 1 
-1 -1 10 8 6 6 4 4 4 4 2 2 2 2 2 2 2 2 2 2 2 2 
-1 -1 12 12 8 6 6 4 4 4 4 4 4 4 4 2 2 2 2 2 2 2 2 2 2 2 2 2 2 2 
-1 -1 13 11 7 7 5 5 5 3 3 3 3 3 3 3 3 3 3 3 3 3 3 3 3 3 3 3 3 1 
-1 -1 12 8 6 6 6 4 4 4 4 4 4 2 2 2 2 2 2 2 2 2 2 2 2 2 2 
-1 -1 -1 8 6 6 4 4 4 4 4 2 2 2 2 2 2 2 2 2 2 2 2 
-1 -1 12 8 6 6 4 4 4 4 4 4 2 2 2 2 2 2 2 2 2 2 2 2 2 
-1 -1 -1 -1 7 7 5 5 5 5 5 3 3 3 3 3 3 3 3 3 3 3 3 3 3 3 3 3 1 
-1 -1 -1 7 7 5 5 3 3 3 3 3 3 3 3 3 3 3 3 3 3 1 
-1 -1 11 7 5 5 5 5 5 3 3 3 3 3 3 3 3 3 3 3 3 3 1 
-1 -1 -1 9 7 5 5 5 5 5 5 3 3 3 3 3 3 3 3 3 3 3 3 3 3 3 3 3 1 
-1 -1 -1 10 8 8 6 4 4 4 4 4 4 4 4 4 2 2 2 2 2 2 2 2 2 2 2 2 2 2 
-1 20 16 10 8 6 6 4 4 4 4 4 4 4 4 2 2 2 2 2 2 2 2 2 2 2 2 2 2 2 
-1 -1 11 7 7 7 5 5 5 5 3 3 3 3 3 3 3 3 3 3 3 3 3 3 3 3 3 1 
-1 -1 -1 7 5 5 5 3 3 3 3 3 3 3 3 3 3 3 3 1 
-1 -1 -1 7 7 5 5 5 5 3 3 3 3 3 3 3 3 3 3 3 3 3 3 1 
-1 -1 -1 -1 6 6 4 4 4 4 4 4 2 2 2 2 2 2 2 2 2 2 2 2 2 
-1 -1 -1 -1 8 8 6 6 4 4 4 4 4 4 4 2 2 2 2 2 2 2 2 2 2 2 2 2 2 2 
-1 -1 -1 10 8 6 6 6 6 4 4 4 4 4 4 2 2 2 2 2 2 2 2 2 2 2 2 2 2 2 
-1 -1 9 9 7 7 5 5 3 3 3 3 3 3 3 3 3 3 3 3 3 3 3 3 3 1 
-1 -1 13 9 7 7 7 5 5 5 3 3 3 3 3 3 3 3 3 3 3 3 3 3 3 3 3 3 3 1 
-1 -1 -1 8 8 6 4 4 4 4 4 4 4 2 2 2 2 2 2 2 2 2 2 2 2 2 
-1 -1 10 8 6 6 6 4 4 4 4 4 2 2 2 2 2 2 2 2 2 2 2 2 2 
-1 -1 10 10 8 6 6 4 4 4 4 4 4 2 2 2 2 2 2 2 2 2 2 2 2 2 2 
-1 -1 11 7 5 5 5 3 3 3 3 3 3 3 3 3 3 3 3 1 
-1 -1 14 10 8 6 6 4 4 4 4 4 4 4 4 2 2 2 2 2 2 2 2 2 2 2 2 2 2 2 
-1 -1 -1 -1 6 6 4 4 4 4 2 2 2 2 2 2 2 2 2 2 2 
-1 -1 -1 -1 7 5 5 5 5 5 3 3 3 3 3 3 3 3 3 3 3 3 3 3 3 1 
-1 -1 -1 11 7 7 5 5 5 3 3 3 3 3 3 3 3 3 3 3 3 3 3 3 3 3 1 
-1 -1 10 10 6 4 4 4 4 4 4 2 2 2 2 2 2 2 2 2 2 2 2 
-1 -1 15 9 7 7 5 5 5 5 3 3 3 3 3 3 3 3 3 3 3 3 3 3 3 3 3 3 3 1 
-1 -1 11 9 5 5 5 3 3 3 3 3 3 3 3 3 3 3 3 3 3 3 3 1 
-1 -1 12 10 8 6 6 4 4 4 4 4 4 2 2 2 2 2 2 2 2 2 2 2 2 2 2 2 
-1 -1 11 9 7 7 5 5 5 3 3 3 3 3 3 3 3 3 3 3 3 3 3 3 3 1 
-1 -1 10 6 6 4 4 4 4 2 2 2 2 2 2 2 2 2 2 2 
-1 -1 -1 -1 -1 6 4 4 4 4 4 4 2 2 2 2 2 2 2 2 2 2 2 2 
-1 -1 -1 -1 8 8 6 4 4 4 4 4 4 4 4 2 2 2 2 2 2 2 2 2 2 2 2 2 2 2 
-1 -1 -1 -1 -1 -1 -1 3 3 3 3 3 3 3 3 3 3 3 3 3 1 
-1 -1 -1 -1 -1 6 4 4 4 4 4 4 2 2 2 2 2 2 2 2 2 2 2 2 2 
-1 -1 12 8 6 6 6 4 4 4 4 4 2 2 2 2 2 2 2 2 2 2 2 2 2 2 
-1 -1 -1 -1 5 5 5 3 3 3 3 3 3 3 3 3 3 3 3 3 3 1 
-1 -1 14 10 8 6 6 4 4 4 4 4 4 2 2 2 2 2 2 2 2 2 2 2 2 2 2 2 
-1 -1 12 8 8 6 4 4 4 4 4 4 4 2 2 2 2 2 2 2 2 2 2 2 
-1 -1 8 6 6 4 4 4 4 4 2 2 2 2 2 2 2 2 2 2 2 
-1 14 10 6 6 4 4 4 4 4 2 2 2 2 2 2 2 2 2 2 2 2 
-1 -1 -1 9 7 7 5 5 5 3 3 3 3 3 3 3 3 3 3 3 3 3 3 3 3 3 1 
-1 -1 10 8 6 6 4 4 4 4 4 2 2 2 2 2 2 2 2 2 2 2 2 2 
-1 -1 12 8 6 6 6 4 4 4 4 4 2 2 2 2 2 2 2 2 2 2 2 2 2 
-1 -1 12 10 8 6 6 4 4 4 4 4 4 2 2 2 2 2 2 2 2 2 2 2 2 2 2 
-1 -1 -1 8 6 6 4 4 4 4 4 4 4 2 2 2 2 2 2 2 2 2 2 
-1 -1 10 8 6 4 4 4 4 4 2 2 2 2 2 2 2 2 2 2 2 
-1 -1 -1 -1 -1 -1 -1 5 3 3 3 3 3 3 3 3 3 3 3 3 3 3 3 1 
-1 -1 -1 11 7 7 5 5 5 5 5 5 3 3 3 3 3 3 3 3 3 3 3 3 3 3 3 3 3 1 
-1 -1 13 9 7 5 5 5 5 3 3 3 3 3 3 3 3 3 3 3 3 3 3 3 3 1 
-1 -1 12 10 8 8 6 4 4 4 4 4 4 4 2 2 2 2 2 2 2 2 2 2 2 2 2 2 2 
-1 -1 -1 9 9 5 5 5 3 3 3 3 3 3 3 3 3 3 3 3 3 3 3 3 3 1 
-1 -1 -1 8 6 4 4 4 4 4 2 2 2 2 2 2 2 2 2 2 2 
-1 -1 -1 -1 -1 -1 3 3 3 3 3 3 3 3 3 3 3 3 3 1 
-1 -1 12 10 8 6 6 4 4 4 4 4 4 4 2 2 2 2 2 2 2 2 2 2 2 2 2 2 
-1 -1 12 8 6 4 4 4 4 4 4 2 2 2 2 2 2 2 2 2 2 2 2 
-1 -1 -1 -1 6 4 4 4 4 2 2 2 2 2 2 2 2 2 2 2 
-1 -1 -1 8 6 4 4 4 4 4 4 4 4 2 2 2 2 2 2 2 2 2 2 2 
-1 -1 -1 10 6 6 6 4 4 4 4 4 4 4 2 2 2 2 2 2 2 2 2 2 2 2 2 
-1 -1 -1 6 6 6 6 4 4 4 4 2 2 2 2 2 2 2 2 2 2 2 2 
-1 -1 14 10 8 6 6 6 4 4 4 4 4 4 2 2 2 2 2 2 2 2 2 2 2 2 2 2 2 
-1 -1 -1 9 7 7 5 5 5 5 3 3 3 3 3 3 3 3 3 3 3 3 3 3 3 3 3 1 
-1 -1 12 10 8 6 6 4 4 4 4 4 4 4 2 2 2 2 2 2 2 2 2 2 2 2 2 2 2 
-1 -1 10 8 6 6 4 4 4 4 4 4 2 2 2 2 2 2 2 2 2 2 2 2 2 2 
-1 -1 10 8 6 4 4 4 4 4 4 2 2 2 2 2 2 2 2 2 2 2 
-1 -1 11 7 7 5 5 3 3 3 3 3 3 3 3 3 3 3 3 3 3 1 
-1 -1 10 8 6 6 6 4 4 4 4 2 2 2 2 2 2 2 2 2 2 2 2 2 
-1 -1 8 8 6 4 4 4 4 4 2 2 2 2 2 2 2 2 2 2 
-1 -1 -1 -1 -1 7 5 5 3 3 3 3 3 3 3 3 3 3 3 3 3 3 3 3 3 3 1 
-1 -1 -1 8 8 6 4 4 4 4 4 4 4 2 2 2 2 2 2 2 2 2 2 2 2 
-1 -1 9 7 7 5 5 5 3 3 3 3 3 3 3 3 3 3 3 3 3 1 
-1 -1 12 10 8 6 6 4 4 4 4 4 4 4 2 2 2 2 2 2 2 2 2 2 2 2 2 2 2 
-1 -1 -1 -1 6 6 6 4 4 4 2 2 2 2 2 2 2 2 2 2 2 2 
-1 -1 9 7 7 5 5 3 3 3 3 3 3 3 3 3 3 3 3 3 1 
-1 -1 -1 -1 7 7 5 5 5 3 3 3 3 3 3 3 3 3 3 3 3 3 3 3 3 3 3 1 
-1 -1 -1 8 6 4 4 4 4 4 4 4 2 2 2 2 2 2 2 2 2 
-1 -1 9 9 7 5 3 3 3 3 3 3 3 3 3 3 3 3 3 3 1 
-1 -1 -1 8 6 6 6 4 4 4 4 4 2 2 2 2 2 2 2 2 2 2 2 2 2 
-1 -1 12 10 8 6 6 4 4 4 4 4 4 4 2 2 2 2 2 2 2 2 2 2 2 2 2 2 
-1 -1 11 9 7 5 5 5 3 3 3 3 3 3 3 3 3 3 3 3 3 3 3 1 
-1 -1 -1 9 7 7 5 5 5 5 3 3 3 3 3 3 3 3 3 3 3 3 3 3 3 3 3 3 1 
-1 -1 8 8 8 4 4 4 4 4 4 2 2 2 2 2 2 2 2 2 2 2 
-1 -1 13 7 7 5 5 5 3 3 3 3 3 3 3 3 3 3 3 3 3 3 3 3 3 1 
-1 -1 -1 -1 -1 -1 -1 4 4 4 2 2 2 2 2 2 2 2 2 2 2 
-1 -1 -1 8 8 6 4 4 4 4 4 2 2 2 2 2 2 2 2 2 2 2 2 
-1 -1 10 10 6 6 4 4 4 4 2 2 2 2 2 2 2 2 2 2 2 2 
-1 -1 10 8 6 6 4 4 4 4 4 2 2 2 2 2 2 2 2 2 2 2 2 2 
-1 -1 -1 7 7 7 5 5 5 5 3 3 3 3 3 3 3 3 3 3 3 3 3 3 3 3 3 1 
-1 -1 11 9 7 5 5 5 5 3 3 3 3 3 3 3 3 3 3 3 3 3 3 3 1 
-1 -1 10 8 6 6 4 4 4 4 4 4 4 2 2 2 2 2 2 2 2 2 2 2 2 
-1 -1 -1 11 7 7 5 5 5 5 3 3 3 3 3 3 3 3 3 3 3 3 3 3 3 3 3 3 3 1 
-1 -1 -1 -1 7 5 5 5 5 5 5 5 3 3 3 3 3 3 3 3 3 3 3 3 3 3 3 1 
-1 -1 -1 9 7 7 5 5 5 3 3 3 3 3 3 3 3 3 3 3 3 3 3 3 3 3 3 3 1 
-1 -1 16 10 8 6 6 6 4 4 4 4 4 4 2 2 2 2 2 2 2 2 2 2 2 2 2 2 2 
-1 -1 -1 11 7 7 5 5 5 5 3 3 3 3 3 3 3 3 3 3 3 3 3 3 3 3 3 3 3 1 
-1 -1 -1 9 5 5 5 5 3 3 3 3 3 3 3 3 3 3 3 3 3 3 3 1 
-1 -1 -1 9 7 7 5 5 3 3 3 3 3 3 3 3 3 3 3 3 3 3 3 3 3 3 1 
-1 -1 -1 8 6 6 4 4 4 4 4 4 2 2 2 2 2 2 2 2 2 2 2 2 2 
-1 -1 -1 -1 5 5 5 5 5 5 3 3 3 3 3 3 3 3 3 3 3 1 
-1 -1 10 10 8 4 4 4 4 4 4 4 2 2 2 2 2 2 2 2 2 2 2 2 
-1 -1 9 7 7 5 5 3 3 3 3 3 3 3 3 3 3 3 3 3 3 1 
-1 -1 -1 7 7 5 3 3 3 3 3 3 3 3 3 3 3 3 3 1 
-1 -1 15 11 7 5 5 5 5 5 3 3 3 3 3 3 3 3 3 3 3 3 3 3 3 3 3 3 3 1 
-1 -1 8 8 6 4 4 4 4 4 2 2 2 2 2 2 2 2 2 2 
-1 -1 -1 9 7 5 5 5 5 3 3 3 3 3 3 3 3 3 3 3 3 3 3 3 3 3 3 1 
-1 -1 -1 -1 -1 6 6 6 6 4 4 4 4 4 4 2 2 2 2 2 2 2 2 2 2 2 2 2 2 2 
-1 -1 -1 7 7 5 5 5 5 3 3 3 3 3 3 3 3 3 3 3 3 3 3 3 1 
-1 -1 -1 -1 6 6 6 4 4 4 4 4 4 4 2 2 2 2 2 2 2 2 2 2 2 2 2 2 2 
-1 -1 -1 -1 -1 7 5 5 5 5 3 3 3 3 3 3 3 3 3 3 3 3 3 3 3 3 3 3 3 1 
-1 -1 -1 8 6 4 4 4 4 4 4 4 2 2 2 2 2 2 2 2 2 2 
-1 -1 -1 10 6 6 6 6 4 4 4 4 4 4 2 2 2 2 2 2 2 2 2 2 2 2 2 2 2 2 
-1 -1 -1 -1 -1 -1 5 3 3 3 3 3 3 3 3 3 3 3 3 3 3 3 3 1 
-1 -1 -1 -1 6 4 4 4 4 4 4 2 2 2 2 2 2 2 2 2 2 
-1 -1 -1 8 6 4 4 4 4 4 4 2 2 2 2 2 2 2 2 2 2 2 
-1 -1 -1 10 8 6 6 4 4 4 4 4 4 4 4 4 4 2 2 2 2 2 2 2 2 2 2 2 
-1 -1 -1 -1 4 4 4 4 4 4 2 2 2 2 2 2 2 2 2 2 
-1 -1 9 7 7 5 5 3 3 3 3 3 3 3 3 3 3 3 3 3 1 
-1 -1 10 8 6 6 4 4 4 4 4 2 2 2 2 2 2 2 2 2 2 2 2 
-1 -1 10 8 6 6 4 4 4 4 4 2 2 2 2 2 2 2 2 2 2 2 
-1 -1 13 9 7 7 5 5 5 5 3 3 3 3 3 3 3 3 3 3 3 3 3 3 3 3 1 
-1 -1 -1 -1 -1 -1 -1 5 5 3 3 3 3 3 3 3 3 3 3 3 3 3 3 3 3 1 
-1 -1 9 7 7 5 5 3 3 3 3 3 3 3 3 3 3 3 3 3 3 3 1 
-1 -1 11 7 7 5 5 3 3 3 3 3 3 3 3 3 3 3 3 3 3 1 
-1 -1 -1 8 6 6 4 4 4 4 4 4 4 2 2 2 2 2 2 2 2 2 2 2 2 2 
-1 -1 -1 7 7 5 5 5 3 3 3 3 3 3 3 3 3 3 3 3 3 3 3 1 
-1 -1 -1 9 5 5 5 3 3 3 3 3 3 3 3 3 3 3 3 3 3 1 
-1 -1 9 7 5 5 3 3 3 3 3 3 3 3 3 3 3 3 3 1 
-1 -1 -1 7 7 7 5 5 5 3 3 3 3 3 3 3 3 3 3 3 3 3 3 3 3 3 1 
-1 -1 10 10 8 6 6 4 4 4 4 4 4 2 2 2 2 2 2 2 2 2 2 2 2 2 2 2 
-1 -1 11 9 5 5 5 5 3 3 3 3 3 3 3 3 3 3 3 3 3 3 1 
-1 -1 15 11 9 7 5 5 5 5 3 3 3 3 3 3 3 3 3 3 3 3 3 3 3 3 3 3 3 1 
-1 -1 -1 9 7 5 5 5 3 3 3 3 3 3 3 3 3 3 3 3 3 3 3 3 3 1 
-1 -1 10 8 8 6 4 4 4 4 4 4 2 2 2 2 2 2 2 2 2 2 2 2 2 
-1 -1 -1 8 6 6 6 4 4 4 4 4 2 2 2 2 2 2 2 2 2 2 2 2 2 2 
-1 -1 -1 11 9 7 5 5 5 5 3 3 3 3 3 3 3 3 3 3 3 3 3 3 3 3 3 3 3 1 
-1 -1 -1 -1 -1 -1 5 5 5 5 3 3 3 3 3 3 3 3 3 3 3 3 3 3 3 3 3 3 3 1 
-1 -1 12 10 8 6 4 4 4 4 4 4 4 2 2 2 2 2 2 2 2 2 2 2 2 2 2 
-1 -1 11 9 7 7 5 5 5 3 3 3 3 3 3 3 3 3 3 3 3 3 3 3 3 3 3 1 
-1 -1 -1 7 5 5 5 5 3 3 3 3 3 3 3 3 3 3 3 1 
-1 -1 12 8 8 6 6 4 4 4 4 4 4 4 2 2 2 2 2 2 2 2 2 2 2 2 2 
-1 -1 -1 7 7 7 5 3 3 3 3 3 3 3 3 3 3 3 3 3 3 3 1 
-1 -1 -1 -1 8 8 6 6 4 4 4 4 4 4 4 2 2 2 2 2 2 2 2 2 2 2 2 2 2 2 
-1 -1 -1 -1 -1 6 4 4 4 4 4 4 2 2 2 2 2 2 2 2 2 2 2 2 2 2 
-1 -1 11 7 5 5 5 3 3 3 3 3 3 3 3 3 3 3 3 3 1 
-1 -1 10 10 6 6 4 4 4 4 4 4 4 2 2 2 2 2 2 2 2 2 2 2 2 2 
-1 -1 -1 -1 -1 -1 -1 5 5 3 3 3 3 3 3 3 3 3 3 3 3 3 3 1 
-1 -1 -1 6 6 6 4 4 4 4 2 2 2 2 2 2 2 2 2 2 2 
-1 -1 8 6 6 4 4 4 4 2 2 2 2 2 2 2 2 2 2 2 
-1 -1 -1 7 5 5 5 3 3 3 3 3 3 3 3 3 3 3 3 3 3 1 
-1 -1 13 9 7 5 5 5 5 3 3 3 3 3 3 3 3 3 3 3 3 3 3 3 3 1 
-1 -1 11 9 7 7 5 5 3 3 3 3 3 3 3 3 3 3 3 3 3 3 3 3 3 3 1 
-1 -1 -1 -1 -1 5 5 5 5 5 3 3 3 3 3 3 3 3 3 3 3 3 3 3 3 3 1 
-1 -1 -1 7 7 5 5 5 3 3 3 3 3 3 3 3 3 3 3 3 3 3 3 3 1 
-1 -1 -1 8 8 6 4 4 4 4 4 4 4 2 2 2 2 2 2 2 2 2 2 2 2 2 2 
-1 -1 -1 9 7 7 5 5 5 3 3 3 3 3 3 3 3 3 3 3 3 3 3 3 3 1 
-1 -1 13 9 9 7 5 5 5 5 3 3 3 3 3 3 3 3 3 3 3 3 3 3 3 3 3 3 3 1 
-1 14 10 8 6 4 4 4 4 4 2 2 2 2 2 2 2 2 2 2 
-1 -1 -1 7 5 5 5 3 3 3 3 3 3 3 3 3 3 3 3 1 
-1 -1 -1 -1 5 5 5 3 3 3 3 3 3 3 3 3 3 3 3 3 3 3 1 
-1 20 14 10 8 6 6 4 4 4 4 4 4 4 2 2 2 2 2 2 2 2 2 2 2 2 2 2 2 
-1 -1 -1 -1 -1 -1 -1 -1 -1 3 3 3 3 3 3 3 3 3 3 1 
-1 -1 -1 7 7 5 5 3 3 3 3 3 3 3 3 3 3 3 3 3 1 
-1 -1 12 8 8 6 6 4 4 4 4 4 2 2 2 2 2 2 2 2 2 2 2 2 2 2 
-1 -1 -1 7 7 5 5 5 3 3 3 3 3 3 3 3 3 3 3 3 3 3 3 1 
-1 -1 11 9 7 5 5 5 5 3 3 3 3 3 3 3 3 3 3 3 3 3 3 3 3 1 
-1 -1 11 9 5 5 5 3 3 3 3 3 3 3 3 3 3 3 3 3 3 3 1 
-1 -1 -1 10 6 6 4 4 4 4 4 4 2 2 2 2 2 2 2 2 2 2 2 2 2 2 
-1 -1 -1 9 7 7 5 5 5 5 3 3 3 3 3 3 3 3 3 3 3 3 3 3 3 3 3 3 3 1 
-1 -1 10 8 6 4 4 4 4 4 4 2 2 2 2 2 2 2 2 2 2 
-1 -1 9 7 5 5 5 3 3 3 3 3 3 3 3 3 3 3 3 3 3 1 
-1 -1 -1 -1 -1 -1 6 6 4 4 4 4 4 4 2 2 2 2 2 2 2 2 2 2 2 2 2 2 2 2 
-1 18 10 8 6 6 4 4 4 4 4 2 2 2 2 2 2 2 2 2 2 2 2 2 
-1 -1 -1 14 8 6 6 6 4 4 4 4 4 4 2 2 2 2 2 2 2 2 2 2 2 2 2 2 2 2 
-1 -1 -1 6 6 6 4 4 4 4 2 2 2 2 2 2 2 2 2 2 
-1 -1 -1 7 5 5 3 3 3 3 3 3 3 3 3 3 3 3 3 3 1 
-1 -1 15 9 7 7 5 5 5 5 5 3 3 3 3 3 3 3 3 3 3 3 3 3 3 3 3 3 3 1 
-1 -1 -1 8 6 6 6 6 4 4 4 4 2 2 2 2 2 2 2 2 2 2 2 2 2 
-1 -1 13 11 7 7 7 5 5 5 3 3 3 3 3 3 3 3 3 3 3 3 3 3 3 3 3 3 3 1 
-1 -1 -1 -1 -1 5 5 3 3 3 3 3 3 3 3 3 3 3 3 3 3 1 
-1 15 9 7 5 5 3 3 3 3 3 3 3 3 3 3 3 3 3 3 1 
-1 -1 -1 -1 8 6 6 6 4 4 4 4 4 4 2 2 2 2 2 2 2 2 2 2 2 2 2 2 2 2 
-1 -1 -1 10 6 6 6 4 4 4 4 4 2 2 2 2 2 2 2 2 2 2 2 2 2 
-1 -1 -1 -1 -1 6 4 4 4 4 4 4 2 2 2 2 2 2 2 2 2 2 2 2 
-1 -1 -1 -1 -1 5 5 5 3 3 3 3 3 3 3 3 3 3 3 3 3 3 3 1 
-1 -1 -1 8 6 6 4 4 4 4 4 2 2 2 2 2 2 2 2 2 2 2 2 
-1 -1 10 8 6 6 4 4 4 4 2 2 2 2 2 2 2 2 2 2 2 2 
-1 -1 13 11 9 7 5 5 5 5 3 3 3 3 3 3 3 3 3 3 3 3 3 3 3 3 3 3 3 1 
-1 -1 -1 7 7 5 5 5 3 3 3 3 3 3 3 3 3 3 3 3 1 
-1 -1 11 9 7 5 5 3 3 3 3 3 3 3 3 3 3 3 3 3 3 3 3 1 
-1 -1 10 10 8 8 6 4 4 4 4 4 4 4 2 2 2 2 2 2 2 2 2 2 2 2 2 2 2 2 
-1 18 14 10 8 6 6 4 4 4 4 4 4 4 4 2 2 2 2 2 2 2 2 2 2 2 2 2 2 
-1 -1 -1 9 7 5 5 5 3 3 3 3 3 3 3 3 3 3 3 3 3 3 3 3 3 1 
-1 -1 -1 -1 -1 5 5 5 5 3 3 3 3 3 3 3 3 3 3 3 3 3 3 3 3 1 
-1 -1 -1 11 7 5 5 5 5 5 3 3 3 3 3 3 3 3 3 3 3 3 3 3 3 3 3 3 1 
-1 -1 -1 7 7 5 5 5 3 3 3 3 3 3 3 3 3 3 3 3 3 3 3 3 1 
-1 -1 12 8 8 6 6 4 4 4 4 4 4 2 2 2 2 2 2 2 2 2 2 2 2 2 2 
-1 -1 9 9 5 5 3 3 3 3 3 3 3 3 3 3 3 3 3 3 1 
-1 -1 12 8 8 8 6 4 4 4 4 4 4 4 4 4 2 2 2 2 2 2 2 2 2 2 2 2 2 
-1 -1 -1 8 8 4 4 4 4 4 4 4 2 2 2 2 2 2 2 2 2 2 2 2 
-1 -1 -1 9 7 7 5 5 5 5 3 3 3 3 3 3 3 3 3 3 3 3 3 3 3 3 3 3 1 
-1 -1 -1 -1 7 5 5 5 5 3 3 3 3 3 3 3 3 3 3 3 3 3 3 3 3 1 
-1 -1 11 9 9 7 5 5 5 3 3 3 3 3 3 3 3 3 3 3 3 3 3 3 3 3 3 3 1 
-1 -1 -1 7 7 5 5 5 3 3 3 3 3 3 3 3 3 3 3 3 3 3 3 1 
-1 -1 -1 -1 7 7 5 5 5 5 5 3 3 3 3 3 3 3 3 3 3 3 3 3 3 3 3 3 1 
-1 -1 12 10 8 6 6 4 4 4 4 4 4 4 2 2 2 2 2 2 2 2 2 2 2 2 2 2 2 
-1 -1 -1 6 6 4 4 4 4 4 4 2 2 2 2 2 2 2 2 2 2 
-1 -1 -1 8 8 8 6 6 4 4 4 4 4 4 2 2 2 2 2 2 2 2 2 2 2 2 2 2 2 
-1 -1 9 9 5 5 5 3 3 3 3 3 3 3 3 3 3 3 3 3 1 
-1 14 12 10 6 6 4 4 4 4 4 4 2 2 2 2 2 2 2 2 2 2 2 2 2 
-1 -1 -1 7 7 7 5 5 3 3 3 3 3 3 3 3 3 3 3 3 3 3 3 3 3 3 1 
-1 -1 13 9 9 5 5 5 5 3 3 3 3 3 3 3 3 3 3 3 3 3 3 3 3 3 3 3 1 
-1 -1 -1 8 6 6 6 4 4 4 4 4 2 2 2 2 2 2 2 2 2 2 2 2 2 
-1 -1 -1 -1 8 6 6 6 4 4 4 4 4 4 4 2 2 2 2 2 2 2 2 2 2 2 2 2 2 2 
-1 -1 -1 -1 -1 6 6 4 4 4 4 4 2 2 2 2 2 2 2 2 2 2 2 2 2 2 
-1 -1 -1 10 8 8 6 6 4 4 4 4 4 4 2 2 2 2 2 2 2 2 2 2 2 2 2 2 2 
-1 -1 -1 -1 6 6 6 4 4 4 2 2 2 2 2 2 2 2 2 2 2 2 
-1 -1 -1 8 8 8 8 6 4 4 4 4 4 4 4 4 2 2 2 2 2 2 2 2 2 2 2 2 
-1 -1 15 9 7 7 5 5 5 5 3 3 3 3 3 3 3 3 3 3 3 3 3 3 3 3 3 3 3 1 
-1 -1 12 8 8 6 4 4 4 4 4 4 4 2 2 2 2 2 2 2 2 2 2 2 2 2 
-1 -1 -1 8 6 6 6 4 4 4 4 4 4 2 2 2 2 2 2 2 2 2 2 2 2 
-1 -1 -1 8 8 6 4 4 4 4 4 4 4 4 4 2 2 2 2 2 2 2 2 2 2 2 
-1 -1 9 7 5 5 5 3 3 3 3 3 3 3 3 3 3 3 3 3 3 1 
-1 -1 12 8 6 6 4 4 4 4 4 4 4 4 2 2 2 2 2 2 2 2 2 2 
-1 -1 13 9 7 5 5 5 3 3 3 3 3 3 3 3 3 3 3 3 3 3 3 3 3 3 1 
-1 14 14 8 8 6 6 4 4 4 4 4 2 2 2 2 2 2 2 2 2 2 2 2 2 2 
-1 -1 -1 11 7 5 5 5 5 3 3 3 3 3 3 3 3 3 3 3 3 3 3 3 3 3 3 3 1 
-1 -1 -1 6 6 6 4 4 4 2 2 2 2 2 2 2 2 2 2 2 
-1 -1 -1 10 6 6 6 4 4 4 4 4 2 2 2 2 2 2 2 2 2 2 2 2 2 
-1 -1 12 10 8 6 6 4 4 4 4 4 4 4 4 2 2 2 2 2 2 2 2 2 2 2 2 2 2 2 
-1 -1 -1 9 7 5 5 5 5 3 3 3 3 3 3 3 3 3 3 3 3 3 3 3 3 3 3 1 
-1 -1 13 9 7 5 5 5 3 3 3 3 3 3 3 3 3 3 3 3 3 3 3 3 1 
-1 -1 -1 8 8 6 6 6 4 4 4 4 2 2 2 2 2 2 2 2 2 2 2 2 2 2 
-1 -1 -1 8 6 6 4 4 4 4 4 2 2 2 2 2 2 2 2 2 2 2 2 
-1 -1 -1 9 7 7 5 5 5 5 3 3 3 3 3 3 3 3 3 3 3 3 3 3 3 3 3 3 3 1 
-1 -1 -1 9 9 7 5 5 5 3 3 3 3 3 3 3 3 3 3 3 3 3 3 3 3 3 3 3 1 
-1 -1 10 8 6 4 4 4 4 4 2 2 2 2 2 2 2 2 2 2 2 
-1 -1 -1 9 7 5 5 5 3 3 3 3 3 3 3 3 3 3 3 3 3 3 3 3 3 1 
-1 -1 -1 -1 6 4 4 4 4 2 2 2 2 2 2 2 2 2 2 2 
-1 -1 -1 9 7 7 5 5 3 3 3 3 3 3 3 3 3 3 3 3 3 3 3 3 3 1 
-1 -1 -1 6 6 4 4 4 4 4 2 2 2 2 2 2 2 2 2 2 2 
-1 -1 13 9 7 7 5 5 5 5 3 3 3 3 3 3 3 3 3 3 3 3 3 3 3 3 3 3 3 1 
-1 -1 10 8 6 6 4 4 4 4 4 4 2 2 2 2 2 2 2 2 2 2 2 2 
-1 -1 -1 8 6 6 4 4 4 4 4 2 2 2 2 2 2 2 2 2 2 2 2 2 
-1 -1 -1 11 7 7 5 5 5 5 3 3 3 3 3 3 3 3 3 3 3 3 3 3 3 3 3 3 1 
-1 -1 11 9 9 5 5 5 5 5 3 3 3 3 3 3 3 3 3 3 3 3 3 3 3 3 1 
-1 -1 -1 9 9 7 5 5 5 3 3 3 3 3 3 3 3 3 3 3 3 3 3 3 3 1 
-1 -1 12 10 8 6 6 4 4 4 4 4 4 2 2 2 2 2 2 2 2 2 2 2 2 2 2 2 
-1 -1 -1 10 8 6 4 4 4 4 4 4 4 4 4 4 2 2 2 2 2 2 2 2 2 2 2 
-1 -1 -1 -1 -1 -1 6 6 4 4 4 4 4 4 2 2 2 2 2 2 2 2 2 2 2 2 2 2 
-1 -1 12 10 8 6 4 4 4 4 4 4 4 2 2 2 2 2 2 2 2 2 2 2 2 2 
-1 -1 12 10 6 6 4 4 4 4 4 4 4 4 2 2 2 2 2 2 2 2 2 2 2 2 2 2 
-1 -1 -1 10 6 6 4 4 4 4 4 4 4 2 2 2 2 2 2 2 2 2 2 2 2 2 
-1 -1 -1 7 5 5 5 5 5 3 3 3 3 3 3 3 3 3 3 3 3 3 1 
-1 -1 11 9 7 7 5 5 5 5 3 3 3 3 3 3 3 3 3 3 3 3 3 3 3 3 3 1 
-1 -1 9 7 5 5 3 3 3 3 3 3 3 3 3 3 3 3 3 3 1 
-1 -1 15 11 7 7 5 5 5 5 3 3 3 3 3 3 3 3 3 3 3 3 3 3 3 3 3 3 3 1 
-1 -1 -1 7 5 5 5 3 3 3 3 3 3 3 3 3 3 3 3 1 
-1 -1 12 8 6 6 4 4 4 4 4 2 2 2 2 2 2 2 2 2 2 2 2 
-1 -1 -1 9 9 7 5 5 3 3 3 3 3 3 3 3 3 3 3 3 3 3 3 3 3 3 1 
-1 -1 -1 -1 7 7 5 5 5 5 3 3 3 3 3 3 3 3 3 3 3 3 3 3 3 3 3 3 1 
-1 -1 -1 7 7 5 5 3 3 3 3 3 3 3 3 3 3 3 3 3 3 3 1 
-1 -1 -1 -1 6 4 4 4 4 2 2 2 2 2 2 2 2 2 2 2 
-1 -1 -1 10 8 6 4 4 4 4 4 4 4 4 2 2 2 2 2 2 2 2 2 2 2 2 2 
-1 17 13 9 7 5 5 5 5 3 3 3 3 3 3 3 3 3 3 3 3 3 3 3 3 3 1 
-1 -1 -1 -1 6 4 4 4 4 4 4 2 2 2 2 2 2 2 2 2 2 2 2 
-1 -1 -1 -1 -1 6 4 4 4 4 4 4 2 2 2 2 2 2 2 2 2 2 2 2 2 
-1 -1 7 7 7 5 3 3 3 3 3 3 3 3 3 3 3 3 3 3 1 
-1 -1 -1 7 5 5 5 5 3 3 3 3 3 3 3 3 3 3 3 3 1 
-1 -1 9 7 7 5 5 3 3 3 3 3 3 3 3 3 3 3 3 3 1 
-1 15 11 7 5 5 5 3 3 3 3 3 3 3 3 3 3 3 3 3 1 
-1 -1 9 7 5 5 3 3 3 3 3 3 3 3 3 3 3 3 3 1 
-1 -1 13 11 7 7 5 5 5 3 3 3 3 3 3 3 3 3 3 3 3 3 3 3 3 3 3 1 
-1 -1 9 9 7 5 5 3 3 3 3 3 3 3 3 3 3 3 3 3 3 1 
-1 -1 -1 -1 7 5 5 3 3 3 3 3 3 3 3 3 3 3 3 3 3 1 
-1 -1 11 11 7 7 7 5 5 5 3 3 3 3 3 3 3 3 3 3 3 3 3 3 3 3 3 3 3 1 
-1 -1 12 8 8 8 4 4 4 4 4 4 4 4 2 2 2 2 2 2 2 2 2 2 2 2 2 
-1 -1 -1 9 7 7 5 5 5 5 3 3 3 3 3 3 3 3 3 3 3 3 3 3 3 3 3 3 1 
-1 -1 8 8 6 6 4 4 4 2 2 2 2 2 2 2 2 2 2 2 
-1 -1 11 9 7 7 5 5 3 3 3 3 3 3 3 3 3 3 3 3 3 3 3 3 3 1 
-1 -1 -1 -1 -1 4 4 4 4 4 2 2 2 2 2 2 2 2 2 2 
-1 13 11 7 7 5 5 5 3 3 3 3 3 3 3 3 3 3 3 3 3 3 1 
-1 -1 -1 -1 -1 -1 4 4 4 4 4 4 4 4 2 2 2 2 2 2 2 2 2 2 2 2 2 2 
-1 -1 11 9 7 5 5 3 3 3 3 3 3 3 3 3 3 3 3 3 3 1 
-1 -1 -1 -1 6 6 4 4 4 4 4 4 2 2 2 2 2 2 2 2 2 2 2 2 
-1 -1 -1 -1 -1 -1 5 5 3 3 3 3 3 3 3 3 3 3 3 3 3 3 3 3 3 3 1 
-1 -1 -1 11 7 7 5 5 5 5 3 3 3 3 3 3 3 3 3 3 3 3 3 3 3 3 3 3 3 1 
-1 -1 12 8 6 6 4 4 4 4 4 4 2 2 2 2 2 2 2 2 2 2 2 2 
-1 -1 -1 -1 -1 -1 5 5 3 3 3 3 3 3 3 3 3 3 3 3 3 3 3 3 3 3 1 
-1 -1 13 11 7 7 5 5 5 5 3 3 3 3 3 3 3 3 3 3 3 3 3 3 3 3 3 3 1 
-1 -1 10 8 6 6 6 4 4 4 4 2 2 2 2 2 2 2 2 2 2 2 2 
-1 -1 -1 10 8 6 6 4 4 4 4 4 4 4 2 2 2 2 2 2 2 2 2 2 2 2 2 2 2 
-1 -1 12 10 6 6 4 4 4 4 4 4 4 2 2 2 2 2 2 2 2 2 2 2 2 2 2 
-1 -1 15 9 7 5 5 5 5 5 3 3 3 3 3 3 3 3 3 3 3 3 3 3 3 3 3 3 3 1 
-1 -1 -1 8 8 6 6 6 4 4 4 4 4 4 4 2 2 2 2 2 2 2 2 2 2 2 2 2 2 2 
-1 -1 -1 -1 7 5 5 5 3 3 3 3 3 3 3 3 3 3 3 3 3 3 3 1 
-1 -1 -1 -1 5 5 5 5 3 3 3 3 3 3 3 3 3 3 3 1 
-1 -1 -1 -1 8 6 6 6 6 4 4 4 4 2 2 2 2 2 2 2 2 2 2 2 2 2 2 
-1 -1 -1 6 6 4 4 4 4 2 2 2 2 2 2 2 2 2 2 2 
-1 -1 -1 -1 -1 7 5 5 5 3 3 3 3 3 3 3 3 3 3 3 3 3 3 3 3 3 3 1 
-1 -1 11 9 7 7 5 5 5 3 3 3 3 3 3 3 3 3 3 3 3 3 3 3 3 3 3 1 
-1 -1 13 11 7 7 5 5 5 5 3 3 3 3 3 3 3 3 3 3 3 3 3 3 3 3 3 3 3 1 
-1 -1 12 10 6 6 6 6 4 4 4 4 2 2 2 2 2 2 2 2 2 2 2 2 2 2 
-1 -1 -1 -1 -1 -1 5 5 5 3 3 3 3 3 3 3 3 3 3 3 3 3 3 3 3 3 3 3 1 
-1 -1 11 7 5 5 5 5 3 3 3 3 3 3 3 3 3 3 3 3 3 3 3 1 
-1 -1 -1 8 6 6 4 4 4 4 4 2 2 2 2 2 2 2 2 2 2 2 2 
-1 -1 13 11 7 7 5 5 5 3 3 3 3 3 3 3 3 3 3 3 3 3 3 3 3 3 3 1 
-1 -1 -1 -1 6 6 6 4 4 4 4 4 4 4 2 2 2 2 2 2 2 2 2 2 2 2 2 2 2 
-1 -1 -1 9 7 7 5 5 5 5 3 3 3 3 3 3 3 3 3 3 3 3 3 3 3 3 3 3 1 
-1 -1 -1 -1 9 5 5 5 5 5 5 5 3 3 3 3 3 3 3 3 3 3 3 3 3 3 3 3 1 
-1 -1 11 9 7 5 5 5 5 3 3 3 3 3 3 3 3 3 3 3 3 3 3 3 3 3 1 
-1 -1 -1 8 6 6 4 4 4 4 4 2 2 2 2 2 2 2 2 2 2 2 2 
-1 -1 -1 -1 -1 4 4 4 4 4 4 4 2 2 2 2 2 2 2 2 2 2 2 
-1 -1 -1 10 6 6 4 4 4 4 4 4 4 2 2 2 2 2 2 2 2 2 2 2 2 2 
-1 -1 11 9 7 5 5 5 3 3 3 3 3 3 3 3 3 3 3 3 3 3 3 3 1 
-1 -1 -1 -1 6 4 4 4 4 4 4 2 2 2 2 2 2 2 2 2 2 2 
-1 -1 9 7 5 5 3 3 3 3 3 3 3 3 3 3 3 3 3 1 
-1 -1 11 11 7 7 5 5 5 5 3 3 3 3 3 3 3 3 3 3 3 3 3 3 3 3 3 3 3 1 
-1 13 11 9 7 5 5 5 3 3 3 3 3 3 3 3 3 3 3 3 3 3 1 
-1 -1 -1 -1 6 4 4 4 4 4 2 2 2 2 2 2 2 2 2 2 2 
-1 -1 -1 -1 -1 -1 -1 3 3 3 3 3 3 3 3 3 3 3 3 3 3 3 3 1 
-1 -1 -1 -1 -1 -1 5 5 5 3 3 3 3 3 3 3 3 3 3 3 3 3 3 3 1 
-1 -1 -1 -1 7 5 5 5 3 3 3 3 3 3 3 3 3 3 3 3 3 3 1 
-1 -1 -1 6 6 6 4 4 4 4 2 2 2 2 2 2 2 2 2 2 2 
-1 -1 -1 -1 -1 4 4 4 4 4 2 2 2 2 2 2 2 2 2 2 2 
-1 -1 -1 8 6 6 4 4 4 4 2 2 2 2 2 2 2 2 2 2 2 2 
-1 -1 13 9 7 7 5 5 5 3 3 3 3 3 3 3 3 3 3 3 3 3 3 3 3 3 3 1 
-1 -1 12 10 8 6 6 4 4 4 4 4 4 4 4 2 2 2 2 2 2 2 2 2 2 2 2 2 2 
-1 18 10 8 6 4 4 4 4 4 4 2 2 2 2 2 2 2 2 2 2 2 
-1 -1 -1 -1 -1 -1 -1 5 5 5 3 3 3 3 3 3 3 3 3 3 3 3 3 3 3 3 3 3 1 
-1 -1 -1 8 6 6 4 4 4 4 4 4 2 2 2 2 2 2 2 2 2 2 2 2 2 2 
-1 -1 8 8 6 4 4 4 4 4 2 2 2 2 2 2 2 2 2 2 
-1 17 11 7 7 5 5 3 3 3 3 3 3 3 3 3 3 3 3 3 3 1 
-1 -1 -1 9 9 7 5 5 5 3 3 3 3 3 3 3 3 3 3 3 3 3 3 3 3 3 3 1 
-1 -1 -1 6 6 6 6 4 4 4 4 2 2 2 2 2 2 2 2 2 2 2 2 
-1 -1 -1 7 7 7 5 5 5 3 3 3 3 3 3 3 3 3 3 3 3 3 1 
-1 -1 -1 9 7 5 5 3 3 3 3 3 3 3 3 3 3 3 3 3 3 3 1 
-1 -1 8 6 6 4 4 4 4 4 2 2 2 2 2 2 2 2 2 2 
-1 -1 -1 9 7 7 5 5 3 3 3 3 3 3 3 3 3 3 3 3 3 3 3 3 1 
-1 -1 13 11 7 5 5 5 5 5 3 3 3 3 3 3 3 3 3 3 3 3 3 3 3 3 3 1 
-1 -1 -1 8 8 4 4 4 4 4 4 4 4 4 2 2 2 2 2 2 2 2 2 2 
-1 -1 14 10 8 8 6 6 4 4 4 4 4 4 2 2 2 2 2 2 2 2 2 2 2 2 2 2 2 2 
-1 -1 10 8 6 4 4 4 4 4 2 2 2 2 2 2 2 2 2 2 2 
-1 -1 12 8 8 6 4 4 4 4 4 4 2 2 2 2 2 2 2 2 2 2 2 2 2 
-1 -1 12 12 8 6 6 4 4 4 4 4 4 4 2 2 2 2 2 2 2 2 2 2 2 2 2 2 2 2 
-1 -1 -1 7 5 5 5 5 3 3 3 3 3 3 3 3 3 3 3 3 1 
-1 -1 10 8 8 6 4 4 4 4 4 4 4 2 2 2 2 2 2 2 2 2 2 2 2 2 
-1 16 10 8 6 4 4 4 4 4 2 2 2 2 2 2 2 2 2 2 2 2 
-1 -1 -1 10 8 6 6 6 4 4 4 4 2 2 2 2 2 2 2 2 2 2 2 2 2 2 
-1 -1 9 9 7 5 3 3 3 3 3 3 3 3 3 3 3 3 3 1 
-1 17 11 9 7 5 5 5 5 3 3 3 3 3 3 3 3 3 3 3 3 3 3 3 3 1 
-1 -1 9 7 5 5 5 3 3 3 3 3 3 3 3 3 3 3 3 3 1 
-1 -1 -1 7 5 5 5 5 3 3 3 3 3 3 3 3 3 3 3 3 3 3 1 
-1 -1 -1 -1 9 7 7 5 5 5 3 3 3 3 3 3 3 3 3 3 3 3 3 3 3 3 3 3 3 1 
-1 -1 -1 10 8 6 4 4 4 4 4 4 4 4 4 2 2 2 2 2 2 2 2 2 2 2 2 2 
-1 -1 13 11 9 5 5 5 5 3 3 3 3 3 3 3 3 3 3 3 3 3 3 3 3 3 3 3 1 
-1 -1 16 8 8 8 6 6 4 4 4 4 4 4 2 2 2 2 2 2 2 2 2 2 2 2 2 2 2 2 
-1 -1 -1 8 8 6 4 4 4 4 4 4 2 2 2 2 2 2 2 2 2 2 2 2 
-1 13 11 7 5 5 5 3 3 3 3 3 3 3 3 3 3 3 3 1 
-1 -1 9 7 5 5 3 3 3 3 3 3 3 3 3 3 3 3 3 3 1 
-1 -1 11 11 7 7 5 5 5 3 3 3 3 3 3 3 3 3 3 3 3 3 3 3 3 3 3 1 
-1 -1 -1 8 6 6 6 4 4 4 4 4 4 4 2 2 2 2 2 2 2 2 2 2 2 2 2 
-1 -1 -1 10 8 6 6 4 4 4 4 4 4 4 2 2 2 2 2 2 2 2 2 2 2 2 2 2 2 
-1 -1 -1 9 9 7 5 5 5 3 3 3 3 3 3 3 3 3 3 3 3 3 3 3 3 3 3 3 1 
-1 -1 10 6 6 4 4 4 4 2 2 2 2 2 2 2 2 2 2 2 
-1 -1 -1 6 6 6 4 4 4 4 2 2 2 2 2 2 2 2 2 2 
-1 -1 12 10 8 6 4 4 4 4 4 4 4 4 2 2 2 2 2 2 2 2 2 2 2 2 
-1 -1 -1 -1 5 5 5 5 5 5 3 3 3 3 3 3 3 3 3 3 3 3 3 3 1 
-1 -1 12 10 8 6 6 6 4 4 4 4 4 4 4 2 2 2 2 2 2 2 2 2 2 2 2 2 2 
-1 -1 -1 8 6 4 4 4 4 4 4 4 2 2 2 2 2 2 2 2 2 2 2 2 
-1 -1 11 7 5 5 5 3 3 3 3 3 3 3 3 3 3 3 3 3 1 
-1 -1 -1 -1 -1 -1 4 4 4 4 4 4 2 2 2 2 2 2 2 2 2 2 2 2 
-1 -1 9 9 5 5 5 5 3 3 3 3 3 3 3 3 3 3 3 3 3 1 
-1 -1 -1 -1 6 4 4 4 4 2 2 2 2 2 2 2 2 2 2 2 
-1 17 15 9 7 5 5 5 5 5 3 3 3 3 3 3 3 3 3 3 3 3 3 3 3 3 3 3 1 
-1 -1 -1 7 5 5 5 3 3 3 3 3 3 3 3 3 3 3 3 3 1 
-1 -1 11 9 9 7 5 5 5 3 3 3 3 3 3 3 3 3 3 3 3 3 3 3 3 3 3 1 
-1 -1 9 7 5 5 5 3 3 3 3 3 3 3 3 3 3 3 3 3 3 3 1 
-1 -1 -1 -1 5 5 3 3 3 3 3 3 3 3 3 3 3 3 3 3 1 
-1 -1 -1 7 7 5 5 5 5 3 3 3 3 3 3 3 3 3 3 3 3 3 3 3 3 1 
-1 -1 -1 7 7 5 5 5 3 3 3 3 3 3 3 3 3 3 3 3 1 
-1 -1 8 8 8 6 4 4 4 4 4 4 2 2 2 2 2 2 2 2 2 2 2 2 
-1 -1 13 11 7 7 7 5 5 3 3 3 3 3 3 3 3 3 3 3 3 3 3 3 3 3 3 3 1 
-1 -1 14 8 6 6 6 4 4 4 4 4 2 2 2 2 2 2 2 2 2 2 2 2 2 2 
-1 -1 12 8 6 6 6 4 4 4 4 4 4 2 2 2 2 2 2 2 2 2 2 2 2 
-1 -1 11 11 7 7 5 5 5 3 3 3 3 3 3 3 3 3 3 3 3 3 3 3 3 3 3 1 
-1 -1 11 7 7 5 3 3 3 3 3 3 3 3 3 3 3 3 3 3 1 
-1 -1 -1 7 5 5 5 3 3 3 3 3 3 3 3 3 3 3 3 3 1 
-1 -1 -1 10 8 6 4 4 4 4 4 4 2 2 2 2 2 2 2 2 2 2 2 2 2 
-1 -1 -1 9 7 7 5 5 5 3 3 3 3 3 3 3 3 3 3 3 3 3 3 3 3 3 3 1 
-1 -1 -1 8 8 6 6 4 4 4 4 4 4 4 4 2 2 2 2 2 2 2 2 2 2 2 2 2 2 
-1 -1 12 8 6 6 6 4 4 4 4 4 4 4 2 2 2 2 2 2 2 2 2 2 2 2 2 2 2 
-1 -1 9 9 5 5 3 3 3 3 3 3 3 3 3 3 3 3 3 1 
-1 -1 11 9 7 7 5 5 3 3 3 3 3 3 3 3 3 3 3 3 3 3 3 3 1 
-1 -1 16 10 8 6 6 4 4 4 4 4 4 4 4 2 2 2 2 2 2 2 2 2 2 2 2 2 2 
-1 -1 -1 8 8 6 6 4 4 4 4 4 4 2 2 2 2 2 2 2 2 2 2 2 2 2 2 
-1 -1 -1 8 6 6 4 4 4 4 4 4 4 2 2 2 2 2 2 2 2 2 2 2 2 
-1 -1 -1 8 6 6 6 4 4 4 4 4 2 2 2 2 2 2 2 2 2 2 2 2 2 
-1 -1 -1 9 9 7 5 5 5 3 3 3 3 3 3 3 3 3 3 3 3 3 3 3 3 3 3 3 1 
-1 -1 12 10 6 6 4 4 4 4 4 4 2 2 2 2 2 2 2 2 2 2 2 2 
-1 -1 10 10 8 6 4 4 4 4 4 4 4 2 2 2 2 2 2 2 2 2 2 2 2 2 
-1 -1 9 7 7 5 5 3 3 3 3 3 3 3 3 3 3 3 3 3 3 1 
-1 -1 10 10 8 6 4 4 4 4 4 2 2 2 2 2 2 2 2 2 2 2 2 
-1 -1 -1 7 5 5 5 5 5 3 3 3 3 3 3 3 3 3 3 1 
-1 -1 -1 -1 7 7 5 3 3 3 3 3 3 3 3 3 3 3 3 3 3 3 1 
-1 -1 -1 9 9 7 5 5 5 3 3 3 3 3 3 3 3 3 3 3 3 3 3 3 3 3 3 3 1 
-1 -1 11 9 5 5 5 5 3 3 3 3 3 3 3 3 3 3 3 3 3 3 3 1 
-1 -1 -1 7 5 5 3 3 3 3 3 3 3 3 3 3 3 3 3 1 
-1 -1 7 7 5 5 5 3 3 3 3 3 3 3 3 3 3 3 3 1 
-1 16 14 10 6 6 4 4 4 4 4 4 2 2 2 2 2 2 2 2 2 2 2 2 2 
-1 -1 -1 7 7 5 5 3 3 3 3 3 3 3 3 3 3 3 3 3 1 
-1 -1 10 6 6 4 4 4 4 2 2 2 2 2 2 2 2 2 2 2 
-1 16 10 8 6 4 4 4 4 4 2 2 2 2 2 2 2 2 2 2 2 2 
-1 -1 -1 7 5 5 5 5 3 3 3 3 3 3 3 3 3 3 3 3 3 3 1 
-1 -1 13 11 9 7 5 5 5 5 5 3 3 3 3 3 3 3 3 3 3 3 3 3 3 3 3 3 3 1 
-1 -1 9 7 5 5 5 3 3 3 3 3 3 3 3 3 3 3 3 3 1 
-1 -1 13 9 7 5 5 5 3 3 3 3 3 3 3 3 3 3 3 3 3 3 3 3 3 1 
-1 -1 9 7 5 5 5 5 3 3 3 3 3 3 3 3 3 3 3 3 1 
-1 -1 -1 -1 6 6 4 4 4 4 4 2 2 2 2 2 2 2 2 2 2 2 2 2 
-1 -1 -1 7 7 5 5 3 3 3 3 3 3 3 3 3 3 3 3 3 3 3 1 
-1 -1 -1 -1 5 5 5 3 3 3 3 3 3 3 3 3 3 3 3 3 1 
-1 -1 -1 -1 8 6 6 4 4 4 4 4 4 4 4 2 2 2 2 2 2 2 2 2 2 2 2 2 2 2 
-1 -1 -1 -1 6 4 4 4 4 4 2 2 2 2 2 2 2 2 2 2 2 
-1 -1 12 10 6 6 6 4 4 4 4 4 4 2 2 2 2 2 2 2 2 2 2 2 2 2 2 2 
-1 -1 11 7 7 5 5 5 3 3 3 3 3 3 3 3 3 3 3 3 3 3 3 3 3 1 
-1 -1 -1 10 8 6 6 4 4 4 4 4 4 4 2 2 2 2 2 2 2 2 2 2 2 2 2 2 2 
-1 -1 11 7 7 5 5 3 3 3 3 3 3 3 3 3 3 3 3 3 1 
-1 -1 -1 8 6 4 4 4 4 4 2 2 2 2 2 2 2 2 2 2 2 2 
-1 -1 12 10 10 6 6 4 4 4 4 4 4 4 2 2 2 2 2 2 2 2 2 2 2 2 2 2 2 
-1 -1 -1 8 6 6 4 4 4 4 4 4 4 2 2 2 2 2 2 2 2 2 2 2 2 
-1 -1 12 8 8 6 6 4 4 4 4 4 4 2 2 2 2 2 2 2 2 2 2 2 2 2 2 2 
-1 -1 -1 7 5 5 3 3 3 3 3 3 3 3 3 3 3 3 3 1 
-1 -1 8 6 6 6 4 4 4 4 4 2 2 2 2 2 2 2 2 2 2 
-1 -1 13 9 7 5 5 5 5 3 3 3 3 3 3 3 3 3 3 3 3 3 3 3 3 3 1 
-1 -1 -1 10 10 6 6 4 4 4 4 4 4 4 4 2 2 2 2 2 2 2 2 2 2 2 2 2 2 2 
-1 -1 -1 -1 6 6 4 4 4 4 4 4 2 2 2 2 2 2 2 2 2 2 2 2 
-1 -1 -1 -1 -1 -1 -1 5 3 3 3 3 3 3 3 3 3 3 3 3 3 3 3 3 1 
-1 -1 -1 7 5 5 5 3 3 3 3 3 3 3 3 3 3 3 3 3 1 
-1 -1 -1 9 7 5 5 5 5 3 3 3 3 3 3 3 3 3 3 3 3 3 3 3 3 3 3 1 
-1 -1 -1 8 8 6 6 4 4 4 4 2 2 2 2 2 2 2 2 2 2 2 2 2 
-1 -1 -1 -1 6 6 4 4 4 4 4 4 4 2 2 2 2 2 2 2 2 2 2 2 2 
-1 -1 14 8 8 6 6 6 4 4 4 4 4 2 2 2 2 2 2 2 2 2 2 2 2 2 2 2 
-1 20 12 10 8 6 6 4 4 4 4 4 4 4 4 2 2 2 2 2 2 2 2 2 2 2 2 2 2 2 
-1 -1 9 9 5 5 5 5 3 3 3 3 3 3 3 3 3 3 3 3 3 3 3 1 
-1 -1 10 8 8 6 6 4 4 4 4 4 4 2 2 2 2 2 2 2 2 2 2 2 2 
-1 -1 10 10 6 6 6 4 4 4 4 2 2 2 2 2 2 2 2 2 2 2 2 2 
-1 15 9 7 5 5 5 3 3 3 3 3 3 3 3 3 3 3 3 3 3 1 
-1 -1 8 8 6 6 4 4 4 4 4 4 2 2 2 2 2 2 2 2 2 2 
-1 -1 -1 9 7 5 5 5 5 5 5 3 3 3 3 3 3 3 3 3 3 3 3 3 3 3 1 
-1 -1 14 10 8 6 6 4 4 4 4 4 4 4 2 2 2 2 2 2 2 2 2 2 2 2 2 2 2 2 
-1 -1 -1 -1 7 5 3 3 3 3 3 3 3 3 3 3 3 3 3 1 
-1 -1 -1 -1 -1 5 3 3 3 3 3 3 3 3 3 3 3 3 3 1 
-1 -1 -1 -1 6 4 4 4 4 4 4 2 2 2 2 2 2 2 2 2 
-1 -1 -1 -1 -1 5 3 3 3 3 3 3 3 3 3 3 3 3 3 3 1 
-1 -1 10 8 6 6 4 4 4 4 4 2 2 2 2 2 2 2 2 2 2 2 2 2 
-1 -1 -1 -1 6 6 6 4 4 4 4 4 4 2 2 2 2 2 2 2 2 2 2 2 2 2 2 
-1 -1 13 11 7 5 5 5 5 5 3 3 3 3 3 3 3 3 3 3 3 3 3 3 3 3 3 3 1 
-1 -1 -1 10 8 6 6 4 4 4 4 4 4 2 2 2 2 2 2 2 2 2 2 2 2 2 2 2 
-1 -1 -1 9 7 7 5 5 5 5 3 3 3 3 3 3 3 3 3 3 3 3 3 3 3 3 3 3 3 1 
-1 -1 -1 -1 -1 7 5 5 5 5 3 3 3 3 3 3 3 3 3 3 3 3 3 3 3 3 3 3 3 1 
-1 -1 -1 9 7 5 5 5 3 3 3 3 3 3 3 3 3 3 3 3 3 3 3 3 3 3 1 
-1 -1 14 8 8 6 4 4 4 4 4 4 4 2 2 2 2 2 2 2 2 2 2 2 2 2 
-1 -1 -1 10 8 6 4 4 4 4 4 4 4 4 2 2 2 2 2 2 2 2 2 2 2 2 2 
-1 -1 13 7 7 5 5 5 3 3 3 3 3 3 3 3 3 3 3 3 3 3 1 
-1 -1 12 12 6 6 6 4 4 4 4 4 4 4 2 2 2 2 2 2 2 2 2 2 2 2 2 2 2 2 
-1 -1 -1 7 7 5 5 3 3 3 3 3 3 3 3 3 3 3 3 3 3 1 
-1 -1 10 8 6 6 4 4 4 4 4 4 2 2 2 2 2 2 2 2 2 2 2 2 2 
-1 -1 -1 -1 5 5 5 5 3 3 3 3 3 3 3 3 3 3 3 3 3 1 
-1 -1 11 9 7 5 5 5 3 3 3 3 3 3 3 3 3 3 3 3 3 3 1 
-1 -1 10 8 8 6 4 4 4 4 4 2 2 2 2 2 2 2 2 2 2 2 2 2 
-1 -1 11 9 7 5 5 5 3 3 3 3 3 3 3 3 3 3 3 3 3 3 3 1 
-1 -1 -1 7 7 5 5 5 3 3 3 3 3 3 3 3 3 3 3 3 3 3 3 1 
-1 -1 -1 -1 6 6 4 4 4 4 4 2 2 2 2 2 2 2 2 2 2 2 2 
-1 -1 11 7 7 5 5 5 5 3 3 3 3 3 3 3 3 3 3 3 3 3 1 
-1 -1 13 9 7 7 7 5 5 3 3 3 3 3 3 3 3 3 3 3 3 3 3 3 3 3 3 3 1 
-1 -1 -1 8 8 8 4 4 4 4 4 4 4 4 2 2 2 2 2 2 2 2 2 2 2 2 2 
-1 -1 8 8 6 6 4 4 4 4 4 2 2 2 2 2 2 2 2 2 2 2 
-1 -1 8 6 6 4 4 4 4 4 2 2 2 2 2 2 2 2 2 2 2 
-1 -1 -1 -1 -1 -1 -1 5 5 3 3 3 3 3 3 3 3 3 3 3 3 3 3 3 3 3 1 
-1 -1 12 8 6 6 6 4 4 4 4 4 2 2 2 2 2 2 2 2 2 2 2 2 2 
-1 -1 11 7 7 5 5 5 5 3 3 3 3 3 3 3 3 3 3 3 3 3 3 1 
-1 -1 -1 9 5 5 5 5 3 3 3 3 3 3 3 3 3 3 3 3 3 3 3 1 
-1 -1 10 8 6 4 4 4 4 4 2 2 2 2 2 2 2 2 2 2 2 
-1 -1 11 9 9 7 7 5 5 3 3 3 3 3 3 3 3 3 3 3 3 3 3 3 3 3 3 1 
-1 -1 -1 9 7 5 5 5 5 5 3 3 3 3 3 3 3 3 3 3 3 3 3 3 1 
-1 -1 14 10 8 6 6 4 4 4 4 4 4 4 2 2 2 2 2 2 2 2 2 2 2 2 2 2 2 
-1 -1 -1 -1 7 7 7 5 5 5 3 3 3 3 3 3 3 3 3 3 3 3 3 3 3 3 3 3 3 1 
-1 -1 11 9 5 5 5 5 5 3 3 3 3 3 3 3 3 3 3 3 3 3 3 1 
-1 -1 -1 -1 -1 -1 -1 4 4 4 4 4 4 4 2 2 2 2 2 2 2 2 2 2 2 2 2 
-1 -1 11 7 7 5 5 5 3 3 3 3 3 3 3 3 3 3 3 3 3 3 1 
-1 -1 14 10 8 6 6 4 4 4 4 4 4 4 2 2 2 2 2 2 2 2 2 2 2 2 2 2 2 2 
-1 -1 -1 -1 -1 -1 6 6 6 4 4 4 4 4 2 2 2 2 2 2 2 2 2 2 2 2 2 2 2 
-1 -1 12 8 8 6 6 4 4 4 4 4 4 4 2 2 2 2 2 2 2 2 2 2 2 2 2 2 
-1 -1 11 5 5 5 5 5 3 3 3 3 3 3 3 3 3 3 3 1 
-1 -1 -1 11 9 7 5 5 5 5 5 3 3 3 3 3 3 3 3 3 3 3 3 3 3 3 3 3 3 1 
-1 -1 13 9 7 7 5 5 5 3 3 3 3 3 3 3 3 3 3 3 3 3 3 3 3 3 3 3 1 
-1 -1 9 9 7 5 5 3 3 3 3 3 3 3 3 3 3 3 3 3 3 1 
-1 -1 10 8 8 4 4 4 4 4 4 4 2 2 2 2 2 2 2 2 2 2 2 2 
-1 -1 -1 -1 8 6 4 4 4 4 4 4 4 2 2 2 2 2 2 2 2 2 2 2 2 2 2 
-1 -1 10 8 6 6 4 4 4 4 2 2 2 2 2 2 2 2 2 2 2 
-1 -1 10 8 6 6 6 4 4 4 4 2 2 2 2 2 2 2 2 2 2 2 2 
-1 -1 -1 -1 6 4 4 4 4 2 2 2 2 2 2 2 2 2 2 2 
-1 14 10 8 6 4 4 4 4 4 2 2 2 2 2 2 2 2 2 2 2 
-1 -1 10 8 8 6 4 4 4 4 4 4 2 2 2 2 2 2 2 2 2 2 2 2 2 2 
-1 -1 11 9 7 7 5 5 5 3 3 3 3 3 3 3 3 3 3 3 3 3 3 3 3 3 3 1 
-1 -1 -1 9 7 7 5 5 5 3 3 3 3 3 3 3 3 3 3 3 3 3 3 3 3 3 1 
-1 15 11 7 5 5 5 3 3 3 3 3 3 3 3 3 3 3 3 3 1 
-1 -1 -1 -1 -1 6 4 4 4 4 4 4 4 4 2 2 2 2 2 2 2 2 
-1 -1 -1 -1 -1 6 4 4 4 4 4 4 4 4 2 2 2 2 2 2 2 2 2 2 2 2 2 2 
-1 -1 9 7 7 5 5 5 3 3 3 3 3 3 3 3 3 3 3 3 3 1 
-1 -1 10 8 6 4 4 4 4 4 4 2 2 2 2 2 2 2 2 2 2 2 2 
-1 -1 -1 -1 -1 -1 5 3 3 3 3 3 3 3 3 3 3 3 3 3 3 3 1 
-1 -1 11 9 7 5 5 5 3 3 3 3 3 3 3 3 3 3 3 3 3 3 3 1 
-1 -1 -1 -1 6 4 4 4 4 4 4 4 4 2 2 2 2 2 2 2 2 2 2 
-1 -1 -1 6 6 6 4 4 4 4 2 2 2 2 2 2 2 2 2 2 2 
-1 -1 -1 10 8 6 6 6 4 4 4 4 4 4 2 2 2 2 2 2 2 2 2 2 2 2 2 2 2 
-1 -1 -1 9 7 7 7 5 5 3 3 3 3 3 3 3 3 3 3 3 3 3 3 3 3 3 3 1 
-1 -1 -1 9 7 7 5 5 5 3 3 3 3 3 3 3 3 3 3 3 3 3 3 3 3 3 3 3 1 
-1 -1 12 8 6 6 4 4 4 4 4 4 4 4 2 2 2 2 2 2 2 2 2 2 2 2 
-1 -1 13 11 7 7 5 5 5 5 3 3 3 3 3 3 3 3 3 3 3 3 3 3 3 3 3 3 3 1 
-1 -1 -1 8 8 6 6 4 4 4 4 4 4 4 4 2 2 2 2 2 2 2 2 2 2 2 
-1 -1 13 9 7 5 5 5 5 3 3 3 3 3 3 3 3 3 3 3 3 3 3 3 3 1 
-1 -1 -1 7 7 5 3 3 3 3 3 3 3 3 3 3 3 3 3 1 
-1 -1 11 9 5 5 5 5 3 3 3 3 3 3 3 3 3 3 3 3 3 3 3 1 
-1 -1 -1 10 8 6 6 6 6 4 4 4 4 4 4 2 2 2 2 2 2 2 2 2 2 2 2 2 2 2 
-1 -1 12 8 6 6 4 4 4 4 4 4 2 2 2 2 2 2 2 2 2 2 2 2 2 2 
-1 -1 -1 8 8 6 4 4 4 4 4 4 4 2 2 2 2 2 2 2 2 2 2 2 2 2 
-1 -1 8 8 6 4 4 4 4 4 4 2 2 2 2 2 2 2 2 2 
-1 -1 10 8 8 6 4 4 4 4 4 4 4 2 2 2 2 2 2 2 2 2 2 2 
-1 -1 -1 -1 6 6 6 6 4 4 4 4 4 2 2 2 2 2 2 2 2 2 2 2 2 2 2 
-1 -1 15 9 7 5 5 5 5 3 3 3 3 3 3 3 3 3 3 3 3 3 3 3 3 3 3 1 
-1 -1 -1 -1 6 4 4 4 4 4 4 2 2 2 2 2 2 2 2 2 2 
-1 -1 12 8 6 6 4 4 4 4 4 4 2 2 2 2 2 2 2 2 2 2 2 
-1 -1 10 8 6 6 4 4 4 4 4 4 2 2 2 2 2 2 2 2 2 2 2 2 2 2 
-1 -1 12 10 8 6 6 4 4 4 4 4 4 4 4 2 2 2 2 2 2 2 2 2 2 2 2 2 2 
-1 -1 -1 9 9 7 5 5 5 5 5 3 3 3 3 3 3 3 3 3 3 3 3 3 3 3 3 3 3 1 
-1 -1 -1 -1 7 5 5 5 3 3 3 3 3 3 3 3 3 3 3 3 3 3 1 
-1 -1 11 11 7 7 5 5 5 3 3 3 3 3 3 3 3 3 3 3 3 3 3 3 3 3 1 
-1 -1 10 8 6 6 4 4 4 4 4 2 2 2 2 2 2 2 2 2 2 2 2 
-1 15 11 9 7 5 5 5 3 3 3 3 3 3 3 3 3 3 3 3 3 3 3 3 1 
-1 -1 9 5 5 5 3 3 3 3 3 3 3 3 3 3 3 3 3 1 
-1 -1 -1 8 8 6 4 4 4 4 4 4 4 2 2 2 2 2 2 2 2 2 2 2 2 
-1 -1 11 9 7 5 5 5 5 3 3 3 3 3 3 3 3 3 3 3 3 3 3 3 3 1 
-1 -1 -1 -1 7 7 5 5 5 5 3 3 3 3 3 3 3 3 3 3 3 3 3 3 3 3 3 3 1 
-1 -1 -1 9 7 5 5 5 3 3 3 3 3 3 3 3 3 3 3 3 3 3 3 1 
-1 -1 14 10 8 6 6 6 4 4 4 4 4 4 2 2 2 2 2 2 2 2 2 2 2 2 2 2 2 
-1 -1 -1 -1 6 4 4 4 4 2 2 2 2 2 2 2 2 2 2 2 
-1 15 11 9 7 5 5 5 3 3 3 3 3 3 3 3 3 3 3 3 3 3 3 3 1 
-1 -1 11 7 5 5 5 3 3 3 3 3 3 3 3 3 3 3 3 1 
-1 -1 10 8 6 4 4 4 4 4 2 2 2 2 2 2 2 2 2 2 2 
-1 -1 8 6 6 6 4 4 4 4 4 2 2 2 2 2 2 2 2 2 2 
-1 -1 -1 9 7 5 5 5 3 3 3 3 3 3 3 3 3 3 3 3 3 3 3 3 3 1 
-1 -1 -1 8 6 6 4 4 4 4 4 4 2 2 2 2 2 2 2 2 2 2 2 2 2 
-1 -1 9 9 7 5 5 3 3 3 3 3 3 3 3 3 3 3 3 3 3 1 
-1 -1 12 10 8 6 6 4 4 4 4 4 4 4 2 2 2 2 2 2 2 2 2 2 2 2 2 2 
-1 -1 -1 7 5 5 5 5 5 3 3 3 3 3 3 3 3 3 3 3 3 1 
-1 -1 12 8 8 6 6 6 4 4 4 4 4 2 2 2 2 2 2 2 2 2 2 2 2 2 2 2 
-1 -1 11 7 5 5 5 5 3 3 3 3 3 3 3 3 3 3 3 3 3 1 
-1 -1 9 9 9 7 5 5 3 3 3 3 3 3 3 3 3 3 3 3 3 3 3 3 3 1 
