600
111010010111010000011001101100
0010101111110111110100
10110111101010011010110
011110110010100110111
01111000010010111001100000
0101111111001001010011001
111010001000100111001100
11010010101101010101001000
0100010110011110010011101011
0010110111101111101111
101000001111011110110000100
00010000010101001111101001110
1101000100011000001110
001101001001100000001101110
010111001101101111011100
111100101101101001101001000
10111101110001100010001101110
1101111010011001111011
01000100001011110000100010
000111010001111011011001
0111000011010000110001000101
111001010110000000001100100100
011110101000111010110111001010
0011111101010010101001
00111010000011101001
0010011111110001100101011
010100100100001011100000001
10110010011011101111110
110110010101001101011110100101
11100001010010101110000010
0000101100110110001001
101110000100010100100101011
010110001011001001000110100
10100010010001110101
0111100111110010011111
010101010100000000011111
1010111010010100011101010001
01101101111010011011001111000
00010000101000111111
0101110100011101010101
001101011101001100010010011111
010101100111010011001100011111
110110110100001111010111100
11111111111000001101011
0011110001101111111111101
01111000000100001010101001100
0011100000010101011100
10111000011001111000111
11100001001110001100000101110
111001100000100010110011110010
011011110111010110110110101110
1110110100100100100011010010
11001011001101000010
001100000101011110001000
1000000001001111001000010
111111010001000100000100000110
100011101101001100111000001010
01001011101000110100001111
011100001011101000010011100001
01001010000011000101101100
0111001000011100100010001
101001000011010100100100100
01101101101000010111
001100110110110100101011110100
111111101011000000011
10101000110110000000011101
101010001100000110101100001
11001010100100100110010
101100110110100111000110100001
111001101000111100010011
0100101010001010010001110101
11101111101001111101001100
10101100101010001011
100111110110111101100000
011110101100100100000001111111
100110110010010000000
0000011111011010011010001
11100101010100110101001011
1010000100000001000111
1011011111110111000110010011
001011011100010111110101
111001111010010001011
0101101010011111101110
110000111101101101111000100
010010111101011011111101
1101100101010001000111111
101001010101011000111100110
00111110100001100101000
111111011100110100011
000000010000110001111000
011011110000010101001111010111
10101010111000011010110001
01000110000110101110110101001
01010100011110100100101000
111101000001101001100
00010000000001101010
0111111001101111001000100110
10001110100101101100110
00001001100100001001
111000110010011001000100
100110111000001110101101100
00010001010000100111100
01101010011011111010001110010
0001100011000010110110010001
11111001100001111100010110010
11111110111010100011010010
0010110101100110010100
0111011000101010000111
001101111100001001010110
01101111001001010001
110011111000111000011100000
0100001011110001101110001
1011010010010011111110
10000101100101101000011001010
0101110100000000110100
101000100111011110111
1100110001000111100111010000
010111000000111011100
010101001100011001100
1101010000101100100011000
0110011010000111101101111001
011011110000110110111101
10001000111010001001011001000
0110010011101001011101
11010011011011110110010100
000000010110011100101
10111100010111001011000
1100110001011101010110
001101100010100001011001
0100001000011110001010000001
1110011010100011001011001
0111101111110000101010100
000110100000100110100110111100
1100110000000111011010101010
01000010110111100110111101110
00110110110100110110010011011
010000100110000011010010010101
000111100011011001110011
001100100010101110110000100
0001111111011000001010010
1010000000100011101000
110111001011110010100011
1010111111110000111110
11000100100011001000
111110001101110100001110010110
01100100011111111100
0100001110111110011101101000
100010000000000100001001110100
0001100001111110011001110
10011010110001111001011010000
000111101101111101000000000111
0101011000001001010001
101011000000111011010011101101
011010001110111101000000
000011011001011001101
1011001100111110101000
1010011111100000011110100111
01000000011111110101
111011101000100101100
11001001000110101010100
1010000110011010010011
110011100001011010001101111
11100001010100010110000000
01010011011111101010111
1110110110010110010011
00111011110101000011000010
101111101011100010000101
1010101011001100111000
10000110111111011110
011111010010010000010001111
0111111100101000100110100100
11111001000011101011100
011011011010001110011000100011
10101000010010001010100111
1111001011001001011110001
00010111011100101100001010
001000110010100010011000101100
000000111101010001111101111011
001110011010010100011111100
1111111001011001100111100010
00011000101101101001
100001111110100110110001111
00110011011000011001000
000011000101000101000010010101
00000110101011010110011001
100101100001011101101
00110111111111100101011101
001110100111101110000000
000110100001000100001
01001010111101111111
0010110100000110110111
10101110110110110100100011
001100111011001101110110111
100101010000000010000001100
1110110110110111101111000
000111010101111110111110101
11000010001100101000111100
100011010010101110111000110001
11111111001101101010
00111100110110001000
00001101100100010010110
01111100110010110101111101111
10000001001000000000
000101011111101000110
01011101101111101111100011
000111101101111110000010
10101110110101000101100010
10001010110011100010110
00011111100011000101010100
010000100010110001101010110101
110010011101101101001
0011111100010110010010
011000001010111001010111000000
011101110010111111111101
110010101001010100110100000111
00110000001001010001
001111110101111011000
001101111010100110100011101101
0110000010011101011011001
110101000011111001010000110011
1011000101011100100000
011110101011110111101
010001000000001100111110110010
1001100011001101000000101
000001111101001100101000
000001010010101101101101
01001001101001100111000
1101111100011111000011
100110011110010100100100101101
010010000100101001001
100011110101101100110111
100100010111111100010111010010
11011100110111001110110101001
10101011101100000101000111
00000100111001101001100101
01110000011110011001101100101
0001011111011001101111001
011100100101111110010010010
110011100101100011001
01111110010010001000111111010
110001000001010011100110
00011010101000011100111101000
01101000100000001100110010
10101111010010000110001001111
000111100110110111101011
01011110100100000001001111100
01001110111100111100100111110
101110000001001100001
11011000011100101000101111000
010110010100111011111
0110101001011011001011110
000110010000010000111101000
01110001100101000011000111111
0101011110010110100101000
000011001110001110100101111101
11011111000000111100100000
10100011010000010010100010010
0000110011101000011101
0001100010010000100100001001
110100101101110000101011001111
01000111101110111111011011
0101000111010110010001000
11111110111000001111101101
1011111011100101010010
110111011100001001110011
011111000011101111101110010
10110010101101001101100101
01101000001101010111110001110
00011010000010111100
1100000100110010101110101
011111111110110110001001100111
0001111011111011001001100010
0100110010110011011111011
11011101100000010100101001
01001001110111100000111
001000011101011010110101110001
10001100000010011011100010111
101100111101100011100
11010010110100000111011010
00011101010001110000
10010001001100010000010110
101110000011001001101
001001011010111100100101111101
100001100001110011111010
000101010110010011111111
10001100101001000001001100110
011111001000111110100101010
00011000101110010010100011
0011001011110010011011100010
101010111110000010111011101
0001100011100111101101000000
11101110111101001001010101
0101111010001100110101111111
01011001000001111101101101
11110000011011001101011
1110011100110000110111111001
101101111110010110001
001110110110001100111101010101
00101001000010111110
10111000111011000011001
110110001100011110111011000
11110011011010010100100000001
11000101100100010000110
01111110101000110000
101011100011101100111001000
010111110110111101001010101
00001010001100110100100
0110010010101100000000100
100111111001001010111
001001000110100110101
011111110111010010001
100101011111011011111
01010101001001101111
1100101010001010011010011001
1010111001100101000110
0000101100001011101111
111110011110000111100110010001
011100101000101101111001010
00010011100010010111101001100
11010000110010001001
01101001110110000101001011
00000100010011110011
01101001101001010111101
0000010000000111001110100000
1111100001110101100011
010010010111110101110000
100000000000101100100101110
001110101110000111001100111000
110101101110111111001100
000011111010110000000010000
11100110011001101101000110111
11010000111100010001100
01101001100010101101010000010
100110000101111111111101101
101100010101100110110001110111
010000100101011010101100101011
000010011010011010100111
11110000000010111010
010101100111010110000000011
11101101100000011100
0111000000000100000111000101
1111100001001110100010111001
100111011110000101010101100001
11001100110100010001100110
00000010010001110011010001011
100001101111111101001011
00011011111111110000110
0011100111101011011000101111
11001110101100110000000100111
10111010100001000010001111010
00001110100000010000111100101
101010010010001111001110111
10000011001111010010010
00001100011010000001000
00100011110011110101010011
1001111001011100011000101
1001010101111111010000
00100111001101011110
001111111001101011101011110001
11001100101110100110101
000010010101010001000
000000100000001011111110
0000001010000001000100010
00011000111011111010000
111100001000001101011
000001001110100010110
0001011100111001000101
0011111111101011011000101111
10010101000011010100011010001
1111111011111001101111
00000001101111101110011110001
00100011100011111111100010
01111100010100110111
1111011101111110110011
0010110000111011000001010010
10110010010000010011110
11000001111001000010001
01100101101110000010110
01000111111110111110
1100000011011111110101011
0010010110010011001101111110
110001011100001000111110
101100010010110100111111000011
001111011111010110011
1001001101001011100100011
100011001011111101001111010011
000101001001110110111
00110101110110001001010010
1010111001101111111011
11011100011000000110011001
11000011000110011001
10111110011101111001100110
011110010111111100010
11111101011110000100010
001100011100000001010111000010
1011110110010001001100111000
11000111011111000111101100100
010010100011011011100011101101
000101101011000101001111
10101101101101110011
011111010001011111001
0110010111100110001001111010
100110010000001001000100100
00100011001010110000010010111
00011001010001011011101001111
11100001101101110110
01111000001100001111
10101010111100010101001101
0111000001000100000101101
11100100111001011000100110001
010000100110100101111101
101101110000101101111
000000110011101100100110
0110101001010111010100
11100000000111101110
01101011100111011011001101010
011110101101011000001
1111000011000101110100100001
00110011111110110111100
001100110101000001000
11011101000111011000100001
011000001101111101010
111001010001111001001100
01001000101111100011100110011
01111000101010110101001011
1010101101110110110010100
1100001010100101011100111110
011100011011011000011
000101100000111001000
1011000000111111101100101
1011101000001001101011100001
00100001011101001011011000111
11100101011000110100011100010
00111000011010011100
1001011010000110011001111
11001101011100011010111101110
010011111101111000001110110
1111101010010011011101000
0001101110000010011001100
01000010011111100011110100110
100110011001100010101101
00101010000101001111010101
0100111110110010010111
11000010110001010100110
11101011001000000101
00001110111000000101010
01101100100011000001001101011
100111110101100100001110
01011000010000101001
00110001000101010100
1111010100101011011011011
001000110010111100010
00111011110101111110
0101100111101111011111
00010001010101010111101
101011111010011111000101010001
010010010011011010001
00111011011110001111000101
001110100100001110100
110111110000100000101000
00100001111010011001000
000100100000111011101
111000000010110111001100010101
000010010110010011111
0110100011000011111000111010
10001101111010111110111001
01000101001111111100000011010
100110000111011100011
1111111001101001000010
11111111101001001010011100011
0101111010110010101001000
0100101110010100010011101101
00010110100001010010
011100010001100001111
011101011000110110011110001
100110000011001011110001101111
000010010000110101001100
0000000100011001100110101
001000110011011010100
0001110011010111010011100110
011001010010000011011010
0100000101010000111010000
1101001010100100101101001110
111100110011110111110010111001
010110011101000101010001
1101111010010010010001010
001010101010001111100110
0111110101110011010111
1110101010001111111010
100111100100000100001111110
010001011110001100110010001011
10100101000000010110
00000111101100000111
00001110100001111011
000001001111100100000
100101111111100100111110
000100001100001000100110001
11010110001101111110010011001
1100001111100010110001001000
000111111100111000101001100111
000001111011010110011110100100
111111100101000001010011101
10111110110110100011010011
111111100000100110100101010
01110001101101101101111
001001011000010101011001110011
0001000110100000100101
1001110010011011111001010
0110111001110100110000
10110111101001010100110
100101100010010100101010
101010101000100101101010
011110010000001100111111
11000010000011000000001
10111000010101111101010
10101100110111010111110001100
110000100011101111011000101
0010101011110000100101
011011110111100010001
000000011100010011001001001
0100010111001101101110101
101000110101010011010010
101010100000011111101011
011011000011000111100
1111000111001000010100100110
0111100000110100101010100
11111110110001110011110110110
001011110101000111011010110000
111010110110100011111001
111111001101101011010000000
01011010111101110001010
001101110101101011001110111100
10000000000010100001000011101
1111011010011101011011110100
10110100011100101110
101101110000100011111000111011
00111100110110101001101100100
1001010001100101011101
101001101001001000100011
111100100111111110001110000
101110100001011001111
11110000101111101011100
01000000111111101001
011010101111011111010
11101100010010101111011101
1101001001000110111100100010
011011101111000001001001111
110011011011101110111
1001000000000011110110
0000100111010100010000010000
1000011110010101100101
00101110111100011110110
00000010111010101000000
100111111011101010010011
10111100010001111110000
111010001000001111010
00010101110101010011000010100
1111011111110010111000000110
01011100011011101000110001000
01011011010000101101111111
100110010111111100110001001011
00011001111000000110110011
01001101011011001111001110
10010010000001101001
100110100111001001110011
001010000001001110001001111001
11011101000010010010110010
11101010010111101011111000
00111110100110001111
100101000010011101000101
101010100010010000000010010
0010110101101100110101111110
000010011100100011111
01001011011011111000111
10110001010001011101011110
10010100010011000110101011110
110001010111101010100010111000
11000000101011010110000
010100001100110010100111110
00111101001110011010111
0111100110111001101001011
10111101110101110001
1101100100100100000110111
01011000111001000011100010
00010000101110011100010101101
101100110100000110010110
01110010001110011101111011101
00010000110011111110
1010011110111001101100101
11111011100010011110
101001110001100101010
100100001101110111110
00100011101010110011001000
0001011110001000110110011
1111010100011111000011
0100110100100110000101010110
0101110110111000000101
1001011011110111111001011100
1101011100100001110100
01001100010001111010001111
