===============0000000000(0)====0000000000(0)============
0000000000(0)
===============0000000000(0)====0000000001(1)============
0000000000(0)
0000000001(1)
===============0000000000(0)====0000000010(2)============
0000000000(0)
0000000001(1)
0000000010(2)
0000000011(3)
===============0000000000(0)====0000000011(3)============
0000000000(0)
0000000001(1)
0000000010(2)
0000000011(3)
===============0000000000(0)====0000000100(4)============
0000000000(0)
0000000001(1)
0000000010(2)
0000000011(3)
0000000100(4)
0000000101(5)
0000000111(7)
===============0000000000(0)====0000000101(5)============
0000000000(0)
0000000001(1)
0000000010(2)
0000000011(3)
0000000100(4)
0000000101(5)
0000000111(7)
===============0000000000(0)====0000000110(6)============
0000000000(0)
0000000001(1)
0000000010(2)
0000000011(3)
0000000100(4)
0000000101(5)
0000000110(6)
0000000111(7)
===============0000000000(0)====0000000111(7)============
0000000000(0)
0000000001(1)
0000000010(2)
0000000011(3)
0000000100(4)
0000000101(5)
0000000110(6)
0000000111(7)
===============0000000000(0)====0000001000(8)============
0000000000(0)
0000000001(1)
0000000010(2)
0000000011(3)
0000000100(4)
0000000101(5)
0000000110(6)
0000000111(7)
0000001000(8)
0000001001(9)
0000001011(11)
0000001100(12)
0000001111(15)
===============0000000000(0)====0000001001(9)============
0000000000(0)
0000000001(1)
0000000010(2)
0000000011(3)
0000000100(4)
0000000101(5)
0000000110(6)
0000000111(7)
0000001000(8)
0000001001(9)
0000001011(11)
0000001100(12)
0000001111(15)
===============0000000000(0)====0000001010(10)============
0000000000(0)
0000000001(1)
0000000010(2)
0000000011(3)
0000000100(4)
0000000101(5)
0000000110(6)
0000000111(7)
0000001000(8)
0000001001(9)
0000001010(10)
0000001011(11)
0000001100(12)
0000001111(15)
===============0000000000(0)====0000001011(11)============
0000000000(0)
0000000001(1)
0000000010(2)
0000000011(3)
0000000100(4)
0000000101(5)
0000000110(6)
0000000111(7)
0000001000(8)
0000001001(9)
0000001010(10)
0000001011(11)
0000001100(12)
0000001111(15)
===============0000000000(0)====0000001100(12)============
0000000000(0)
0000000001(1)
0000000010(2)
0000000011(3)
0000000100(4)
0000000101(5)
0000000110(6)
0000000111(7)
0000001000(8)
0000001001(9)
0000001010(10)
0000001011(11)
0000001100(12)
0000001101(13)
0000001111(15)
===============0000000000(0)====0000001101(13)============
0000000000(0)
0000000001(1)
0000000010(2)
0000000011(3)
0000000100(4)
0000000101(5)
0000000110(6)
0000000111(7)
0000001000(8)
0000001001(9)
0000001010(10)
0000001011(11)
0000001100(12)
0000001101(13)
0000001111(15)
===============0000000000(0)====0000001110(14)============
0000000000(0)
0000000001(1)
0000000010(2)
0000000011(3)
0000000100(4)
0000000101(5)
0000000110(6)
0000000111(7)
0000001000(8)
0000001001(9)
0000001010(10)
0000001011(11)
0000001100(12)
0000001101(13)
0000001110(14)
0000001111(15)
===============0000000000(0)====0000001111(15)============
0000000000(0)
0000000001(1)
0000000010(2)
0000000011(3)
0000000100(4)
0000000101(5)
0000000110(6)
0000000111(7)
0000001000(8)
0000001001(9)
0000001010(10)
0000001011(11)
0000001100(12)
0000001101(13)
0000001110(14)
0000001111(15)
===============0000000000(0)====0000010000(16)============
0000000000(0)
0000000001(1)
0000000010(2)
0000000011(3)
0000000100(4)
0000000101(5)
0000000110(6)
0000000111(7)
0000001000(8)
0000001001(9)
0000001010(10)
0000001011(11)
0000001100(12)
0000001101(13)
0000001110(14)
0000001111(15)
0000010000(16)
0000010001(17)
0000010011(19)
0000010100(20)
0000010111(23)
0000011000(24)
0000011011(27)
0000011100(28)
0000011111(31)
===============0000000000(0)====0000010001(17)============
0000000000(0)
0000000001(1)
0000000010(2)
0000000011(3)
0000000100(4)
0000000101(5)
0000000110(6)
0000000111(7)
0000001000(8)
0000001001(9)
0000001010(10)
0000001011(11)
0000001100(12)
0000001101(13)
0000001110(14)
0000001111(15)
0000010000(16)
0000010001(17)
0000010011(19)
0000010100(20)
0000010111(23)
0000011000(24)
0000011011(27)
0000011100(28)
0000011111(31)
===============0000000000(0)====0000010010(18)============
0000000000(0)
0000000001(1)
0000000010(2)
0000000011(3)
0000000100(4)
0000000101(5)
0000000110(6)
0000000111(7)
0000001000(8)
0000001001(9)
0000001010(10)
0000001011(11)
0000001100(12)
0000001101(13)
0000001110(14)
0000001111(15)
0000010000(16)
0000010001(17)
0000010010(18)
0000010011(19)
0000010100(20)
0000010111(23)
0000011000(24)
0000011011(27)
0000011100(28)
0000011111(31)
===============0000000000(0)====0000010011(19)============
0000000000(0)
0000000001(1)
0000000010(2)
0000000011(3)
0000000100(4)
0000000101(5)
0000000110(6)
0000000111(7)
0000001000(8)
0000001001(9)
0000001010(10)
0000001011(11)
0000001100(12)
0000001101(13)
0000001110(14)
0000001111(15)
0000010000(16)
0000010001(17)
0000010010(18)
0000010011(19)
0000010100(20)
0000010111(23)
0000011000(24)
0000011011(27)
0000011100(28)
0000011111(31)
===============0000000000(0)====0000010100(20)============
0000000000(0)
0000000001(1)
0000000010(2)
0000000011(3)
0000000100(4)
0000000101(5)
0000000110(6)
0000000111(7)
0000001000(8)
0000001001(9)
0000001010(10)
0000001011(11)
0000001100(12)
0000001101(13)
0000001110(14)
0000001111(15)
0000010000(16)
0000010001(17)
0000010010(18)
0000010011(19)
0000010100(20)
0000010101(21)
0000010111(23)
0000011000(24)
0000011011(27)
0000011100(28)
0000011111(31)
===============0000000001(1)====0000000001(1)============
0000000001(1)
===============0000000001(1)====0000000010(2)============
0000000001(1)
0000000010(2)
0000000011(3)
===============0000000001(1)====0000000011(3)============
0000000000(0)
0000000001(1)
0000000010(2)
0000000011(3)
===============0000000001(1)====0000000100(4)============
0000000000(0)
0000000001(1)
0000000010(2)
0000000011(3)
0000000100(4)
0000000101(5)
0000000111(7)
===============0000000001(1)====0000000101(5)============
0000000000(0)
0000000001(1)
0000000010(2)
0000000011(3)
0000000100(4)
0000000101(5)
0000000111(7)
===============0000000001(1)====0000000110(6)============
0000000000(0)
0000000001(1)
0000000010(2)
0000000011(3)
0000000100(4)
0000000101(5)
0000000110(6)
0000000111(7)
===============0000000001(1)====0000000111(7)============
0000000000(0)
0000000001(1)
0000000010(2)
0000000011(3)
0000000100(4)
0000000101(5)
0000000110(6)
0000000111(7)
===============0000000001(1)====0000001000(8)============
0000000000(0)
0000000001(1)
0000000010(2)
0000000011(3)
0000000100(4)
0000000101(5)
0000000110(6)
0000000111(7)
0000001000(8)
0000001001(9)
0000001011(11)
0000001100(12)
0000001111(15)
===============0000000001(1)====0000001001(9)============
0000000000(0)
0000000001(1)
0000000010(2)
0000000011(3)
0000000100(4)
0000000101(5)
0000000110(6)
0000000111(7)
0000001000(8)
0000001001(9)
0000001011(11)
0000001100(12)
0000001111(15)
===============0000000001(1)====0000001010(10)============
0000000000(0)
0000000001(1)
0000000010(2)
0000000011(3)
0000000100(4)
0000000101(5)
0000000110(6)
0000000111(7)
0000001000(8)
0000001001(9)
0000001010(10)
0000001011(11)
0000001100(12)
0000001111(15)
===============0000000001(1)====0000001011(11)============
0000000000(0)
0000000001(1)
0000000010(2)
0000000011(3)
0000000100(4)
0000000101(5)
0000000110(6)
0000000111(7)
0000001000(8)
0000001001(9)
0000001010(10)
0000001011(11)
0000001100(12)
0000001111(15)
===============0000000001(1)====0000001100(12)============
0000000000(0)
0000000001(1)
0000000010(2)
0000000011(3)
0000000100(4)
0000000101(5)
0000000110(6)
0000000111(7)
0000001000(8)
0000001001(9)
0000001010(10)
0000001011(11)
0000001100(12)
0000001101(13)
0000001111(15)
===============0000000001(1)====0000001101(13)============
0000000000(0)
0000000001(1)
0000000010(2)
0000000011(3)
0000000100(4)
0000000101(5)
0000000110(6)
0000000111(7)
0000001000(8)
0000001001(9)
0000001010(10)
0000001011(11)
0000001100(12)
0000001101(13)
0000001111(15)
===============0000000001(1)====0000001110(14)============
0000000000(0)
0000000001(1)
0000000010(2)
0000000011(3)
0000000100(4)
0000000101(5)
0000000110(6)
0000000111(7)
0000001000(8)
0000001001(9)
0000001010(10)
0000001011(11)
0000001100(12)
0000001101(13)
0000001110(14)
0000001111(15)
===============0000000001(1)====0000001111(15)============
0000000000(0)
0000000001(1)
0000000010(2)
0000000011(3)
0000000100(4)
0000000101(5)
0000000110(6)
0000000111(7)
0000001000(8)
0000001001(9)
0000001010(10)
0000001011(11)
0000001100(12)
0000001101(13)
0000001110(14)
0000001111(15)
===============0000000001(1)====0000010000(16)============
0000000000(0)
0000000001(1)
0000000010(2)
0000000011(3)
0000000100(4)
0000000101(5)
0000000110(6)
0000000111(7)
0000001000(8)
0000001001(9)
0000001010(10)
0000001011(11)
0000001100(12)
0000001101(13)
0000001110(14)
0000001111(15)
0000010000(16)
0000010001(17)
0000010011(19)
0000010100(20)
0000010111(23)
0000011000(24)
0000011011(27)
0000011100(28)
0000011111(31)
===============0000000001(1)====0000010001(17)============
0000000000(0)
0000000001(1)
0000000010(2)
0000000011(3)
0000000100(4)
0000000101(5)
0000000110(6)
0000000111(7)
0000001000(8)
0000001001(9)
0000001010(10)
0000001011(11)
0000001100(12)
0000001101(13)
0000001110(14)
0000001111(15)
0000010000(16)
0000010001(17)
0000010011(19)
0000010100(20)
0000010111(23)
0000011000(24)
0000011011(27)
0000011100(28)
0000011111(31)
===============0000000001(1)====0000010010(18)============
0000000000(0)
0000000001(1)
0000000010(2)
0000000011(3)
0000000100(4)
0000000101(5)
0000000110(6)
0000000111(7)
0000001000(8)
0000001001(9)
0000001010(10)
0000001011(11)
0000001100(12)
0000001101(13)
0000001110(14)
0000001111(15)
0000010000(16)
0000010001(17)
0000010010(18)
0000010011(19)
0000010100(20)
0000010111(23)
0000011000(24)
0000011011(27)
0000011100(28)
0000011111(31)
===============0000000001(1)====0000010011(19)============
0000000000(0)
0000000001(1)
0000000010(2)
0000000011(3)
0000000100(4)
0000000101(5)
0000000110(6)
0000000111(7)
0000001000(8)
0000001001(9)
0000001010(10)
0000001011(11)
0000001100(12)
0000001101(13)
0000001110(14)
0000001111(15)
0000010000(16)
0000010001(17)
0000010010(18)
0000010011(19)
0000010100(20)
0000010111(23)
0000011000(24)
0000011011(27)
0000011100(28)
0000011111(31)
===============0000000001(1)====0000010100(20)============
0000000000(0)
0000000001(1)
0000000010(2)
0000000011(3)
0000000100(4)
0000000101(5)
0000000110(6)
0000000111(7)
0000001000(8)
0000001001(9)
0000001010(10)
0000001011(11)
0000001100(12)
0000001101(13)
0000001110(14)
0000001111(15)
0000010000(16)
0000010001(17)
0000010010(18)
0000010011(19)
0000010100(20)
0000010101(21)
0000010111(23)
0000011000(24)
0000011011(27)
0000011100(28)
0000011111(31)
===============0000000010(2)====0000000010(2)============
0000000010(2)
===============0000000010(2)====0000000011(3)============
0000000001(1)
0000000010(2)
0000000011(3)
===============0000000010(2)====0000000100(4)============
0000000001(1)
0000000010(2)
0000000011(3)
0000000100(4)
0000000101(5)
0000000111(7)
===============0000000010(2)====0000000101(5)============
0000000000(0)
0000000001(1)
0000000010(2)
0000000011(3)
0000000100(4)
0000000101(5)
0000000111(7)
===============0000000010(2)====0000000110(6)============
0000000000(0)
0000000001(1)
0000000010(2)
0000000011(3)
0000000100(4)
0000000101(5)
0000000110(6)
0000000111(7)
===============0000000010(2)====0000000111(7)============
0000000000(0)
0000000001(1)
0000000010(2)
0000000011(3)
0000000100(4)
0000000101(5)
0000000110(6)
0000000111(7)
===============0000000010(2)====0000001000(8)============
0000000000(0)
0000000001(1)
0000000010(2)
0000000011(3)
0000000100(4)
0000000101(5)
0000000110(6)
0000000111(7)
0000001000(8)
0000001001(9)
0000001011(11)
0000001100(12)
0000001111(15)
===============0000000010(2)====0000001001(9)============
0000000000(0)
0000000001(1)
0000000010(2)
0000000011(3)
0000000100(4)
0000000101(5)
0000000110(6)
0000000111(7)
0000001000(8)
0000001001(9)
0000001011(11)
0000001100(12)
0000001111(15)
===============0000000010(2)====0000001010(10)============
0000000000(0)
0000000001(1)
0000000010(2)
0000000011(3)
0000000100(4)
0000000101(5)
0000000110(6)
0000000111(7)
0000001000(8)
0000001001(9)
0000001010(10)
0000001011(11)
0000001100(12)
0000001111(15)
===============0000000010(2)====0000001011(11)============
0000000000(0)
0000000001(1)
0000000010(2)
0000000011(3)
0000000100(4)
0000000101(5)
0000000110(6)
0000000111(7)
0000001000(8)
0000001001(9)
0000001010(10)
0000001011(11)
0000001100(12)
0000001111(15)
===============0000000010(2)====0000001100(12)============
0000000000(0)
0000000001(1)
0000000010(2)
0000000011(3)
0000000100(4)
0000000101(5)
0000000110(6)
0000000111(7)
0000001000(8)
0000001001(9)
0000001010(10)
0000001011(11)
0000001100(12)
0000001101(13)
0000001111(15)
===============0000000010(2)====0000001101(13)============
0000000000(0)
0000000001(1)
0000000010(2)
0000000011(3)
0000000100(4)
0000000101(5)
0000000110(6)
0000000111(7)
0000001000(8)
0000001001(9)
0000001010(10)
0000001011(11)
0000001100(12)
0000001101(13)
0000001111(15)
===============0000000010(2)====0000001110(14)============
0000000000(0)
0000000001(1)
0000000010(2)
0000000011(3)
0000000100(4)
0000000101(5)
0000000110(6)
0000000111(7)
0000001000(8)
0000001001(9)
0000001010(10)
0000001011(11)
0000001100(12)
0000001101(13)
0000001110(14)
0000001111(15)
===============0000000010(2)====0000001111(15)============
0000000000(0)
0000000001(1)
0000000010(2)
0000000011(3)
0000000100(4)
0000000101(5)
0000000110(6)
0000000111(7)
0000001000(8)
0000001001(9)
0000001010(10)
0000001011(11)
0000001100(12)
0000001101(13)
0000001110(14)
0000001111(15)
===============0000000010(2)====0000010000(16)============
0000000000(0)
0000000001(1)
0000000010(2)
0000000011(3)
0000000100(4)
0000000101(5)
0000000110(6)
0000000111(7)
0000001000(8)
0000001001(9)
0000001010(10)
0000001011(11)
0000001100(12)
0000001101(13)
0000001110(14)
0000001111(15)
0000010000(16)
0000010001(17)
0000010011(19)
0000010100(20)
0000010111(23)
0000011000(24)
0000011011(27)
0000011100(28)
0000011111(31)
===============0000000010(2)====0000010001(17)============
0000000000(0)
0000000001(1)
0000000010(2)
0000000011(3)
0000000100(4)
0000000101(5)
0000000110(6)
0000000111(7)
0000001000(8)
0000001001(9)
0000001010(10)
0000001011(11)
0000001100(12)
0000001101(13)
0000001110(14)
0000001111(15)
0000010000(16)
0000010001(17)
0000010011(19)
0000010100(20)
0000010111(23)
0000011000(24)
0000011011(27)
0000011100(28)
0000011111(31)
===============0000000010(2)====0000010010(18)============
0000000000(0)
0000000001(1)
0000000010(2)
0000000011(3)
0000000100(4)
0000000101(5)
0000000110(6)
0000000111(7)
0000001000(8)
0000001001(9)
0000001010(10)
0000001011(11)
0000001100(12)
0000001101(13)
0000001110(14)
0000001111(15)
0000010000(16)
0000010001(17)
0000010010(18)
0000010011(19)
0000010100(20)
0000010111(23)
0000011000(24)
0000011011(27)
0000011100(28)
0000011111(31)
===============0000000010(2)====0000010011(19)============
0000000000(0)
0000000001(1)
0000000010(2)
0000000011(3)
0000000100(4)
0000000101(5)
0000000110(6)
0000000111(7)
0000001000(8)
0000001001(9)
0000001010(10)
0000001011(11)
0000001100(12)
0000001101(13)
0000001110(14)
0000001111(15)
0000010000(16)
0000010001(17)
0000010010(18)
0000010011(19)
0000010100(20)
0000010111(23)
0000011000(24)
0000011011(27)
0000011100(28)
0000011111(31)
===============0000000010(2)====0000010100(20)============
0000000000(0)
0000000001(1)
0000000010(2)
0000000011(3)
0000000100(4)
0000000101(5)
0000000110(6)
0000000111(7)
0000001000(8)
0000001001(9)
0000001010(10)
0000001011(11)
0000001100(12)
0000001101(13)
0000001110(14)
0000001111(15)
0000010000(16)
0000010001(17)
0000010010(18)
0000010011(19)
0000010100(20)
0000010101(21)
0000010111(23)
0000011000(24)
0000011011(27)
0000011100(28)
0000011111(31)
===============0000000011(3)====0000000011(3)============
0000000011(3)
===============0000000011(3)====0000000100(4)============
0000000011(3)
0000000100(4)
0000000111(7)
===============0000000011(3)====0000000101(5)============
0000000001(1)
0000000010(2)
0000000011(3)
0000000100(4)
0000000101(5)
0000000111(7)
===============0000000011(3)====0000000110(6)============
0000000001(1)
0000000010(2)
0000000011(3)
0000000100(4)
0000000101(5)
0000000110(6)
0000000111(7)
===============0000000011(3)====0000000111(7)============
0000000000(0)
0000000001(1)
0000000010(2)
0000000011(3)
0000000100(4)
0000000101(5)
0000000110(6)
0000000111(7)
===============0000000011(3)====0000001000(8)============
0000000000(0)
0000000001(1)
0000000010(2)
0000000011(3)
0000000100(4)
0000000101(5)
0000000110(6)
0000000111(7)
0000001000(8)
0000001001(9)
0000001011(11)
0000001100(12)
0000001111(15)
===============0000000011(3)====0000001001(9)============
0000000000(0)
0000000001(1)
0000000010(2)
0000000011(3)
0000000100(4)
0000000101(5)
0000000110(6)
0000000111(7)
0000001000(8)
0000001001(9)
0000001011(11)
0000001100(12)
0000001111(15)
===============0000000011(3)====0000001010(10)============
0000000000(0)
0000000001(1)
0000000010(2)
0000000011(3)
0000000100(4)
0000000101(5)
0000000110(6)
0000000111(7)
0000001000(8)
0000001001(9)
0000001010(10)
0000001011(11)
0000001100(12)
0000001111(15)
===============0000000011(3)====0000001011(11)============
0000000000(0)
0000000001(1)
0000000010(2)
0000000011(3)
0000000100(4)
0000000101(5)
0000000110(6)
0000000111(7)
0000001000(8)
0000001001(9)
0000001010(10)
0000001011(11)
0000001100(12)
0000001111(15)
===============0000000011(3)====0000001100(12)============
0000000000(0)
0000000001(1)
0000000010(2)
0000000011(3)
0000000100(4)
0000000101(5)
0000000110(6)
0000000111(7)
0000001000(8)
0000001001(9)
0000001010(10)
0000001011(11)
0000001100(12)
0000001101(13)
0000001111(15)
===============0000000011(3)====0000001101(13)============
0000000000(0)
0000000001(1)
0000000010(2)
0000000011(3)
0000000100(4)
0000000101(5)
0000000110(6)
0000000111(7)
0000001000(8)
0000001001(9)
0000001010(10)
0000001011(11)
0000001100(12)
0000001101(13)
0000001111(15)
===============0000000011(3)====0000001110(14)============
0000000000(0)
0000000001(1)
0000000010(2)
0000000011(3)
0000000100(4)
0000000101(5)
0000000110(6)
0000000111(7)
0000001000(8)
0000001001(9)
0000001010(10)
0000001011(11)
0000001100(12)
0000001101(13)
0000001110(14)
0000001111(15)
===============0000000011(3)====0000001111(15)============
0000000000(0)
0000000001(1)
0000000010(2)
0000000011(3)
0000000100(4)
0000000101(5)
0000000110(6)
0000000111(7)
0000001000(8)
0000001001(9)
0000001010(10)
0000001011(11)
0000001100(12)
0000001101(13)
0000001110(14)
0000001111(15)
===============0000000011(3)====0000010000(16)============
0000000000(0)
0000000001(1)
0000000010(2)
0000000011(3)
0000000100(4)
0000000101(5)
0000000110(6)
0000000111(7)
0000001000(8)
0000001001(9)
0000001010(10)
0000001011(11)
0000001100(12)
0000001101(13)
0000001110(14)
0000001111(15)
0000010000(16)
0000010001(17)
0000010011(19)
0000010100(20)
0000010111(23)
0000011000(24)
0000011011(27)
0000011100(28)
0000011111(31)
===============0000000011(3)====0000010001(17)============
0000000000(0)
0000000001(1)
0000000010(2)
0000000011(3)
0000000100(4)
0000000101(5)
0000000110(6)
0000000111(7)
0000001000(8)
0000001001(9)
0000001010(10)
0000001011(11)
0000001100(12)
0000001101(13)
0000001110(14)
0000001111(15)
0000010000(16)
0000010001(17)
0000010011(19)
0000010100(20)
0000010111(23)
0000011000(24)
0000011011(27)
0000011100(28)
0000011111(31)
===============0000000011(3)====0000010010(18)============
0000000000(0)
0000000001(1)
0000000010(2)
0000000011(3)
0000000100(4)
0000000101(5)
0000000110(6)
0000000111(7)
0000001000(8)
0000001001(9)
0000001010(10)
0000001011(11)
0000001100(12)
0000001101(13)
0000001110(14)
0000001111(15)
0000010000(16)
0000010001(17)
0000010010(18)
0000010011(19)
0000010100(20)
0000010111(23)
0000011000(24)
0000011011(27)
0000011100(28)
0000011111(31)
===============0000000011(3)====0000010011(19)============
0000000000(0)
0000000001(1)
0000000010(2)
0000000011(3)
0000000100(4)
0000000101(5)
0000000110(6)
0000000111(7)
0000001000(8)
0000001001(9)
0000001010(10)
0000001011(11)
0000001100(12)
0000001101(13)
0000001110(14)
0000001111(15)
0000010000(16)
0000010001(17)
0000010010(18)
0000010011(19)
0000010100(20)
0000010111(23)
0000011000(24)
0000011011(27)
0000011100(28)
0000011111(31)
===============0000000011(3)====0000010100(20)============
0000000000(0)
0000000001(1)
0000000010(2)
0000000011(3)
0000000100(4)
0000000101(5)
0000000110(6)
0000000111(7)
0000001000(8)
0000001001(9)
0000001010(10)
0000001011(11)
0000001100(12)
0000001101(13)
0000001110(14)
0000001111(15)
0000010000(16)
0000010001(17)
0000010010(18)
0000010011(19)
0000010100(20)
0000010101(21)
0000010111(23)
0000011000(24)
0000011011(27)
0000011100(28)
0000011111(31)
===============0000000100(4)====0000000100(4)============
0000000100(4)
===============0000000100(4)====0000000101(5)============
0000000001(1)
0000000100(4)
0000000101(5)
===============0000000100(4)====0000000110(6)============
0000000001(1)
0000000011(3)
0000000100(4)
0000000101(5)
0000000110(6)
0000000111(7)
===============0000000100(4)====0000000111(7)============
0000000000(0)
0000000001(1)
0000000011(3)
0000000100(4)
0000000101(5)
0000000110(6)
0000000111(7)
===============0000000100(4)====0000001000(8)============
0000000000(0)
0000000001(1)
0000000011(3)
0000000100(4)
0000000101(5)
0000000110(6)
0000000111(7)
0000001000(8)
0000001001(9)
0000001100(12)
0000001111(15)
===============0000000100(4)====0000001001(9)============
0000000000(0)
0000000001(1)
0000000011(3)
0000000100(4)
0000000101(5)
0000000110(6)
0000000111(7)
0000001000(8)
0000001001(9)
0000001100(12)
0000001111(15)
===============0000000100(4)====0000001010(10)============
0000000000(0)
0000000001(1)
0000000011(3)
0000000100(4)
0000000101(5)
0000000110(6)
0000000111(7)
0000001000(8)
0000001001(9)
0000001010(10)
0000001011(11)
0000001100(12)
0000001111(15)
===============0000000100(4)====0000001011(11)============
0000000000(0)
0000000001(1)
0000000011(3)
0000000100(4)
0000000101(5)
0000000110(6)
0000000111(7)
0000001000(8)
0000001001(9)
0000001010(10)
0000001011(11)
0000001100(12)
0000001111(15)
===============0000000100(4)====0000001100(12)============
0000000000(0)
0000000001(1)
0000000011(3)
0000000100(4)
0000000101(5)
0000000110(6)
0000000111(7)
0000001000(8)
0000001001(9)
0000001010(10)
0000001011(11)
0000001100(12)
0000001101(13)
0000001111(15)
===============0000000100(4)====0000001101(13)============
0000000000(0)
0000000001(1)
0000000011(3)
0000000100(4)
0000000101(5)
0000000110(6)
0000000111(7)
0000001000(8)
0000001001(9)
0000001010(10)
0000001011(11)
0000001100(12)
0000001101(13)
0000001111(15)
===============0000000100(4)====0000001110(14)============
0000000000(0)
0000000001(1)
0000000011(3)
0000000100(4)
0000000101(5)
0000000110(6)
0000000111(7)
0000001000(8)
0000001001(9)
0000001010(10)
0000001011(11)
0000001100(12)
0000001101(13)
0000001110(14)
0000001111(15)
===============0000000100(4)====0000001111(15)============
0000000000(0)
0000000001(1)
0000000011(3)
0000000100(4)
0000000101(5)
0000000110(6)
0000000111(7)
0000001000(8)
0000001001(9)
0000001010(10)
0000001011(11)
0000001100(12)
0000001101(13)
0000001110(14)
0000001111(15)
===============0000000100(4)====0000010000(16)============
0000000000(0)
0000000001(1)
0000000011(3)
0000000100(4)
0000000101(5)
0000000110(6)
0000000111(7)
0000001000(8)
0000001001(9)
0000001010(10)
0000001011(11)
0000001100(12)
0000001101(13)
0000001110(14)
0000001111(15)
0000010000(16)
0000010001(17)
0000010100(20)
0000010111(23)
0000011000(24)
0000011011(27)
0000011100(28)
0000011111(31)
===============0000000100(4)====0000010001(17)============
0000000000(0)
0000000001(1)
0000000011(3)
0000000100(4)
0000000101(5)
0000000110(6)
0000000111(7)
0000001000(8)
0000001001(9)
0000001010(10)
0000001011(11)
0000001100(12)
0000001101(13)
0000001110(14)
0000001111(15)
0000010000(16)
0000010001(17)
0000010100(20)
0000010111(23)
0000011000(24)
0000011011(27)
0000011100(28)
0000011111(31)
===============0000000100(4)====0000010010(18)============
0000000000(0)
0000000001(1)
0000000011(3)
0000000100(4)
0000000101(5)
0000000110(6)
0000000111(7)
0000001000(8)
0000001001(9)
0000001010(10)
0000001011(11)
0000001100(12)
0000001101(13)
0000001110(14)
0000001111(15)
0000010000(16)
0000010001(17)
0000010010(18)
0000010011(19)
0000010100(20)
0000010111(23)
0000011000(24)
0000011011(27)
0000011100(28)
0000011111(31)
===============0000000100(4)====0000010011(19)============
0000000000(0)
0000000001(1)
0000000011(3)
0000000100(4)
0000000101(5)
0000000110(6)
0000000111(7)
0000001000(8)
0000001001(9)
0000001010(10)
0000001011(11)
0000001100(12)
0000001101(13)
0000001110(14)
0000001111(15)
0000010000(16)
0000010001(17)
0000010010(18)
0000010011(19)
0000010100(20)
0000010111(23)
0000011000(24)
0000011011(27)
0000011100(28)
0000011111(31)
===============0000000100(4)====0000010100(20)============
0000000000(0)
0000000001(1)
0000000011(3)
0000000100(4)
0000000101(5)
0000000110(6)
0000000111(7)
0000001000(8)
0000001001(9)
0000001010(10)
0000001011(11)
0000001100(12)
0000001101(13)
0000001110(14)
0000001111(15)
0000010000(16)
0000010001(17)
0000010010(18)
0000010011(19)
0000010100(20)
0000010101(21)
0000010111(23)
0000011000(24)
0000011011(27)
0000011100(28)
0000011111(31)
===============0000000101(5)====0000000101(5)============
0000000101(5)
===============0000000101(5)====0000000110(6)============
0000000011(3)
0000000101(5)
0000000110(6)
===============0000000101(5)====0000000111(7)============
0000000001(1)
0000000011(3)
0000000100(4)
0000000101(5)
0000000110(6)
0000000111(7)
===============0000000101(5)====0000001000(8)============
0000000001(1)
0000000011(3)
0000000100(4)
0000000101(5)
0000000110(6)
0000000111(7)
0000001000(8)
0000001001(9)
0000001100(12)
0000001111(15)
===============0000000101(5)====0000001001(9)============
0000000000(0)
0000000001(1)
0000000011(3)
0000000100(4)
0000000101(5)
0000000110(6)
0000000111(7)
0000001000(8)
0000001001(9)
0000001100(12)
0000001111(15)
===============0000000101(5)====0000001010(10)============
0000000000(0)
0000000001(1)
0000000011(3)
0000000100(4)
0000000101(5)
0000000110(6)
0000000111(7)
0000001000(8)
0000001001(9)
0000001010(10)
0000001011(11)
0000001100(12)
0000001111(15)
===============0000000101(5)====0000001011(11)============
0000000000(0)
0000000001(1)
0000000011(3)
0000000100(4)
0000000101(5)
0000000110(6)
0000000111(7)
0000001000(8)
0000001001(9)
0000001010(10)
0000001011(11)
0000001100(12)
0000001111(15)
===============0000000101(5)====0000001100(12)============
0000000000(0)
0000000001(1)
0000000011(3)
0000000100(4)
0000000101(5)
0000000110(6)
0000000111(7)
0000001000(8)
0000001001(9)
0000001010(10)
0000001011(11)
0000001100(12)
0000001101(13)
0000001111(15)
===============0000000101(5)====0000001101(13)============
0000000000(0)
0000000001(1)
0000000011(3)
0000000100(4)
0000000101(5)
0000000110(6)
0000000111(7)
0000001000(8)
0000001001(9)
0000001010(10)
0000001011(11)
0000001100(12)
0000001101(13)
0000001111(15)
===============0000000101(5)====0000001110(14)============
0000000000(0)
0000000001(1)
0000000011(3)
0000000100(4)
0000000101(5)
0000000110(6)
0000000111(7)
0000001000(8)
0000001001(9)
0000001010(10)
0000001011(11)
0000001100(12)
0000001101(13)
0000001110(14)
0000001111(15)
===============0000000101(5)====0000001111(15)============
0000000000(0)
0000000001(1)
0000000011(3)
0000000100(4)
0000000101(5)
0000000110(6)
0000000111(7)
0000001000(8)
0000001001(9)
0000001010(10)
0000001011(11)
0000001100(12)
0000001101(13)
0000001110(14)
0000001111(15)
===============0000000101(5)====0000010000(16)============
0000000000(0)
0000000001(1)
0000000011(3)
0000000100(4)
0000000101(5)
0000000110(6)
0000000111(7)
0000001000(8)
0000001001(9)
0000001010(10)
0000001011(11)
0000001100(12)
0000001101(13)
0000001110(14)
0000001111(15)
0000010000(16)
0000010001(17)
0000010100(20)
0000010111(23)
0000011000(24)
0000011011(27)
0000011100(28)
0000011111(31)
===============0000000101(5)====0000010001(17)============
0000000000(0)
0000000001(1)
0000000011(3)
0000000100(4)
0000000101(5)
0000000110(6)
0000000111(7)
0000001000(8)
0000001001(9)
0000001010(10)
0000001011(11)
0000001100(12)
0000001101(13)
0000001110(14)
0000001111(15)
0000010000(16)
0000010001(17)
0000010100(20)
0000010111(23)
0000011000(24)
0000011011(27)
0000011100(28)
0000011111(31)
===============0000000101(5)====0000010010(18)============
0000000000(0)
0000000001(1)
0000000011(3)
0000000100(4)
0000000101(5)
0000000110(6)
0000000111(7)
0000001000(8)
0000001001(9)
0000001010(10)
0000001011(11)
0000001100(12)
0000001101(13)
0000001110(14)
0000001111(15)
0000010000(16)
0000010001(17)
0000010010(18)
0000010011(19)
0000010100(20)
0000010111(23)
0000011000(24)
0000011011(27)
0000011100(28)
0000011111(31)
===============0000000101(5)====0000010011(19)============
0000000000(0)
0000000001(1)
0000000011(3)
0000000100(4)
0000000101(5)
0000000110(6)
0000000111(7)
0000001000(8)
0000001001(9)
0000001010(10)
0000001011(11)
0000001100(12)
0000001101(13)
0000001110(14)
0000001111(15)
0000010000(16)
0000010001(17)
0000010010(18)
0000010011(19)
0000010100(20)
0000010111(23)
0000011000(24)
0000011011(27)
0000011100(28)
0000011111(31)
===============0000000101(5)====0000010100(20)============
0000000000(0)
0000000001(1)
0000000011(3)
0000000100(4)
0000000101(5)
0000000110(6)
0000000111(7)
0000001000(8)
0000001001(9)
0000001010(10)
0000001011(11)
0000001100(12)
0000001101(13)
0000001110(14)
0000001111(15)
0000010000(16)
0000010001(17)
0000010010(18)
0000010011(19)
0000010100(20)
0000010101(21)
0000010111(23)
0000011000(24)
0000011011(27)
0000011100(28)
0000011111(31)
===============0000000110(6)====0000000110(6)============
0000000110(6)
===============0000000110(6)====0000000111(7)============
0000000001(1)
0000000110(6)
0000000111(7)
===============0000000110(6)====0000001000(8)============
0000000001(1)
0000000110(6)
0000000111(7)
0000001000(8)
0000001001(9)
0000001111(15)
===============0000000110(6)====0000001001(9)============
0000000000(0)
0000000001(1)
0000000110(6)
0000000111(7)
0000001000(8)
0000001001(9)
0000001111(15)
===============0000000110(6)====0000001010(10)============
0000000000(0)
0000000001(1)
0000000011(3)
0000000110(6)
0000000111(7)
0000001000(8)
0000001001(9)
0000001010(10)
0000001011(11)
0000001100(12)
0000001111(15)
===============0000000110(6)====0000001011(11)============
0000000000(0)
0000000001(1)
0000000011(3)
0000000110(6)
0000000111(7)
0000001000(8)
0000001001(9)
0000001010(10)
0000001011(11)
0000001100(12)
0000001111(15)
===============0000000110(6)====0000001100(12)============
0000000000(0)
0000000001(1)
0000000011(3)
0000000100(4)
0000000110(6)
0000000111(7)
0000001000(8)
0000001001(9)
0000001010(10)
0000001011(11)
0000001100(12)
0000001101(13)
0000001111(15)
===============0000000110(6)====0000001101(13)============
0000000000(0)
0000000001(1)
0000000011(3)
0000000100(4)
0000000110(6)
0000000111(7)
0000001000(8)
0000001001(9)
0000001010(10)
0000001011(11)
0000001100(12)
0000001101(13)
0000001111(15)
===============0000000110(6)====0000001110(14)============
0000000000(0)
0000000001(1)
0000000011(3)
0000000100(4)
0000000110(6)
0000000111(7)
0000001000(8)
0000001001(9)
0000001010(10)
0000001011(11)
0000001100(12)
0000001101(13)
0000001110(14)
0000001111(15)
===============0000000110(6)====0000001111(15)============
0000000000(0)
0000000001(1)
0000000011(3)
0000000100(4)
0000000110(6)
0000000111(7)
0000001000(8)
0000001001(9)
0000001010(10)
0000001011(11)
0000001100(12)
0000001101(13)
0000001110(14)
0000001111(15)
===============0000000110(6)====0000010000(16)============
0000000000(0)
0000000001(1)
0000000011(3)
0000000100(4)
0000000110(6)
0000000111(7)
0000001000(8)
0000001001(9)
0000001010(10)
0000001011(11)
0000001100(12)
0000001101(13)
0000001110(14)
0000001111(15)
0000010000(16)
0000010001(17)
0000010111(23)
0000011000(24)
0000011011(27)
0000011100(28)
0000011111(31)
===============0000000110(6)====0000010001(17)============
0000000000(0)
0000000001(1)
0000000011(3)
0000000100(4)
0000000110(6)
0000000111(7)
0000001000(8)
0000001001(9)
0000001010(10)
0000001011(11)
0000001100(12)
0000001101(13)
0000001110(14)
0000001111(15)
0000010000(16)
0000010001(17)
0000010111(23)
0000011000(24)
0000011011(27)
0000011100(28)
0000011111(31)
===============0000000110(6)====0000010010(18)============
0000000000(0)
0000000001(1)
0000000011(3)
0000000100(4)
0000000110(6)
0000000111(7)
0000001000(8)
0000001001(9)
0000001010(10)
0000001011(11)
0000001100(12)
0000001101(13)
0000001110(14)
0000001111(15)
0000010000(16)
0000010001(17)
0000010010(18)
0000010011(19)
0000010100(20)
0000010111(23)
0000011000(24)
0000011011(27)
0000011100(28)
0000011111(31)
===============0000000110(6)====0000010011(19)============
0000000000(0)
0000000001(1)
0000000011(3)
0000000100(4)
0000000110(6)
0000000111(7)
0000001000(8)
0000001001(9)
0000001010(10)
0000001011(11)
0000001100(12)
0000001101(13)
0000001110(14)
0000001111(15)
0000010000(16)
0000010001(17)
0000010010(18)
0000010011(19)
0000010100(20)
0000010111(23)
0000011000(24)
0000011011(27)
0000011100(28)
0000011111(31)
===============0000000110(6)====0000010100(20)============
0000000000(0)
0000000001(1)
0000000011(3)
0000000100(4)
0000000110(6)
0000000111(7)
0000001000(8)
0000001001(9)
0000001010(10)
0000001011(11)
0000001100(12)
0000001101(13)
0000001110(14)
0000001111(15)
0000010000(16)
0000010001(17)
0000010010(18)
0000010011(19)
0000010100(20)
0000010101(21)
0000010111(23)
0000011000(24)
0000011011(27)
0000011100(28)
0000011111(31)
===============0000000111(7)====0000000111(7)============
0000000111(7)
===============0000000111(7)====0000001000(8)============
0000000111(7)
0000001000(8)
0000001111(15)
===============0000000111(7)====0000001001(9)============
0000000001(1)
0000000110(6)
0000000111(7)
0000001000(8)
0000001001(9)
0000001111(15)
===============0000000111(7)====0000001010(10)============
0000000001(1)
0000000011(3)
0000000110(6)
0000000111(7)
0000001000(8)
0000001001(9)
0000001010(10)
0000001011(11)
0000001100(12)
0000001111(15)
===============0000000111(7)====0000001011(11)============
0000000000(0)
0000000001(1)
0000000011(3)
0000000110(6)
0000000111(7)
0000001000(8)
0000001001(9)
0000001010(10)
0000001011(11)
0000001100(12)
0000001111(15)
===============0000000111(7)====0000001100(12)============
0000000000(0)
0000000001(1)
0000000011(3)
0000000100(4)
0000000110(6)
0000000111(7)
0000001000(8)
0000001001(9)
0000001010(10)
0000001011(11)
0000001100(12)
0000001101(13)
0000001111(15)
===============0000000111(7)====0000001101(13)============
0000000000(0)
0000000001(1)
0000000011(3)
0000000100(4)
0000000110(6)
0000000111(7)
0000001000(8)
0000001001(9)
0000001010(10)
0000001011(11)
0000001100(12)
0000001101(13)
0000001111(15)
===============0000000111(7)====0000001110(14)============
0000000000(0)
0000000001(1)
0000000011(3)
0000000100(4)
0000000110(6)
0000000111(7)
0000001000(8)
0000001001(9)
0000001010(10)
0000001011(11)
0000001100(12)
0000001101(13)
0000001110(14)
0000001111(15)
===============0000000111(7)====0000001111(15)============
0000000000(0)
0000000001(1)
0000000011(3)
0000000100(4)
0000000110(6)
0000000111(7)
0000001000(8)
0000001001(9)
0000001010(10)
0000001011(11)
0000001100(12)
0000001101(13)
0000001110(14)
0000001111(15)
===============0000000111(7)====0000010000(16)============
0000000000(0)
0000000001(1)
0000000011(3)
0000000100(4)
0000000110(6)
0000000111(7)
0000001000(8)
0000001001(9)
0000001010(10)
0000001011(11)
0000001100(12)
0000001101(13)
0000001110(14)
0000001111(15)
0000010000(16)
0000010001(17)
0000010111(23)
0000011000(24)
0000011011(27)
0000011100(28)
0000011111(31)
===============0000000111(7)====0000010001(17)============
0000000000(0)
0000000001(1)
0000000011(3)
0000000100(4)
0000000110(6)
0000000111(7)
0000001000(8)
0000001001(9)
0000001010(10)
0000001011(11)
0000001100(12)
0000001101(13)
0000001110(14)
0000001111(15)
0000010000(16)
0000010001(17)
0000010111(23)
0000011000(24)
0000011011(27)
0000011100(28)
0000011111(31)
===============0000000111(7)====0000010010(18)============
0000000000(0)
0000000001(1)
0000000011(3)
0000000100(4)
0000000110(6)
0000000111(7)
0000001000(8)
0000001001(9)
0000001010(10)
0000001011(11)
0000001100(12)
0000001101(13)
0000001110(14)
0000001111(15)
0000010000(16)
0000010001(17)
0000010010(18)
0000010011(19)
0000010100(20)
0000010111(23)
0000011000(24)
0000011011(27)
0000011100(28)
0000011111(31)
===============0000000111(7)====0000010011(19)============
0000000000(0)
0000000001(1)
0000000011(3)
0000000100(4)
0000000110(6)
0000000111(7)
0000001000(8)
0000001001(9)
0000001010(10)
0000001011(11)
0000001100(12)
0000001101(13)
0000001110(14)
0000001111(15)
0000010000(16)
0000010001(17)
0000010010(18)
0000010011(19)
0000010100(20)
0000010111(23)
0000011000(24)
0000011011(27)
0000011100(28)
0000011111(31)
===============0000000111(7)====0000010100(20)============
0000000000(0)
0000000001(1)
0000000011(3)
0000000100(4)
0000000110(6)
0000000111(7)
0000001000(8)
0000001001(9)
0000001010(10)
0000001011(11)
0000001100(12)
0000001101(13)
0000001110(14)
0000001111(15)
0000010000(16)
0000010001(17)
0000010010(18)
0000010011(19)
0000010100(20)
0000010101(21)
0000010111(23)
0000011000(24)
0000011011(27)
0000011100(28)
0000011111(31)
===============0000001000(8)====0000001000(8)============
0000001000(8)
===============0000001000(8)====0000001001(9)============
0000000001(1)
0000001000(8)
0000001001(9)
===============0000001000(8)====0000001010(10)============
0000000001(1)
0000000011(3)
0000001000(8)
0000001001(9)
0000001010(10)
0000001011(11)
===============0000001000(8)====0000001011(11)============
0000000000(0)
0000000001(1)
0000000011(3)
0000001000(8)
0000001001(9)
0000001010(10)
0000001011(11)
===============0000001000(8)====0000001100(12)============
0000000000(0)
0000000001(1)
0000000011(3)
0000000100(4)
0000000111(7)
0000001000(8)
0000001001(9)
0000001010(10)
0000001011(11)
0000001100(12)
0000001101(13)
===============0000001000(8)====0000001101(13)============
0000000000(0)
0000000001(1)
0000000011(3)
0000000100(4)
0000000111(7)
0000001000(8)
0000001001(9)
0000001010(10)
0000001011(11)
0000001100(12)
0000001101(13)
===============0000001000(8)====0000001110(14)============
0000000000(0)
0000000001(1)
0000000011(3)
0000000100(4)
0000000111(7)
0000001000(8)
0000001001(9)
0000001010(10)
0000001011(11)
0000001100(12)
0000001101(13)
0000001110(14)
0000001111(15)
===============0000001000(8)====0000001111(15)============
0000000000(0)
0000000001(1)
0000000011(3)
0000000100(4)
0000000111(7)
0000001000(8)
0000001001(9)
0000001010(10)
0000001011(11)
0000001100(12)
0000001101(13)
0000001110(14)
0000001111(15)
===============0000001000(8)====0000010000(16)============
0000000000(0)
0000000001(1)
0000000011(3)
0000000100(4)
0000000111(7)
0000001000(8)
0000001001(9)
0000001010(10)
0000001011(11)
0000001100(12)
0000001101(13)
0000001110(14)
0000001111(15)
0000010000(16)
0000010001(17)
0000011000(24)
0000011011(27)
0000011100(28)
0000011111(31)
===============0000001000(8)====0000010001(17)============
0000000000(0)
0000000001(1)
0000000011(3)
0000000100(4)
0000000111(7)
0000001000(8)
0000001001(9)
0000001010(10)
0000001011(11)
0000001100(12)
0000001101(13)
0000001110(14)
0000001111(15)
0000010000(16)
0000010001(17)
0000011000(24)
0000011011(27)
0000011100(28)
0000011111(31)
===============0000001000(8)====0000010010(18)============
0000000000(0)
0000000001(1)
0000000011(3)
0000000100(4)
0000000111(7)
0000001000(8)
0000001001(9)
0000001010(10)
0000001011(11)
0000001100(12)
0000001101(13)
0000001110(14)
0000001111(15)
0000010000(16)
0000010001(17)
0000010010(18)
0000010011(19)
0000011000(24)
0000011011(27)
0000011100(28)
0000011111(31)
===============0000001000(8)====0000010011(19)============
0000000000(0)
0000000001(1)
0000000011(3)
0000000100(4)
0000000111(7)
0000001000(8)
0000001001(9)
0000001010(10)
0000001011(11)
0000001100(12)
0000001101(13)
0000001110(14)
0000001111(15)
0000010000(16)
0000010001(17)
0000010010(18)
0000010011(19)
0000011000(24)
0000011011(27)
0000011100(28)
0000011111(31)
===============0000001000(8)====0000010100(20)============
0000000000(0)
0000000001(1)
0000000011(3)
0000000100(4)
0000000111(7)
0000001000(8)
0000001001(9)
0000001010(10)
0000001011(11)
0000001100(12)
0000001101(13)
0000001110(14)
0000001111(15)
0000010000(16)
0000010001(17)
0000010010(18)
0000010011(19)
0000010100(20)
0000010101(21)
0000011000(24)
0000011011(27)
0000011100(28)
0000011111(31)
===============0000001001(9)====0000001001(9)============
0000001001(9)
===============0000001001(9)====0000001010(10)============
0000000011(3)
0000001001(9)
0000001010(10)
===============0000001001(9)====0000001011(11)============
0000000001(1)
0000000011(3)
0000001000(8)
0000001001(9)
0000001010(10)
0000001011(11)
===============0000001001(9)====0000001100(12)============
0000000001(1)
0000000011(3)
0000000100(4)
0000000111(7)
0000001000(8)
0000001001(9)
0000001010(10)
0000001011(11)
0000001100(12)
0000001101(13)
===============0000001001(9)====0000001101(13)============
0000000000(0)
0000000001(1)
0000000011(3)
0000000100(4)
0000000111(7)
0000001000(8)
0000001001(9)
0000001010(10)
0000001011(11)
0000001100(12)
0000001101(13)
===============0000001001(9)====0000001110(14)============
0000000000(0)
0000000001(1)
0000000011(3)
0000000100(4)
0000000111(7)
0000001000(8)
0000001001(9)
0000001010(10)
0000001011(11)
0000001100(12)
0000001101(13)
0000001110(14)
0000001111(15)
===============0000001001(9)====0000001111(15)============
0000000000(0)
0000000001(1)
0000000011(3)
0000000100(4)
0000000111(7)
0000001000(8)
0000001001(9)
0000001010(10)
0000001011(11)
0000001100(12)
0000001101(13)
0000001110(14)
0000001111(15)
===============0000001001(9)====0000010000(16)============
0000000000(0)
0000000001(1)
0000000011(3)
0000000100(4)
0000000111(7)
0000001000(8)
0000001001(9)
0000001010(10)
0000001011(11)
0000001100(12)
0000001101(13)
0000001110(14)
0000001111(15)
0000010000(16)
0000010001(17)
0000011000(24)
0000011011(27)
0000011100(28)
0000011111(31)
===============0000001001(9)====0000010001(17)============
0000000000(0)
0000000001(1)
0000000011(3)
0000000100(4)
0000000111(7)
0000001000(8)
0000001001(9)
0000001010(10)
0000001011(11)
0000001100(12)
0000001101(13)
0000001110(14)
0000001111(15)
0000010000(16)
0000010001(17)
0000011000(24)
0000011011(27)
0000011100(28)
0000011111(31)
===============0000001001(9)====0000010010(18)============
0000000000(0)
0000000001(1)
0000000011(3)
0000000100(4)
0000000111(7)
0000001000(8)
0000001001(9)
0000001010(10)
0000001011(11)
0000001100(12)
0000001101(13)
0000001110(14)
0000001111(15)
0000010000(16)
0000010001(17)
0000010010(18)
0000010011(19)
0000011000(24)
0000011011(27)
0000011100(28)
0000011111(31)
===============0000001001(9)====0000010011(19)============
0000000000(0)
0000000001(1)
0000000011(3)
0000000100(4)
0000000111(7)
0000001000(8)
0000001001(9)
0000001010(10)
0000001011(11)
0000001100(12)
0000001101(13)
0000001110(14)
0000001111(15)
0000010000(16)
0000010001(17)
0000010010(18)
0000010011(19)
0000011000(24)
0000011011(27)
0000011100(28)
0000011111(31)
===============0000001001(9)====0000010100(20)============
0000000000(0)
0000000001(1)
0000000011(3)
0000000100(4)
0000000111(7)
0000001000(8)
0000001001(9)
0000001010(10)
0000001011(11)
0000001100(12)
0000001101(13)
0000001110(14)
0000001111(15)
0000010000(16)
0000010001(17)
0000010010(18)
0000010011(19)
0000010100(20)
0000010101(21)
0000011000(24)
0000011011(27)
0000011100(28)
0000011111(31)
===============0000001010(10)====0000001010(10)============
0000001010(10)
===============0000001010(10)====0000001011(11)============
0000000001(1)
0000001010(10)
0000001011(11)
===============0000001010(10)====0000001100(12)============
0000000001(1)
0000000111(7)
0000001010(10)
0000001011(11)
0000001100(12)
0000001101(13)
===============0000001010(10)====0000001101(13)============
0000000000(0)
0000000001(1)
0000000111(7)
0000001010(10)
0000001011(11)
0000001100(12)
0000001101(13)
===============0000001010(10)====0000001110(14)============
0000000000(0)
0000000001(1)
0000000011(3)
0000000100(4)
0000000111(7)
0000001010(10)
0000001011(11)
0000001100(12)
0000001101(13)
0000001110(14)
0000001111(15)
===============0000001010(10)====0000001111(15)============
0000000000(0)
0000000001(1)
0000000011(3)
0000000100(4)
0000000111(7)
0000001010(10)
0000001011(11)
0000001100(12)
0000001101(13)
0000001110(14)
0000001111(15)
===============0000001010(10)====0000010000(16)============
0000000000(0)
0000000001(1)
0000000011(3)
0000000100(4)
0000000111(7)
0000001010(10)
0000001011(11)
0000001100(12)
0000001101(13)
0000001110(14)
0000001111(15)
0000010000(16)
0000010001(17)
0000011011(27)
0000011100(28)
0000011111(31)
===============0000001010(10)====0000010001(17)============
0000000000(0)
0000000001(1)
0000000011(3)
0000000100(4)
0000000111(7)
0000001010(10)
0000001011(11)
0000001100(12)
0000001101(13)
0000001110(14)
0000001111(15)
0000010000(16)
0000010001(17)
0000011011(27)
0000011100(28)
0000011111(31)
===============0000001010(10)====0000010010(18)============
0000000000(0)
0000000001(1)
0000000011(3)
0000000100(4)
0000000111(7)
0000001010(10)
0000001011(11)
0000001100(12)
0000001101(13)
0000001110(14)
0000001111(15)
0000010000(16)
0000010001(17)
0000010010(18)
0000010011(19)
0000011000(24)
0000011011(27)
0000011100(28)
0000011111(31)
===============0000001010(10)====0000010011(19)============
0000000000(0)
0000000001(1)
0000000011(3)
0000000100(4)
0000000111(7)
0000001010(10)
0000001011(11)
0000001100(12)
0000001101(13)
0000001110(14)
0000001111(15)
0000010000(16)
0000010001(17)
0000010010(18)
0000010011(19)
0000011000(24)
0000011011(27)
0000011100(28)
0000011111(31)
===============0000001010(10)====0000010100(20)============
0000000000(0)
0000000001(1)
0000000011(3)
0000000100(4)
0000000111(7)
0000001010(10)
0000001011(11)
0000001100(12)
0000001101(13)
0000001110(14)
0000001111(15)
0000010000(16)
0000010001(17)
0000010010(18)
0000010011(19)
0000010100(20)
0000010101(21)
0000011000(24)
0000011011(27)
0000011100(28)
0000011111(31)
===============0000001011(11)====0000001011(11)============
0000001011(11)
===============0000001011(11)====0000001100(12)============
0000000111(7)
0000001011(11)
0000001100(12)
===============0000001011(11)====0000001101(13)============
0000000001(1)
0000000111(7)
0000001010(10)
0000001011(11)
0000001100(12)
0000001101(13)
===============0000001011(11)====0000001110(14)============
0000000001(1)
0000000011(3)
0000000100(4)
0000000111(7)
0000001010(10)
0000001011(11)
0000001100(12)
0000001101(13)
0000001110(14)
0000001111(15)
===============0000001011(11)====0000001111(15)============
0000000000(0)
0000000001(1)
0000000011(3)
0000000100(4)
0000000111(7)
0000001010(10)
0000001011(11)
0000001100(12)
0000001101(13)
0000001110(14)
0000001111(15)
===============0000001011(11)====0000010000(16)============
0000000000(0)
0000000001(1)
0000000011(3)
0000000100(4)
0000000111(7)
0000001010(10)
0000001011(11)
0000001100(12)
0000001101(13)
0000001110(14)
0000001111(15)
0000010000(16)
0000010001(17)
0000011011(27)
0000011100(28)
0000011111(31)
===============0000001011(11)====0000010001(17)============
0000000000(0)
0000000001(1)
0000000011(3)
0000000100(4)
0000000111(7)
0000001010(10)
0000001011(11)
0000001100(12)
0000001101(13)
0000001110(14)
0000001111(15)
0000010000(16)
0000010001(17)
0000011011(27)
0000011100(28)
0000011111(31)
===============0000001011(11)====0000010010(18)============
0000000000(0)
0000000001(1)
0000000011(3)
0000000100(4)
0000000111(7)
0000001010(10)
0000001011(11)
0000001100(12)
0000001101(13)
0000001110(14)
0000001111(15)
0000010000(16)
0000010001(17)
0000010010(18)
0000010011(19)
0000011000(24)
0000011011(27)
0000011100(28)
0000011111(31)
===============0000001011(11)====0000010011(19)============
0000000000(0)
0000000001(1)
0000000011(3)
0000000100(4)
0000000111(7)
0000001010(10)
0000001011(11)
0000001100(12)
0000001101(13)
0000001110(14)
0000001111(15)
0000010000(16)
0000010001(17)
0000010010(18)
0000010011(19)
0000011000(24)
0000011011(27)
0000011100(28)
0000011111(31)
===============0000001011(11)====0000010100(20)============
0000000000(0)
0000000001(1)
0000000011(3)
0000000100(4)
0000000111(7)
0000001010(10)
0000001011(11)
0000001100(12)
0000001101(13)
0000001110(14)
0000001111(15)
0000010000(16)
0000010001(17)
0000010010(18)
0000010011(19)
0000010100(20)
0000010101(21)
0000011000(24)
0000011011(27)
0000011100(28)
0000011111(31)
===============0000001100(12)====0000001100(12)============
0000001100(12)
===============0000001100(12)====0000001101(13)============
0000000001(1)
0000001100(12)
0000001101(13)
===============0000001100(12)====0000001110(14)============
0000000001(1)
0000000011(3)
0000001100(12)
0000001101(13)
0000001110(14)
0000001111(15)
===============0000001100(12)====0000001111(15)============
0000000000(0)
0000000001(1)
0000000011(3)
0000001100(12)
0000001101(13)
0000001110(14)
0000001111(15)
===============0000001100(12)====0000010000(16)============
0000000000(0)
0000000001(1)
0000000011(3)
0000001100(12)
0000001101(13)
0000001110(14)
0000001111(15)
0000010000(16)
0000010001(17)
0000011100(28)
0000011111(31)
===============0000001100(12)====0000010001(17)============
0000000000(0)
0000000001(1)
0000000011(3)
0000001100(12)
0000001101(13)
0000001110(14)
0000001111(15)
0000010000(16)
0000010001(17)
0000011100(28)
0000011111(31)
===============0000001100(12)====0000010010(18)============
0000000000(0)
0000000001(1)
0000000011(3)
0000001100(12)
0000001101(13)
0000001110(14)
0000001111(15)
0000010000(16)
0000010001(17)
0000010010(18)
0000010011(19)
0000011100(28)
0000011111(31)
===============0000001100(12)====0000010011(19)============
0000000000(0)
0000000001(1)
0000000011(3)
0000001100(12)
0000001101(13)
0000001110(14)
0000001111(15)
0000010000(16)
0000010001(17)
0000010010(18)
0000010011(19)
0000011100(28)
0000011111(31)
===============0000001100(12)====0000010100(20)============
0000000000(0)
0000000001(1)
0000000011(3)
0000000100(4)
0000000111(7)
0000001100(12)
0000001101(13)
0000001110(14)
0000001111(15)
0000010000(16)
0000010001(17)
0000010010(18)
0000010011(19)
0000010100(20)
0000010101(21)
0000011000(24)
0000011011(27)
0000011100(28)
0000011111(31)
===============0000001101(13)====0000001101(13)============
0000001101(13)
===============0000001101(13)====0000001110(14)============
0000000011(3)
0000001101(13)
0000001110(14)
===============0000001101(13)====0000001111(15)============
0000000001(1)
0000000011(3)
0000001100(12)
0000001101(13)
0000001110(14)
0000001111(15)
===============0000001101(13)====0000010000(16)============
0000000001(1)
0000000011(3)
0000001100(12)
0000001101(13)
0000001110(14)
0000001111(15)
0000010000(16)
0000010001(17)
0000011100(28)
0000011111(31)
===============0000001101(13)====0000010001(17)============
0000000000(0)
0000000001(1)
0000000011(3)
0000001100(12)
0000001101(13)
0000001110(14)
0000001111(15)
0000010000(16)
0000010001(17)
0000011100(28)
0000011111(31)
===============0000001101(13)====0000010010(18)============
0000000000(0)
0000000001(1)
0000000011(3)
0000001100(12)
0000001101(13)
0000001110(14)
0000001111(15)
0000010000(16)
0000010001(17)
0000010010(18)
0000010011(19)
0000011100(28)
0000011111(31)
===============0000001101(13)====0000010011(19)============
0000000000(0)
0000000001(1)
0000000011(3)
0000001100(12)
0000001101(13)
0000001110(14)
0000001111(15)
0000010000(16)
0000010001(17)
0000010010(18)
0000010011(19)
0000011100(28)
0000011111(31)
===============0000001101(13)====0000010100(20)============
0000000000(0)
0000000001(1)
0000000011(3)
0000000100(4)
0000000111(7)
0000001100(12)
0000001101(13)
0000001110(14)
0000001111(15)
0000010000(16)
0000010001(17)
0000010010(18)
0000010011(19)
0000010100(20)
0000010101(21)
0000011000(24)
0000011011(27)
0000011100(28)
0000011111(31)
===============0000001110(14)====0000001110(14)============
0000001110(14)
===============0000001110(14)====0000001111(15)============
0000000001(1)
0000001110(14)
0000001111(15)
===============0000001110(14)====0000010000(16)============
0000000001(1)
0000001110(14)
0000001111(15)
0000010000(16)
0000010001(17)
0000011111(31)
===============0000001110(14)====0000010001(17)============
0000000000(0)
0000000001(1)
0000001110(14)
0000001111(15)
0000010000(16)
0000010001(17)
0000011111(31)
===============0000001110(14)====0000010010(18)============
0000000000(0)
0000000001(1)
0000000011(3)
0000001110(14)
0000001111(15)
0000010000(16)
0000010001(17)
0000010010(18)
0000010011(19)
0000011100(28)
0000011111(31)
===============0000001110(14)====0000010011(19)============
0000000000(0)
0000000001(1)
0000000011(3)
0000001110(14)
0000001111(15)
0000010000(16)
0000010001(17)
0000010010(18)
0000010011(19)
0000011100(28)
0000011111(31)
===============0000001110(14)====0000010100(20)============
0000000000(0)
0000000001(1)
0000000011(3)
0000000100(4)
0000000111(7)
0000001110(14)
0000001111(15)
0000010000(16)
0000010001(17)
0000010010(18)
0000010011(19)
0000010100(20)
0000010101(21)
0000011011(27)
0000011100(28)
0000011111(31)
===============0000001111(15)====0000001111(15)============
0000001111(15)
===============0000001111(15)====0000010000(16)============
0000001111(15)
0000010000(16)
0000011111(31)
===============0000001111(15)====0000010001(17)============
0000000001(1)
0000001110(14)
0000001111(15)
0000010000(16)
0000010001(17)
0000011111(31)
===============0000001111(15)====0000010010(18)============
0000000001(1)
0000000011(3)
0000001110(14)
0000001111(15)
0000010000(16)
0000010001(17)
0000010010(18)
0000010011(19)
0000011100(28)
0000011111(31)
===============0000001111(15)====0000010011(19)============
0000000000(0)
0000000001(1)
0000000011(3)
0000001110(14)
0000001111(15)
0000010000(16)
0000010001(17)
0000010010(18)
0000010011(19)
0000011100(28)
0000011111(31)
===============0000001111(15)====0000010100(20)============
0000000000(0)
0000000001(1)
0000000011(3)
0000000100(4)
0000000111(7)
0000001110(14)
0000001111(15)
0000010000(16)
0000010001(17)
0000010010(18)
0000010011(19)
0000010100(20)
0000010101(21)
0000011011(27)
0000011100(28)
0000011111(31)
===============0000010000(16)====0000010000(16)============
0000010000(16)
===============0000010000(16)====0000010001(17)============
0000000001(1)
0000010000(16)
0000010001(17)
===============0000010000(16)====0000010010(18)============
0000000001(1)
0000000011(3)
0000010000(16)
0000010001(17)
0000010010(18)
0000010011(19)
===============0000010000(16)====0000010011(19)============
0000000000(0)
0000000001(1)
0000000011(3)
0000010000(16)
0000010001(17)
0000010010(18)
0000010011(19)
===============0000010000(16)====0000010100(20)============
0000000000(0)
0000000001(1)
0000000011(3)
0000000100(4)
0000000111(7)
0000010000(16)
0000010001(17)
0000010010(18)
0000010011(19)
0000010100(20)
0000010101(21)
===============0000010001(17)====0000010001(17)============
0000010001(17)
===============0000010001(17)====0000010010(18)============
0000000011(3)
0000010001(17)
0000010010(18)
===============0000010001(17)====0000010011(19)============
0000000001(1)
0000000011(3)
0000010000(16)
0000010001(17)
0000010010(18)
0000010011(19)
===============0000010001(17)====0000010100(20)============
0000000001(1)
0000000011(3)
0000000100(4)
0000000111(7)
0000010000(16)
0000010001(17)
0000010010(18)
0000010011(19)
0000010100(20)
0000010101(21)
===============0000010010(18)====0000010010(18)============
0000010010(18)
===============0000010010(18)====0000010011(19)============
0000000001(1)
0000010010(18)
0000010011(19)
===============0000010010(18)====0000010100(20)============
0000000001(1)
0000000111(7)
0000010010(18)
0000010011(19)
0000010100(20)
0000010101(21)
===============0000010011(19)====0000010011(19)============
0000010011(19)
===============0000010011(19)====0000010100(20)============
0000000111(7)
0000010011(19)
0000010100(20)
===============0000010100(20)====0000010100(20)============
0000010100(20)
