0 10
8 4
8 1 7 3 
8 23 4 25 
5 2
3 6
18 17 
8 2
2 1 
5 19 
8 8
4 4 5 3 2 1 2 1 
8 15 3 28 20 1 12 26 
5 10
3 1 1 5 1 3 2 5 4 4 
20 22 3 11 17 16 13 17 28 24 
8 10
2 4 4 8 7 6 2 3 2 3 
1 7 10 5 1 25 4 11 12 27 
47 14
36 31 28 36 25 4 42 29 5 22 42 35 46 26 
4961 1412 892 3666 882 89 4286 374 1695 4651 4078 1831 625 4827  
90 18
1 67 45 78 34 69 54 34 57 75 80 17 1 61 2 5 6 10 
1315 4979 3595 1398 4945 2381 2545 3465 723 4800 1939 3231 4471 3969 2972 2366 783 4508 
53 18
24 47 49 14 45 16 49 2 10 25 43 10 49 15 5 47 17 43 
3870 1104 864 4101 3432 2911 1683 4270 2157 2089 2512 466 3515 2007 3019 2373 1661 4993 
93 20
3 6 76 70 66 75 29 72 38 82 19 57 81 49 41 4 77 9 76 79 
2732 1744 2542 1474 1634 2140 3731 732 740 4675 2082 1851 3293 4971 3714 4406 934 2283 882 3181 
