0 10
50 15
24 20 12 10 30 39 13 50 26 12 21 20 32 8 8 
7 7 7 7 7 7 7 7 7 7 7 7 7 7 7 
89 8
78 79 59 65 4 89 85 85 
49 49 49 49 49 49 49 49 
31 13
16 4 29 29 25 3 15 31 20 26 24 29 25 
93 93 93 93 93 93 93 93 93 93 93 93 93 
99 18
56 36 87 52 12 1 29 17 67 10 93 32 44 75 45 5 21 66 
98 98 98 98 98 98 98 98 98 98 98 98 98 98 98 98 98 98 
13 13
13 13 1 4 4 9 7 9 4 9 13 9 9 
81 81 81 81 81 81 81 81 81 81 81 81 81 
56 13
46 56 15 39 42 2 51 52 20 32 47 23 8 
70 70 70 70 70 70 70 70 70 70 70 70 70 
95 13
57 20 21 14 35 87 71 84 6 89 48 19 3 
19 19 19 19 19 19 19 19 19 19 19 19 19 
37 9
20 10 35 31 10 8 31 20 24 
7 7 7 7 7 7 7 7 7 
40 18
1 32 29 20 11 6 10 18 14 7 35 4 39 17 3 35 32 11 
91 91 91 91 91 91 91 91 91 91 91 91 91 91 91 91 91 91 
56 3
14 20 38 
96 96 96 
