99 100 0
821549273 343134352 184511456 742695763 194318793 357160643 -753603723 -250960302 361601523 210968755 569945004 -634248405 397079195 -886244646 523203210 -640831795 -939566336 -751628361 -648925605 -975434957 -983318230 -831135500 -250879424 -551448306 87428605 -58877766 173830639 816730936 -898492497 -726676271 -556070430 775573129 616458081 628441026 370785244 -336706774 -161881979 617181521 412332924 -947764104 -319333372 -165205719 -582012508 -922254177 -198934012 941190702 -710569619 -138500347 -957921307 -359495224 -261418951 -941239537 -190630723 487701626 -640171490 896797882 -718659788 533659149 566045170 -764635932 806982878 -990025261 -989062803 275957312 490932118 234238794 939250538 -818433508 -296063332 204099815 -766197612 384603296 -961105905 -348210120 314865472 -307523564 -554503066 604295854 553976089 -512424373 -902683018 -854926509 -601147556 -93313741 632775117 -241319046 -343999507 914115329 -855143544 -925437985 -998004251 951839334 -915463246 -987067054 80312998 427985226 99688094 -127920111 609551718 
1 17 45 40744410
1 21 60 -487417060
2 64 83
2 42 54
1 31 50 463555671
3 2
3 2
1 19 26 922481054
3 1
3 1
2 24 31
2 59 67
3 3
3 3
3 3
1 16 56 -587438809
3 2
2 19 43
2 15 85
3 3
2 54 64
2 42 90
3 4
3 1
1 3 25 -299455731
2 9 88
3 4
1 1 85 639315075
1 56 73 852133911
3 7
3 6
1 32 73 -903997535
1 75 81 604809492
3 9
1 39 53 -19612499
3 1
2 8 72
2 19 53
3 9
1 22 28 -9817781
2 58 93
1 29 85 766144705
2 61 77
1 4 79 335715093
3 13
2 35 91
2 42 65
1 21 23 -352790248
2 37 98
1 86 88 92349171
2 37 59
2 23 72
2 34 40
1 10 23 -948230397
1 45 72 74643248
2 56 63
1 9 90 -883489509
2 85 95
3 14
1 28 76 -348141381
1 23 44 342154912
2 71 96
2 19 26
1 28 38 643132570
1 22 44 -256072493
3 17
1 11 15 -573881433
2 5 62
1 33 35 350071668
3 21
1 32 97 176419358
1 2 29 418353439
2 3 7
1 5 29 -942279080
2 24 98
3 20
2 61 90
1 30 31 692609211
1 10 73 633147022
3 6
2 17 66
2 31 70
1 96 97 664974050
1 5 85 -1267462
1 69 87 176004560
3 20
2 14 45
2 5 57
3 29
1 10 18 -473501134
2 40 73
2 4 32
2 26 63
3 3
3 20
1 29 80 394017086
3 14
3 31
1 46 56 -68262794
1 9 20 -955035391
