0 10
18 69 8 500
2 6
6 10
5 15
1 9
6 12
13 17
9 14
5 17
12 15
2 3
3 12
8 15
8 16
1 10
5 10
6 18
3 18
3 11
8 12
7 15
11 16
14 16
8 17
6 9
3 13
7 10
7 17
3 17
6 15
7 9
7 14
3 10
17 18
1 17
2 11
4 15
14 17
4 11
10 16
9 16
1 16
5 9
3 8
16 17
10 15
1 3
3 9
5 6
3 15
6 11
2 14
1 18
4 16
8 13
4 14
10 14
6 16
2 8
7 13
3 16
5 12
9 17
9 11
5 7
10 18
7 11
9 10
4 8
9 15
18 77 12 500
1 18
11 17
5 18
2 5
11 12
4 8
4 12
8 10
11 16
15 18
17 18
7 14
7 16
10 15
6 18
12 14
1 2
12 16
1 16
2 16
3 7
8 13
13 14
14 18
5 8
13 16
3 13
9 13
3 12
2 17
12 15
8 14
15 17
14 16
2 4
9 14
10 17
6 11
4 7
14 15
2 6
9 15
16 17
4 11
7 9
7 15
10 13
10 18
6 7
11 13
8 9
10 16
3 6
4 17
6 8
3 4
15 16
9 12
14 17
7 13
8 16
4 18
2 13
1 7
11 18
6 9
6 17
1 5
3 14
2 11
5 17
5 15
4 13
6 12
6 14
2 9
2 8
17 65 8 500
5 6
3 14
6 12
14 15
1 2
7 15
10 16
15 17
2 14
2 15
8 17
4 6
10 17
1 17
2 12
3 17
7 14
6 14
12 13
13 16
15 16
14 17
14 16
3 4
6 11
9 13
3 9
5 12
1 6
4 16
4 11
5 14
7 10
2 5
1 11
1 14
2 7
13 15
5 11
12 15
4 13
8 11
3 16
2 6
10 12
1 3
1 4
9 11
3 13
5 8
9 17
8 15
6 16
8 14
10 14
9 12
6 10
7 12
7 17
3 7
11 15
11 17
13 17
8 13
3 15
16 59 12 500
1 5
7 16
4 16
6 13
12 14
7 12
5 16
7 11
4 14
8 9
10 11
5 8
4 9
5 12
2 9
6 15
1 2
11 12
3 9
6 14
9 14
2 5
2 12
2 15
3 7
2 8
4 12
4 11
3 12
1 15
11 16
8 15
4 6
6 12
11 14
12 16
1 14
9 16
10 12
9 12
9 10
3 10
5 10
3 11
6 8
7 13
1 7
5 9
13 14
12 15
3 6
6 11
6 7
14 16
14 15
1 16
4 8
5 11
6 9
18 73 12 500
14 16
13 18
1 13
11 13
3 18
5 8
1 15
12 14
8 11
3 14
4 7
1 16
2 4
5 11
3 7
5 10
1 9
7 15
10 13
4 12
7 9
1 17
12 15
2 10
5 18
14 15
7 10
9 15
14 17
10 15
4 6
6 16
12 13
3 12
3 11
4 10
1 14
11 14
10 14
7 13
16 18
1 11
10 18
7 12
8 18
2 16
6 9
12 16
7 8
13 14
1 6
6 18
3 13
17 18
9 11
15 16
6 13
3 8
8 13
2 5
10 12
5 16
3 4
2 14
1 10
14 18
8 12
2 7
9 17
8 17
4 15
4 14
4 17
18 79 14 500
2 14
15 18
5 7
1 3
7 16
1 14
11 15
8 14
2 13
17 18
5 16
10 12
9 16
2 7
5 9
12 15
9 14
3 15
5 11
6 18
1 4
1 5
14 17
3 6
3 11
3 12
3 4
2 8
3 5
5 12
2 4
7 17
5 8
12 13
13 16
6 15
4 10
3 7
13 15
8 13
9 17
1 7
8 9
7 14
10 11
1 6
4 12
6 9
8 18
16 17
5 6
11 16
8 17
7 13
10 17
4 11
5 13
12 16
15 16
2 16
2 3
6 16
10 18
4 6
5 10
3 14
4 18
11 18
14 15
2 5
4 17
16 18
4 13
2 10
1 13
8 11
13 18
9 11
9 15
18 45 7 500
9 18
3 16
3 11
2 9
1 17
8 17
17 18
9 11
15 16
14 15
6 10
3 6
13 17
1 6
5 10
3 18
6 7
7 12
3 9
8 12
6 8
1 14
2 6
4 11
2 17
4 17
5 14
1 10
3 8
8 15
8 9
15 18
1 9
1 15
9 17
6 13
12 18
10 15
6 18
3 5
2 4
3 13
2 12
3 7
5 16
18 74 5 500
7 15
2 17
9 15
2 8
12 13
8 18
4 7
2 6
7 18
14 17
14 15
4 14
12 17
4 16
10 18
7 13
7 12
2 4
4 10
12 14
1 17
5 18
1 4
6 11
5 12
6 8
9 13
15 18
6 15
12 16
7 9
15 17
11 17
9 10
5 16
3 14
9 17
1 5
16 18
6 9
9 16
10 15
5 7
2 9
6 17
5 9
10 13
11 16
3 13
8 13
1 15
3 9
5 17
2 11
1 12
2 10
4 6
13 18
13 16
8 14
3 16
5 11
4 18
1 2
2 16
13 15
2 14
5 8
10 16
7 17
2 15
12 15
4 15
11 12
18 76 9 500
2 15
15 17
5 8
1 10
3 12
10 16
14 17
10 17
4 10
7 13
8 12
6 16
3 7
2 13
4 7
15 18
5 11
6 14
14 16
13 14
12 18
2 3
2 6
2 17
3 16
3 13
13 18
1 12
2 11
1 15
9 15
9 13
4 8
14 18
3 4
9 10
8 11
1 3
3 14
8 15
7 16
12 13
6 10
9 14
10 15
2 16
5 16
2 7
2 5
6 8
11 13
7 12
1 9
11 14
11 15
4 5
4 18
7 9
5 18
4 14
1 8
4 12
6 9
4 6
13 15
1 13
5 13
6 13
9 16
11 17
3 17
13 16
2 9
12 17
2 12
6 18
18 77 9 500
6 17
1 13
6 9
11 16
5 10
12 13
8 12
9 10
8 17
5 13
10 14
7 13
12 14
2 17
10 15
13 14
11 17
11 18
6 13
2 10
7 17
2 9
14 18
10 11
6 7
9 14
2 13
14 17
9 15
7 9
3 5
8 16
10 12
7 12
11 14
1 3
12 17
1 8
2 8
11 12
4 8
12 15
3 10
4 15
8 13
15 17
14 16
12 18
3 12
1 5
3 14
1 12
7 10
3 15
5 14
8 18
2 7
3 9
7 18
4 5
2 11
3 13
3 8
6 18
5 12
4 16
6 10
7 15
7 11
13 17
1 14
5 17
3 11
2 14
6 15
9 11
6 8
