0 10
70 1175 8 2415
1 15
11 59
2 9
9 64
2 17
11 51
2 51
31 32
17 63
23 58
13 60
22 29
45 53
4 35
36 65
6 70
43 55
46 59
5 60
44 45
66 68
30 41
37 41
50 56
19 38
55 59
33 37
18 22
4 38
46 49
12 19
63 65
34 37
6 46
28 67
7 60
22 52
26 32
2 65
26 56
43 49
48 50
20 36
3 46
8 58
40 55
12 46
1 61
45 52
41 68
23 59
28 60
21 40
19 51
17 70
50 60
16 61
11 15
2 28
57 61
58 63
4 14
13 70
56 61
35 50
27 32
16 37
17 34
37 38
44 55
40 65
21 42
2 3
7 21
56 57
29 61
20 48
38 40
34 59
7 38
5 61
10 16
58 60
4 54
7 68
24 35
3 12
8 41
24 44
14 41
6 63
17 65
35 65
32 52
13 44
27 41
23 26
1 6
18 57
35 45
13 25
54 59
48 61
24 42
52 55
54 68
7 17
23 39
64 66
56 66
6 7
29 36
59 65
32 55
12 33
32 59
31 68
4 5
19 60
55 57
15 56
32 47
6 26
10 25
16 52
31 42
55 58
52 65
17 55
14 61
30 37
61 68
5 35
27 33
18 30
45 49
43 70
25 48
16 26
49 54
20 30
5 37
5 33
17 33
6 51
25 38
6 10
43 58
17 19
32 40
44 67
10 14
44 65
13 36
28 56
49 52
16 68
24 55
31 67
35 48
20 55
13 29
21 68
38 68
2 50
15 54
30 31
29 42
38 57
4 30
34 70
28 53
32 48
5 9
30 52
25 26
36 47
44 68
9 13
15 20
5 49
21 60
33 45
20 43
63 67
3 18
6 55
1 47
36 41
30 58
34 63
2 37
11 63
36 68
6 39
12 30
28 65
2 40
16 49
28 54
58 59
46 55
27 31
20 65
25 46
19 30
23 25
27 64
39 68
15 31
2 60
36 67
23 41
6 19
37 43
10 33
1 53
25 60
10 56
48 69
3 21
5 66
21 69
14 44
9 39
50 59
47 69
57 64
36 70
8 61
22 36
19 37
47 49
8 57
41 67
11 35
15 26
9 34
13 15
25 64
23 35
20 56
61 69
23 46
30 32
1 66
1 44
25 43
30 53
39 43
1 60
25 56
27 30
57 65
13 57
13 26
8 56
7 13
3 52
5 57
18 47
7 32
44 47
20 58
17 30
2 68
20 37
37 49
16 59
4 11
29 31
14 17
7 31
24 46
24 51
2 6
11 69
18 42
19 65
37 47
38 55
31 38
28 37
24 30
14 46
15 44
19 48
3 55
15 49
44 53
13 47
13 42
33 66
9 15
55 70
28 57
10 27
2 34
58 67
38 43
6 33
1 25
13 62
17 52
1 57
47 50
26 51
21 58
22 61
10 24
17 40
5 63
8 24
2 46
42 55
41 44
23 44
36 39
33 49
41 45
37 46
50 55
26 37
24 43
14 51
33 67
43 66
60 70
6 25
2 13
39 42
26 34
10 12
29 45
4 41
12 63
27 35
14 43
20 34
21 32
16 69
6 37
16 45
42 64
41 70
11 26
5 55
5 56
52 56
17 28
13 68
38 58
57 59
16 41
46 56
56 68
32 35
25 57
5 10
17 66
17 53
29 64
43 53
10 60
3 65
62 64
49 56
17 59
7 9
11 58
51 57
56 65
47 58
8 19
5 46
32 60
1 24
43 44
32 64
27 36
29 55
27 46
21 57
58 65
20 27
52 58
14 48
22 54
50 57
26 29
8 54
23 61
15 68
21 31
18 23
40 42
6 59
35 63
17 20
22 65
37 50
4 40
35 39
25 31
5 53
22 37
13 59
25 47
9 23
6 50
24 41
40 52
4 15
18 41
23 37
16 24
8 69
52 54
1 4
4 34
40 66
38 46
3 50
7 53
6 12
21 38
6 32
59 66
34 65
34 52
21 26
58 61
10 13
2 30
13 32
12 60
52 70
2 14
18 25
16 22
21 29
3 34
55 65
16 48
29 54
33 61
12 62
10 19
8 59
3 53
21 39
14 39
11 38
23 42
8 70
6 40
26 53
5 27
45 62
28 62
36 51
28 38
28 45
21 34
34 38
11 50
26 67
46 54
9 20
36 49
14 49
39 51
33 58
17 31
45 60
26 59
14 25
6 22
39 54
37 67
23 45
19 47
8 30
60 62
14 18
7 50
40 43
4 45
21 44
34 51
10 28
16 47
27 68
32 70
36 48
30 42
28 58
19 57
17 67
36 55
65 68
33 68
23 64
10 11
35 55
52 63
15 22
15 17
41 43
45 47
31 46
21 48
16 43
38 66
19 55
31 51
12 44
35 70
5 23
10 63
4 36
54 61
5 39
12 67
2 23
27 58
33 62
13 49
15 38
6 60
20 53
44 56
3 58
10 38
37 52
47 55
9 58
7 46
48 65
25 50
18 59
7 34
19 50
10 44
33 70
15 46
13 63
31 69
4 68
10 68
6 61
32 39
35 53
10 49
13 31
1 14
6 53
20 69
13 51
9 46
21 64
9 55
59 68
19 28
3 47
44 52
29 46
30 54
9 68
2 15
5 6
7 66
34 45
10 57
11 62
18 56
42 60
15 27
36 43
50 67
56 70
28 68
10 53
41 49
3 68
5 22
11 13
37 51
11 16
4 48
50 58
9 12
18 69
14 38
15 36
62 67
7 29
26 52
6 68
29 48
33 59
4 61
47 48
14 60
22 59
5 47
6 20
16 21
18 32
3 66
17 21
7 26
25 52
2 11
22 70
3 19
34 58
1 38
26 66
40 56
37 40
2 57
51 66
18 67
14 34
52 64
32 41
42 57
16 19
15 41
45 54
44 58
20 61
11 61
42 65
15 47
11 64
10 62
18 63
46 61
2 55
11 47
11 41
6 56
13 48
52 69
15 58
8 18
8 53
22 34
4 70
28 59
27 38
40 53
6 34
17 39
8 52
6 41
20 21
8 44
10 18
9 27
12 29
6 58
38 63
22 28
15 28
1 64
22 53
23 30
9 47
23 47
11 25
11 39
8 12
10 29
4 28
27 29
43 57
44 46
29 70
22 56
41 46
7 35
29 60
54 57
9 33
33 51
32 58
50 61
36 69
14 15
46 57
29 53
6 44
13 28
54 63
9 18
6 43
28 39
7 69
12 69
17 35
11 60
24 60
35 38
19 58
1 34
11 17
6 8
45 63
55 63
28 46
47 63
17 60
4 42
20 33
52 61
25 54
11 24
28 43
5 13
2 27
14 55
2 32
4 7
3 51
19 36
2 31
47 53
51 60
40 49
22 67
22 44
42 70
12 21
5 11
31 49
46 60
13 35
47 65
19 39
57 62
69 70
32 49
20 25
9 51
25 39
22 23
34 67
53 70
48 67
36 52
8 25
4 27
36 61
43 69
23 34
46 69
60 67
20 22
44 49
1 29
19 62
43 61
24 32
12 52
46 64
17 38
46 52
15 18
16 17
13 54
23 36
8 16
33 41
61 65
27 34
1 45
55 64
11 36
14 29
38 53
46 65
18 38
19 33
24 28
34 40
35 57
5 32
19 25
16 65
28 33
64 67
46 66
7 44
54 60
9 35
50 69
11 30
35 54
19 44
2 26
4 65
11 44
27 65
27 66
53 57
1 55
8 68
28 35
2 21
7 57
14 62
35 58
41 65
9 67
37 48
40 61
13 64
65 70
49 63
30 47
17 64
44 63
27 60
18 29
11 14
51 64
36 45
17 61
6 54
23 56
34 47
3 15
32 43
3 11
12 43
33 47
1 3
26 70
14 52
9 11
15 30
17 26
29 57
1 51
26 55
33 64
3 38
51 58
23 57
15 60
13 55
44 69
18 46
2 19
20 70
56 59
40 48
22 62
33 57
33 50
60 63
68 70
57 58
10 67
21 24
2 48
3 33
1 11
24 61
3 37
16 36
3 62
46 47
48 68
15 43
32 57
30 34
14 53
24 54
51 69
32 34
49 68
42 48
30 61
21 37
48 49
48 58
8 33
21 61
26 48
34 36
39 60
14 45
41 60
20 23
23 51
16 57
1 8
17 51
16 50
7 48
35 36
8 15
9 14
6 36
45 59
66 70
12 51
15 34
30 45
4 67
48 53
18 21
10 30
60 68
31 45
10 66
1 41
19 52
8 39
24 48
37 44
34 60
8 37
35 67
36 37
33 55
24 67
43 68
30 46
35 40
38 67
45 66
9 61
27 69
2 22
17 27
21 25
13 69
46 58
8 50
49 70
23 60
1 33
7 39
6 62
16 54
14 66
29 41
32 53
6 42
6 38
9 28
31 60
13 41
13 66
8 17
38 45
15 65
10 41
5 12
42 44
38 60
27 44
40 51
7 45
42 66
32 33
1 50
9 63
15 33
18 19
37 65
21 52
19 23
2 41
4 43
25 68
8 62
37 61
47 62
16 67
23 62
30 51
54 64
8 36
62 66
29 59
39 58
41 53
14 65
27 47
36 64
4 46
9 10
62 69
40 60
14 35
39 61
8 42
1 21
53 59
19 59
55 56
12 36
7 55
42 61
6 13
4 62
39 67
21 70
5 18
22 58
42 56
11 21
5 34
1 13
14 58
57 68
14 40
20 62
13 20
25 33
9 22
28 52
33 56
5 36
9 65
13 34
34 42
41 63
42 51
25 32
10 34
34 68
19 54
11 33
29 68
34 66
3 27
21 27
52 60
53 67
19 21
5 28
43 54
28 64
24 53
34 43
7 54
33 54
17 46
34 61
22 57
61 66
36 58
29 56
8 21
16 33
5 62
5 64
10 52
13 27
20 28
53 54
10 20
33 69
22 42
20 40
32 36
36 60
42 59
36 56
44 51
6 16
2 59
9 40
25 59
24 36
38 51
4 47
49 57
53 62
38 56
4 26
51 65
31 66
5 20
31 54
10 23
47 60
32 54
12 68
41 56
16 34
4 25
12 18
15 52
19 70
7 62
13 43
8 60
12 55
25 29
2 52
16 56
12 24
11 20
7 23
59 63
29 69
18 44
16 40
44 66
13 38
53 64
22 30
22 51
39 41
8 63
18 66
9 32
30 64
24 59
42 67
19 46
26 33
39 47
23 40
56 67
25 40
18 24
32 61
21 53
15 35
16 46
54 58
4 31
50 66
63 69
25 28
8 38
43 60
31 55
15 67
11 23
16 20
26 63
39 45
1 37
16 66
5 59
51 56
23 66
29 30
10 40
6 64
13 53
8 40
13 33
24 50
45 70
59 60
28 29
11 28
45 69
34 62
28 61
28 66
26 65
48 59
23 33
70 1203 12 2415
42 45
3 42
17 47
12 62
11 35
39 65
25 51
18 31
37 60
36 45
3 31
26 66
23 57
29 70
40 60
10 25
25 36
2 36
43 57
41 50
34 51
56 64
39 43
1 25
26 34
31 69
17 58
4 63
58 61
30 32
36 40
14 38
40 51
16 22
45 67
6 33
3 50
22 65
25 53
8 9
37 70
10 47
20 56
3 4
15 27
22 59
21 35
28 29
2 56
1 36
15 16
44 68
39 53
5 55
33 52
20 45
10 60
10 17
47 49
9 67
7 57
11 17
24 49
49 50
36 49
15 65
4 58
56 57
9 49
29 54
54 66
2 35
43 64
46 64
14 16
46 57
36 64
49 58
8 62
60 64
44 59
3 58
50 64
1 68
19 24
31 70
16 42
30 63
12 48
1 8
44 56
9 34
8 19
55 61
17 60
5 14
8 11
1 26
36 67
28 49
36 60
13 26
24 38
37 51
32 39
3 65
26 56
5 46
5 17
13 63
20 67
26 67
26 33
68 69
37 56
14 19
17 50
28 70
20 24
11 41
8 43
2 25
7 70
9 60
32 57
2 10
59 60
41 45
6 25
42 64
12 43
8 61
37 38
45 57
14 65
36 57
16 55
45 70
10 52
29 69
41 69
62 64
51 66
14 23
5 42
22 31
5 27
54 64
14 45
61 62
15 49
13 32
12 52
56 68
27 42
22 42
4 64
25 47
18 33
26 43
16 24
20 46
3 70
45 54
27 31
17 18
34 41
7 66
12 28
28 63
3 32
1 67
57 61
2 5
15 28
58 68
49 53
6 43
8 31
1 9
42 61
29 45
35 61
21 65
34 62
45 60
36 50
60 70
3 16
33 62
6 27
23 68
7 55
1 63
54 69
41 48
10 59
36 51
20 37
9 13
35 60
1 14
39 58
51 55
52 56
45 68
33 59
15 61
41 61
46 66
5 26
48 62
1 60
14 60
13 23
9 16
11 48
10 20
8 24
66 67
17 43
15 36
7 53
12 59
11 16
14 70
12 57
17 67
25 29
37 57
8 69
25 43
39 64
21 49
21 62
3 60
43 55
30 53
29 31
53 68
56 62
22 27
32 42
36 63
15 39
3 9
3 6
15 47
41 63
7 61
7 68
25 42
17 19
37 48
7 8
64 67
51 69
47 58
41 64
39 55
38 65
6 50
2 17
31 56
18 53
28 60
61 70
31 46
3 39
22 58
41 56
64 66
53 70
7 24
10 62
2 44
12 51
23 40
34 56
35 58
16 47
4 13
30 68
45 53
20 70
40 46
36 61
8 58
18 63
16 69
44 49
27 40
7 54
17 32
4 54
5 65
12 63
33 57
20 36
18 21
16 28
4 52
24 35
4 26
23 50
7 26
60 63
14 15
32 37
47 56
58 69
27 63
5 31
20 60
8 68
11 23
16 19
68 70
6 53
29 62
35 70
34 48
40 63
27 54
20 54
4 29
12 49
11 14
8 46
67 68
3 21
16 65
7 51
19 27
26 35
13 39
38 49
7 25
3 34
14 53
50 53
39 69
13 53
14 21
11 43
14 55
31 53
10 68
43 58
32 41
9 48
42 59
47 54
12 37
57 60
23 67
32 54
14 68
20 57
2 20
9 17
16 52
48 64
1 32
32 38
13 35
4 45
3 46
21 46
46 53
16 49
5 18
54 61
26 31
5 58
28 43
23 52
34 54
19 56
1 16
53 66
40 42
1 38
47 63
12 25
56 65
50 61
54 55
5 6
54 56
36 43
36 44
10 19
57 65
36 54
43 46
21 63
19 45
16 64
53 67
50 59
52 57
2 30
24 63
23 39
2 49
14 29
35 48
7 56
30 35
8 55
5 25
26 39
4 60
6 12
11 36
40 59
9 65
44 61
50 54
53 65
49 64
42 43
52 67
43 54
13 65
16 18
8 41
30 51
36 69
27 57
5 16
7 32
2 59
17 37
12 53
26 52
21 67
18 54
2 42
18 20
20 29
24 66
10 15
3 45
63 69
11 45
56 70
44 46
1 48
4 66
3 66
2 18
17 34
21 45
42 68
47 62
14 31
65 67
37 45
18 49
16 38
49 57
34 55
1 40
10 36
32 49
6 17
26 53
31 50
20 30
36 59
42 52
8 29
12 45
15 43
1 59
5 38
35 46
48 70
26 50
34 45
34 43
2 47
14 51
18 30
1 15
49 54
37 55
10 35
16 56
26 68
15 50
5 59
23 24
5 36
19 32
20 59
39 59
60 66
41 49
19 49
31 39
17 64
2 22
7 10
20 39
10 37
4 67
20 43
12 16
14 42
41 70
40 55
13 46
11 34
21 42
48 51
15 35
4 20
17 51
4 39
8 70
53 63
7 50
2 64
39 44
12 38
23 41
36 37
30 34
18 41
51 70
28 54
20 65
46 58
38 54
12 29
48 67
17 39
7 20
11 21
20 26
37 69
35 55
38 57
10 28
9 52
6 21
35 42
29 64
23 29
7 48
18 29
41 66
6 51
43 56
8 23
19 20
59 61
8 47
6 49
6 47
39 68
21 61
53 56
14 66
28 56
34 70
22 38
13 48
2 55
42 58
57 58
2 67
3 22
24 27
32 33
53 60
42 62
9 25
16 50
33 70
11 42
9 12
43 65
29 68
39 54
47 60
26 55
22 29
6 62
40 56
19 28
26 29
23 27
23 53
28 37
46 50
52 70
31 55
43 59
3 24
61 64
47 57
57 70
2 21
39 61
43 48
33 34
25 68
36 70
42 65
1 35
35 43
48 50
29 61
28 30
27 51
3 13
9 26
64 69
23 63
4 21
7 44
4 5
6 68
35 69
11 63
4 32
21 39
52 55
54 58
49 51
7 23
14 17
1 53
33 49
14 46
13 41
6 32
51 57
10 33
58 60
10 14
29 52
47 65
33 36
20 40
21 57
8 38
13 14
51 59
19 34
30 59
28 64
1 50
17 62
10 16
43 66
19 64
21 37
9 43
4 47
6 66
51 54
11 51
37 50
17 63
30 54
14 41
52 60
47 52
5 45
50 63
25 35
20 34
5 54
30 48
1 44
26 45
3 55
9 39
36 47
15 34
23 31
7 64
3 44
9 19
53 55
21 54
34 67
23 47
16 44
16 57
37 40
33 46
24 56
46 52
23 36
37 65
37 49
27 49
6 22
22 28
2 24
11 57
13 30
40 52
7 40
2 70
49 55
45 62
28 55
24 44
64 70
11 26
31 47
4 61
30 40
2 16
1 17
6 54
28 44
45 51
35 39
1 34
12 26
40 44
17 44
6 67
15 52
24 32
4 59
3 67
40 58
2 9
8 18
39 70
21 24
30 36
26 63
18 42
23 61
27 39
29 63
30 33
13 24
42 53
18 38
9 36
46 63
24 33
5 60
8 39
19 39
39 66
38 58
37 41
9 20
3 61
31 62
7 35
46 59
5 23
10 61
39 48
7 19
4 30
45 56
19 61
27 43
23 33
1 64
4 18
48 68
32 59
17 55
32 51
36 38
17 66
12 22
9 21
2 46
13 18
6 65
9 58
12 32
5 56
8 22
4 51
3 25
40 48
8 57
9 56
17 61
30 52
18 23
58 70
25 69
69 70
7 69
26 48
4 44
42 57
15 32
11 60
48 56
25 63
56 69
39 67
22 52
18 52
11 39
23 34
15 63
55 58
1 24
41 65
66 70
20 63
23 43
33 39
15 40
18 27
32 48
49 66
9 18
6 58
8 33
14 18
26 47
22 60
24 37
16 67
57 66
34 66
15 45
35 65
5 64
58 66
31 48
14 58
17 56
46 65
15 24
8 50
8 21
1 62
26 60
22 33
6 35
45 48
19 26
33 56
58 59
18 58
40 41
12 67
2 57
8 45
6 15
2 52
13 67
29 43
3 27
19 68
8 26
11 44
41 54
1 46
29 44
6 63
23 26
19 33
33 65
27 46
60 67
14 35
9 51
14 22
61 69
42 56
10 13
22 41
11 28
13 54
15 19
32 44
26 54
57 67
29 65
1 30
18 45
28 45
8 34
37 61
15 30
50 57
12 66
23 54
38 66
38 55
31 35
1 66
7 60
36 66
20 62
6 57
16 48
22 57
3 35
8 67
19 29
41 62
9 45
16 58
25 41
20 50
26 41
15 42
16 36
4 19
58 62
38 69
63 65
18 26
56 59
38 39
5 63
25 44
25 40
64 68
3 11
50 58
34 63
34 69
3 19
20 53
35 38
51 53
23 35
35 66
5 47
43 45
63 70
38 48
8 42
28 39
43 50
40 61
13 34
51 65
32 45
34 36
12 40
41 59
27 47
23 46
29 59
57 59
62 67
10 31
34 61
57 64
8 20
7 39
38 43
52 58
13 45
34 35
5 49
37 62
9 68
4 41
15 18
10 53
11 67
22 51
24 25
52 59
21 34
2 58
35 59
44 65
19 59
31 44
7 58
19 44
4 42
65 69
19 43
7 14
4 31
19 36
57 62
31 43
32 63
34 40
60 69
15 53
50 69
38 42
38 52
26 36
16 62
47 53
13 55
12 21
3 20
26 65
19 52
20 27
1 4
6 40
7 17
36 55
41 60
2 33
24 57
29 41
14 64
26 69
40 53
22 39
44 58
1 51
12 68
59 69
65 66
11 18
11 58
1 70
44 53
59 65
5 62
29 60
7 42
45 50
11 50
6 20
11 40
5 12
30 46
5 37
23 65
20 21
1 18
11 47
30 39
7 43
22 47
23 51
3 8
8 40
18 25
9 29
19 62
7 9
7 16
32 36
17 35
44 62
6 36
2 14
18 50
11 25
27 30
13 68
35 37
43 63
21 22
8 15
50 70
37 44
16 41
62 63
14 25
2 23
28 66
32 65
17 69
17 33
24 28
39 42
14 37
14 40
25 31
1 2
27 29
33 69
25 56
25 37
49 52
29 67
52 64
32 40
39 46
15 48
66 69
4 8
22 54
12 36
15 25
24 65
37 47
3 54
8 49
30 45
22 68
17 59
13 61
24 50
24 26
6 10
48 49
51 61
1 3
30 61
35 68
22 35
31 51
44 48
34 58
4 40
6 38
12 41
17 24
29 48
59 64
18 60
40 66
18 44
7 31
57 68
2 65
1 31
33 50
9 33
2 45
22 34
38 68
31 63
45 61
19 53
10 32
50 56
60 62
32 68
58 65
16 31
25 27
12 65
34 42
33 51
1 42
1 37
21 29
36 58
17 29
29 42
6 29
41 57
37 43
56 58
2 69
5 40
65 70
30 62
16 61
33 35
6 26
19 58
31 57
11 70
19 35
14 39
4 22
20 48
20 38
17 25
30 44
3 53
60 61
5 44
27 48
3 36
45 64
33 53
29 46
8 66
28 31
47 61
5 35
7 37
38 51
18 47
3 33
36 68
33 41
38 44
30 69
18 22
69 1161 28 2346
24 65
9 53
28 53
13 17
14 66
28 62
32 60
53 59
19 46
18 59
29 31
12 53
31 61
16 24
56 61
23 59
2 14
13 44
34 68
45 60
56 69
9 65
22 43
30 55
33 60
17 32
12 58
7 63
46 65
47 60
33 66
3 12
6 51
19 49
21 68
17 22
38 45
21 47
2 30
15 27
51 55
10 30
5 52
5 18
46 56
12 40
40 48
16 52
43 65
57 62
29 30
22 53
15 28
21 31
20 34
1 40
8 27
47 51
10 17
19 63
18 49
63 67
43 58
8 23
24 41
3 68
42 43
1 25
38 64
41 48
18 68
54 56
29 34
24 46
38 47
42 67
42 66
19 23
40 50
8 46
24 62
45 61
9 33
40 60
2 23
7 19
36 58
28 37
3 66
16 58
21 27
4 64
21 59
52 59
24 50
60 61
3 22
13 40
4 11
24 32
4 8
7 46
34 48
36 49
10 53
14 42
7 15
41 42
12 64
45 62
17 52
23 54
13 62
50 64
34 55
28 68
59 61
28 44
48 69
54 58
9 30
63 68
49 53
15 16
5 20
9 63
36 53
35 39
12 34
5 12
20 28
8 53
1 41
9 52
18 32
45 59
32 65
47 62
1 30
33 42
7 13
59 65
16 45
2 18
1 9
32 62
27 63
41 49
6 63
36 55
20 64
19 42
17 43
17 23
24 56
2 51
7 31
27 52
29 57
46 67
15 52
19 34
14 38
41 45
12 43
14 17
31 58
4 41
38 62
19 43
4 66
5 37
24 54
32 35
33 50
19 56
24 33
51 56
12 38
14 43
47 49
28 57
60 64
9 51
18 40
14 33
34 58
15 44
22 36
16 47
37 66
18 53
2 62
41 47
36 51
38 51
29 66
32 67
6 22
7 51
9 67
39 55
17 67
3 41
42 48
32 66
11 41
15 63
3 20
61 62
19 53
65 68
43 67
28 61
23 32
6 21
14 15
7 58
11 61
37 64
26 40
6 56
39 61
34 57
30 39
2 41
5 38
46 68
16 36
43 51
20 46
14 50
17 24
17 42
46 58
54 59
30 49
23 69
17 36
15 37
41 53
6 46
1 65
18 25
2 13
57 60
25 42
45 57
4 68
5 68
20 30
44 60
13 47
8 39
28 50
10 54
10 16
22 48
11 47
9 24
42 44
8 19
18 26
33 56
16 27
8 54
25 27
9 34
27 68
13 48
27 59
28 56
21 34
17 44
26 56
31 50
15 33
6 64
15 36
62 66
35 60
13 32
15 60
14 26
41 62
30 44
10 27
4 34
47 69
35 57
12 50
5 14
50 65
7 52
37 53
3 25
5 30
16 69
35 50
2 60
34 53
1 4
1 43
43 50
20 50
15 65
1 11
6 30
13 59
39 49
39 50
12 16
39 41
3 13
7 42
58 64
12 68
6 55
5 45
23 34
8 35
22 54
30 51
9 57
17 56
26 37
21 69
25 48
16 22
47 57
19 37
13 67
39 51
65 69
6 45
53 60
60 62
30 33
22 46
40 65
43 63
2 54
11 22
18 36
8 33
5 25
19 21
11 54
33 34
34 44
49 54
14 54
26 36
27 54
39 67
4 56
10 28
3 18
13 20
29 33
24 26
8 67
23 36
34 63
8 41
17 47
3 67
40 69
10 69
38 46
5 28
29 68
5 60
3 53
18 46
22 27
14 39
9 16
16 29
4 46
27 38
48 58
27 32
9 62
51 60
12 13
22 37
26 50
22 23
15 20
12 56
6 35
25 49
9 11
3 52
48 57
13 69
38 44
29 35
11 64
28 32
2 68
28 52
18 69
1 32
27 47
8 56
27 33
26 51
16 28
9 43
18 44
7 69
10 29
6 12
21 53
10 48
5 50
17 29
45 55
27 58
56 63
7 47
13 52
34 47
43 45
17 49
2 4
44 54
46 52
24 30
35 62
22 29
44 61
51 64
50 59
23 26
41 66
24 68
40 53
23 27
5 6
9 35
29 54
13 29
26 67
43 59
12 52
13 34
44 62
11 13
9 64
33 58
9 46
30 41
43 60
8 42
14 36
56 66
24 49
21 40
38 63
4 39
31 54
39 59
19 54
1 10
13 30
7 59
2 22
4 50
59 60
2 40
53 55
5 16
23 51
9 42
15 57
30 63
61 69
53 64
33 69
21 41
38 39
46 63
63 66
6 67
50 56
16 42
35 45
8 65
30 59
4 62
9 13
45 64
27 30
17 61
1 19
12 14
14 60
32 55
49 65
11 18
1 36
51 57
19 65
51 62
13 36
36 38
47 65
7 23
33 55
15 32
23 38
14 27
28 65
28 51
7 53
28 54
1 18
25 66
1 55
9 37
42 69
38 59
23 42
35 58
45 47
11 37
43 56
51 68
14 25
26 69
22 42
2 57
32 57
14 62
16 31
26 32
39 43
52 56
59 64
8 29
38 49
51 52
9 68
34 49
30 60
53 57
44 49
15 35
3 40
22 30
31 63
5 9
20 55
10 55
6 14
18 19
6 50
54 60
26 34
20 45
3 29
2 39
22 47
27 43
7 22
6 20
9 59
25 41
6 48
25 30
1 33
8 22
43 47
17 30
33 62
36 54
28 36
7 29
28 49
30 65
1 20
34 62
11 23
25 40
6 10
35 40
18 42
2 11
10 51
27 51
39 68
14 46
16 21
4 53
13 60
31 49
55 66
46 55
12 44
24 69
12 23
5 51
30 46
55 69
15 48
58 67
39 65
52 55
20 57
55 64
18 55
20 65
57 63
14 22
47 61
56 64
3 48
4 19
36 57
8 26
23 47
27 45
16 26
26 60
15 47
35 65
49 60
20 58
29 44
14 44
30 69
3 58
23 50
17 66
23 53
8 49
6 7
33 45
24 45
11 36
11 21
23 60
8 50
19 55
21 38
8 40
3 34
29 50
53 58
3 46
35 42
15 45
2 20
32 51
10 21
8 9
55 59
6 16
32 68
17 27
56 60
9 54
28 40
15 25
55 60
10 42
11 44
48 66
44 53
34 46
36 47
25 65
59 67
9 36
53 56
2 67
33 41
3 8
30 42
2 66
32 69
55 57
8 59
55 58
28 58
15 46
17 40
28 43
21 64
11 55
16 32
39 53
17 33
2 61
13 39
13 16
1 2
17 53
65 66
2 8
39 40
54 61
46 57
42 55
16 66
19 25
39 66
51 58
7 32
31 53
3 62
15 69
12 36
19 47
30 32
20 24
19 32
2 52
42 54
4 23
17 50
19 50
7 61
8 62
46 61
21 46
19 44
18 61
46 62
19 31
40 54
35 61
26 39
36 61
42 53
55 63
29 42
63 69
10 37
42 49
13 54
55 67
11 58
43 46
5 7
13 18
2 7
14 40
3 23
11 34
8 18
3 32
49 67
7 24
15 43
25 56
26 66
31 46
46 60
14 21
31 37
9 20
36 64
51 59
10 14
4 61
11 45
39 63
48 60
5 56
37 51
4 36
26 57
31 38
48 65
57 65
20 62
7 12
8 14
3 21
37 62
5 36
33 43
5 69
37 63
58 69
24 25
33 57
41 51
5 21
20 60
38 43
37 40
50 60
45 48
16 53
32 64
14 19
57 59
40 58
21 48
2 49
29 52
21 45
10 13
1 68
26 46
59 63
13 24
21 63
9 58
38 52
2 28
48 61
8 31
2 6
31 55
6 29
23 33
18 58
18 62
46 54
43 62
1 61
30 53
9 50
3 6
3 57
25 39
9 22
5 11
29 47
4 65
42 51
4 29
16 40
5 33
35 47
18 47
47 64
20 33
7 18
33 46
41 56
25 64
1 28
38 57
1 56
31 67
38 66
30 34
12 17
1 50
25 52
2 64
22 67
43 69
22 50
42 61
4 25
18 63
36 67
17 51
23 40
40 45
36 62
31 34
37 55
43 49
14 37
8 36
57 67
11 15
32 39
5 19
2 5
64 67
15 31
33 65
17 64
20 41
8 48
38 67
37 69
3 50
23 67
20 68
26 52
7 25
10 43
24 66
28 69
52 64
24 51
7 43
37 54
42 62
12 42
3 35
5 65
3 55
41 55
58 59
48 55
15 21
7 45
13 28
15 56
10 45
52 54
37 52
43 54
33 67
4 45
27 42
26 41
34 37
37 44
8 43
26 58
38 53
52 61
4 20
58 63
21 29
21 55
26 44
10 52
44 45
5 53
4 31
39 48
47 52
49 62
17 35
18 23
9 38
8 37
21 24
34 39
17 54
23 56
10 15
1 3
23 64
31 59
1 54
51 54
13 58
24 42
3 9
52 53
24 63
24 58
12 30
16 50
7 35
10 22
4 35
33 52
6 36
60 67
34 38
15 54
14 23
55 65
14 45
23 41
39 58
41 52
11 67
45 56
28 38
36 44
1 46
36 50
6 61
31 56
37 50
6 57
6 13
46 49
24 43
11 17
1 6
15 22
2 42
6 23
36 69
36 43
16 57
11 46
49 63
66 69
37 56
12 63
11 48
23 39
18 24
5 67
1 53
41 63
24 34
10 11
9 14
35 64
23 66
51 66
26 65
19 68
37 46
30 56
13 23
44 56
11 65
23 29
8 11
22 57
30 36
6 68
43 44
7 64
52 58
21 25
22 49
19 52
7 39
3 5
45 50
40 44
27 37
3 51
56 68
6 37
11 51
4 5
12 19
12 62
58 61
32 45
13 26
9 25
9 47
25 68
29 53
33 35
2 17
12 54
13 46
19 36
12 25
17 28
36 45
19 69
31 35
12 22
1 60
5 49
25 26
6 62
41 46
10 31
63 64
6 26
35 48
20 43
44 69
21 32
5 23
2 10
3 42
18 29
48 67
4 48
40 55
10 60
27 56
20 25
15 67
34 61
27 44
26 49
9 17
31 40
14 68
50 68
2 29
27 50
16 18
12 48
53 62
11 29
23 49
11 26
6 19
47 55
14 30
4 38
34 41
30 57
14 63
26 28
10 12
1 13
1 8
61 66
7 54
19 48
5 66
10 64
5 32
26 47
37 39
6 18
29 56
26 42
50 53
12 61
13 45
6 40
14 20
13 68
25 50
27 40
2 48
47 56
32 41
18 38
44 67
44 63
20 63
40 67
31 57
53 65
16 37
22 52
2 53
53 68
19 62
16 33
24 48
11 25
7 66
53 66
27 36
33 38
12 27
16 25
35 66
10 58
53 67
3 56
16 39
13 61
12 59
17 34
45 52
29 43
60 897 12 1770
49 54
8 10
12 37
24 56
17 58
17 41
34 58
31 37
38 59
34 48
19 23
36 40
18 43
49 50
26 46
10 12
31 55
20 46
7 55
50 51
29 58
19 53
19 35
7 39
25 27
29 52
25 28
34 47
7 35
15 41
46 56
33 45
37 47
39 55
5 57
13 56
29 47
3 20
32 48
4 25
3 12
10 33
55 57
27 55
15 39
22 24
11 53
17 23
15 20
2 23
22 52
37 39
15 31
26 43
4 59
28 44
44 54
3 33
15 35
52 60
55 56
5 40
25 35
6 60
43 48
37 52
56 60
26 42
27 53
35 41
24 36
30 49
33 56
10 37
23 36
3 32
17 26
2 32
1 22
4 38
16 34
38 48
38 55
31 43
25 26
17 30
24 32
3 30
16 30
12 13
16 47
29 46
2 8
7 50
28 48
22 26
2 30
35 52
10 19
53 57
16 45
8 23
17 27
25 30
1 23
11 54
2 43
1 21
4 28
4 13
7 37
29 41
6 56
20 35
8 47
24 50
10 57
3 42
3 22
2 47
22 58
27 51
15 24
45 58
47 52
3 39
1 39
24 25
5 59
3 18
9 30
8 50
9 36
13 38
5 50
8 42
40 56
37 54
12 39
20 44
8 27
7 43
5 24
30 55
1 42
13 33
9 39
15 36
16 41
12 22
23 39
20 21
48 53
1 30
12 32
7 11
25 47
39 48
30 46
19 59
21 60
11 40
5 30
4 44
11 19
11 59
18 49
5 25
31 41
32 33
7 8
13 60
21 50
25 60
3 60
43 57
17 21
19 54
39 49
30 32
41 45
39 45
4 24
34 39
18 30
23 46
2 46
17 54
43 44
49 53
35 37
58 60
35 56
19 34
28 45
21 58
24 47
45 47
19 60
7 21
6 49
24 35
47 59
17 60
10 48
14 35
22 31
19 21
30 42
28 46
39 46
39 57
10 54
12 35
26 47
35 50
21 39
23 55
24 44
45 55
1 12
15 49
6 11
27 40
8 36
17 37
14 44
59 60
5 9
6 23
11 55
10 20
6 52
39 53
10 50
14 38
13 39
4 32
2 53
30 40
46 60
14 27
22 39
22 57
12 56
17 36
13 27
18 38
20 36
3 45
25 38
2 45
26 50
12 38
17 57
30 36
4 20
4 51
26 32
7 33
14 60
29 53
9 11
13 21
26 53
50 60
21 41
3 25
9 45
4 35
3 6
40 53
12 50
34 35
33 44
11 23
21 51
39 44
20 58
54 56
7 60
3 44
45 46
3 11
1 41
5 29
7 14
16 29
13 57
28 55
18 46
11 14
30 59
7 52
30 54
36 54
57 59
10 44
19 47
12 21
1 3
44 45
27 58
22 50
7 32
32 54
8 14
44 53
10 36
54 57
20 47
3 14
36 58
4 11
8 16
10 26
3 50
6 43
14 34
46 59
13 18
1 9
23 44
46 48
2 7
22 59
38 42
12 48
5 12
29 49
44 51
8 55
7 49
24 30
27 56
14 28
6 38
34 51
41 55
4 21
13 49
26 30
16 24
26 39
12 26
37 59
19 36
35 47
48 59
42 56
28 31
9 54
17 53
15 45
8 9
21 55
29 59
38 39
34 54
32 40
14 30
24 52
5 11
8 18
12 18
2 56
29 54
29 33
25 55
42 43
17 50
34 52
7 47
14 37
3 56
34 53
10 18
42 46
36 47
25 31
20 41
23 34
32 59
24 60
37 42
27 34
15 40
20 51
22 46
49 58
20 43
19 29
26 49
17 25
20 40
3 51
8 43
17 42
42 44
7 13
1 35
18 25
7 23
40 57
10 55
23 48
12 43
47 50
9 60
6 30
6 34
2 35
52 55
14 51
3 35
16 52
36 49
11 34
2 18
19 27
9 46
7 20
35 43
4 17
11 17
15 23
3 28
1 53
15 58
15 16
13 37
39 51
19 51
31 46
1 55
42 48
10 14
17 52
2 44
15 47
27 31
15 26
32 39
31 32
9 41
16 51
5 17
35 54
15 53
41 48
23 38
10 24
10 53
28 58
35 36
11 60
14 16
22 51
3 16
2 55
47 54
14 21
7 10
21 36
51 58
41 58
45 53
6 18
3 19
28 37
34 38
30 35
2 48
15 29
11 15
17 24
3 43
26 38
27 46
7 27
8 24
28 53
45 57
56 57
9 32
44 58
13 35
51 53
5 6
17 18
18 57
4 48
52 54
31 42
35 38
3 31
45 50
30 58
2 6
15 22
38 54
15 57
12 34
16 43
25 57
24 53
36 46
13 43
10 35
32 52
25 45
11 18
32 58
21 45
13 51
34 43
14 15
21 37
9 55
13 45
34 45
49 55
33 57
52 57
50 54
35 59
21 40
30 56
2 52
18 60
48 60
2 31
20 34
12 25
28 38
21 29
27 45
29 34
15 27
5 42
11 31
16 53
36 51
5 20
1 32
16 17
13 52
43 50
1 20
27 28
12 51
26 55
19 38
14 18
5 38
11 57
1 14
12 47
3 24
11 47
15 51
36 43
27 29
6 7
1 46
4 55
28 29
4 37
49 56
40 46
40 41
1 25
8 48
10 47
10 40
31 54
10 25
8 20
26 36
15 28
14 33
20 32
42 60
16 40
10 59
18 21
27 39
18 45
17 46
35 39
24 46
18 32
25 34
11 37
10 56
33 59
8 22
3 49
9 58
18 37
5 49
5 58
29 60
6 14
10 29
3 4
10 51
43 55
33 35
3 8
3 46
26 31
5 33
19 55
49 60
3 52
26 45
20 49
18 31
58 59
29 56
18 54
7 59
15 59
18 22
14 24
20 48
7 24
43 45
18 27
48 55
27 57
33 40
1 15
25 46
23 37
21 42
55 60
4 5
17 47
5 27
18 50
16 57
17 49
21 35
24 29
46 57
1 44
8 19
23 32
41 59
19 45
36 44
5 19
7 56
6 17
18 42
42 52
2 11
11 26
9 28
14 19
18 39
1 49
16 50
13 26
12 30
13 48
25 54
4 19
14 25
8 12
8 32
11 50
11 12
21 38
48 49
31 60
19 48
26 28
7 58
7 51
8 25
18 48
5 56
18 41
16 31
6 26
6 22
28 49
38 58
20 26
9 16
33 36
39 60
31 58
11 20
11 38
2 14
18 29
14 31
19 37
18 47
43 58
30 60
54 60
9 57
32 47
23 25
18 24
15 34
15 46
15 44
16 58
28 30
8 37
39 47
30 38
9 26
1 54
4 8
51 56
23 56
22 28
1 40
11 45
6 31
36 52
2 3
48 51
39 58
16 18
9 27
44 47
4 14
46 53
12 36
5 60
24 48
28 40
18 53
38 53
50 52
16 44
17 44
32 36
8 54
6 42
19 58
21 52
5 54
9 38
22 41
18 33
29 57
24 40
1 2
18 58
14 36
7 25
40 43
26 37
31 33
40 52
22 35
24 27
45 51
26 29
18 36
30 51
1 56
12 29
24 49
9 48
18 52
2 59
22 29
18 19
39 56
38 60
2 50
11 22
9 20
22 49
17 35
16 20
24 58
9 17
22 23
11 48
13 54
2 5
27 37
7 45
1 11
32 55
9 21
28 57
8 30
31 45
3 27
12 27
41 50
7 36
45 60
20 31
4 12
26 57
5 22
2 34
29 44
4 41
19 49
32 56
10 27
32 41
10 39
5 31
2 15
16 56
33 38
20 55
14 41
53 55
19 24
12 49
27 47
7 38
23 52
12 57
37 44
19 44
13 44
21 34
28 51
29 51
2 60
25 49
30 57
44 60
21 30
12 15
22 37
4 10
28 42
37 56
3 53
5 16
29 35
7 16
37 46
26 35
32 37
37 55
24 33
35 55
28 33
28 56
30 41
2 42
26 54
45 52
17 55
32 60
12 52
40 45
14 23
6 55
41 51
21 57
18 34
9 34
40 59
29 31
11 42
18 40
21 53
27 30
41 47
4 18
12 31
22 44
11 24
55 59
21 23
30 50
13 59
51 59
16 46
21 48
5 18
6 46
8 40
16 21
9 22
51 60
13 53
70 1199 12 2415
15 19
32 50
34 46
29 46
46 49
31 51
39 55
14 18
15 50
25 45
3 10
6 26
27 63
15 18
34 49
32 56
3 23
19 37
42 58
1 56
3 27
37 61
28 62
28 31
47 64
19 44
28 35
21 68
59 67
8 18
22 30
29 33
15 33
9 39
9 21
24 30
20 59
13 60
35 36
28 32
33 38
44 49
6 48
26 34
41 54
41 51
10 61
34 59
1 63
12 22
11 32
28 48
29 50
15 62
4 20
2 27
47 65
10 21
44 58
23 32
50 63
25 40
39 45
30 49
47 53
3 16
30 50
6 17
1 37
34 67
27 51
36 46
58 60
22 41
8 33
37 50
11 24
11 33
34 39
9 38
15 58
14 63
1 2
22 58
49 67
5 13
24 56
69 70
11 35
34 63
8 61
12 15
53 61
8 54
11 47
11 41
20 51
63 65
7 39
20 62
23 52
33 70
24 46
6 51
16 28
54 66
53 54
11 12
11 42
32 70
39 53
54 64
32 53
58 68
13 16
31 66
24 58
10 45
9 54
11 63
35 37
40 59
5 62
25 70
54 57
15 23
12 68
15 24
21 48
57 61
5 8
12 32
53 60
58 59
46 53
27 43
13 62
18 65
51 69
6 47
4 42
22 47
50 53
60 62
22 51
3 47
29 55
27 34
48 53
14 32
20 40
1 23
11 52
8 11
23 48
38 66
7 13
47 48
11 19
19 27
31 56
45 61
38 39
54 59
23 61
3 69
27 35
48 70
17 70
45 53
48 67
31 43
6 60
26 51
27 56
1 51
59 68
33 44
19 57
1 47
15 63
54 70
49 55
18 30
18 37
41 68
13 69
33 45
15 40
8 42
3 51
13 17
21 52
31 40
34 44
7 69
36 55
19 68
21 45
17 61
51 63
29 60
7 8
19 60
30 68
15 42
42 55
19 22
9 63
2 15
25 30
35 58
11 14
23 41
50 51
21 34
13 63
9 58
22 35
39 52
35 44
33 64
30 53
26 43
45 70
40 55
7 17
25 28
3 26
32 68
42 46
36 57
16 54
17 38
19 49
23 50
8 15
52 54
3 9
38 68
65 66
26 68
12 38
5 20
27 61
32 35
14 50
33 36
12 60
2 40
3 52
17 69
1 70
32 48
42 52
3 29
50 70
31 42
16 62
40 63
11 44
20 31
53 65
26 60
18 50
30 37
8 40
32 62
6 55
46 58
21 31
12 58
55 57
31 37
3 30
12 14
2 42
50 58
9 52
8 9
13 61
23 27
1 26
9 50
35 43
26 63
16 44
8 37
10 57
9 34
20 69
24 27
42 68
25 64
29 68
2 43
57 63
34 56
4 66
17 51
11 53
41 45
8 39
19 38
2 16
33 48
21 38
29 65
41 64
27 62
7 31
36 70
46 66
2 7
12 25
23 42
20 64
10 50
19 41
7 43
25 62
22 49
68 70
39 56
29 52
33 41
11 50
26 36
7 19
15 54
1 8
7 40
6 67
3 19
21 58
10 59
44 48
4 39
13 54
7 57
36 63
38 50
12 17
38 59
21 51
64 70
36 59
41 43
49 66
34 47
6 9
32 45
2 50
28 61
11 55
10 68
5 70
55 66
31 53
54 69
23 65
21 64
36 37
6 18
27 54
46 62
13 21
18 47
22 25
54 62
35 48
21 56
20 56
49 65
5 38
18 19
34 52
23 31
36 65
14 29
41 66
43 67
5 19
18 35
21 32
14 61
3 63
24 35
11 21
39 47
15 16
13 53
60 61
64 65
15 56
38 47
15 31
13 55
14 15
60 70
22 34
45 51
26 42
30 52
35 47
26 66
11 68
41 47
14 30
7 44
8 34
9 19
25 39
44 56
30 59
21 35
35 59
24 31
28 37
8 63
9 10
46 63
3 54
35 45
43 65
13 18
46 65
8 43
25 63
3 33
4 34
32 51
35 52
41 46
49 52
20 36
42 65
18 68
48 49
49 51
16 49
60 64
43 64
15 43
56 68
18 27
24 26
23 53
18 52
23 63
17 59
34 64
17 56
14 46
47 63
46 50
16 63
19 46
50 55
9 43
6 58
33 34
18 59
31 69
47 70
26 28
1 4
17 67
58 64
14 51
7 45
28 42
7 22
22 29
26 64
16 31
26 41
44 50
4 32
3 46
22 60
18 28
17 47
24 67
8 51
3 13
24 29
5 54
49 69
47 49
47 67
16 50
19 48
25 47
23 54
14 39
61 66
33 59
7 42
37 52
50 64
48 68
14 68
20 47
10 64
14 49
31 47
12 57
3 64
23 25
48 55
37 60
32 43
11 36
44 45
1 61
29 57
18 40
1 13
23 26
31 38
9 31
19 26
26 50
18 22
5 49
7 49
9 26
20 26
20 41
11 62
33 55
17 66
15 37
14 31
16 18
4 30
12 55
22 63
3 61
1 18
16 21
30 33
63 66
27 50
5 65
25 33
52 70
23 60
4 40
47 68
29 49
12 13
3 57
26 44
6 64
32 46
9 14
53 55
14 42
49 54
28 58
5 40
7 35
15 28
10 18
41 61
22 67
4 27
30 55
9 62
1 44
38 70
35 42
38 51
9 59
40 41
23 67
5 57
5 25
10 32
6 24
15 69
13 41
40 61
49 58
25 29
16 51
4 57
41 49
18 44
24 57
23 58
3 21
1 30
40 42
4 24
15 35
1 11
19 70
6 38
52 58
8 21
29 32
23 55
21 29
54 68
14 69
5 67
31 57
31 62
9 44
18 21
10 15
35 40
8 23
6 45
12 20
24 68
17 23
8 19
46 61
10 49
18 34
34 38
12 59
17 60
4 5
2 41
43 69
27 60
41 62
17 64
14 37
17 48
56 59
47 62
6 52
35 55
1 32
18 61
6 13
25 57
43 62
24 63
34 55
5 56
4 61
42 44
6 69
38 60
29 48
10 30
16 70
23 64
27 70
24 64
14 33
61 70
12 35
44 65
21 43
30 35
21 61
9 55
48 50
9 45
9 17
2 10
22 70
7 46
49 50
26 49
20 54
52 64
19 21
16 68
30 32
10 54
2 48
32 44
6 50
24 25
8 44
54 67
23 36
1 62
12 45
21 69
47 57
18 32
26 31
1 60
14 23
14 26
24 36
25 49
12 18
9 23
21 30
31 32
34 53
3 34
5 69
35 50
34 58
33 51
11 16
10 63
10 22
58 65
2 63
29 31
1 58
61 64
3 50
15 39
29 40
5 48
7 41
12 40
12 42
17 21
13 39
8 27
13 45
11 27
19 62
49 61
4 23
37 38
25 26
23 69
33 46
62 69
19 31
18 29
4 70
34 70
14 35
21 49
14 17
26 55
19 59
32 57
49 64
43 57
67 69
10 27
29 41
6 14
2 47
66 70
44 60
68 69
4 69
9 51
32 40
26 62
18 43
54 63
41 53
22 31
56 69
11 15
6 27
11 67
7 33
39 46
39 49
20 49
9 29
42 66
2 29
43 68
15 27
12 64
6 42
11 34
35 67
24 41
16 57
41 69
16 69
38 67
22 66
61 69
14 58
35 63
58 67
23 57
44 54
15 22
9 56
27 55
4 8
33 67
8 53
52 56
38 44
16 59
18 66
33 49
40 48
30 54
8 69
3 12
8 45
21 70
45 63
4 28
17 25
12 33
4 62
36 64
20 32
11 40
3 25
17 65
9 69
29 66
7 59
2 33
25 52
48 59
56 66
13 50
44 67
3 5
19 55
50 52
22 38
18 67
19 28
57 65
13 46
51 67
36 68
14 44
37 41
16 61
31 70
10 62
32 67
2 59
17 62
36 43
2 61
22 46
6 10
48 51
19 67
7 24
41 48
16 55
29 70
30 70
4 38
6 44
50 69
51 68
3 45
26 69
32 65
14 55
14 20
9 67
28 29
21 27
3 68
7 30
27 36
15 64
18 62
5 53
33 43
6 33
43 58
22 24
48 58
3 18
7 61
2 56
24 45
16 64
32 42
22 28
37 59
34 68
37 58
25 31
11 65
5 15
14 43
19 35
6 49
19 29
14 21
22 69
32 69
12 51
50 54
29 42
53 56
46 51
15 29
2 4
37 40
28 36
47 66
16 67
12 30
9 70
26 52
13 57
44 62
26 58
29 36
11 57
10 43
45 54
8 47
33 62
11 69
28 52
33 40
10 33
15 48
11 13
22 48
25 34
7 32
42 54
20 35
32 52
1 31
26 59
3 35
4 35
45 50
21 28
23 37
10 36
24 38
50 67
25 53
54 58
39 69
30 47
24 40
1 42
5 43
54 60
16 47
9 30
27 28
15 26
26 40
1 38
15 44
35 69
58 63
20 33
29 34
32 33
12 44
16 19
38 69
7 70
37 39
30 56
12 19
24 34
6 37
38 55
27 58
19 43
4 9
11 17
19 32
3 36
36 69
26 45
1 25
16 65
24 48
17 54
34 66
25 50
11 20
6 34
5 47
30 57
2 62
47 54
17 28
57 69
12 23
42 57
32 66
11 25
3 11
42 47
42 63
29 35
31 45
28 68
2 24
35 51
4 48
31 35
9 53
15 52
61 65
35 41
19 25
38 49
19 50
27 38
10 52
43 45
5 55
10 31
44 47
11 48
2 51
27 59
56 67
4 64
23 43
3 41
28 53
11 60
12 36
30 60
4 43
4 58
36 41
38 65
8 70
7 56
9 24
34 69
19 33
2 37
17 57
3 67
35 62
23 24
48 54
15 32
5 59
8 57
5 26
30 41
53 58
47 58
10 40
3 43
21 24
1 15
32 60
28 34
44 69
30 40
11 30
26 70
62 63
34 36
26 39
40 51
21 41
22 27
13 27
39 61
19 51
20 23
23 45
20 25
22 64
23 39
24 69
13 25
5 21
18 24
5 7
28 70
35 64
28 41
17 63
3 70
15 17
1 12
65 69
3 15
1 21
3 53
2 8
6 12
55 70
13 68
28 57
4 59
52 66
5 44
1 59
16 23
2 49
24 33
10 69
3 42
33 69
27 40
16 29
16 39
6 46
7 52
18 42
22 57
31 61
10 44
20 43
55 61
34 45
33 52
34 40
12 53
37 45
25 32
9 42
21 46
23 49
28 39
24 70
50 57
16 20
31 67
4 54
34 54
24 28
5 22
51 53
25 61
14 16
57 62
3 55
6 53
13 59
37 67
6 7
50 60
36 40
45 65
8 56
6 70
55 58
42 50
26 30
16 41
18 49
37 42
24 62
11 26
35 46
5 45
13 56
17 29
16 34
1 67
3 59
6 11
27 64
56 62
1 20
33 60
16 37
22 50
30 62
39 43
8 28
7 11
15 46
39 60
22 62
20 48
32 39
13 51
55 67
1 46
41 63
44 63
48 56
50 68
26 48
16 27
20 46
11 51
13 28
57 58
70 1194 14 2415
14 64
5 55
18 33
47 65
21 64
8 64
53 61
36 63
16 55
2 13
16 36
1 20
6 54
2 37
7 56
8 17
41 54
41 42
7 13
25 38
43 63
18 19
36 47
49 69
53 70
28 64
3 53
5 54
16 49
3 34
25 70
12 54
26 51
46 70
6 50
14 25
34 48
30 35
21 44
18 32
47 62
6 65
2 32
3 66
18 53
13 59
22 41
2 47
30 66
4 33
51 70
2 66
7 27
53 69
28 36
36 38
2 63
30 43
23 48
5 20
2 29
18 37
5 53
21 42
4 40
4 6
5 9
20 49
25 53
9 25
39 50
29 51
19 31
19 25
54 63
43 60
9 26
11 41
9 64
14 44
8 37
19 36
18 22
33 60
11 12
64 69
16 68
42 48
22 32
2 54
45 58
30 50
23 54
25 34
19 52
14 32
37 58
2 51
24 58
23 31
7 38
31 62
15 16
33 45
34 44
45 53
17 21
24 56
34 47
37 52
30 65
35 52
30 45
12 47
39 69
3 70
53 64
24 42
4 24
5 6
17 51
6 70
15 53
7 36
37 47
67 68
15 25
22 24
10 66
14 27
40 63
32 42
6 68
11 30
58 61
57 64
47 55
16 40
37 55
27 40
26 53
23 27
48 51
9 28
24 69
5 49
28 59
5 14
3 20
29 64
22 26
41 60
31 47
55 59
26 45
14 54
21 63
35 44
31 39
12 31
30 55
46 48
17 39
27 31
51 62
22 52
6 13
20 48
1 15
10 57
3 10
7 59
34 51
33 53
7 40
3 39
2 58
4 31
14 59
32 39
63 69
6 28
22 23
25 52
12 44
26 47
6 52
33 43
13 30
34 67
19 44
15 37
38 69
51 63
65 70
23 64
2 7
3 31
6 21
53 55
3 40
8 59
10 70
12 20
44 48
32 58
66 68
1 26
6 29
24 48
17 28
2 30
49 68
20 37
5 59
28 42
5 21
15 50
1 57
21 66
4 62
37 46
1 41
17 68
53 54
26 27
39 57
4 68
2 61
10 53
13 39
29 59
4 37
23 55
13 38
13 69
33 66
3 48
33 55
58 66
6 60
26 60
18 31
38 55
19 62
59 65
51 64
33 52
35 54
25 36
19 22
4 18
18 20
12 51
1 65
8 27
45 69
38 58
36 56
49 70
29 47
18 55
14 41
8 58
47 59
32 60
12 46
44 55
27 28
41 61
1 11
26 65
45 56
30 44
2 33
16 47
7 9
19 24
11 13
39 56
10 26
22 40
38 53
20 59
33 54
55 56
22 36
2 70
23 25
5 18
2 11
7 28
1 70
37 59
37 38
6 12
39 60
28 58
2 67
41 63
39 63
3 6
20 53
14 18
41 48
8 48
25 39
25 54
8 11
40 67
5 50
31 43
5 22
64 66
43 44
20 50
12 32
4 19
3 56
10 16
30 70
13 50
4 35
46 61
17 23
42 49
8 68
18 48
39 41
11 67
43 65
37 53
33 68
13 21
7 52
25 26
4 38
24 47
8 41
28 48
29 54
17 44
5 27
8 47
49 62
1 62
49 55
26 41
16 31
53 60
2 65
18 68
24 34
20 28
26 68
35 48
9 39
2 12
30 47
29 61
2 44
44 57
17 54
41 66
21 65
27 48
16 33
46 51
33 51
29 46
40 51
68 70
16 30
16 50
9 63
32 70
27 66
25 31
29 63
9 30
14 33
25 62
63 66
21 56
11 39
56 58
34 39
54 66
18 26
15 33
12 59
54 60
47 57
27 51
6 7
23 52
20 66
39 67
25 46
1 61
30 53
32 65
10 23
15 65
54 69
7 45
9 47
13 44
14 26
15 62
67 69
40 44
31 54
18 30
7 55
21 62
32 57
30 62
2 35
12 24
41 55
9 62
16 35
6 61
15 42
9 14
5 32
6 64
2 57
31 37
10 42
50 58
4 43
39 55
4 39
57 58
32 34
12 34
50 62
27 56
18 42
40 58
5 51
29 40
10 47
18 50
20 29
41 59
48 57
26 63
39 45
1 59
1 9
46 67
8 57
33 67
21 45
7 17
52 55
47 54
35 63
14 70
18 69
8 50
31 41
21 51
58 69
46 56
6 16
64 67
19 37
15 56
2 3
23 32
13 40
36 60
6 15
57 68
13 29
9 24
13 53
23 33
6 34
1 44
39 58
56 59
19 66
62 63
14 23
39 70
42 54
52 57
49 65
6 59
1 38
27 53
5 58
28 47
33 38
8 38
3 44
39 43
4 67
12 37
11 60
5 35
31 45
54 61
12 48
6 69
26 30
5 31
22 47
45 52
25 66
7 64
43 69
20 57
20 39
21 34
36 67
50 68
31 56
33 62
21 32
29 65
49 54
28 65
4 63
36 50
23 67
49 66
48 61
3 65
16 62
12 23
54 59
60 65
18 64
16 20
23 42
39 65
16 23
4 41
10 20
28 57
64 68
9 38
27 52
38 42
13 43
37 60
24 37
23 37
3 43
1 22
2 27
30 34
52 56
41 69
16 38
47 60
8 53
12 42
46 68
61 69
8 44
20 33
4 32
18 40
3 18
3 19
3 45
27 30
51 60
22 49
59 62
34 42
5 67
29 50
32 41
4 53
13 67
15 60
30 49
48 65
29 43
43 58
58 60
19 34
13 32
20 44
30 67
32 53
1 51
37 50
59 60
36 62
1 50
60 67
50 61
58 70
34 37
28 31
5 68
16 66
4 51
1 48
21 24
27 59
4 65
49 50
51 58
29 32
18 65
14 62
35 38
38 43
34 68
26 56
12 55
48 49
1 5
33 70
17 66
41 58
7 23
1 52
1 31
12 61
14 29
17 46
2 56
37 64
33 42
29 57
13 48
10 13
36 53
47 61
7 41
41 70
30 48
34 69
14 67
56 66
52 58
28 53
25 67
24 61
13 42
22 56
42 60
2 43
6 40
23 24
5 30
29 33
9 17
15 46
42 59
10 61
12 64
14 69
6 22
13 51
13 54
13 66
28 38
41 57
47 50
55 63
30 31
2 8
34 46
25 68
6 53
5 61
22 28
13 62
13 17
14 56
17 52
11 34
5 70
18 59
51 59
15 52
14 53
32 52
40 41
34 70
46 50
61 64
46 53
17 35
20 32
44 66
29 42
1 66
19 32
14 52
10 34
35 37
40 60
34 58
59 68
62 67
29 31
24 68
30 32
47 49
48 67
9 49
6 10
15 19
9 70
8 67
48 62
10 12
2 9
19 61
1 56
42 50
12 43
6 11
19 60
11 57
55 70
1 67
7 21
24 65
19 43
9 56
1 30
34 60
14 38
44 46
29 56
32 59
2 60
29 36
15 21
7 26
11 36
22 68
11 47
45 46
7 51
52 69
14 39
14 45
23 63
36 69
16 28
26 58
42 45
20 46
35 51
35 36
14 16
52 66
35 61
13 25
29 37
5 13
10 33
16 19
19 47
9 12
24 45
30 33
20 38
23 49
15 29
4 57
24 66
15 20
24 63
1 13
49 56
58 68
38 48
22 38
12 41
10 35
40 55
14 28
5 19
7 22
62 69
15 24
33 50
11 63
43 61
34 35
13 41
20 30
29 68
5 45
2 25
18 23
35 67
2 18
27 46
19 30
20 24
9 29
51 56
18 46
56 57
15 70
10 25
12 25
35 66
51 55
9 59
31 61
40 42
28 63
6 14
9 54
33 65
42 44
38 47
57 67
41 47
14 35
56 61
36 42
34 65
9 69
30 52
45 66
20 56
12 69
5 64
14 66
50 51
24 31
45 68
16 29
23 45
10 31
28 30
26 67
22 37
27 57
14 30
22 62
4 15
37 39
14 37
37 68
28 69
15 23
63 64
1 34
24 57
1 25
4 69
39 66
12 52
36 52
5 57
1 12
9 22
28 44
20 42
44 49
24 53
11 22
19 59
4 56
7 43
20 61
39 54
27 61
60 61
23 65
27 62
2 39
35 39
9 40
33 37
32 43
46 59
11 65
33 48
50 55
42 56
7 58
34 62
40 46
33 63
39 48
31 34
19 55
35 40
6 46
38 57
18 63
1 39
7 31
38 63
22 29
2 36
50 54
4 9
38 67
23 43
14 55
39 64
9 19
7 11
37 43
21 38
20 25
15 57
29 30
2 42
14 60
24 43
36 44
40 43
33 56
10 49
20 21
6 49
3 36
3 5
8 33
19 39
6 23
47 66
8 39
48 58
52 53
47 58
30 58
34 66
8 25
10 38
25 47
17 50
9 23
25 57
31 50
44 69
59 69
8 42
30 38
57 69
21 68
21 29
25 45
33 57
36 58
30 36
53 58
2 38
2 52
1 18
29 58
41 68
44 63
35 62
31 48
44 67
5 17
36 41
56 62
16 22
52 67
28 61
28 35
6 48
43 50
10 45
28 52
11 23
60 63
27 32
43 54
11 28
20 69
68 69
14 40
31 46
43 47
19 70
12 21
40 45
14 65
9 67
22 60
45 60
36 43
10 21
20 65
18 34
5 34
13 61
29 48
2 28
3 41
4 48
18 70
12 70
25 56
36 48
27 41
2 31
12 49
19 49
34 36
39 51
6 66
4 64
44 68
14 19
42 66
62 65
15 59
27 36
11 59
27 68
9 58
40 47
13 45
29 53
9 32
14 22
3 23
27 67
7 29
12 36
28 62
55 65
42 57
10 58
9 21
20 68
50 60
19 28
16 34
16 21
29 70
3 54
12 68
5 65
4 52
21 37
20 31
55 64
7 60
51 66
38 54
4 17
17 36
49 67
28 39
35 59
5 69
24 44
28 29
46 65
28 55
5 42
8 30
16 26
2 48
37 63
1 47
6 19
15 51
31 35
13 15
25 69
8 61
4 34
8 31
39 44
8 12
21 67
52 62
18 47
59 64
16 32
50 67
19 42
9 46
10 30
3 37
38 65
12 58
5 29
5 24
17 55
32 45
45 62
4 30
6 51
32 37
37 56
11 62
45 51
54 68
57 62
3 29
21 58
51 61
37 69
26 43
38 52
17 27
11 20
18 21
50 63
19 68
10 67
17 49
56 60
7 18
32 35
8 46
12 14
22 63
16 17
28 60
25 43
23 47
11 64
34 63
42 43
42 47
15 22
15 47
31 33
4 12
30 68
15 45
3 14
15 54
2 20
20 52
40 50
4 44
37 51
19 48
13 36
25 60
31 60
49 57
2 19
10 65
5 11
17 64
36 51
28 43
64 65
17 25
53 65
13 33
39 53
48 55
4 60
61 62
23 51
6 58
7 62
5 36
40 57
2 26
42 67
17 53
9 31
17 47
1 23
14 63
5 44
3 67
21 60
4 50
52 65
15 28
8 15
14 15
62 68
17 33
13 20
1 35
38 39
28 33
70 1212 7 2415
29 67
4 32
47 57
10 44
28 43
10 32
32 35
17 35
11 39
27 67
18 31
39 55
2 21
20 57
15 26
4 21
3 8
46 52
29 37
44 65
5 56
57 63
8 58
35 43
20 67
41 50
13 20
5 57
20 37
12 52
8 16
15 20
21 32
20 55
15 53
14 32
36 56
51 68
12 31
28 41
43 66
5 22
21 39
10 35
42 60
68 70
10 69
1 67
4 48
42 61
7 29
37 41
25 49
1 62
10 11
8 49
25 29
45 64
39 63
31 66
1 20
3 62
33 46
41 68
22 55
23 61
23 64
46 57
6 55
25 56
13 53
3 65
22 57
11 44
6 17
1 45
16 29
53 59
56 58
26 30
1 63
8 28
7 60
20 35
2 28
3 26
11 37
30 31
51 55
34 70
31 43
49 54
18 30
16 41
29 44
18 56
3 53
42 65
39 45
1 4
40 42
14 67
7 40
4 34
49 61
2 22
18 24
17 36
55 69
32 63
15 45
48 56
1 57
12 47
26 68
44 60
42 51
11 63
40 64
6 20
22 52
13 64
14 36
46 51
22 36
2 27
35 46
23 25
40 47
4 57
2 47
38 51
13 21
25 42
23 33
28 47
29 36
26 34
20 33
7 51
2 60
40 49
3 59
23 55
15 56
41 45
9 22
64 65
29 65
15 24
10 62
8 41
53 67
34 37
34 63
17 50
6 63
31 59
40 52
5 15
46 54
15 27
23 36
59 68
38 42
22 23
2 14
25 43
3 23
23 24
15 36
44 58
29 31
11 26
19 24
17 22
17 60
1 9
15 52
10 70
48 64
39 51
25 52
8 62
6 56
27 35
15 19
7 38
21 55
3 41
28 39
22 46
19 35
24 52
9 38
31 40
8 33
8 64
52 65
28 50
35 45
31 42
35 63
32 50
33 39
18 45
1 61
34 45
35 37
47 69
32 43
34 39
51 67
11 55
1 19
39 46
8 19
33 60
11 35
27 61
7 25
23 31
30 57
51 62
3 11
5 51
15 50
30 65
53 69
10 21
16 22
24 68
2 54
20 43
24 37
24 36
8 68
3 7
49 62
38 54
2 31
9 70
60 69
36 60
11 20
7 30
2 57
18 37
13 54
4 25
5 17
23 56
48 62
12 59
25 38
25 48
7 23
1 60
6 67
31 33
11 40
9 34
2 42
22 47
30 50
61 65
18 59
25 26
66 69
20 60
33 49
10 54
7 36
16 31
7 57
14 44
12 61
7 49
13 57
23 41
5 13
21 28
3 10
4 68
47 63
1 53
6 49
11 60
22 25
24 69
16 36
59 69
5 62
10 39
4 40
61 66
32 52
12 19
13 25
4 6
14 30
1 54
40 60
34 42
21 58
45 57
27 41
10 27
32 62
7 28
26 53
13 49
49 52
36 59
35 58
4 50
30 46
23 69
2 25
29 41
32 57
28 61
6 9
22 50
10 66
62 70
54 56
16 54
28 46
13 67
37 52
47 50
61 67
62 69
34 55
61 62
34 57
9 25
10 52
1 66
10 17
42 52
9 54
24 60
44 63
8 24
13 40
14 48
9 36
5 32
67 70
12 21
26 50
6 61
6 29
38 40
9 19
18 49
6 18
29 55
8 44
18 65
34 65
16 56
14 24
24 62
23 32
8 53
41 55
23 57
3 68
43 54
29 42
7 53
3 50
19 41
55 58
37 48
2 12
46 50
16 55
41 60
26 65
4 27
11 17
2 48
42 45
30 44
1 28
32 40
13 61
15 35
15 59
7 61
28 29
15 22
19 65
5 63
3 37
14 60
53 60
24 46
11 47
19 31
31 67
10 45
36 61
14 64
43 62
48 58
46 56
46 69
30 60
14 68
3 15
12 13
42 66
16 30
63 65
20 51
30 63
65 66
16 37
35 60
26 57
43 61
9 59
26 35
33 38
52 69
22 68
3 5
11 50
22 65
21 38
41 43
53 61
20 45
45 49
9 26
22 41
18 55
58 68
57 67
29 59
4 63
47 52
4 9
27 33
15 51
6 24
9 28
19 34
8 69
18 68
20 23
23 27
20 54
21 69
19 33
2 3
22 45
56 61
8 36
34 46
27 46
47 55
55 62
13 41
38 64
58 60
25 53
37 67
46 68
3 58
12 16
54 61
3 35
26 64
45 61
20 61
9 50
26 59
38 62
29 68
51 66
1 26
17 58
17 63
17 66
45 70
14 57
45 68
6 8
19 47
24 35
8 67
26 43
16 59
24 34
41 69
28 67
10 19
62 63
4 61
18 60
29 39
6 13
22 49
48 57
4 18
4 66
10 37
39 57
6 36
53 56
38 48
6 68
29 30
19 62
53 58
1 58
6 26
64 70
3 31
5 30
1 24
47 54
1 22
6 19
12 29
33 52
5 34
52 64
37 55
19 30
13 26
36 68
55 70
43 50
35 62
36 63
18 23
29 33
17 68
14 22
18 63
25 35
32 44
25 59
11 56
25 45
50 61
43 49
16 52
1 39
7 64
39 68
40 61
12 41
23 42
22 37
17 45
33 51
23 59
13 31
24 59
11 18
21 23
5 10
26 37
45 62
12 34
35 67
29 58
30 69
30 67
24 43
20 64
4 43
6 64
27 62
5 39
58 59
45 66
5 44
37 64
5 40
8 20
21 33
31 55
5 55
15 28
1 16
30 39
1 65
12 63
9 15
5 16
3 69
28 36
17 44
12 26
11 61
18 25
36 42
2 65
24 61
5 8
31 56
18 43
42 48
28 58
61 63
19 36
25 70
7 26
37 70
15 64
14 62
16 26
19 39
20 24
24 28
17 30
7 66
8 11
15 60
11 30
41 54
10 53
8 48
33 61
16 57
1 11
38 50
13 55
24 66
5 47
34 68
3 17
8 61
18 54
45 60
16 70
19 46
27 63
26 41
16 21
29 70
29 57
38 57
47 51
7 33
26 38
14 25
7 48
11 22
63 69
21 63
2 67
26 29
32 34
15 65
26 61
20 44
20 65
8 52
9 10
25 39
15 41
4 5
39 67
28 44
6 44
17 67
19 68
22 39
11 14
37 54
45 46
5 12
6 52
30 56
1 50
13 18
4 28
14 65
26 33
12 56
14 54
26 62
11 66
21 64
13 59
19 44
37 56
2 13
6 32
51 57
6 27
18 34
33 48
53 62
47 53
32 42
53 66
35 55
54 70
19 56
12 32
47 62
16 33
32 53
4 30
16 68
6 41
25 27
32 55
1 38
28 64
44 49
29 54
35 69
6 60
33 55
21 34
12 45
2 24
58 64
67 69
1 33
27 40
26 27
1 27
3 51
48 51
4 46
13 23
24 57
8 57
13 44
59 70
7 56
24 30
22 30
50 57
5 59
35 40
39 54
7 24
6 54
52 68
12 68
48 66
12 37
29 56
15 69
50 66
5 70
11 70
57 62
26 48
25 31
40 66
3 49
9 46
24 55
29 64
10 61
49 66
31 54
27 50
13 37
35 61
5 46
10 38
2 6
43 48
26 31
46 58
18 26
9 58
38 41
38 59
8 17
8 13
27 48
16 17
22 40
6 38
41 63
40 53
17 46
36 51
48 59
28 34
9 62
29 48
30 62
1 47
37 47
31 60
42 54
31 38
7 15
24 67
3 22
11 64
1 56
20 41
24 27
39 58
34 67
13 28
27 58
15 48
15 29
38 43
33 64
26 56
17 28
15 43
30 34
36 64
20 68
1 70
26 67
13 29
8 46
23 63
25 55
56 59
9 64
27 70
45 65
33 57
5 9
24 40
56 62
10 29
6 21
1 13
41 51
32 61
6 40
28 45
29 43
50 67
14 37
18 28
13 14
33 50
6 50
27 28
21 60
17 20
20 28
25 37
26 58
23 60
42 64
4 29
33 34
1 40
16 67
57 70
40 69
11 68
36 44
33 47
28 54
33 37
56 63
65 69
22 60
7 22
12 36
37 69
4 31
4 26
19 55
19 64
7 59
2 40
36 38
38 61
24 53
55 56
22 31
13 56
35 51
23 53
26 60
22 70
3 47
36 70
37 63
52 56
34 53
62 65
38 63
5 53
44 53
49 55
20 26
38 68
40 59
58 65
19 25
40 65
10 34
8 26
1 42
31 44
46 47
3 20
7 37
5 66
53 64
43 64
28 49
41 56
38 67
37 60
4 23
10 30
10 64
40 57
34 52
15 23
47 66
7 20
46 48
16 38
14 56
38 60
33 67
9 13
15 55
69 70
13 30
3 39
27 45
3 52
3 13
10 51
36 49
2 30
6 35
42 70
47 64
55 66
60 66
8 42
3 21
28 59
7 62
6 33
21 62
30 70
32 65
9 41
25 54
5 20
45 52
8 43
12 51
40 45
41 49
23 67
49 60
19 61
30 61
28 30
30 38
24 25
50 52
47 48
20 39
9 33
16 19
18 51
7 69
13 35
15 39
4 51
19 51
16 44
48 55
8 54
18 35
37 39
13 38
26 45
53 65
48 70
10 43
33 40
21 24
52 62
26 46
37 42
2 62
43 46
25 57
1 35
56 69
53 70
20 25
17 62
52 63
39 40
46 65
38 55
9 27
17 37
29 61
49 50
20 56
10 18
12 23
44 50
13 52
16 23
2 56
40 50
38 45
26 42
7 35
39 70
41 47
50 56
24 44
27 38
50 62
61 70
8 30
30 64
9 21
15 66
18 33
21 44
7 32
18 42
15 57
15 18
60 64
55 61
55 67
37 44
30 51
16 39
23 52
14 40
55 63
21 68
11 59
7 8
15 33
44 56
13 60
23 34
20 50
42 47
18 36
33 42
2 68
17 69
17 27
33 56
43 56
45 53
43 44
32 69
28 52
24 26
12 58
37 51
26 51
68 69
7 45
6 25
40 43
23 45
16 28
11 57
49 68
10 24
47 67
32 36
37 53
33 63
2 18
25 28
21 45
13 42
14 42
28 33
56 70
2 59
30 32
1 31
2 23
7 42
11 67
36 48
4 13
5 35
15 58
33 53
7 34
25 66
59 62
5 14
23 28
2 11
25 65
38 70
25 34
45 59
12 64
35 59
14 18
28 37
20 31
12 54
47 65
41 57
54 63
19 21
25 67
28 69
31 46
9 30
2 10
32 38
44 55
32 49
33 44
34 54
9 68
40 70
54 69
23 51
17 57
51 58
27 43
27 34
12 35
2 7
2 58
4 70
35 44
62 64
19 22
43 57
18 57
31 51
18 46
14 16
45 48
1 49
35 39
50 69
32 68
4 62
42 58
3 38
42 57
5 26
7 55
3 57
41 44
57 65
21 70
42 68
6 30
28 68
43 67
43 63
1 21
49 56
26 32
40 68
64 66
11 65
34 49
48 53
18 52
38 56
52 55
36 55
34 48
43 51
22 27
10 68
47 61
26 49
12 39
40 51
20 21
33 59
14 50
9 65
10 26
20 59
41 67
12 43
35 57
7 68
18 44
70 1207 25 2415
20 60
19 36
46 58
21 33
2 10
31 52
9 49
17 27
49 65
8 12
28 43
10 15
1 53
28 61
29 58
26 40
50 70
12 25
58 59
19 21
52 64
56 58
16 45
28 54
36 47
29 37
20 65
35 41
7 13
13 51
25 31
51 66
12 14
22 57
18 38
19 65
38 68
29 66
63 65
11 68
39 56
49 58
18 53
7 45
15 57
5 52
17 46
1 30
47 48
14 52
46 63
18 31
7 56
25 64
38 41
18 29
41 52
26 31
59 60
48 69
8 66
17 68
38 69
22 69
41 68
32 63
39 43
2 42
20 29
13 58
3 4
15 30
25 53
1 21
4 53
8 33
1 35
45 62
14 31
42 61
1 47
44 49
25 40
3 37
18 57
34 40
31 38
15 44
21 35
63 68
23 60
17 32
40 63
30 37
34 60
10 45
12 55
28 68
5 70
41 61
27 54
7 11
7 39
6 36
16 46
21 22
15 69
16 60
5 11
18 60
5 42
2 61
31 37
37 63
15 47
41 59
9 45
19 20
4 7
3 28
5 49
40 43
47 54
23 68
22 31
1 37
18 68
52 63
44 65
25 67
7 18
34 48
1 66
21 40
11 29
19 33
35 58
42 69
48 56
10 50
19 48
54 59
54 60
60 61
37 70
30 55
36 51
23 67
34 41
40 62
36 56
46 64
26 70
33 58
33 50
1 28
2 30
26 32
3 43
46 47
25 54
20 52
13 49
20 43
35 56
40 70
6 65
18 61
12 40
53 67
10 65
5 15
4 56
25 32
29 61
13 21
30 52
41 47
5 47
16 54
35 69
41 48
7 53
11 35
6 18
11 61
24 58
47 63
13 23
8 25
16 40
27 40
30 64
1 34
12 43
5 22
39 54
3 58
8 61
2 16
1 13
3 63
18 28
2 8
15 54
21 37
8 54
20 36
63 69
27 64
11 62
16 20
37 46
12 45
6 47
15 56
35 62
11 13
1 54
39 70
40 68
2 6
29 60
2 32
36 70
11 37
39 49
28 40
22 30
40 46
19 52
9 51
30 62
23 65
13 34
5 23
25 52
4 14
10 13
26 58
30 68
28 69
20 56
4 26
21 61
42 62
51 63
45 56
31 43
6 68
50 56
28 67
6 52
11 59
58 65
39 40
9 60
6 45
33 69
12 67
5 57
35 61
1 68
59 69
32 37
10 38
50 60
4 58
32 64
14 18
27 49
2 50
9 37
7 8
24 29
9 65
53 66
5 68
35 38
32 51
20 21
45 69
35 50
4 10
39 44
9 68
32 35
12 37
42 55
9 28
47 70
39 45
32 47
1 48
19 57
18 24
3 17
11 32
30 45
10 18
35 42
34 65
6 66
29 64
4 48
41 42
7 9
55 59
11 44
11 22
33 68
14 44
5 33
13 22
29 55
17 43
11 33
3 33
9 59
42 66
57 63
14 57
33 67
29 30
5 40
4 69
35 37
17 53
19 25
28 48
43 57
14 36
54 66
6 29
8 63
43 56
29 42
33 60
16 37
32 45
23 27
26 56
25 48
31 61
15 31
27 57
26 57
5 66
24 55
15 49
30 67
48 54
3 66
43 65
10 69
52 56
32 40
26 36
9 27
36 50
35 49
4 28
35 36
24 51
36 66
27 70
65 68
24 31
38 46
6 53
8 16
30 50
48 52
10 70
15 52
9 40
1 22
8 26
40 59
6 40
37 48
47 49
18 19
36 65
13 67
67 70
18 56
3 60
34 46
59 62
3 14
39 52
51 65
4 47
19 44
30 57
17 29
5 20
31 64
24 53
8 29
29 35
55 62
6 17
14 45
35 47
33 61
4 66
18 26
21 63
22 54
17 65
32 68
8 30
1 41
56 62
12 18
51 55
16 34
37 50
44 50
48 65
36 39
6 21
25 47
23 40
38 49
13 30
62 67
45 68
40 60
2 31
7 25
30 61
5 45
12 34
41 60
33 62
16 41
11 49
43 59
10 26
30 70
13 52
39 68
30 65
20 40
9 44
45 47
19 30
44 48
4 61
18 44
31 34
16 35
41 58
1 38
15 33
40 67
38 67
17 66
6 70
49 57
21 52
24 28
13 33
5 25
29 40
68 69
21 55
46 59
27 33
7 51
67 69
42 48
24 26
26 27
25 59
20 34
41 63
63 64
6 34
27 29
9 43
34 35
14 24
25 42
19 40
7 21
12 52
47 57
10 17
41 66
39 48
23 25
18 50
3 32
13 19
33 39
23 37
10 46
30 39
16 55
3 53
38 39
32 58
41 46
24 38
13 41
16 23
5 14
38 62
14 38
2 24
46 50
34 37
27 39
24 36
27 51
49 52
12 24
2 65
5 39
28 30
27 48
33 55
42 46
60 70
8 20
36 38
20 54
64 67
16 53
33 70
18 36
17 34
6 42
2 39
25 69
28 55
3 34
21 69
12 68
18 52
20 27
34 59
18 58
16 62
22 63
1 29
5 31
25 28
53 63
2 28
2 57
20 59
3 61
38 45
33 65
13 17
13 16
20 32
5 63
10 64
45 65
41 56
6 41
39 41
8 31
46 49
25 35
41 49
9 26
44 62
16 67
18 48
9 35
4 20
3 6
14 47
36 69
7 14
42 53
20 62
3 31
8 70
25 57
15 42
22 45
8 38
20 67
3 69
43 52
25 56
7 29
43 45
26 37
13 46
60 62
16 64
1 39
13 24
16 69
12 31
20 44
45 67
22 25
24 45
15 17
43 51
3 22
9 32
22 49
11 43
62 63
18 46
5 61
12 51
34 38
1 27
26 41
28 38
61 66
13 60
5 54
8 48
36 37
8 58
28 59
49 64
10 11
55 69
18 63
6 55
17 62
2 20
9 29
22 41
10 60
13 20
15 37
1 6
10 39
4 63
25 50
43 60
12 62
28 37
29 51
2 34
25 51
6 23
19 70
14 56
39 69
42 44
2 4
5 17
27 68
2 44
46 56
37 65
20 46
52 55
21 67
11 17
15 63
11 42
8 53
38 57
37 54
1 25
32 43
30 35
38 63
29 70
2 17
20 51
9 41
25 38
29 50
2 22
9 56
14 15
13 29
19 50
39 58
14 25
15 58
31 54
7 44
5 6
14 54
26 34
37 66
4 35
58 70
12 16
1 15
2 9
57 65
37 39
27 42
28 60
32 69
14 42
48 60
18 37
23 31
2 53
26 33
12 22
44 45
7 38
15 19
16 28
25 29
31 69
6 33
30 40
19 23
24 42
15 53
8 68
5 29
18 40
57 60
33 47
2 67
3 38
4 40
1 31
44 58
6 25
42 54
59 63
50 61
55 58
30 69
11 46
42 43
22 52
9 25
14 26
37 56
18 62
21 42
15 40
14 16
12 19
65 67
11 47
10 31
1 16
9 10
16 39
21 38
10 35
38 48
28 44
36 46
5 9
7 52
24 34
8 36
43 63
8 42
53 59
14 35
49 60
57 67
33 51
3 20
17 64
11 27
19 63
9 19
28 58
56 69
58 64
43 66
3 11
15 18
25 60
5 13
22 66
23 45
9 36
23 34
13 37
28 35
27 50
45 64
3 21
42 70
49 62
34 68
11 28
29 39
44 66
1 58
4 59
2 29
11 54
16 68
21 56
64 68
35 48
51 61
22 27
2 25
26 46
45 51
30 59
12 70
57 59
20 42
52 68
3 5
25 61
53 55
5 41
18 32
6 37
7 60
25 70
19 37
21 29
4 18
40 66
7 47
13 18
55 57
25 45
17 26
24 43
38 55
39 61
44 60
18 59
12 23
29 63
56 68
49 51
20 55
6 46
29 67
3 47
26 59
8 62
10 40
3 13
1 69
31 49
1 65
47 50
28 63
42 49
55 60
16 43
11 24
38 70
41 53
5 34
13 48
50 62
37 62
22 60
22 37
57 62
30 33
36 40
26 44
32 50
23 66
7 32
7 63
2 60
27 60
9 17
10 63
13 55
24 69
53 61
13 62
54 70
28 70
4 39
19 29
37 59
23 50
4 30
29 52
22 53
17 28
4 6
25 44
7 19
3 54
44 51
54 65
12 53
13 44
2 12
46 57
10 51
12 38
26 42
28 39
55 66
46 65
64 69
25 49
34 61
8 59
2 7
14 60
1 24
2 14
16 26
6 44
52 53
28 66
32 61
1 12
29 36
57 58
3 59
8 21
24 68
23 63
32 60
45 61
50 68
5 59
32 36
6 57
16 21
1 36
3 19
18 22
6 67
8 40
38 52
9 46
9 31
20 48
28 33
63 67
30 44
1 33
8 15
9 20
19 59
19 43
34 58
2 63
23 39
7 12
21 70
15 25
15 41
45 48
11 60
66 69
21 58
5 18
56 59
16 31
27 69
27 32
49 55
27 59
3 26
31 63
31 70
40 61
24 64
34 39
18 45
38 50
14 49
34 44
9 24
5 21
3 50
19 24
43 44
47 62
48 70
24 25
43 47
15 27
31 35
14 58
8 35
51 70
52 65
50 65
38 59
15 45
42 45
4 19
39 55
19 66
36 42
58 61
62 66
15 36
18 64
30 66
12 63
12 46
54 58
29 69
3 7
40 51
10 27
6 27
8 27
49 56
13 54
10 54
27 44
45 50
11 67
41 65
5 27
16 63
23 58
21 26
4 33
19 47
26 64
16 18
26 47
2 43
3 52
6 22
28 62
46 54
12 17
10 55
15 32
33 56
32 34
23 44
25 37
6 58
2 52
52 70
2 35
21 50
31 59
18 67
17 51
6 15
17 42
20 31
46 61
8 11
29 33
7 68
23 24
34 70
6 30
1 19
13 66
64 66
10 37
38 56
26 53
35 45
29 43
20 39
20 41
45 46
12 56
38 40
4 67
24 27
12 20
29 34
23 70
60 67
14 59
47 65
33 45
17 30
7 59
30 58
43 54
21 30
24 63
17 22
19 45
44 64
30 47
55 63
10 29
48 53
4 44
61 69
19 34
2 58
16 42
1 9
20 23
33 57
5 38
8 39
23 30
30 60
20 38
56 66
8 14
13 53
54 67
2 66
38 47
13 36
41 57
26 49
12 69
50 55
27 67
8 28
11 64
20 58
43 62
6 54
43 67
3 70
15 34
17 35
2 48
48 68
5 35
7 43
14 20
13 26
40 44
56 65
23 57
21 65
11 55
51 62
16 33
11 39
12 26
14 69
2 40
50 69
37 38
35 70
52 58
33 52
1 51
4 31
32 38
23 46
50 63
11 57
36 68
17 41
16 17
41 64
45 52
47 59
27 41
6 16
51 67
41 69
15 46
4 55
47 60
28 53
15 51
50 51
29 47
5 48
16 38
12 33
62 70
23 49
54 57
19 38
38 44
4 23
39 42
5 55
17 37
6 31
32 54
5 43
22 34
21 28
14 28
22 58
15 20
17 20
24 47
10 62
3 46
28 32
3 49
4 62
70 932 9 2415
2 35
34 58
7 17
24 33
37 66
9 30
7 51
6 17
4 66
10 16
44 61
21 41
5 55
43 46
18 30
40 51
21 28
18 44
1 3
12 61
8 67
28 30
11 30
23 28
9 42
8 25
5 23
12 37
32 34
43 68
5 16
33 45
17 32
34 63
15 32
44 53
11 67
2 31
28 46
33 64
25 70
52 61
15 36
31 49
12 13
7 22
20 21
11 13
23 43
49 69
30 68
4 39
49 61
24 37
21 23
27 47
5 33
20 48
11 57
22 40
54 69
17 65
24 64
6 54
11 53
56 70
55 56
24 29
36 39
5 56
21 61
41 68
13 37
8 43
4 21
29 41
1 12
3 65
38 55
34 51
15 40
12 59
31 54
53 57
7 38
40 45
65 68
3 36
58 63
7 9
42 60
14 17
22 31
23 30
13 59
4 49
20 62
19 28
34 39
6 13
17 62
2 48
3 46
8 15
14 42
42 62
2 13
36 57
4 5
7 26
56 67
21 39
11 64
23 60
12 67
7 13
5 47
14 58
35 37
24 69
45 59
48 59
12 43
65 66
40 58
6 52
30 60
2 36
18 22
10 39
13 48
11 12
32 33
3 25
28 29
13 30
7 10
20 61
16 33
33 37
25 44
45 51
8 26
3 60
10 37
26 62
15 41
11 48
32 38
43 57
15 39
27 54
13 64
4 15
6 61
13 40
6 41
2 28
2 42
11 23
11 31
20 38
55 62
10 33
19 27
15 44
61 68
18 63
13 46
25 33
43 53
10 30
48 49
28 31
2 29
18 26
3 53
48 56
2 12
3 12
34 54
6 28
43 56
8 70
9 59
3 52
38 59
24 26
19 31
59 69
13 18
14 39
5 52
23 67
14 34
5 24
3 34
4 50
63 64
41 69
34 35
2 57
20 22
27 66
30 55
2 40
37 44
15 19
2 52
6 44
7 56
8 9
35 38
43 44
10 14
3 14
16 56
18 66
4 19
6 47
27 36
5 64
9 69
19 37
44 64
7 11
12 25
44 47
8 38
27 30
3 43
34 56
9 23
6 19
35 42
42 69
20 64
28 47
17 41
4 12
49 50
58 69
60 70
16 37
7 20
16 51
18 60
14 41
6 23
36 47
40 67
6 11
15 59
13 61
19 23
13 15
12 33
17 70
16 52
19 32
14 56
25 31
13 36
4 68
28 55
14 32
31 45
10 35
14 31
7 33
43 45
14 64
38 52
8 13
29 59
8 51
30 44
42 48
31 60
44 68
16 63
8 49
35 68
24 48
10 48
30 62
47 56
21 64
21 43
53 60
50 58
34 65
18 32
10 28
10 11
5 29
13 32
22 58
6 26
48 60
11 38
37 56
23 55
4 20
14 30
25 67
29 49
45 54
39 43
6 66
20 66
18 37
28 49
6 42
69 70
32 52
16 29
9 31
10 19
44 46
11 19
8 28
35 53
29 45
17 27
22 61
45 46
57 58
26 58
36 43
46 51
32 67
31 69
14 23
14 35
41 59
18 58
32 44
25 27
14 24
20 30
33 55
42 70
13 33
4 32
25 28
8 34
22 43
10 68
33 56
35 51
46 64
1 35
5 30
25 48
14 36
41 50
18 56
39 69
24 36
60 67
3 30
7 55
28 34
31 37
9 38
38 58
19 25
61 62
40 57
36 42
1 48
16 30
10 29
17 34
29 42
43 59
14 55
22 70
17 33
3 45
5 9
10 21
55 60
5 20
11 49
20 52
46 61
25 61
37 38
7 31
4 35
2 51
29 38
7 16
35 66
45 70
43 48
25 60
27 59
1 55
47 51
20 41
22 30
49 51
16 36
46 59
3 19
4 38
39 41
31 48
32 59
4 11
21 35
13 35
13 70
15 38
9 50
12 50
14 22
24 68
37 58
35 45
11 68
61 63
14 61
33 44
6 25
3 27
34 70
17 50
56 65
55 58
20 24
25 43
19 48
7 35
55 66
2 18
8 52
19 36
30 39
3 37
29 47
32 36
10 65
33 58
9 22
34 42
8 60
2 67
6 48
52 66
10 27
36 48
6 9
11 22
35 56
14 43
4 44
1 69
5 65
64 68
6 27
18 48
38 64
37 50
5 26
42 64
15 43
4 8
30 38
9 48
30 63
16 18
17 42
4 17
37 40
4 46
16 69
15 55
59 61
24 31
13 31
15 53
23 69
13 17
23 66
45 52
7 66
8 37
47 68
9 62
50 54
40 61
6 38
25 55
41 60
7 63
3 10
41 63
20 42
23 34
24 25
9 13
12 39
13 21
23 24
7 30
19 47
59 65
8 41
16 40
32 51
3 54
1 66
1 6
13 34
23 61
12 58
18 69
12 44
7 8
19 69
40 46
5 25
6 62
4 30
44 66
17 20
46 69
8 29
8 14
13 53
39 49
20 26
22 24
20 25
44 48
16 24
26 32
5 31
18 20
3 44
5 51
43 49
29 53
42 58
21 38
23 64
52 70
24 39
37 42
15 29
2 41
34 48
43 54
27 63
16 27
25 35
1 32
30 43
30 49
2 25
41 48
11 45
11 29
22 44
20 43
18 70
16 43
12 17
12 29
25 34
3 29
11 20
30 32
29 65
6 16
46 55
26 36
49 53
56 62
40 41
6 10
1 11
41 54
38 61
42 44
1 29
18 42
13 58
20 27
9 60
57 59
48 68
4 27
9 52
31 41
36 40
55 57
4 56
67 68
2 58
31 64
13 16
13 54
21 25
25 32
3 7
38 45
16 22
32 61
57 69
41 43
33 66
3 17
6 45
13 41
10 43
31 43
19 52
9 56
10 49
15 27
16 49
20 58
8 17
41 42
23 48
23 44
26 66
49 57
15 60
28 42
40 48
23 36
21 68
30 54
1 46
12 53
29 39
8 33
32 37
2 11
16 20
20 37
19 43
8 66
45 47
30 53
4 62
5 35
2 63
38 50
18 46
10 15
17 51
26 45
12 62
5 22
22 35
6 39
7 52
14 45
17 52
19 20
28 35
4 13
14 19
6 29
11 15
2 44
6 8
41 70
25 49
20 23
21 44
15 52
9 32
28 44
24 42
23 31
35 47
12 23
15 22
15 20
20 39
47 55
26 56
23 68
26 49
25 56
33 68
7 65
15 31
11 69
4 42
26 43
40 52
28 65
2 62
41 51
14 38
8 11
28 32
59 66
17 25
9 55
33 50
26 39
7 44
17 64
4 55
20 28
60 66
51 52
24 34
12 56
1 2
9 45
7 36
59 60
15 26
10 45
14 59
11 58
34 61
22 69
20 59
25 69
34 52
26 35
55 67
16 42
26 52
2 30
11 42
19 33
12 48
33 62
48 52
35 43
11 51
24 52
7 62
12 18
7 54
46 58
4 9
12 30
14 57
26 40
15 25
16 19
16 35
12 26
41 52
2 21
34 60
2 32
22 32
18 36
11 16
8 50
10 34
40 54
28 38
4 7
8 35
8 19
18 21
14 60
43 66
41 62
20 31
60 61
5 53
21 36
2 22
1 19
5 39
1 59
1 5
4 60
4 47
4 34
14 51
39 40
5 12
56 68
5 36
5 34
10 13
21 50
12 19
5 54
51 61
7 18
17 39
12 40
31 40
1 22
1 42
9 18
22 26
18 40
37 47
14 16
6 12
1 41
12 69
49 52
19 40
21 51
32 40
2 49
38 54
5 13
39 47
31 55
22 54
46 56
20 50
15 33
34 69
6 43
15 37
6 31
39 46
56 59
8 22
8 62
5 7
57 62
4 22
26 54
1 39
47 64
46 62
9 68
19 42
7 60
19 24
36 61
1 62
31 33
18 25
31 67
11 59
41 65
4 69
20 53
26 61
27 35
1 28
65 70
8 48
45 55
34 38
1 23
38 69
3 67
2 55
12 45
53 68
21 31
33 43
24 32
31 61
30 52
30 37
36 51
1 14
27 42
25 59
3 55
17 21
27 41
20 33
20 46
23 25
11 43
24 54
22 33
1 38
13 29
27 48
4 65
49 70
7 28
9 16
41 46
29 31
30 36
3 22
24 30
33 51
9 66
38 41
48 55
50 61
1 49
25 39
34 46
7 21
2 47
9 44
5 38
5 43
18 59
59 67
34 62
20 57
5 41
44 51
4 23
25 36
3 62
38 57
62 64
2 43
8 32
7 41
49 62
9 70
1 20
7 32
21 53
15 62
32 41
18 35
70 893 29 2415
31 53
16 36
13 69
7 11
2 48
15 19
5 58
5 42
45 50
5 61
26 55
26 33
2 51
3 13
51 56
24 57
1 10
7 64
45 47
31 32
2 65
3 11
48 60
19 52
44 69
3 32
11 63
34 37
30 42
22 45
3 48
14 16
26 56
39 45
48 63
44 53
47 60
7 54
31 47
22 54
35 60
2 29
3 28
8 13
28 61
11 60
26 49
20 30
15 63
16 33
14 22
1 9
42 50
7 36
12 35
9 28
25 53
22 49
1 7
17 34
5 38
4 35
1 64
3 49
47 56
21 58
1 34
3 38
26 39
16 22
10 13
21 56
36 54
15 59
5 55
35 40
24 63
28 70
13 45
39 66
12 19
2 40
14 51
2 5
22 30
19 61
42 58
26 50
29 47
5 60
5 10
38 42
9 19
3 46
12 53
28 29
13 15
14 47
12 31
9 11
4 7
8 33
15 30
59 64
36 48
9 37
9 36
41 55
47 61
20 48
6 47
19 47
17 44
26 32
22 43
20 34
36 47
9 45
28 45
16 49
1 11
56 60
31 52
6 31
7 45
46 62
18 31
40 59
15 47
34 65
17 31
8 16
40 56
14 26
14 45
9 23
6 8
14 32
51 54
39 46
57 67
13 66
42 44
41 50
23 45
41 61
40 62
51 57
1 65
13 25
13 18
1 55
3 68
44 64
11 49
54 68
22 27
31 37
7 9
11 16
11 33
10 43
12 28
34 35
9 53
14 29
54 64
25 50
7 48
30 43
6 11
54 69
2 9
7 13
15 21
23 35
4 43
23 63
5 44
1 26
19 36
24 62
25 55
25 68
3 4
19 40
1 17
24 54
40 42
43 54
28 38
45 51
4 44
54 66
17 65
16 57
6 7
55 70
37 49
12 60
9 47
23 56
45 54
11 40
25 57
25 67
34 40
45 59
2 22
19 43
11 68
23 28
28 44
4 6
10 18
40 70
7 68
45 64
23 24
34 48
2 49
29 46
19 55
48 51
2 60
25 28
5 23
4 34
37 68
8 20
13 37
10 70
32 41
15 27
29 34
10 20
36 49
22 36
22 31
40 54
12 70
2 16
14 54
27 33
3 12
15 36
16 28
21 23
26 66
17 21
3 47
48 66
3 6
23 37
1 57
6 67
29 38
2 68
37 54
10 28
49 68
24 30
2 14
49 64
5 63
14 33
18 53
43 64
19 62
36 55
1 37
47 55
7 12
32 59
36 58
35 57
55 60
30 52
15 31
27 48
56 61
36 50
35 37
1 61
54 60
8 19
9 14
11 13
2 66
20 21
17 27
47 54
4 17
10 33
6 40
34 53
6 20
18 65
25 58
2 34
34 47
42 64
25 60
30 47
10 37
33 50
25 43
20 28
3 37
1 47
8 67
5 56
21 22
43 44
11 45
5 12
24 25
64 70
4 28
10 26
10 17
47 57
17 53
11 24
14 15
19 39
53 69
6 36
36 56
21 50
2 33
4 12
32 51
36 44
14 30
2 69
39 69
2 18
11 35
37 69
12 54
42 51
17 33
36 46
16 56
28 43
22 35
24 56
7 15
28 47
12 67
55 56
40 66
11 36
24 40
19 23
16 17
2 13
9 16
22 39
15 61
4 16
26 69
48 64
2 17
1 20
2 28
15 50
7 31
2 20
19 46
7 29
11 28
16 46
5 6
50 63
17 66
32 42
13 23
39 44
51 67
32 44
25 46
15 38
36 66
33 60
3 67
14 36
16 44
21 30
25 61
13 30
7 24
6 61
17 38
55 63
3 50
10 24
44 65
8 48
12 47
14 64
51 53
17 67
11 52
13 44
13 27
43 56
10 27
25 62
4 58
18 26
13 36
4 39
5 35
10 57
1 69
28 36
5 34
18 32
16 27
7 39
37 38
22 59
7 21
25 47
2 63
4 70
49 60
17 49
8 41
1 16
20 65
12 22
29 43
44 48
18 30
5 67
9 50
24 61
2 53
21 32
10 32
4 36
47 52
19 57
18 50
5 15
51 63
4 5
29 45
10 69
13 52
27 63
3 61
10 36
5 24
14 40
7 70
17 25
33 44
1 18
23 53
15 46
15 24
14 49
8 64
16 58
15 25
62 63
3 8
8 40
20 52
11 65
26 47
31 70
41 42
9 32
12 55
2 47
26 36
44 52
12 14
7 53
10 47
4 18
43 49
27 39
3 26
4 26
24 67
29 36
11 23
28 40
12 26
16 37
12 49
41 62
3 51
1 32
9 43
11 69
29 33
31 45
58 67
37 61
23 40
51 68
1 23
22 42
3 69
26 35
32 70
1 45
37 52
4 38
14 25
2 31
13 41
14 46
23 44
34 46
23 43
20 37
13 19
4 14
27 59
4 65
8 10
6 37
19 38
5 50
13 22
28 59
43 55
19 65
20 45
18 52
19 37
7 63
30 33
14 34
29 42
35 59
22 68
19 28
13 14
41 57
31 36
11 14
23 64
19 25
41 64
3 5
5 19
13 47
18 23
3 35
6 23
46 48
41 47
32 67
6 69
59 65
20 64
2 38
41 48
18 48
21 45
24 27
8 23
2 55
15 43
2 67
18 35
6 30
40 60
31 56
12 66
2 6
12 46
25 36
1 33
21 26
42 60
27 37
2 44
28 34
4 67
23 32
56 62
27 62
7 42
25 45
8 70
11 64
34 62
33 53
2 57
31 61
38 57
13 56
29 44
20 22
1 50
33 62
8 58
39 64
32 33
32 56
7 51
27 40
5 33
19 24
7 52
6 34
11 21
22 48
48 68
9 65
9 24
18 21
30 38
17 30
4 60
8 52
40 48
16 50
7 46
48 57
19 34
40 44
4 19
2 12
9 34
4 45
26 64
4 33
29 53
31 60
6 28
24 59
29 54
2 35
54 56
10 23
18 22
15 20
9 49
7 43
40 51
7 18
22 53
11 12
25 44
20 69
5 49
8 11
16 31
19 41
7 32
50 67
64 69
21 47
10 19
21 51
2 26
15 23
13 17
11 41
29 30
12 30
10 56
17 28
1 48
12 16
32 49
3 21
26 54
26 29
9 17
21 67
27 44
31 64
2 7
38 67
21 62
8 18
26 27
4 49
1 22
44 70
12 21
4 51
11 59
16 41
31 35
17 54
12 32
7 19
16 32
7 35
15 34
28 50
24 52
27 60
13 39
15 29
14 41
40 57
4 37
17 37
11 30
20 66
9 62
47 59
24 32
6 55
14 42
7 67
18 39
11 53
15 35
15 22
19 22
3 10
66 70
22 61
18 49
11 66
19 33
15 26
9 29
43 60
18 43
6 39
32 38
40 58
8 42
23 47
1 12
4 40
40 61
19 51
33 65
3 70
10 35
19 21
32 63
16 26
3 16
7 17
11 31
7 49
12 13
9 56
32 47
23 36
59 60
30 70
15 44
15 17
20 26
50 61
26 53
17 62
43 51
5 18
7 55
10 25
35 48
1 41
14 20
14 19
4 42
19 54
11 38
42 47
5 65
6 56
17 69
3 29
15 54
52 60
5 29
8 38
52 68
19 20
2 21
25 31
9 20
67 69
33 52
4 15
22 37
6 59
29 56
2 45
12 62
8 17
49 50
45 46
26 44
20 47
7 14
6 53
9 18
1 58
28 54
16 29
41 44
8 24
50 55
3 33
27 50
39 54
33 69
17 24
10 40
18 25
2 64
37 55
42 49
27 30
10 22
24 38
4 9
10 41
1 6
21 25
4 56
2 10
13 40
12 27
61 62
46 57
17 19
13 21
31 42
23 38
10 16
4 32
4 25
21 53
32 53
3 45
5 20
5 51
41 63
19 50
36 43
9 25
6 66
5 16
13 38
33 59
6 15
30 50
15 62
18 33
27 57
28 51
40 49
31 44
17 70
2 43
18 45
27 41
25 39
13 51
35 55
1 66
24 41
12 42
39 62
28 67
15 53
5 21
2 32
21 27
8 54
22 56
15 57
15 41
32 48
7 66
60 63
37 43
9 33
32 58
41 51
10 44
20 56
