2000 800
490 405
425 413
38 708
265 638
644 139
553 666
170 81
642 617
534 19
329 193
697 366
361 786
380 18
469 90
696 552
729 59
515 293
571 780
465 655
110 236
693 380
166 724
541 442
282 751
81 552
252 126
765 361
171 153
612 82
484 137
41 511
645 22
783 762
358 144
328 188
386 570
797 304
500 133
730 503
649 763
142 592
767 451
101 272
373 685
88 162
386 30
678 417
84 570
773 307
453 43
622 504
432 433
641 469
184 528
606 211
214 685
756 289
180 491
754 397
572 367
747 459
643 460
762 703
551 128
434 630
101 385
744 619
671 535
735 444
613 120
293 450
682 47
95 329
150 198
789 287
68 614
26 573
46 760
435 675
692 626
443 556
282 547
506 166
595 671
121 560
503 640
79 388
137 45
342 510
668 132
353 271
156 523
757 562
390 116
776 632
222 412
226 135
579 640
379 31
495 62
761 731
208 528
147 539
419 769
286 542
607 603
479 498
304 586
118 252
276 622
194 560
566 195
103 73
194 120
725 656
486 273
115 695
174 259
475 136
249 89
266 706
365 209
482 607
572 273
505 764
659 623
777 761
298 431
728 772
261 335
639 717
109 154
466 144
792 187
417 737
571 381
788 447
25 514
445 661
582 303
62 69
306 600
283 733
162 126
707 182
541 425
363 736
336 465
307 156
1 60
221 281
42 718
630 788
425 721
741 383
151 137
538 337
103 286
85 258
443 180
131 328
229 584
18 211
715 56
165 756
4 473
671 581
340 463
505 8
408 673
614 95
191 10
775 686
285 371
346 386
77 784
214 204
470 190
772 214
741 424
13 221
250 202
687 119
666 127
768 398
584 132
435 99
564 315
260 16
778 641
329 782
729 148
183 80
603 240
482 428
651 615
731 80
728 8
321 115
738 158
797 509
759 673
265 30
409 61
762 312
767 258
512 748
664 321
605 465
133 87
25 548
109 400
768 285
776 319
407 249
737 4
749 747
138 35
422 6
291 415
129 607
101 133
220 496
447 784
86 159
335 257
564 215
211 11
697 672
216 125
200 621
692 242
637 513
44 756
231 414
737 512
11 393
558 778
159 491
683 317
171 659
441 673
497 18
761 764
527 337
234 62
226 514
574 685
461 432
180 205
417 524
270 384
641 450
553 205
530 118
660 163
59 390
449 167
487 493
152 402
442 241
209 456
11 332
207 439
100 166
73 584
784 489
280 342
632 139
89 259
531 308
371 212
569 319
72 425
798 94
622 529
86 791
691 203
306 652
728 362
588 665
722 190
602 532
35 136
528 424
485 326
286 447
718 188
589 486
46 299
602 429
298 318
408 132
267 632
200 436
773 800
756 356
126 513
361 161
67 50
585 30
451 38
87 460
446 719
588 552
378 108
702 102
778 793
51 344
666 556
525 376
627 200
685 759
34 616
418 182
722 789
749 331
338 210
184 272
395 384
371 779
45 87
111 279
623 290
381 48
356 552
178 639
456 65
303 212
497 502
187 254
609 61
120 584
86 365
405 140
476 559
735 130
323 630
636 417
781 146
88 358
29 47
113 201
213 20
497 653
105 765
228 529
620 284
541 422
237 497
539 590
684 564
798 690
764 272
111 207
513 200
332 658
767 386
48 767
423 16
526 118
469 135
107 442
555 449
274 153
270 741
440 711
672 588
42 583
779 578
22 635
488 185
744 549
6 758
176 573
744 420
514 634
78 87
258 792
89 189
101 634
316 329
559 472
13 774
314 677
336 648
716 788
401 165
638 422
13 583
590 322
238 281
112 77
650 393
533 329
572 320
532 553
570 654
658 546
92 279
470 388
17 109
20 566
410 30
424 688
400 7
553 454
551 158
373 398
209 744
455 106
270 557
543 154
31 799
599 129
408 778
631 748
582 124
542 400
169 645
516 4
533 656
504 470
777 23
525 787
527 580
364 107
37 383
666 475
528 206
605 48
234 220
611 338
746 774
691 780
549 465
63 324
753 480
147 317
681 127
510 360
250 90
17 170
115 614
625 718
331 365
342 100
602 308
131 728
371 309
175 722
511 796
689 238
71 30
93 284
239 726
676 638
236 260
276 405
457 231
670 783
365 534
134 718
391 406
110 499
530 169
435 685
465 332
490 180
24 367
692 13
543 631
283 439
102 665
273 553
501 398
668 368
268 364
625 618
737 6
241 671
61 653
752 114
679 98
757 96
603 492
242 138
210 266
660 389
744 273
452 88
53 703
187 644
310 287
172 606
20 681
327 87
85 38
222 487
783 513
363 544
85 20
466 161
93 235
681 201
387 364
118 797
126 798
654 647
292 532
342 308
769 470
486 252
73 363
681 678
130 746
250 697
652 727
789 419
306 384
714 340
495 159
592 309
638 733
66 592
288 418
362 420
160 608
231 795
205 368
355 442
660 230
210 574
449 385
300 241
289 657
73 682
416 518
50 20
364 648
396 525
499 457
145 271
31 351
21 428
388 749
115 146
144 550
576 142
594 238
271 187
754 44
669 376
152 172
623 796
537 197
154 392
677 403
190 494
322 554
604 583
331 19
311 349
65 8
228 679
718 676
648 239
158 89
652 76
481 452
112 356
138 81
576 266
726 604
77 671
388 696
77 545
4 338
497 362
601 543
773 184
411 386
186 598
480 141
492 760
800 301
167 431
480 642
669 172
309 612
676 627
458 173
150 81
272 370
409 411
643 72
799 232
66 728
376 768
27 484
450 424
691 775
487 686
138 256
588 738
511 586
29 328
621 177
176 530
626 149
98 718
433 424
144 51
273 425
658 772
401 794
288 729
429 178
212 508
204 292
268 455
424 251
743 692
413 240
375 695
615 577
150 73
415 613
157 52
610 26
366 256
223 503
459 462
245 523
796 133
210 417
384 361
38 557
614 688
735 384
610 141
595 58
430 92
177 219
205 55
724 629
225 369
503 721
343 334
390 638
741 769
40 687
325 317
161 247
85 123
65 63
129 366
325 365
137 445
575 669
569 500
774 208
417 485
384 454
622 780
622 256
90 130
792 655
157 610
235 46
50 42
571 284
725 461
70 3
756 196
342 513
121 309
581 256
71 302
20 385
752 391
314 227
352 324
567 372
356 71
492 96
645 711
205 789
760 36
335 483
57 788
288 110
259 352
118 203
215 787
588 332
268 306
379 277
355 76
227 283
21 311
317 771
612 587
418 249
45 271
782 460
92 220
361 411
463 314
237 328
533 773
575 280
698 688
71 363
22 621
634 551
685 315
699 684
566 723
412 758
321 415
161 251
45 455
54 206
646 46
544 611
523 106
171 470
218 444
102 147
272 52
377 360
665 392
67 187
18 15
243 546
593 124
706 229
281 595
300 455
587 253
589 750
628 710
742 525
101 454
5 212
490 344
214 636
469 556
652 704
287 135
688 27
423 780
47 672
371 286
441 440
72 525
454 610
656 201
395 325
566 52
698 222
362 119
770 128
336 348
559 710
302 225
177 241
316 416
380 586
235 183
765 565
126 330
363 706
168 693
73 171
192 175
425 292
616 628
424 223
747 530
57 484
125 762
318 401
544 143
71 454
685 362
637 707
94 602
338 316
245 472
328 607
100 573
760 800
498 51
687 590
724 766
703 387
22 670
745 261
716 31
525 681
346 278
510 771
683 713
268 22
800 559
588 287
498 262
553 203
474 681
333 94
416 489
566 88
428 340
522 204
428 686
717 619
278 387
655 68
770 698
94 253
177 504
82 526
222 645
424 637
552 553
453 297
640 787
550 563
131 99
468 256
313 513
228 54
95 527
505 446
705 563
763 398
351 184
698 254
714 709
329 229
602 366
595 254
579 213
451 712
535 127
636 345
243 665
572 160
138 368
192 625
786 474
654 775
585 271
768 617
595 109
605 523
745 32
1 338
781 124
740 577
63 212
85 773
741 534
543 241
236 622
429 480
423 581
242 348
558 141
157 215
269 431
81 757
143 475
613 675
343 59
293 666
181 352
5 698
765 482
440 725
33 450
764 361
112 304
493 593
454 692
448 372
744 770
790 629
33 706
732 117
429 788
385 54
677 515
789 447
80 117
327 677
235 649
596 180
287 746
166 362
589 145
307 728
701 533
643 448
513 249
72 220
82 320
168 225
233 745
637 800
441 145
141 642
161 577
782 469
409 663
331 489
190 322
797 139
707 364
757 68
16 177
797 606
72 265
249 268
448 408
119 31
760 718
767 648
111 404
86 653
296 292
350 27
676 4
534 668
429 557
20 729
206 498
220 703
296 614
625 578
330 2
291 390
739 309
106 783
38 505
463 27
169 475
431 500
700 212
328 323
477 770
562 194
469 540
253 454
417 474
105 10
62 128
606 16
94 543
212 170
519 447
552 761
292 209
47 139
427 231
109 6
492 191
347 752
277 16
153 522
165 34
766 492
246 744
172 443
171 646
68 136
67 751
749 539
127 43
20 698
184 230
563 323
311 564
149 148
704 108
363 486
487 157
616 202
286 584
135 656
258 665
545 634
208 426
579 760
558 569
245 752
620 577
529 502
263 455
158 786
164 399
23 27
116 477
445 692
696 727
167 447
415 309
178 545
578 586
714 658
215 303
669 576
654 690
144 190
526 617
420 235
112 193
175 533
555 5
91 722
143 52
594 605
421 472
544 20
587 661
457 563
768 135
24 546
583 541
143 647
559 647
148 578
139 324
715 274
266 643
461 418
204 554
215 731
668 461
594 171
762 77
618 315
562 401
641 562
90 533
104 227
497 199
625 690
411 358
119 196
188 106
628 252
732 13
48 40
330 87
699 282
406 386
346 565
35 751
27 239
108 94
92 595
498 49
265 111
552 561
21 385
344 430
372 740
758 529
74 518
399 366
620 33
680 111
130 515
670 231
362 688
147 731
445 471
105 663
776 160
67 600
652 495
119 197
156 16
307 271
78 758
448 122
295 227
434 782
468 171
520 42
114 421
432 368
238 546
217 288
311 105
575 38
483 439
5 684
455 752
637 757
229 587
8 540
768 522
580 383
332 208
82 170
325 550
569 563
724 619
648 645
269 694
800 70
469 741
710 108
54 495
675 7
227 49
314 636
191 8
387 414
119 635
42 267
789 500
327 711
341 358
456 152
129 173
694 526
313 340
260 89
393 296
540 232
187 16
222 178
534 516
739 763
522 459
629 253
124 79
272 306
433 541
417 705
313 248
25 670
74 38
615 400
379 681
16 334
31 587
482 214
177 763
212 105
368 734
101 750
278 596
734 468
159 32
612 425
538 309
298 412
741 567
180 84
234 624
400 377
663 291
28 202
245 154
787 103
465 426
275 103
432 155
799 56
24 447
102 196
574 505
760 500
130 717
754 40
777 428
723 710
12 710
285 96
231 642
710 595
374 134
325 306
758 675
476 393
305 718
778 387
600 494
238 355
593 777
588 722
777 231
312 675
267 385
688 241
119 785
374 491
331 525
478 543
197 646
699 658
662 46
163 513
519 142
468 43
709 291
709 101
144 753
585 381
334 419
295 380
503 571
259 90
406 98
13 319
98 30
687 176
349 651
613 349
677 444
509 425
229 532
111 467
22 596
16 247
266 475
225 793
148 232
693 491
55 174
79 278
156 763
213 642
400 288
14 400
619 331
746 637
507 211
217 654
206 371
218 507
339 81
524 35
254 209
325 203
18 621
216 625
577 509
397 27
716 160
125 336
264 580
761 127
62 45
25 461
515 528
114 68
353 29
710 305
334 396
571 371
526 87
405 394
373 257
497 445
367 542
790 750
795 561
84 387
236 322
5 339
70 55
549 448
751 409
332 443
506 381
156 500
367 448
187 491
658 541
576 149
340 68
663 180
781 94
358 108
696 705
248 511
725 469
230 410
82 292
44 715
715 48
48 194
745 391
784 452
531 127
373 774
511 772
633 418
262 159
116 114
139 325
172 330
164 503
431 202
674 610
712 120
721 443
659 304
5 6
55 491
602 592
515 99
690 573
340 146
610 73
414 412
111 259
372 664
351 520
311 678
463 458
239 724
69 770
158 513
482 784
208 344
148 31
745 501
792 2
785 750
360 347
536 47
96 199
759 407
385 254
164 130
240 226
774 662
111 576
15 336
116 303
647 230
469 763
287 460
172 244
63 207
283 623
784 525
623 223
225 703
432 352
276 727
177 466
718 166
758 643
313 780
585 533
397 224
121 646
91 598
112 614
9 481
273 768
538 666
675 738
68 613
726 595
247 591
602 332
179 548
442 276
108 541
375 536
382 573
497 309
480 387
28 671
194 664
464 714
318 792
81 287
641 781
144 247
111 15
319 401
39 729
673 724
772 547
309 104
703 78
541 281
426 422
67 744
733 339
728 236
231 664
793 413
113 408
271 705
468 617
621 763
287 713
393 515
56 51
125 550
250 128
402 302
303 549
646 698
772 632
648 595
527 275
755 26
483 458
362 340
71 254
389 457
736 263
623 2
613 134
666 117
593 281
690 218
179 481
540 137
289 78
127 568
91 228
550 511
308 201
710 680
784 7
711 288
155 92
424 482
587 304
676 146
133 639
667 154
136 366
713 626
342 420
408 773
318 632
640 277
781 463
280 204
722 780
794 305
799 318
738 570
759 342
161 375
95 265
642 207
499 244
211 693
582 198
569 399
651 393
346 734
188 690
503 103
264 656
456 151
230 687
310 577
210 209
798 730
799 478
236 395
696 282
263 471
384 453
143 563
357 322
666 304
271 655
47 641
328 128
280 414
768 660
108 675
18 287
214 706
652 232
486 131
729 301
649 314
556 84
370 65
372 649
23 758
23 119
30 230
247 204
627 378
556 91
113 620
421 607
196 571
233 546
340 709
399 547
339 327
646 91
550 69
229 15
136 110
54 420
361 641
4 79
556 288
32 301
752 650
651 619
542 136
676 311
427 428
467 168
186 545
229 645
324 24
619 139
769 429
661 128
174 535
403 609
716 691
223 380
532 148
514 185
618 178
736 758
208 304
380 272
339 604
426 494
400 315
421 503
34 613
481 18
22 535
352 686
150 779
87 203
355 140
16 379
104 680
223 176
784 23
792 496
367 11
22 708
522 86
564 158
323 728
130 711
136 123
796 118
703 536
302 41
631 707
519 261
387 499
549 425
463 473
501 733
550 221
235 632
619 681
109 664
81 779
39 654
10 30
476 334
490 776
535 254
699 635
44 388
170 352
720 51
320 718
59 715
622 258
796 293
515 422
52 187
79 29
525 300
509 280
68 243
612 331
152 484
646 138
229 79
222 778
740 277
148 438
265 508
259 106
451 349
124 744
125 769
605 225
8 45
269 492
430 415
127 379
74 423
185 63
204 225
131 350
176 559
570 533
68 128
672 14
79 643
504 146
687 234
609 373
536 273
658 292
657 677
542 353
121 442
563 297
522 252
690 362
216 537
712 688
795 372
186 684
739 238
153 226
111 180
152 350
114 706
572 44
727 389
342 149
257 634
134 651
180 781
101 645
198 589
29 375
598 251
91 679
327 244
92 219
154 256
482 48
309 742
331 499
363 280
351 362
208 87
369 622
46 459
688 549
94 722
388 751
688 555
347 646
327 194
699 683
501 618
51 725
90 216
368 413
132 625
321 653
552 321
303 486
198 262
754 169
14 488
418 516
37 204
380 426
523 465
632 251
384 68
74 679
679 206
103 354
386 175
414 317
509 34
674 282
87 572
213 264
194 727
669 794
46 540
417 175
702 296
13 574
391 619
681 669
445 649
140 333
112 414
289 264
217 2
48 312
761 236
497 521
473 385
317 32
351 706
419 513
328 250
160 667
209 709
614 777
788 249
102 81
473 9
629 214
553 433
288 775
672 122
741 92
761 756
542 606
594 695
461 566
120 467
80 482
503 491
271 714
294 279
735 704
459 217
138 290
348 679
727 729
800 120
23 499
334 364
630 744
112 267
424 586
321 163
260 404
219 629
365 582
126 77
417 378
703 651
694 32
70 519
279 304
129 290
397 781
572 445
42 773
204 484
670 26
716 668
690 561
469 392
164 558
595 386
507 792
795 761
329 355
582 147
760 358
632 376
743 625
145 290
796 646
66 131
307 401
596 511
124 498
272 650
661 458
208 764
456 98
714 283
202 514
575 560
671 176
533 671
390 135
314 524
284 62
398 746
710 446
291 59
782 120
169 320
60 530
467 453
105 363
165 390
26 307
29 111
683 178
587 92
486 712
181 141
476 297
40 685
87 257
238 798
384 180
353 404
383 633
301 470
637 585
255 765
152 697
480 311
742 99
710 462
462 703
131 127
269 580
521 676
378 482
45 769
300 152
464 314
83 644
307 609
511 697
522 1
294 391
444 142
677 519
161 46
60 324
617 368
497 617
318 551
377 520
658 736
159 498
731 397
382 788
359 384
357 308
88 394
462 235
125 728
484 361
335 640
12 739
76 481
393 73
770 198
567 371
1 559
103 700
553 388
161 450
257 315
283 195
190 450
577 788
377 689
548 463
219 487
182 212
556 463
175 166
311 165
12 649
782 209
237 568
153 523
367 346
610 467
658 396
40 608
504 112
295 183
26 497
665 185
651 421
603 777
683 177
791 522
749 113
137 299
516 747
641 37
765 194
523 42
650 40
44 104
1 787
97 192
149 16
473 20
110 194
173 53
517 481
60 585
686 417
117 159
742 252
242 674
136 188
598 34
785 107
350 307
13 306
781 145
613 606
114 119
460 365
398 46
355 53
196 150
634 271
656 708
555 237
481 276
31 662
77 778
368 99
727 396
797 483
360 86
714 578
71 504
400 592
497 668
41 109
201 587
189 773
154 376
100 275
477 752
495 3
445 230
264 104
223 587
418 736
469 523
306 216
734 47
88 475
326 436
472 145
787 184
348 327
64 312
114 451
623 753
254 357
25 690
101 717
508 524
782 584
277 25
467 93
349 394
407 13
682 518
236 694
62 226
692 56
325 708
400 687
391 747
466 507
63 773
112 476
173 37
443 310
473 731
678 620
800 257
115 434
786 648
752 305
750 570
12 599
510 743
416 641
738 157
657 130
149 564
178 214
570 539
303 555
