4997 3749
783 2597
2597 228
1908 228
1908 3504
2597 3504
3504 2136
2136 395
1905 395
1905 3504
1905 2687
2687 2396
1778 2396
1905 1778
1778 3511
921 3511
921 2644
2644 1778
1106 2644
1106 2060
2060 2195
2195 2644
3050 2195
2050 3050
1840 2050
2195 1840
1840 1295
1295 2901
3153 2901
1840 3153
527 3153
527 1147
3569 1147
3153 3569
3569 1680
1680 2511
1233 2511
1233 3569
1233 1105
3527 1105
1161 3527
1161 1233
969 1161
2203 969
287 2203
1161 287
287 1434
1434 3305
2358 3305
287 2358
2358 2502
2154 2502
516 2154
2358 516
905 516
3487 905
3487 3256
3256 516
1008 3256
1008 3198
3198 1244
1244 3256
1244 3626
2756 3626
1933 2756
1933 1244
1933 3749
3749 1768
1768 661
661 1933
661 2805
2805 2706
3450 2706
3450 661
938 3450
938 999
1633 999
1633 3450
2946 1633
162 2946
3270 162
1633 3270
3270 709
2003 709
2106 2003
3270 2106
766 2106
2917 766
1130 2917
2106 1130
3515 1130
3188 3515
3188 1117
1117 1130
49 1117
49 220
220 1306
1117 1306
2244 1306
2244 2022
1372 2022
1372 1306
1372 1783
1783 1581
1581 1030
1030 1372
3226 1030
3226 2430
2430 963
963 1030
963 2116
20 2116
20 2348
963 2348
3242 2348
3242 416
937 416
2348 937
3410 937
3410 3590
3590 313
313 937
3724 313
3206 3724
3552 3206
313 3552
2770 3552
2770 1564
1564 611
3552 611
611 2492
3546 2492
3546 2702
2702 611
1460 2702
1460 114
114 3146
3146 2702
3146 3167
888 3167
888 689
689 3146
689 3638
3638 792
792 1484
1484 689
1484 3415
281 3415
923 281
1484 923
923 2323
856 2323
856 357
923 357
1365 357
1548 1365
1548 2520
2520 357
2274 2520
2274 2427
2427 1032
1032 2520
387 1032
387 2196
2196 1021
1021 1032
1021 1100
2307 1100
648 2307
1021 648
648 3680
1345 3680
1345 1420
1420 648
725 1420
1260 725
1260 1395
1420 1395
1395 2065
2042 2065
3674 2042
3674 1395
1682 3674
339 1682
1137 339
3674 1137
1137 3743
3743 569
569 977
977 1137
977 2247
2247 1607
1607 70
977 70
2019 70
2019 3295
3295 1692
1692 70
1692 881
2799 881
465 2799
465 1692
465 1947
1947 857
857 2585
2585 465
663 2585
663 915
915 2743
2743 2585
2743 3661
3661 3383
3383 3072
3072 2743
3072 1407
1407 2481
2803 2481
3072 2803
2803 129
129 1501
1501 1553
2803 1553
2704 1553
2572 2704
1864 2572
1553 1864
907 1864
907 3550
3037 3550
3037 1864
3037 253
253 1714
1714 2800
3037 2800
3589 2800
1043 3589
2579 1043
2579 2800
3673 2579
2544 3673
2544 1696
2579 1696
1696 3081
3081 3228
3228 2738
1696 2738
3583 2738
3583 1374
1374 2691
2738 2691
740 2691
1987 740
1987 239
239 2691
1467 239
1467 1202
1725 1202
239 1725
1725 1874
968 1874
2351 968
1725 2351
2351 407
407 348
348 222
2351 222
222 1314
2214 1314
1997 2214
222 1997
845 1997
2173 845
134 2173
134 1997
134 2533
2533 1835
1835 3189
3189 134
3189 1599
2062 1599
2062 3017
3017 3189
854 3017
854 3659
3659 1889
1889 3017
1889 2783
1211 2783
3003 1211
3003 1889
2088 3003
2088 1129
474 1129
3003 474
13 474
3124 13
768 3124
474 768
1514 768
609 1514
609 485
768 485
485 383
735 383
735 1076
1076 485
1076 3347
132 3347
3566 132
1076 3566
3566 1192
3108 1192
899 3108
3566 899
899 1384
2874 1384
2874 1872
1872 899
758 1872
1273 758
1583 1273
1872 1583
1583 3272
660 3272
1931 660
1583 1931
2915 1931
2508 2915
2508 2561
1931 2561
2561 2655
1346 2655
1683 1346
1683 2561
327 1683
327 3647
2357 3647
2357 1683
2357 590
590 2982
3266 2982
2357 3266
3266 2742
2742 2958
1042 2958
3266 1042
3247 1042
3247 974
2452 974
2452 1042
2461 2452
1694 2461
1676 1694
2452 1676
1676 530
1622 530
1622 2616
2616 1676
2616 2510
2510 2893
2893 644
644 2616
644 2057
3462 2057
2216 3462
644 2216
2216 2542
1894 2542
1894 2391
2391 2216
2338 2391
1006 2338
695 1006
695 2391
1993 695
123 1993
371 123
371 695
371 3191
653 3191
1522 653
1522 371
1522 817
817 3361
3361 1727
1522 1727
1727 1229
1509 1229
1509 1738
1727 1738
1738 1839
1839 517
1488 517
1488 1738
1488 3478
3203 3478
3203 3537
1488 3537
3537 3539
3539 1733
1733 35
3537 35
35 2457
3742 2457
1856 3742
35 1856
1856 2250
2250 2725
2725 3434
3434 1856
3434 2913
2913 2319
981 2319
981 3434
981 2268
650 2268
650 3672
3672 981
3672 3407
3103 3407
3103 3227
3227 3672
3669 3227
341 3669
341 2047
2047 3227
2047 2192
2751 2192
1082 2751
1082 2047
1082 2686
2686 3180
910 3180
910 1082
181 910
181 2733
837 2733
837 910
3131 837
1198 3131
1198 3714
837 3714
1352 3714
1352 3736
2956 3736
3714 2956
2956 1209
1209 3642
3642 2070
2956 2070
2070 694
694 2165
2165 3300
3300 2070
2550 3300
893 2550
893 3332
3300 3332
2689 3332
2689 3343
3343 1710
1710 3332
3051 1710
3051 1357
1357 2681
1710 2681
2681 3157
3157 3267
349 3267
349 2681
349 3339
3339 1208
992 1208
992 349
3159 992
1052 3159
1938 1052
992 1938
1938 480
640 480
2978 640
1938 2978
2978 490
1023 490
1023 2470
2978 2470
2470 324
2098 324
3358 2098
2470 3358
586 3358
586 2985
1525 2985
1525 3358
1525 2285
429 2285
748 429
1525 748
748 1183
2384 1183
705 2384
705 748
705 1934
1289 1934
1247 1289
1247 705
2226 1247
2695 2226
2695 726
726 1247
726 1164
1164 2151
2632 2151
2632 726
2632 2211
2211 658
658 126
2632 126
2846 126
25 2846
25 930
126 930
930 565
2907 565
2907 3380
3380 930
638 3380
638 187
2888 187
2888 3380
3086 2888
3086 2555
3360 2555
2888 3360
3360 3698
3698 1132
2013 1132
2013 3360
2013 802
802 2656
1771 2656
2013 1771
1749 1771
1749 737
1361 737
1361 1771
1157 1361
2698 1157
1479 2698
1361 1479
3244 1479
3244 2081
2557 2081
2557 1479
2557 787
302 787
302 696
696 2557
1084 696
1084 1624
1624 3413
696 3413
2217 3413
2217 1231
1231 599
599 3413
2920 599
3320 2920
3402 3320
599 3402
3402 235
3419 235
3419 317
317 3402
1471 317
487 1471
487 32
317 32
32 635
635 3632
2350 3632
2350 32
2350 2952
761 2952
681 761
681 2350
3240 681
445 3240
445 2118
2118 681
2221 2118
2091 2221
2091 1150
1150 2118
2257 1150
883 2257
3710 883
3710 1150
3710 2146
1142 2146
1142 2771
2771 3710
704 2771
1421 704
1421 3497
2771 3497
434 3497
434 1797
967 1797
3497 967
96 967
3329 96
2685 3329
967 2685
2685 213
2672 213
3007 2672
3007 2685
2473 3007
2854 2473
2428 2854
2428 3007
2428 630
630 926
926 2466
2466 2428
2466 1807
3663 1807
2233 3663
2233 2466
2233 2979
2979 273
3389 273
3389 2233
3389 693
693 3591
2674 3591
2674 3389
2023 2674
2023 80
80 966
966 2674
966 1391
1391 2962
1598 2962
1598 966
1598 2791
1235 2791
1235 3681
3681 1598
3681 322
3525 322
3525 183
3681 183
183 1410
1410 117
1675 117
1675 183
1675 1472
1472 3064
1902 3064
1675 1902
1902 74
1662 74
1348 1662
1348 1902
1348 2930
2930 896
762 896
762 1348
762 2830
337 2830
791 337
791 762
3357 791
1225 3357
1225 842
791 842
1425 842
1425 1243
1589 1243
1589 842
112 1589
2996 112
3436 2996
1589 3436
667 3436
667 2213
2213 491
491 3436
3141 491
3141 3490
3490 1299
1299 491
1299 2123
2198 2123
1619 2198
1619 1299
1619 1077
165 1077
1119 165
1119 1619
1854 1119
1854 2921
3311 2921
1119 3311
3311 2067
2067 2251
3356 2251
3356 3311
2205 3356
1882 2205
1882 1919
1919 3356
1919 1967
1967 2159
2939 2159
2939 1919
568 2939
568 2497
355 2497
2939 355
355 625
625 316
316 110
355 110
26 110
756 26
794 756
110 794
794 889
889 442
1456 442
1456 794
2646 1456
2684 2646
2684 1064
1064 1456
1064 558
558 777
1791 777
1791 1064
1791 1789
1526 1789
1526 301
1791 301
1664 301
1664 3670
3670 76
301 76
76 2524
1380 2524
1380 547
76 547
2454 547
1523 2454
1523 2416
547 2416
2416 2931
2931 400
3222 400
2416 3222
1351 3222
1351 3194
3194 632
3222 632
855 632
855 798
798 3330
3330 632
3330 1268
2573 1268
2487 2573
2487 3330
2590 2487
2590 2942
3465 2942
3465 2487
3465 2969
2969 1223
1223 328
328 3465
412 328
412 3748
3748 10
10 328
3675 10
3675 2971
1648 2971
1648 10
3615 1648
2303 3615
3049 2303
1648 3049
1903 3049
3687 1903
1477 3687
1477 3049
698 1477
698 818
2209 818
2209 1477
3263 2209
2260 3263
2260 1465
2209 1465
1465 344
344 3219
3219 2598
1465 2598
2670 2598
3053 2670
3349 3053
2598 3349
431 3349
2863 431
2838 2863
3349 2838
1550 2838
976 1550
976 1124
2838 1124
1124 2972
2972 1096
1096 391
1124 391
602 391
2732 602
2861 2732
391 2861
729 2861
2744 729
2744 1304
1304 2861
3688 1304
3688 149
149 1278
1304 1278
1278 2321
2321 267
267 2944
1278 2944
2944 212
212 674
1734 674
2944 1734
1734 519
519 1446
3085 1446
3085 1734
3085 2419
2419 2581
2581 2456
3085 2456
2456 3038
3038 1044
1044 2265
2265 2456
566 2265
566 2322
1578 2322
2265 1578
1578 152
2728 152
594 2728
594 1578
594 131
131 1943
1943 1641
594 1641
1641 2429
2941 2429
1881 2941
1881 1641
1881 3106
381 3106
492 381
1881 492
2266 492
1521 2266
1521 606
606 492
606 3044
1014 3044
1014 3440
3440 606
3440 717
2859 717
182 2859
3440 182
182 3541
1579 3541
150 1579
182 150
150 2394
1054 2394
3156 1054
150 3156
3156 2740
2740 507
507 1760
3156 1760
3495 1760
3495 100
1237 100
1760 1237
1561 1237
1354 1561
1354 2850
2850 1237
920 2850
920 2571
536 2571
2850 536
536 3704
657 3704
657 671
671 536
2361 671
2361 1552
1552 2696
671 2696
3348 2696
2453 3348
1988 2453
1988 2696
352 1988
595 352
2137 595
1988 2137
2137 3169
3169 2202
2202 1263
1263 2137
738 1263
2160 738
3557 2160
1263 3557
3557 2851
3174 2851
882 3174
3557 882
3265 882
3125 3265
1245 3125
882 1245
2583 1245
2583 1588
3549 1588
3549 1245
3549 2932
254 2932
254 2609
3549 2609
2813 2609
1697 2813
1058 1697
2609 1058
1758 1058
1418 1758
2754 1418
1058 2754
2754 457
457 1206
2132 1206
2754 2132
2132 1493
2407 1493
3232 2407
2132 3232
3232 2402
1568 2402
1568 1572
1572 3232
1572 3565
1858 3565
3308 1858
1572 3308
3308 2130
1901 2130
684 1901
684 3308
684 3651
3651 3129
3129 1685
1685 684
1685 1012
1012 3353
3353 2711
2711 1685
2711 261
190 261
190 1924
2711 1924
2594 1924
2594 2889
2889 1199
1924 1199
1199 585
3551 585
2087 3551
1199 2087
2087 2460
364 2460
364 1909
1909 2087
1482 1909
1033 1482
659 1033
1909 659
659 1723
142 1723
142 2879
659 2879
3571 2879
3571 2966
2966 463
463 2879
1326 463
1326 1628
1628 1370
1370 463
1645 1370
1645 1989
2155 1989
2155 1370
2446 2155
2446 935
935 153
2155 153
153 2545
1015 2545
1015 1490
1490 153
1490 1982
1982 1230
2925 1230
2925 1490
1078 2925
1078 1795
3631 1795
2925 3631
3631 2677
1861 2677
372 1861
372 3631
3285 372
3285 1097
2786 1097
372 2786
2472 2786
2472 21
3352 21
2786 3352
3602 3352
3595 3602
1080 3595
1080 3352
2458 1080
2458 2820
2820 3630
1080 3630
745 3630
745 271
243 271
3630 243
945 243
945 1344
1468 1344
243 1468
1328 1468
3417 1328
1820 3417
1468 1820
1820 3702
3702 1859
1859 2485
1820 2485
1300 2485
2476 1300
2476 3609
2485 3609
1217 3609
1217 750
3650 750
3609 3650
3650 1827
59 1827
61 59
3650 61
61 1801
1801 2355
3684 2355
61 3684
809 3684
2528 809
2528 1261
3684 1261
1261 1133
2162 1133
2162 3283
3283 1261
1272 3283
1606 1272
3231 1606
3283 3231
3231 878
1316 878
1316 2437
3231 2437
1212 2437
2761 1212
2761 2339
2339 2437
3309 2339
3309 711
2451 711
2451 2339
2451 27
2188 27
3027 2188
2451 3027
3027 2714
785 2714
785 3658
3658 3027
662 3658
1165 662
3089 1165
3658 3089
3089 1613
1613 1739
1739 2152
2152 3089
2152 2379
2379 99
3142 99
2152 3142
3142 1286
3208 1286
3208 2964
3142 2964
1667 2964
1667 1511
1511 506
506 2964
3235 506
3235 1636
801 1636
801 506
801 3312
3196 3312
2682 3196
801 2682
2682 2113
879 2113
36 879
2682 36
36 1936
14 1936
175 14
36 175
175 543
543 2308
1798 2308
175 1798
1205 1798
1205 2937
2937 1984
1984 1798
651 1984
651 1635
1635 1127
1984 1127
3276 1127
3276 2752
2933 2752
1127 2933
2933 1422
1422 1782
1782 3713
2933 3713
796 3713
796 17
17 1866
3713 1866
346 1866
81 346
81 9
1866 9
3148 9
3148 1226
1478 1226
1478 9
1478 3519
707 3519
2582 707
1478 2582
120 2582
1593 120
2716 1593
2582 2716
2716 680
2753 680
3727 2753
3727 2716
3727 1153
2036 1153
1557 2036
3727 1557
1557 2293
2865 2293
2865 733
733 1557
3621 733
3621 2629
2797 2629
2797 733
2797 2079
3466 2079
3466 859
859 2797
859 2746
2746 1530
1530 546
546 859
3633 546
3620 3633
2147 3620
546 2147
2147 3745
236 3745
2038 236
2038 2147
2038 3685
3685 377
377 3123
2038 3123
2161 3123
2161 3459
3269 3459
3269 3123
3269 2766
2766 1705
3624 1705
3624 3269
3624 2822
3617 2822
3617 3454
3454 3624
3454 2200
754 2200
754 531
3454 531
531 1834
2444 1834
329 2444
531 329
1009 329
1009 803
369 803
369 329
793 369
771 793
2304 771
2304 369
3369 2304
2790 3369
1617 2790
2304 1617
1617 3294
3294 741
3274 741
1617 3274
3274 764
1170 764
799 1170
799 3274
113 799
2669 113
2669 3278
3278 799
3278 28
12 28
12 194
3278 194
194 2269
1689 2269
1689 3246
3246 194
231 3246
2769 231
2769 2305
3246 2305
548 2305
548 2359
2359 2516
2516 2305
2940 2516
2940 1457
1457 3385
3385 2516
3385 3420
3420 3445
3445 2326
3385 2326
728 2326
728 1695
1679 1695
2326 1679
995 1679
995 2967
2967 683
683 1679
683 2051
3544 2051
3544 29
683 29
29 255
255 765
158 765
158 29
575 158
1846 575
2906 1846
158 2906
2906 3233
3233 1339
45 1339
2906 45
45 3562
3562 82
210 82
45 210
1007 210
1036 1007
1036 607
210 607
484 607
1190 484
1379 1190
607 1379
2270 1379
2270 1502
2759 1502
1379 2759
2759 1788
260 1788
419 260
2759 419
419 1974
1974 305
305 3213
3213 419
3213 3467
106 3467
106 523
3213 523
3601 523
3601 3214
3214 1394
523 1394
55 1394
2726 55
373 2726
373 1394
1005 373
3393 1005
3393 2295
373 2295
2295 1000
1000 581
15 581
15 2295
15 3388
2480 3388
2605 2480
15 2605
757 2605
757 3481
1057 3481
1057 2605
1057 890
890 877
1812 877
1812 1057
1812 3021
3040 3021
1794 3040
1794 1812
1794 1400
1210 1400
1210 121
1794 121
121 1099
2826 1099
2826 645
645 121
645 2994
1732 2994
291 1732
291 645
291 3639
3498 3639
3498 1549
291 1549
2445 1549
1024 2445
1024 3649
3649 1549
1891 3649
990 1891
637 990
3649 637
2779 637
2779 1095
3200 1095
3200 637
3200 1629
1876 1629
3441 1876
3200 3441
3441 939
939 1329
1329 384
384 3441
384 708
708 3526
3526 2414
2414 384
2414 3652
898 3652
898 1451
2414 1451
1587 1451
1699 1587
3113 1699
1451 3113
3464 3113
3464 1554
1554 335
3113 335
3475 335
3475 1666
1666 1495
1495 335
3634 1495
3634 652
1810 652
1495 1810
815 1810
201 815
201 501
501 1810
3580 501
331 3580
1163 331
501 1163
1163 3427
3427 54
54 3707
3707 1163
1408 3707
1500 1408
1500 556
556 3707
556 3394
3394 678
623 678
556 623
2559 623
2727 2559
786 2727
786 623
786 2482
2775 2482
2775 904
786 904
1281 904
2604 1281
2604 2612
904 2612
2612 3433
3433 3074
3074 1464
1464 2612
1091 1464
1091 887
887 3271
1464 3271
843 3271
843 1823
1823 441
441 3271
520 441
520 743
743 3530
441 3530
488 3530
574 488
2397 574
3530 2397
1698 2397
1259 1698
1259 1928
1928 2397
1928 2271
2271 1288
2483 1288
1928 2483
2589 2483
2589 1128
420 1128
2483 420
420 2904
2495 2904
171 2495
420 171
171 1848
1848 2518
2518 1806
1806 171
1806 959
390 959
390 2101
2101 1806
2897 2101
759 2897
759 2774
2101 2774
3091 2774
3091 3556
3556 186
2774 186
186 1673
1673 3404
3404 332
186 332
3679 332
3679 3613
3613 2099
332 2099
2099 1922
1922 3559
154 3559
154 2099
154 41
3014 41
3453 3014
154 3453
3453 2588
1969 2588
3279 1969
3453 3279
3279 821
2111 821
2111 3118
3118 3279
496 3118
1802 496
3155 1802
3118 3155
3155 583
92 583
111 92
3155 111
3293 111
3293 3693
3693 1251
1251 111
1251 584
2317 584
2324 2317
1251 2324
2324 3717
2948 3717
2948 1214
1214 2324
1214 1849
1849 3518
3518 31
1214 31
31 3715
2522 3715
2095 2522
31 2095
1476 2095
128 1476
1991 128
1991 2095
2073 1991
2073 2499
3301 2499
1991 3301
2852 3301
2852 1505
1505 2857
2857 3301
2282 2857
2024 2282
2024 1090
1090 2857
1090 2387
2387 1649
3668 1649
3668 1090
3668 2961
1013 2961
3010 1013
3010 3668
3676 3010
3676 3374
3375 3374
3010 3375
3545 3375
3545 825
825 2789
2789 3375
2789 983
983 209
3143 209
2789 3143
3143 2763
2763 1826
1826 2818
2818 3143
3543 2818
1248 3543
1248 604
2818 604
604 3080
891 3080
891 225
225 604
3485 225
3485 1762
1762 3128
3128 225
1443 3128
1443 2781
2781 1708
3128 1708
1708 751
2935 751
428 2935
428 1708
428 2567
2567 2812
3179 2812
3179 428
1674 3179
1070 1674
1070 2842
2842 3179
2842 2426
2246 2426
2246 2242
2842 2242
1405 2242
1405 1611
775 1611
2242 775
775 188
188 749
749 805
775 805
2912 805
2912 3521
3521 1663
805 1663
3073 1663
3073 1152
953 1152
953 1663
1196 953
1196 3035
3035 22
22 953
2262 22
2262 1481
2697 1481
22 2697
2139 2697
259 2139
259 1540
2697 1540
1540 2292
300 2292
1623 300
1623 1540
3422 1623
3422 3221
2267 3221
2267 1623
1887 2267
1887 3249
3505 3249
2267 3505
1960 3505
460 1960
2755 460
2755 3505
1780 2755
2096 1780
2493 2096
2755 2493
3211 2493
3211 1937
1915 1937
2493 1915
913 1915
2564 913
2564 573
573 1915
3456 573
3456 2164
1363 2164
573 1363
1363 2027
3164 2027
2810 3164
2810 1363
2810 988
988 1621
1621 1073
2810 1073
1073 982
147 982
2230 147
2230 1073
1654 2230
1654 1390
2371 1390
2371 2230
452 2371
452 603
603 1483
1483 2371
1483 3671
3671 3740
3740 1980
1483 1980
1980 688
2903 688
3025 2903
1980 3025
1741 3025
1741 673
1878 673
3025 1878
1878 3458
3458 1072
1072 2182
2182 1878
2623 2182
2623 3253
168 3253
168 2182
1194 168
2554 1194
2554 2661
168 2661
2661 292
3105 292
3105 2438
2438 2661
2438 1853
1853 2313
2369 2313
2438 2369
2369 3689
3689 1139
3130 1139
2369 3130
3130 1515
1515 1061
1061 3712
3712 3130
3712 1274
462 1274
2709 462
2709 3712
1912 2709
1912 3694
550 3694
550 2709
2156 550
1597 2156
1597 1068
1068 550
1625 1068
1625 2666
1837 2666
1837 1068
2619 1837
2619 1143
1143 861
861 1837
2507 861
2507 2546
2546 3708
861 3708
3708 1049
951 1049
951 617
617 3708
542 617
542 3111
2886 3111
2886 617
3331 2886
1985 3331
1985 1799
2886 1799
3317 1799
3317 2639
2639 2332
2332 1799
1533 2332
1533 417
417 1614
2332 1614
2278 1614
2278 104
104 3344
3344 1614
3029 3344
3029 265
119 265
119 3344
1665 119
1665 402
402 3163
3163 119
3163 38
38 2045
2045 482
482 3163
482 1430
1430 3603
3603 1309
482 1309
1309 1071
1071 2082
2082 2943
1309 2943
2943 146
146 2126
2126 3066
3066 2943
3066 2286
3184 2286
3184 1803
1803 3066
1803 464
3112 464
880 3112
880 1803
880 24
11 24
11 908
880 908
1355 908
596 1355
596 42
908 42
42 293
293 894
2037 894
42 2037
1131 2037
1932 1131
1932 2248
2248 2037
2248 2068
2068 664
664 1462
1462 2248
3414 1462
3291 3414
3252 3291
1462 3252
950 3252
3627 950
3627 1337
1337 3252
3204 1337
3204 2330
2330 2133
1337 2133
2133 3048
2365 3048
2364 2365
2133 2364
2364 1123
1123 779
779 1018
2364 1018
2721 1018
2721 2102
3077 2102
3077 1018
3077 325
1291 325
2884 1291
2884 3077
2884 1366
2150 1366
1917 2150
2884 1917
1448 1917
1448 2624
2624 649
649 1917
553 649
2187 553
2187 1870
1870 649
2142 1870
2142 493
493 1844
1870 1844
1844 1318
1851 1318
1851 642
1844 642
642 2515
2515 1155
307 1155
307 642
307 3215
3215 2352
2352 378
307 378
378 3333
3346 3333
3346 2061
2061 378
1047 2061
1047 2792
610 2792
610 2061
610 5
3060 5
3060 3579
610 3579
3579 1926
2890 1926
2890 3367
3367 3579
2281 3367
2281 2613
323 2613
3367 323
1764 323
1764 2525
1189 2525
323 1189
1189 1250
504 1250
504 1416
1416 1189
871 1416
871 722
722 2788
1416 2788
2788 2918
1962 2918
1962 3322
3322 2788
3322 928
928 2835
2835 1973
3322 1973
1832 1973
1832 2963
2963 3558
1973 3558
3558 3015
3015 3622
3575 3622
3558 3575
2138 3575
1038 2138
1718 1038
1718 3575
1270 1718
1270 1310
1310 3616
1718 3616
345 3616
3338 345
3338 2340
2340 3616
2340 1920
1873 1920
3725 1873
2340 3725
3725 812
1787 812
1787 1601
3725 1601
1601 2439
2439 3657
3657 2349
1601 2349
404 2349
404 2739
2739 2229
2349 2229
2229 3062
3350 3062
415 3350
415 2229
415 2910
752 2910
3437 752
415 3437
443 3437
43 443
1986 43
1986 3437
1978 1986
1978 2849
2568 2849
2568 1986
2568 509
2526 509
2526 872
872 2568
872 948
948 2421
2421 830
830 872
588 830
1428 588
1428 2537
2537 830
2008 2537
108 2008
2987 108
2537 2987
3662 2987
3135 3662
6 3135
2987 6
2378 6
2378 3335
211 3335
6 211
1575 211
1134 1575
1134 1353
211 1353
1353 3692
3692 593
593 965
965 1353
965 1266
3234 1266
312 3234
312 965
3236 312
2722 3236
847 2722
312 847
847 200
200 1381
1381 665
847 665
288 665
955 288
1111 955
1111 665
2241 1111
2053 2241
2053 911
911 1111
258 911
2353 258
2353 2114
2114 911
2114 2532
3522 2532
3522 2107
2107 2114
525 2107
1415 525
1415 2848
2848 2107
2848 3387
3387 2097
1423 2097
2848 1423
1423 3223
1863 3223
1863 3416
3416 1423
1447 3416
1447 571
571 2372
3416 2372
813 2372
813 770
770 1713
2372 1713
1713 679
2115 679
2166 2115
2166 1713
40 2166
40 1317
2253 1317
2166 2253
2253 3282
3282 1487
1487 473
2253 473
3013 473
972 3013
972 1712
473 1712
1712 2551
2551 1958
1958 873
873 1712
873 541
541 1313
964 1313
964 873
964 3567
3567 438
438 2823
964 2823
125 2823
125 3287
3431 3287
2823 3431
3431 3182
3182 789
3738 789
3431 3738
3738 75
75 994
994 1571
3738 1571
1571 3682
3682 3493
3493 2090
2090 1571
2090 2311
2311 73
620 73
2090 620
620 3114
361 3114
361 1298
1298 620
1963 1298
1963 1731
2243 1731
2243 1298
2337 2243
2337 3323
1204 3323
1204 2243
1204 422
1385 422
1385 2100
2100 1204
2922 2100
2076 2922
2076 3646
3646 2100
3646 2970
2970 3018
3018 2679
3646 2679
1536 2679
406 1536
423 406
2679 423
2041 423
2041 3618
3477 3618
3477 423
3477 280
280 1154
1154 499
499 3477
499 359
359 3364
626 3364
499 626
626 2947
2947 3405
3405 2298
2298 626
2158 2298
241 2158
2658 241
2658 2298
1653 2658
1653 2959
1630 2959
2658 1630
1630 3084
3084 3654
3654 1312
1630 1312
1312 533
533 478
2927 478
1312 2927
2927 3604
2715 3604
296 2715
2927 296
296 2128
2413 2128
2413 3340
296 3340
3340 1156
1156 978
1341 978
1341 3340
84 1341
84 2141
1360 2141
1360 1341
3071 1360
2824 3071
2824 1836
1360 1836
1470 1836
1470 535
1433 535
1836 1433
1433 1265
3584 1265
1435 3584
1435 1433
2475 1435
2475 2035
2894 2035
2894 1435
2894 2121
2121 3597
3597 3683
3683 2894
3683 1940
2074 1940
827 2074
827 3683
827 975
1218 975
1218 851
851 827
3190 851
2404 3190
2404 2853
2853 851
3299 2853
1737 3299
1403 1737
2853 1403
365 1403
365 1671
1671 2513
2513 1403
3209 2513
960 3209
960 3509
3509 2513
3509 203
2127 203
2127 3747
3509 3747
3747 1577
2436 1577
2362 2436
2362 3747
2094 2362
3036 2094
1724 3036
2362 1724
1724 1323
2277 1323
2277 1239
1724 1239
1239 1529
1529 1612
1612 3237
1239 3237
3237 973
973 1935
2765 1935
3237 2765
2765 3288
3288 1141
1141 2949
2765 2949
2949 2577
3598 2577
3199 3598
3199 2949
3199 943
2109 943
1222 2109
3199 1222
643 1222
2566 643
2566 2236
2236 1222
1368 2236
1368 2693
3122 2693
3122 2236
3122 2320
1193 2320
1542 1193
1542 3122
1542 2578
2578 2710
2710 3260
1542 3260
2989 3260
269 2989
2032 269
2032 3260
2032 1534
700 1534
2898 700
2898 2032
2898 98
98 820
2056 820
2898 2056
2056 800
800 2375
2375 3570
2056 3570
2891 3570
2891 1897
3592 1897
3592 3570
3046 3592
1950 3046
1950 989
3592 989
2536 989
2536 2327
2327 1375
989 1375
1816 1375
1816 552
552 2839
1375 2839
2239 2839
3328 2239
3328 2255
2839 2255
2729 2255
2258 2729
2110 2258
2110 2255
2110 1412
1711 1412
1711 1088
2110 1088
1253 1088
2505 1253
1491 2505
1491 1088
1491 1790
1790 797
1855 797
1491 1855
1730 1855
1730 2804
2804 2694
1855 2694
2694 2009
1173 2009
1173 1340
1340 2694
1340 3473
3473 3574
3574 2741
1340 2741
221 2741
1028 221
1028 2868
2741 2868
2868 430
189 430
189 1171
2868 1171
1171 1703
130 1703
130 1085
1085 1171
2905 1085
2576 2905
2576 736
736 1085
736 1112
782 1112
3507 782
736 3507
1438 3507
1504 1438
1504 3079
3079 3507
2025 3079
421 2025
421 3449
3449 3079
3449 3716
3716 2398
1437 2398
3449 1437
1437 3284
3284 3424
388 3424
1437 388
1294 388
1315 1294
3218 1315
388 3218
368 3218
368 1949
1949 2083
3218 2083
2210 2083
2210 466
466 929
2083 929
2534 929
2534 272
272 2071
929 2071
2071 1221
1221 589
1126 589
2071 1126
1911 1126
1911 521
521 1197
1197 1126
654 1197
654 164
2374 164
1197 2374
2374 2767
3137 2767
3137 71
2374 71
1040 71
2924 1040
2828 2924
71 2828
2299 2828
2299 51
2289 51
2289 2828
2381 2289
2381 3158
3158 3614
2289 3614
1784 3614
1784 2699
133 2699
3614 133
3576 133
2718 3576
2718 1779
133 1779
2602 1779
2072 2602
1319 2072
1319 1779
1319 3709
3709 788
788 869
1319 869
869 2026
2336 2026
2635 2336
869 2635
2840 2635
1719 2840
2541 1719
2635 2541
2541 1062
2366 1062
386 2366
386 2541
2887 386
2887 3408
3408 2347
2347 386
2347 819
2574 819
2574 1010
2347 1010
1297 1010
1297 1065
1065 952
1010 952
991 952
991 426
426 2570
952 2570
2527 2570
2527 1976
360 1976
2570 360
360 3280
3280 163
163 3503
360 3503
3503 576
576 1172
1172 353
3503 353
353 3170
3170 840
840 2845
353 2845
2845 1884
94 1884
641 94
641 2845
641 1393
1659 1393
1659 2442
641 2442
515 2442
2860 515
60 2860
2442 60
3094 60
3094 3494
560 3494
560 60
560 2636
33 2636
2272 33
2272 560
2272 1503
557 1503
557 616
2272 616
587 616
587 358
940 358
616 940
2389 940
2389 86
86 2500
2500 940
676 2500
676 1953
1652 1953
1652 2500
1652 3577
1216 3577
2856 1216
2856 1652
2634 2856
2634 690
3610 690
2856 3610
961 3610
338 961
2543 338
2543 3610
137 2543
514 137
833 514
2543 833
833 176
828 176
1280 828
833 1280
1280 3396
3396 3002
3160 3002
1280 3160
1532 3160
1532 3133
1815 3133
1815 3160
1815 2895
1570 2895
1570 3225
1815 3225
3225 2408
2408 2928
160 2928
3225 160
2929 160
2929 2712
2712 3499
3499 160
3499 1480
3517 1480
3362 3517
3362 3499
909 3362
909 1954
2864 1954
2864 3362
2864 1566
1566 234
3065 234
3065 2864
2539 3065
534 2539
2016 534
3065 2016
2665 2016
2665 455
2796 455
2796 2016
2796 2914
2547 2914
3102 2547
2796 3102
3102 1321
2316 1321
2777 2316
2777 3102
2777 308
283 308
283 2793
2777 2793
628 2793
2225 628
2225 376
2793 376
1177 376
1177 2031
3319 2031
3319 376
3319 3368
781 3368
174 781
3319 174
247 174
30 247
30 3016
3016 174
1041 3016
3289 1041
3678 3289
3678 3016
1489 3678
1489 3173
3173 1609
3678 1609
1609 3136
3136 3161
3161 2443
1609 2443
2443 512
512 1066
1977 1066
2443 1977
970 1977
1334 970
2976 1334
1977 2976
2976 3334
3334 1254
578 1254
2976 578
578 3176
3176 537
1406 537
1406 578
304 1406
716 304
3058 716
1406 3058
539 3058
539 3706
3706 3395
3395 3058
3395 2478
2478 450
450 184
184 3395
1563 184
1563 393
447 393
447 184
627 447
1402 627
2503 1402
447 2503
3255 2503
1833 3255
1833 1264
1264 2503
1264 2517
498 2517
498 2620
2620 1264
2620 3217
3217 1916
2603 1916
2603 2620
2603 1668
1668 2189
3032 2189
2603 3032
3032 3443
379 3443
2424 379
3032 2424
860 2424
1819 860
1819 268
268 2424
268 1255
1255 713
3296 713
3296 268
3296 2837
2837 1543
3342 1543
3342 3296
2302 3342
2450 2302
2450 2575
2575 3342
1573 2575
2512 1573
1444 2512
1444 2575
159 1444
159 1562
1562 1325
1325 1444
3212 1325
3212 1657
2519 1657
1325 2519
2122 2519
1626 2122
1634 1626
1634 2519
1634 2415
2415 432
3560 432
3560 1634
3024 3560
3024 2393
2877 2393
2877 3560
34 2877
34 3629
3488 3629
3488 2877
275 3488
3686 275
3686 3471
3471 3488
3471 3401
3401 3264
3264 2386
2386 3471
285 2386
285 2149
2014 2149
2014 2386
2014 1056
1305 1056
1305 500
500 2014
570 500
1717 570
1398 1717
500 1398
1398 1899
1811 1899
2163 1811
1398 2163
2085 2163
2085 1195
2344 1195
2344 2163
3461 2344
3744 3461
3744 2275
2275 2344
2275 1824
3207 1824
1191 3207
2275 1191
2535 1191
2535 270
58 270
58 1191
58 454
454 2256
448 2256
448 58
3711 448
3664 3711
3664 1463
448 1463
554 1463
554 3489
3489 562
1463 562
1510 562
1510 2490
2490 2252
562 2252
2252 2276
2276 170
170 1276
2252 1276
1276 2798
237 2798
1060 237
1060 1276
449 1060
2814 449
340 2814
1060 340
340 767
2794 767
897 2794
897 340
897 1955
451 1955
451 2039
2039 897
3351 2039
166 3351
166 3637
3637 2039
3637 385
385 3275
922 3275
922 3637
1301 922
1301 1166
2108 1166
922 2108
3047 2108
3047 1271
1271 295
2108 295
333 295
333 1019
1019 1179
1179 295
199 1179
1684 199
1684 2592
1179 2592
3095 2592
3095 3593
2707 3593
2707 2592
2707 1983
439 1983
439 2403
2707 2403
3655 2403
3655 2832
2832 2501
2501 2403
223 2501
1455 223
3090 1455
2501 3090
3090 148
1535 148
1535 2237
3090 2237
3699 2237
459 3699
2318 459
2237 2318
2318 321
2808 321
2808 1203
1203 2318
3428 1203
3428 2811
1736 2811
1203 1736
1736 1995
62 1995
62 424
1736 424
2390 424
947 2390
947 1744
1744 424
2279 1744
1808 2279
1808 1957
1957 1744
1957 2388
363 2388
64 363
1957 64
3132 64
2843 3132
2843 1658
64 1658
710 1658
710 2509
2135 2509
2135 1658
1975 2135
1576 1975
3429 1576
3429 2135
3429 1055
848 1055
848 2086
2086 3429
403 2086
403 1818
1818 3502
2086 3502
866 3502
866 3452
3314 3452
3314 3502
522 3314
1781 522
2177 1781
3314 2177
2177 3635
834 3635
2595 834
2595 2177
2360 2595
3700 2360
3447 3700
3447 2595
1817 3447
1817 1805
1805 1755
3447 1755
1397 1755
1397 2883
2883 3022
1755 3022
3022 2204
2204 730
3600 730
3022 3600
3183 3600
3183 290
290 1001
3600 1001
739 1001
3138 739
3138 1691
1001 1691
1691 3201
3201 2700
3731 2700
3731 1691
3731 2719
2719 3608
3608 2876
3731 2876
2876 957
2498 957
2498 2621
2621 2876
865 2621
865 2283
2283 3423
3423 2621
2862 3423
2862 2640
2640 712
712 3423
712 3012
3149 3012
2580 3149
712 2580
3056 2580
481 3056
481 3100
2580 3100
3100 1796
1956 1796
1956 944
3100 944
3381 944
3381 3327
3327 2477
2477 944
1981 2477
1981 191
191 219
219 2477
219 916
916 621
343 621
343 219
343 2504
1966 2504
3257 1966
3257 343
50 3257
50 3371
3371 3734
3734 3257
409 3734
3644 409
3644 2325
2325 3734
1441 2325
2653 1441
2653 2296
2296 2325
1647 2296
1647 2558
2627 2558
2627 2296
2288 2627
1101 2288
3061 1101
2627 3061
3061 2367
2223 2367
2223 720
720 3061
276 720
276 3643
932 3643
932 720
932 672
672 592
592 3444
3444 932
3444 808
808 2847
1388 2847
1388 3444
1388 3115
3316 3115
3469 3316
3469 1388
336 3469
336 1431
1431 3442
3442 3469
3400 3442
931 3400
3140 931
3442 3140
3140 143
143 3273
2599 3273
2599 3140
685 2599
3030 685
3030 2882
2882 2599
2882 2735
3645 2735
3645 2960
2882 2960
2422 2960
1527 2422
1637 1527
1637 2960
1637 814
330 814
330 591
591 1637
591 773
773 3594
3594 2705
2705 591
2705 1539
1539 1466
2662 1466
2662 2705
1151 2662
289 1151
289 669
2662 669
669 79
79 2191
2191 1777
669 1777
2417 1777
2587 2417
2587 3195
1777 3195
614 3195
614 2549
2549 2370
3195 2370
3185 2370
3026 3185
3026 2708
2708 2370
2708 2291
2291 3337
1970 3337
1970 2708
3083 1970
1158 3083
1158 867
1970 867
867 2112
2112 224
3134 224
867 3134
3134 1538
1538 2610
297 2610
297 3134
3020 297
718 3020
1343 718
1343 297
526 1343
342 526
2259 342
1343 2259
1604 2259
2310 1604
1838 2310
2259 1838
2048 1838
1067 2048
1067 3162
3162 1838
3162 1763
1763 3166
3166 719
3162 719
719 1114
1114 169
2748 169
2748 719
3728 2748
1745 3728
2983 1745
2748 2983
1089 2983
1089 135
1215 135
2983 1215
1215 233
233 2465
2465 2784
2784 1215
2119 2784
2119 564
564 1865
2784 1865
1865 1735
1735 2873
2873 615
615 1865
692 615
692 2591
2591 699
615 699
699 1944
1994 1944
1994 2782
2782 699
2782 835
874 835
874 227
2782 227
227 1016
1016 458
597 458
597 227
597 997
997 2212
1396 2212
1396 597
1396 3492
3501 3492
2553 3501
2553 1396
2553 3696
3696 2530
3398 2530
3398 2553
852 3398
852 3720
1121 3720
3398 1121
836 1121
836 1324
682 1324
682 1121
682 2648
2997 2648
2997 1485
682 1485
1485 3251
2909 3251
3197 2909
3197 1485
2638 3197
2638 3326
3326 1961
1961 3197
1961 1176
1176 2607
2395 2607
1961 2395
2395 2650
2650 2028
2999 2028
2999 2395
3109 2999
3109 1565
3554 1565
2999 3554
198 3554
198 3666
3666 23
3554 23
3500 23
3500 1880
1880 309
23 309
309 1843
1843 3540
1257 3540
309 1257
3099 1257
2951 3099
1201 2951
1201 1257
1201 262
262 1113
1113 2464
1201 2464
769 2464
769 3336
2815 3336
2464 2815
2815 3313
3313 1582
204 1582
204 2815
868 204
868 1452
605 1452
605 204
2406 605
2406 925
925 16
605 16
2506 16
3514 2506
3514 2463
2463 16
2703 2463
629 2703
93 629
2463 93
93 1376
2548 1376
2548 2911
93 2911
2737 2911
3474 2737
1186 3474
2911 1186
1186 127
127 503
3384 503
3384 1186
3384 274
274 1311
202 1311
202 3384
477 202
477 2346
1336 2346
1336 202
1094 1336
1094 1120
686 1120
1336 686
2145 686
3177 2145
141 3177
686 141
141 197
1104 197
173 1104
141 173
173 1386
942 1386
1686 942
173 1686
1686 3572
3572 3512
3117 3512
3117 1686
3117 489
900 489
2745 900
2745 3117
1026 2745
1026 3151
3151 362
2745 362
362 3739
3421 3739
3421 2190
2190 362
2190 884
884 2683
2683 3451
3451 2190
3451 936
229 936
229 622
3451 622
2380 622
2380 2749
2749 3399
622 3399
1362 3399
1650 1362
3341 1650
3399 3341
3341 1594
1701 1594
3430 1701
3430 3341
3722 3430
2675 3722
3268 2675
3430 3268
1959 3268
2809 1959
2809 1759
1759 3268
2033 1759
3496 2033
3496 2991
2991 1759
2991 862
862 244
985 244
985 2991
2220 985
2220 3486
3486 1660
1660 985
1660 3107
2936 3107
870 2936
870 1660
870 1687
1687 251
251 3019
3019 870
3483 3019
3483 1069
1069 2762
3019 2762
2667 2762
1813 2667
1813 495
495 2762
2615 495
2290 2615
2290 3210
3210 495
1906 3210
2124 1906
2124 901
3210 901
2701 901
2701 1182
1182 618
901 618
375 618
397 375
397 461
618 461
3057 461
107 3057
139 107
139 461
139 1387
1387 1748
3612 1748
3612 139
3612 3623
3623 3547
3746 3547
3746 3612
3746 1638
1638 3476
2872 3476
3746 2872
2872 580
497 580
497 2676
2676 2872
2676 2046
2046 2171
962 2171
962 2676
3277 962
2950 3277
2950 2757
962 2757
2757 841
3379 841
3379 172
172 2757
172 3186
1825 3186
3229 1825
3229 172
3229 3463
2227 3463
2227 3054
3054 3229
3390 3054
3390 1893
1335 1893
3054 1335
2184 1335
2184 2819
2819 3538
3538 1335
3538 2006
193 2006
193 2471
2471 3538
824 2471
1765 824
1765 1046
1046 2471
1046 366
1990 366
1990 8
1046 8
8 2206
2206 2049
1432 2049
8 1432
1432 101
101 1356
1356 115
115 1432
115 1149
902 1149
902 1175
115 1175
2175 1175
2175 2167
1364 2167
1175 1364
1364 1945
1945 405
405 2078
1364 2078
2496 2078
39 2496
39 410
410 2078
410 1618
3730 1618
3730 3259
3259 410
2584 3259
2584 1262
697 1262
3259 697
1382 697
1918 1382
1918 1688
1688 697
1688 1804
1804 2641
3325 2641
3325 1688
577 3325
3548 577
3548 2569
3325 2569
2569 3187
1729 3187
1729 248
248 2569
906 248
906 2238
2238 795
795 248
1898 795
1898 2169
3008 2169
795 3008
3008 2678
3438 2678
3438 1246
1246 3008
1246 226
1776 226
1776 1249
1249 1246
2825 1249
2825 895
895 167
167 1249
167 89
89 2331
2331 2418
167 2418
551 2418
551 864
864 1087
1087 2418
634 1087
634 1716
2294 1716
2294 1087
2294 2986
2986 1492
2075 1492
2294 2075
3677 2075
3677 675
675 240
2075 240
240 2423
3039 2423
3039 2871
2871 240
2923 2871
3439 2923
1404 3439
2871 1404
1404 3028
1074 3028
1074 831
831 1404
2780 831
2780 77
724 77
724 831
2731 724
608 2731
608 1828
724 1828
1828 87
87 1925
1925 532
1828 532
532 3372
3372 1429
3435 1429
532 3435
3435 2990
1031 2990
1031 2392
3435 2392
2392 1567
320 1567
1499 320
1499 2392
2618 1499
1592 2618
2816 1592
1499 2816
2816 2717
816 2717
1224 816
2816 1224
1224 858
1118 858
956 1118
1224 956
1545 956
1545 747
747 1350
1350 956
2315 1350
2315 3703
3703 109
1350 109
753 109
753 3004
3004 7
109 7
7 48
48 56
2787 56
7 2787
2787 1605
215 1605
215 1399
2787 1399
1399 3581
2671 3581
1050 2671
1399 1050
3425 1050
3425 286
286 2866
1050 2866
472 2866
472 1102
1102 1034
2866 1034
1034 266
1845 266
2044 1845
1034 2044
2044 1389
853 1389
2373 853
2044 2373
246 2373
246 2869
1640 2869
2373 1640
946 1640
946 3426
3392 3426
3392 1640
18 3392
639 18
3520 639
3392 3520
2186 3520
2186 1459
1459 3116
3116 3520
3116 744
511 744
511 3181
3116 3181
1285 3181
502 1285
502 427
427 3181
69 427
2600 69
1169 2600
427 1169
1169 1842
1842 1234
1234 3238
3238 1169
1775 3238
1775 2054
3588 2054
3588 3238
161 3588
3636 161
670 3636
3588 670
3641 670
3641 1883
1883 382
382 670
382 2968
138 2968
1595 138
382 1595
2529 1595
180 2529
3363 180
3363 1595
3363 2103
2992 2103
2992 2410
3363 2410
91 2410
91 2462
2462 986
986 2410
2489 986
2836 2489
3292 2836
3292 986
919 3292
919 3055
3055 715
715 3292
715 1168
1168 849
2459 849
715 2459
2459 668
2157 668
2020 2157
2459 2020
2117 2020
2117 723
723 398
2020 398
3508 398
3508 2131
2131 3532
398 3532
3735 3532
469 3735
469 264
264 3532
264 1383
1383 1092
306 1092
306 264
306 807
2690 807
655 2690
655 306
655 2017
57 2017
57 2120
2120 655
3506 2120
3041 3506
1914 3041
2120 1914
1914 2764
2764 3553
508 3553
1914 508
2043 508
2043 2664
2664 2001
508 2001
1469 2001
3261 1469
1642 3261
2001 1642
1800 1642
1800 103
1895 103
1895 1642
1895 1767
1767 72
53 72
1895 53
701 53
701 1907
1907 987
53 987
755 987
755 2760
579 2760
987 579
579 1519
1992 1519
1728 1992
1728 579
2596 1728
760 2596
2773 760
2773 1728
2773 2896
2896 1885
1885 3412
2773 3412
370 3412
370 3
3 1258
3412 1258
2934 1258
2934 1508
1508 524
524 1258
3082 524
44 3082
2193 44
524 2193
2193 2069
2069 3406
3406 2449
2193 2449
2449 1302
3088 1302
3250 3088
3250 2449
3250 1584
561 1584
563 561
3250 563
1669 563
3611 1669
1242 3611
563 1242
1242 2432
2329 2432
314 2329
314 1242
2957 314
2957 218
218 3528
3528 314
3533 3528
1531 3533
1531 2977
3528 2977
177 2977
177 912
912 2356
2356 2977
2356 3281
3281 631
631 1700
2356 1700
3354 1700
2556 3354
2776 2556
1700 2776
3586 2776
456 3586
2688 456
2688 2776
2688 1256
1256 2601
2341 2601
2341 2688
2341 1002
1002 1678
2651 1678
2341 2651
3446 2651
66 3446
1075 66
1075 2651
1939 1075
1029 1939
1029 3298
3298 1075
1754 3298
1754 1868
1868 1125
1125 3298
1125 1181
1518 1181
875 1518
1125 875
918 875
1821 918
734 1821
734 875
3104 734
3104 205
205 772
772 734
772 1751
1751 1174
823 1174
823 772
823 1145
1145 1367
941 1367
941 823
3721 941
3721 118
1109 118
1109 941
1011 1109
1011 1574
1574 479
479 1109
1888 479
250 1888
829 250
479 829
829 2875
2875 2231
3719 2231
3719 829
408 3719
2066 408
2066 3561
3719 3561
3561 3101
3101 1378
1378 2938
3561 2938
2412 2938
1282 2412
3660 1282
2938 3660
3660 1513
3023 1513
3023 1320
1320 3660
1320 2434
2434 2197
2441 2197
1320 2441
326 2441
1892 326
518 1892
518 2441
2007 518
2007 691
1507 691
1507 518
1507 3376
3376 1693
1693 3479
1507 3479
3479 3318
3318 1631
1520 1631
3479 1520
470 1520
470 2645
2841 2645
2841 1520
1512 2841
1512 2892
2012 2892
2841 2012
2012 2663
2663 2531
2531 1148
2012 1148
2030 1148
863 2030
863 446
446 1148
1207 446
903 1207
63 903
446 63
63 3119
3119 2747
2747 52
52 63
52 2343
2343 811
811 1342
1342 52
1342 140
3705 140
3705 559
559 1342
924 559
924 3563
1331 3563
1331 559
3355 1331
3729 3355
1785 3729
1785 1331
1785 2730
2730 3042
3042 732
732 1785
1358 732
1358 157
157 294
732 294
294 3628
3628 1753
2287 1753
2287 294
2287 1769
1769 624
624 1879
2287 1879
980 1879
1715 980
1580 1715
1879 1580
3078 1580
3078 2885
2885 2306
2306 1580
2306 892
892 1740
2899 1740
2306 2899
2479 2899
2479 3690
1220 3690
1220 2899
2002 1220
1436 2002
1436 1547
1220 1547
1547 3001
3005 3001
1213 3005
1547 1213
1213 774
774 1020
1413 1020
1213 1413
1413 2870
2973 2870
1972 2973
1972 1413
1972 826
1439 826
1439 3535
1972 3535
3382 3535
1419 3382
1419 1283
3535 1283
1283 3120
3120 3098
2955 3098
1283 2955
185 2955
832 185
832 1307
2955 1307
1185 1307
1185 2469
2801 2469
1307 2801
2801 2215
2215 2565
2565 2833
2833 2801
2833 3691
3691 2219
2301 2219
2833 2301
95 2301
95 389
2974 389
2301 2974
2974 136
2140 136
1793 2140
1793 2974
2926 1793
299 2926
1022 299
1793 1022
1115 1022
1115 706
2829 706
2829 1022
2829 2222
78 2222
3172 78
3172 2829
3172 206
206 1135
984 1135
984 3172
984 1602
1602 3523
3582 3523
3582 984
3582 2778
2778 677
677 2411
3582 2411
958 2411
3737 958
3737 3695
3695 2411
3031 3695
886 3031
2168 886
3695 2168
2168 1414
1414 350
776 350
776 2168
3397 776
1063 3397
1063 1996
1996 776
1442 1996
3366 1442
1792 3366
1996 1792
3243 1792
3243 2335
2335 2720
1792 2720
2720 2647
510 2647
510 3286
2720 3286
476 3286
2021 476
2401 2021
3286 2401
3315 2401
3315 1814
2261 1814
2261 2401
298 2261
1774 298
1774 2713
2261 2713
2713 3070
3070 2199
2431 2199
2431 2713
1178 2431
1871 1178
1871 1039
2431 1039
1498 1039
192 1498
3121 192
1039 3121
2194 3121
2342 2194
2342 3224
3121 3224
666 3224
3110 666
3110 2660
2660 3224
2660 1017
3258 1017
3605 3258
3605 2660
2015 3605
3516 2015
600 3516
600 3605
1426 600
1608 1426
2383 1608
2383 600
2383 1722
2657 1722
2657 1707
1707 2383
1706 1707
2608 1706
3625 2608
1707 3625
3075 3625
3075 1025
1025 3345
3625 3345
3345 3482
3482 1867
2218 1867
2218 3345
2218 2018
1048 2018
433 1048
433 2218
425 433
2448 425
3373 2448
3373 433
3262 3373
3262 2625
2625 582
582 3373
582 1146
155 1146
1461 155
1461 582
2208 1461
2562 2208
2040 2562
1461 2040
3220 2040
3220 1347
2029 1347
2029 2040
2029 2055
1968 2055
1968 2080
2029 2080
1702 2080
3052 1702
3145 3052
3145 2080
3145 2988
468 2988
1 468
3145 1
1757 1
2435 1757
2435 1862
1862 1
2552 1862
2975 2552
2975 1830
1830 1862
810 1830
810 1569
2593 1569
2593 1830
2593 1332
1586 1332
1586 2981
2593 2981
2981 806
806 1841
475 1841
2981 475
475 1910
1910 2264
1952 2264
475 1952
179 1952
1004 179
1004 1541
1541 1952
1541 3491
1252 3491
1252 1555
1541 1555
2249 1555
2249 230
2844 230
1555 2844
1615 2844
3168 1615
3168 1269
2844 1269
3472 1269
2945 3472
1927 2945
1269 1927
1927 731
2104 731
2104 2491
1927 2491
46 2491
2484 46
2484 3529
2491 3529
1238 3529
1238 1293
2560 1293
2560 3529
2560 67
703 67
1721 703
1721 2560
1847 1721
1847 1081
1516 1081
1516 1721
347 1516
347 2105
1284 2105
1516 1284
2420 1284
2420 3411
1747 3411
1747 1284
1188 1747
2333 1188
2333 1093
1093 1747
1093 1187
2631 1187
1558 2631
1093 1558
2993 1558
2993 3573
3202 3573
1558 3202
3202 1098
1160 1098
1160 2736
3202 2736
2736 2867
780 2867
780 544
544 2736
1453 544
1453 1875
1746 1875
544 1746
3154 1746
3154 2831
1709 2831
1746 1709
277 1709
277 1051
1051 1267
1267 1709
1287 1267
1287 2170
3034 2170
3034 1267
3034 1610
1296 1610
1296 2314
2314 3034
3701 2314
2817 3701
2817 245
245 2314
2785 245
2785 3455
3455 1110
245 1110
1110 1103
613 1103
195 613
195 1110
195 1371
2181 1371
2181 1556
1556 195
1377 1556
1942 1377
1942 102
1556 102
2089 102
3640 2089
1424 3640
102 1424
1424 1528
3377 1528
2998 3377
1424 2998
1756 2998
1756 2795
2368 2795
2368 2998
2312 2368
2312 1809
2245 1809
2245 2368
2245 2309
399 2309
2263 399
2263 2245
2263 1241
3045 1241
2692 3045
2692 2263
844 2692
844 1971
1200 1971
1200 2692
1200 1122
1122 2077
354 2077
354 1200
354 2224
256 2224
256 1450
1450 354
216 1450
65 216
2637 65
1450 2637
2637 549
549 529
3254 529
3254 2637
392 3254
742 392
742 2409
3254 2409
1786 2409
1786 1596
2125 1596
2125 2409
2125 1449
85 1449
1644 85
1644 2125
1644 494
494 1600
3653 1600
3653 1644
440 3653
440 998
3370 998
3370 3653
3370 839
839 3245
1138 3245
3370 1138
1964 1138
214 1964
214 2273
1138 2273
2273 1486
2614 1486
790 2614
2273 790
1506 790
2440 1506
483 2440
790 483
156 483
156 3418
2092 3418
483 2092
2092 2183
647 2183
1045 647
1045 2092
1591 1045
1591 1524
3534 1524
3534 1045
2617 3534
2617 2148
2377 2148
3534 2377
1829 2377
763 1829
763 2129
2129 2377
1473 2129
1473 2134
68 2134
2129 68
3457 68
3457 2345
1860 2345
1860 68
2900 1860
2900 1445
612 1445
612 1860
612 2521
2984 2521
1752 2984
612 1752
838 1752
2758 838
444 2758
1752 444
444 2228
2228 1670
1670 1929
444 1929
1929 2455
2455 3718
411 3718
411 1929
411 2064
1651 2064
1651 3009
411 3009
122 3009
122 3165
3165 396
396 3009
3448 396
3697 3448
3697 714
714 396
1590 714
1590 3310
778 3310
714 778
778 249
249 3656
3656 1877
778 1877
1877 282
124 282
2642 124
1877 2642
2642 2232
2232 1497
151 1497
2642 151
151 572
601 572
3063 601
151 3063
850 3063
850 2723
3607 2723
3063 3607
3648 3607
374 3648
374 1180
1180 3607
1180 2400
822 2400
1896 822
1180 1896
3192 1896
2630 3192
2630 1690
1690 1896
1690 1979
217 1979
437 217
437 1690
437 351
351 2919
2919 4
437 4
917 4
917 3480
1951 3480
1951 4
1003 1951
1003 996
2611 996
1951 2611
2611 3147
1998 3147
656 1998
2611 656
567 656
567 1886
1886 1656
656 1656
1349 1656
1349 2995
2995 394
394 1656
242 394
242 208
1770 208
1770 394
1162 1770
1643 1162
2467 1643
1770 2467
2467 2363
2363 303
2447 303
2467 2447
2447 1035
83 1035
2772 83
2447 2772
2772 279
914 279
1083 914
2772 1083
1083 2334
334 2334
318 334
318 1083
1743 318
1517 1743
1517 3723
318 3723
90 3723
2176 90
1655 2176
1655 3723
1140 1655
1140 3470
3564 3470
1655 3564
3564 2649
3205 2649
598 3205
598 3564
2633 598
1616 2633
1616 1037
598 1037
1037 3359
356 3359
356 1496
1496 1037
1496 2297
88 2297
88 636
1496 636
636 3460
1359 3460
2144 1359
2144 636
2144 2382
2178 2382
418 2178
418 2144
418 467
2622 467
2622 1546
1546 418
1546 252
252 2834
2834 232
232 1546
232 2385
2385 2005
284 2005
284 232
3321 284
3321 3171
3096 3171
284 3096
3096 1232
1560 1232
3409 1560
3096 3409
319 3409
1999 319
1999 528
3409 528
1086 528
3297 1086
2858 3297
528 2858
2858 2626
207 2626
1116 207
1116 2858
1079 1116
1079 413
196 413
1116 196
196 1773
2902 1773
3126 2902
3126 196
2004 3126
1661 2004
3302 1661
3126 3302
3302 2376
2376 846
1965 846
3302 1965
1965 3585
971 3585
971 1227
1965 1227
1857 1227
1857 1108
1108 380
1227 380
1941 380
1941 1290
2540 1290
2540 380
2540 3732
1537 3732
1537 2654
2540 2654
2654 540
1219 540
1219 1726
1726 2654
1672 1726
1672 2668
2668 1159
1159 1726
1946 1159
1946 3304
1136 3304
1136 1159
1136 1440
1440 2680
2680 2652
1136 2652
3726 2652
3324 3726
1544 3324
2652 1544
1544 1409
3391 1409
3667 3391
1544 3667
3667 1822
1822 3524
1303 3524
3667 1303
315 1303
1677 315
471 1677
471 1303
2179 471
1373 2179
2425 1373
471 2425
3230 2425
1027 3230
1027 2240
2425 2240
2240 2172
2172 2011
2011 1327
1327 2240
2538 1327
2538 144
144 1585
1327 1585
1585 2474
2474 2807
3076 2807
1585 3076
3076 1474
1474 1681
1681 2523
3076 2523
2523 954
545 954
545 2143
2523 2143
2143 2606
1279 2606
1279 2399
2399 2143
2399 238
238 2468
1890 2468
2399 1890
949 1890
949 3011
3011 2486
1890 2486
2486 1852
2494 1852
3378 2494
3378 2486
3596 3378
3596 1766
2328 1766
2328 3378
3510 2328
3510 876
876 702
702 2328
3599 702
1401 3599
1401 2880
702 2880
3568 2880
1750 3568
1369 1750
1369 2880
3733 1369
3733 1454
2734 1454
1369 2734
2734 1772
3144 1772
3144 2768
2734 2768
2768 2488
178 2488
178 993
2768 993
993 3542
3542 2855
1900 2855
993 1900
1411 1900
3033 1411
2084 3033
2084 1900
2084 2586
2586 933
933 2806
2806 2084
2806 3067
3067 2254
2254 3484
2806 3484
47 3484
2965 47
3741 2965
3741 3484
3741 263
1559 263
1333 1559
1333 3741
1639 1333
1639 2180
19 2180
1333 19
2673 19
2034 2673
2034 3606
3606 19
3606 105
3175 105
3175 1458
1458 3606
1458 1921
1921 746
746 2821
2821 1458
2052 2821
1059 2052
727 1059
2821 727
727 1948
1948 3092
3092 2659
2659 727
513 2659
513 2878
2878 1427
1427 2659
1427 436
436 3468
2235 3468
1427 2235
784 2235
784 1277
37 1277
37 2235
1869 37
2980 1869
2980 633
633 37
633 2185
2185 3587
3587 3152
633 3152
927 3152
1720 927
1720 310
3152 310
310 2724
1107 2724
1913 1107
1913 310
1913 3578
3578 453
453 3241
1913 3241
1053 3241
3093 1053
3306 3093
3241 3306
3306 3069
3069 3139
3139 2954
2954 3306
2954 2
2 555
721 555
721 2954
721 934
934 3665
435 3665
435 721
435 1475
1475 2643
2643 2953
2953 435
2953 1923
1923 1338
1632 1338
1632 2953
1632 1417
3303 1417
3303 979
979 1632
2153 979
1831 2153
2300 1831
979 2300
2300 2827
1904 2827
1904 1620
1620 2300
1620 2059
2908 2059
2207 2908
2207 1620
3432 2207
3432 278
278 3216
3216 2207
1850 3216
1850 3006
3006 145
145 3216
414 145
538 414
538 3087
145 3087
3087 2063
401 2063
401 2750
3087 2750
1627 2750
2433 1627
2433 1322
2750 1322
3290 1322
3290 2201
3403 2201
3403 1322
3403 2405
2405 3307
3307 1275
3403 1275
2280 1275
2628 2280
3239 2628
1275 3239
3193 3239
1646 3193
1646 804
3239 804
804 97
97 1603
1330 1603
1330 804
1184 1330
1184 2010
2010 2802
1330 2802
2802 3150
3150 3248
3097 3248
2802 3097
3059 3097
3531 3059
3531 3513
3513 3097
3386 3513
486 3386
486 1742
3513 1742
1704 1742
3555 1704
3555 885
1742 885
3068 885
3068 3178
3178 1292
1292 885
1292 1494
646 1494
646 1761
1761 1292
311 1761
505 311
505 257
257 1761
1228 257
1144 1228
2881 1144
257 2881
2354 2881
1167 2354
1167 3619
3619 2881
3619 1392
3043 1392
3043 2563
2563 3619
1236 2563
619 1236
619 2174
2563 2174
2058 2174
3365 2058
3365 2093
2093 2174
1930 2093
1930 2234
1240 2234
1240 2093
1240 116
116 1308
2284 1308
1240 2284
2284 2514
2514 2000
3536 2000
3536 2284
3536 367
687 367
3127 687
3536 3127
3000 3127
2916 3000
2916 1551
3127 1551
