0
40551136364682962
14371921023718227077
8698981498646040928
18190976980149936591
11408046766604370128
7352709731970870118
0
18174227568906786912
14139155831523846102
3175290511054759676
15503649875095585181
5539373098128774243
11598202655912545780
6049087528336423425
3210632353278816297
14321431120510065249
16573108865487767668
5639385229189096923
8466501603320191189
10335873361373325046
12535027166074553810
3147588478797376166
2615943407669525678
10209281655570169079
15015386145113630001
16324838303051086158
11239718371890755983
6669936698549606123
5058881251666512668
9605760936454567972
10942153238049157006
9164841767519282595
7010024245275159932
2113922500464503862
17745602593142902047
7063930583951129285
17349232651996554321
17498272027239714392
6366610505511133105
17142547228782129680
4833722980586090373
5343724625766379753
5226584892348211584
5627053049645405918
13116480556652711601
9450603883495622405
12910721747400388776
13665121463200466546
12481525733066523438
17792172579138319917
18042033677192199146
12827246470661171368
6711370340289488809
8737374945673242863
17611709946641397898
12536082556646637387
394380464341139400
5388604274079646001
2748116728817380345
8921886143251071823
17520184278723777300
8422245482223966994
11217925741673362942
2597005649728138813
14393223740517575758
7826771563570277056
10526723781425925653
4976755849112529211
1540
14079173989051032927
16055702703700793588
15785582136084113405
13711231885854752080
7733166794923921106
9730423048410931037
5435059915265550758
14940627301158328430
3158601435820902536
11005102531313176803
17039661353478008992
13610396182674887495
12896017873104693443
12688888079759069279
17538633880878820910
1181694706613638911
9963077743485183365
9770621396922710316
288444827239496543
15073868222102242563
4037549577362390324
14940379391168125810
12821416719354244200
4558185379106445177
14491969354847998019
13047195833413771849
2853434751988953898
16398672127706379073
16631461160472760260
15157833661935941951
17761309399386768689
17793924910596133740
4759230941087830996
1503536019673108809
14823338879730204850
1278446891086679637
16571731384296644468
1123503973813492152
9686536605045572048
13450842674401378972
8433736647944826214
15310986285099489659
3749231546063806893
16391038342576061910
12096871768146177718
10775924748264669686
6891038717977117420
11034057799319105664
17913709445972721509
6590907606804584890
12561908467618145900
13978624321369153359
12349273371823243926
6985354876552257
7914409627342715534
1866344079595680494
7974198640092623562
2594864295900980422
1082411068137397698
15716308510895821775
610825468007465638
12492035704997273553
8168507412457701837
12695168514736233150
4380931515638668396
14550188995395501266
8921190311104320403
1756876594072893656
2346921455225727745
3035192118442062782
13082079420225923104
8903440116444872545
15233134694840178179
12514801390870551407
5229570894936969963
3534681189977182
13233341508145025979
9759305365415813996
16069754924338423422
1749440543424210003
7740667392742489678
8506152539380035500
1053618446635162550
15995082623490647557
11313999551278698092
1755416617099811301
2097737697027882129
13340941164510245832
13509237383298809372
13030601476260448554
9647555075695555793
9530233213675565472
1148821570818119386
15922290450682194416
14538509853083011685
6705120966060483503
17212407751613255026
9472972153214831248
14664505731771160667
7350661218700943847
4638431809604227445
5021247920416611712
17639137486952813005
14114685755464914671
16835391790214184307
2416292425356402515
7420264406888655073
12054366990480293981
1718377987941485525
5925138166456130402
11454709604266427735
7694206887415748898
678069967497900933
7911575259654609008
12623899273756269934
18158562819813870864
14130290938218251775
1259526269710501556
11386040577962154897
9966182818079918363
11342314555526820415
16396069276966227486
397169283718685175
14797365519541831945
12946127342436310915
17953329889187334164
6150846339890542454
2197666375857104950
15742193929566824320
1818132380218100690
11691979041641051176
9047233121042002392
17595940145812926912
16050849884187814593
2498543866391226889
1858434249758927139
8387704452528541431
9330917962990566628
13963792140033641367
14702367767153815555
6754869626724712975
7566632181197901110
7630145283108009945
17978073982925991997
4290072450936499079
16602503633449869935
11300528164672876821
12629073419081636121
2938557317006926610
759688077729181145
4977508701146707950
17333296089594193582
17151646720306330795
17883462994315695030
3947082706023607648
17347636282651585912
17294055191155725532
6202757127619984057
4443436162313279209
10928128594801352959
2495000332624837574
14583267038198751058
3394756074369957156
14211595607851816841
10753894296316309950
6691097622967364706
13996147766839011483
3216966750996136456
10328401992458335968
1716096113247516921
3339945835714530087
8782964262594531410
11846728787201053441
7769813524564740401
5678367352032087966
11947227661518403047
10250714348541561432
16833205713140992725
5604686208696687746
17962031447393090287
711005714027834917
12672432507502520516
2460332041785281130
424105109268426908
1447531488517587695
6655796415237660723
8369372099906960271
14837162910787004847
13915429475185109142
12543689006224874903
10777037927874400369
14564896330365043852
11934444519341563319
11370665445070569524
1217681108326448020
6673738106611516658
6624907468952624021
2793038120942874562
11480354118103386815
712910026417000059
10467598472492898019
5963206919677847097
7155979131340155993
18389379805383195882
18021835171256277887
12816117884413237204
10167844411176537099
10645176040331091397
4567645033756783184
12297038115106808644
14709573646406050330
2763001276528790833
11625091641778963983
10611949430150097428
10540638122808108588
3346364724176102824
11330543017847344704
8820995040926491489
4702919116040598859
4052556054428807035
15993962339795559915
7803248720183269709
12450377041649282417
14164423804013590120
7451630729109448739
17498252456996023806
14174485163985660085
10056869090294688305
5655128822193784637
69786340244635988
11487229788084233618
6416490192101738053
10508356298084327105
11981010114959084886
11052513860732772997
15972445096730013158
901892233160421681
18182800488646163798
13585213649793348879
4252515385827334006
17742810424636431734
287212577236150668
11645747236212427341
17460392985198901516
6982187255766623766
9027504582017556539
1592969824234587436
13993913945363750395
5243262839787752398
8190303769120251367
2165458230365849991
2388923261389847171
5490433578341305497
18434241995462842056
8593887638878250711
7199210025599570811
11246393372291915869
4086289166253566145
7891433950517401798
8703424062819438310
10049024141613927262
11217642997771785614
9139881195813500711
3653101224933421668
14608204013526142583
18443261296456680405
13785270361704474407
6924144650179004568
436528838069989015
17808268698669016030
4338643733409226853
9985454476044534775
2509289026760046273
2870472081563216743
15221315541359619316
13703696711937139014
6263320469026122743
10693548949510993913
1503206701778413009
3162846353504313879
6984293005510308733
10725040907830642475
4056475199109971556
7387755453421793999
6469779354043864682
4272898263931306730
11300075760032553582
6016877553158543316
11698214252725646866
11461138085783710722
15406413082176237756
14522153136218184036
16665454423083807182
16646191848229962188
2074069123970592831
6231757330256074221
4641261192565319
2771140189539567603
6506185784137143268
7184174227466210568
11438801370786930765
252156265852908073
