0
584 763
2 273 395
1 66 488
2 353 463
1 120 358
1 31 246
2 445 501
2 297 377
2 92 303
2 297 460
2 462 572
2 19 23
2 279 296
2 4 525
1 386 512
2 260 270
2 171 417
2 269 404
1 386 433
2 170 480
2 207 381
1 328 417
1 210 252
2 311 579
1 443 483
1 331 466
2 239 473
2 28 496
2 153 327
2 118 420
1 31 129
1 329 356
1 116 150
2 108 356
1 121 390
1 129 394
2 453 491
2 325 544
1 291 555
1 132 427
2 89 462
2 128 298
1 212 325
2 150 327
2 61 532
1 87 368
2 158 577
2 126 533
1 263 327
1 443 579
1 105 289
1 287 391
2 20 400
2 26 550
2 74 211
1 169 300
2 180 365
2 383 442
2 67 222
2 332 515
2 68 519
2 70 507
1 47 436
2 23 492
1 337 583
2 87 168
1 25 540
1 135 335
2 29 558
1 80 102
1 57 105
1 332 435
2 13 178
1 94 222
1 179 321
1 447 584
1 451 570
1 250 564
1 245 363
1 381 569
2 65 434
2 258 468
1 198 431
1 81 224
1 417 428
1 36 337
2 386 562
1 415 469
1 148 426
2 107 113
2 313 402
1 96 443
2 88 143
1 241 582
1 184 247
2 260 283
1 122 443
1 391 435
2 493 508
2 99 192
1 167 517
2 342 359
1 223 473
2 19 212
2 381 411
1 11 354
1 90 176
1 45 339
1 82 541
2 93 279
2 106 265
1 161 336
2 145 270
1 88 95
2 389 510
1 215 582
1 230 291
1 98 281
2 77 495
2 150 268
2 282 357
2 232 348
1 11 32
2 101 500
2 7 506
2 209 361
1 145 447
1 279 491
2 256 312
1 218 363
1 437 512
2 254 351
1 70 535
1 222 496
2 39 485
1 8 355
1 73 518
2 470 554
2 11 15
1 55 243
1 61 266
1 106 499
2 296 301
2 426 453
1 81 441
1 326 352
1 262 572
1 196 357
1 26 341
1 349 432
1 142 392
2 225 545
1 289 426
2 32 401
1 291 395
2 249 397
2 71 453
2 449 483
1 159 534
2 16 226
2 312 404
2 223 523
2 8 175
1 105 194
1 1 130
1 82 557
2 264 553
1 158 383
1 427 455
2 4 496
2 498 548
2 175 232
2 141 381
1 60 271
1 191 204
1 455 491
1 79 544
1 74 341
2 460 467
1 12 545
2 20 222
2 176 461
2 469 541
2 370 531
1 302 459
2 242 375
1 286 503
1 126 407
1 40 301
2 256 390
2 16 571
1 63 202
2 38 460
2 48 437
2 27 81
1 58 241
2 98 388
2 376 453
1 285 574
2 29 348
1 492 512
2 51 506
2 239 424
2 345 472
1 191 541
1 295 510
2 240 459
2 347 435
1 202 423
2 136 477
1 113 239
2 185 544
1 192 407
2 112 281
2 279 563
1 14 540
1 259 345
2 388 534
2 132 287
1 81 156
2 171 485
2 35 449
1 215 220
2 254 296
1 176 274
1 113 510
1 19 351
1 42 323
1 378 515
1 5 361
2 309 559
2 244 246
1 142 320
1 283 333
1 47 124
1 141 276
2 43 543
2 116 336
1 62 122
2 237 369
2 36 160
1 498 529
1 294 557
2 45 328
2 492 526
2 349 377
1 41 145
2 238 582
2 551 554
1 126 202
1 20 504
1 62 185
2 227 449
1 343 350
1 159 255
1 170 195
1 48 184
2 441 539
2 105 319
2 389 552
2 416 584
1 80 238
1 474 555
1 327 541
1 149 406
2 321 341
2 89 501
1 357 436
2 120 511
2 452 509
2 65 446
2 482 566
1 30 389
1 426 448
2 143 398
2 34 572
1 240 315
1 250 254
1 388 457
1 80 504
1 347 469
2 93 231
1 253 448
1 152 506
1 91 518
2 229 274
1 506 549
2 122 354
2 416 422
1 232 385
2 147 277
1 134 374
2 508 533
1 51 196
1 402 537
1 212 546
1 302 310
1 82 500
2 154 479
2 13 38
1 429 445
1 138 304
1 48 357
1 158 485
1 43 564
1 151 570
2 147 469
2 325 473
1 80 534
1 127 380
1 434 484
2 348 390
1 277 354
2 383 431
1 408 488
2 391 406
2 52 512
2 146 175
1 378 487
1 121 166
2 262 325
2 107 153
2 215 245
1 122 408
1 15 115
1 218 410
1 179 232
1 319 362
2 30 51
1 301 531
1 108 551
2 257 284
2 222 498
2 317 581
1 306 392
2 505 519
2 528 547
2 307 485
2 475 479
1 184 223
2 197 289
1 391 539
2 28 97
1 243 285
2 84 216
2 424 433
2 380 437
2 95 116
2 171 303
1 360 575
1 376 421
2 382 558
1 169 226
1 515 534
1 323 516
2 402 561
2 131 524
1 213 288
2 84 468
1 35 201
1 471 483
1 1 178
1 201 438
1 34 203
1 16 115
1 103 570
1 349 544
2 52 326
1 86 182
2 138 174
2 404 421
2 145 171
2 270 529
2 52 534
2 248 333
2 3 562
2 297 377
1 219 507
1 76 276
1 331 415
2 165 332
2 192 389
1 105 429
2 413 493
2 96 167
1 497 519
2 174 344
2 153 490
1 158 479
1 125 342
1 410 517
2 126 289
1 519 558
1 248 517
2 3 390
2 60 385
2 248 422
1 61 404
2 299 446
2 70 125
1 20 471
2 164 518
2 127 159
1 187 552
1 174 570
1 352 452
2 17 370
1 144 385
1 96 542
1 315 327
2 222 353
2 148 386
1 124 156
1 238 287
2 225 575
2 199 221
2 84 384
1 365 422
2 27 454
2 17 250
1 203 419
2 360 385
2 129 148
2 429 514
1 309 340
1 141 216
2 142 575
1 101 114
2 474 579
2 191 420
1 300 567
1 434 543
1 64 307
1 160 322
1 22 216
2 237 243
2 253 423
1 20 574
2 71 435
2 183 223
2 291 352
1 297 342
1 312 383
1 324 438
2 205 545
2 111 352
1 29 49
2 373 534
1 393 406
2 168 203
1 26 57
2 295 362
2 105 433
1 105 307
1 121 497
2 80 465
2 228 438
1 119 435
1 38 376
2 315 455
2 12 319
2 180 411
1 4 560
2 315 565
1 395 538
1 520 579
2 311 528
2 258 324
1 8 285
1 47 274
2 360 395
1 129 328
1 438 460
2 126 274
2 225 420
1 194 388
1 74 378
1 336 409
2 264 506
2 203 291
1 88 234
2 122 260
1 128 324
2 23 409
2 288 441
2 56 307
1 50 557
1 319 339
2 558 583
1 45 538
1 310 376
2 8 62
2 86 552
2 166 439
1 61 300
1 330 344
2 17 127
1 219 397
1 313 517
1 186 419
1 156 338
2 347 510
2 79 493
2 154 545
1 167 479
2 249 434
1 372 385
2 220 328
2 98 484
2 316 435
2 329 476
2 118 214
2 172 242
2 279 553
2 270 409
1 151 405
1 264 526
2 79 86
2 512 569
1 136 299
1 250 458
1 245 574
1 90 435
2 92 161
1 314 387
2 225 277
1 6 44
2 73 502
2 128 178
2 255 292
1 534 557
2 442 462
2 165 554
1 447 563
2 248 469
1 373 503
1 321 454
2 30 529
1 549 565
2 232 435
2 206 432
1 486 541
1 334 439
2 437 531
2 149 205
1 60 170
1 10 392
2 374 567
1 239 314
1 355 514
1 400 540
1 95 96
2 288 565
1 80 175
2 121 139
2 497 568
2 239 415
1 92 220
1 224 524
2 33 433
2 142 344
1 34 232
1 257 481
1 122 195
1 127 244
1 14 258
1 233 542
2 226 437
1 63 510
1 178 546
2 29 478
2 366 506
1 10 327
1 479 537
2 394 438
1 295 579
2 507 582
2 212 279
1 423 513
1 335 439
2 66 98
2 39 185
2 199 430
1 57 128
1 193 235
1 28 309
1 401 487
2 124 365
2 367 517
1 426 528
1 72 484
1 444 470
2 159 566
1 22 557
1 133 303
2 177 178
2 30 424
1 1 26
1 89 149
1 103 483
1 558 558
1 357 485
2 121 351
2 103 306
2 192 462
2 388 509
2 230 289
1 382 478
1 319 426
1 218 488
2 43 379
1 3 83
1 439 570
1 178 245
2 522 547
2 140 142
1 157 217
2 9 147
2 218 480
2 69 341
1 305 312
1 59 270
1 342 398
1 340 556
2 347 407
2 49 154
2 117 167
2 161 399
2 251 494
1 557 583
1 414 477
1 91 160
1 72 143
1 2 60
1 178 373
1 105 352
1 374 466
1 44 369
2 111 207
1 348 413
2 327 429
2 271 470
1 239 381
1 93 235
1 143 359
1 164 370
1 112 410
2 166 510
2 193 303
1 43 398
2 307 478
1 42 499
1 189 528
2 279 283
1 36 277
2 471 529
1 344 442
2 196 520
2 10 572
1 37 206
1 154 550
1 357 454
2 3 64
2 472 526
1 40 393
2 235 334
1 61 77
2 327 552
2 75 281
1 82 581
2 408 419
2 51 498
1 133 417
2 416 464
2 137 156
1 176 553
1 141 246
1 440 490
1 178 333
1 351 404
2 104 385
2 9 130
2 101 192
2 11 461
2 64 419
2 198 261
2 54 173
2 195 518
2 429 444
1 62 182
1 142 226
2 338 430
2 68 74
1 62 141
1 166 376
1 220 331
1 245 564
2 155 221
1 293 434
2 411 568
1 322 400
2 381 509
1 97 497
1 44 417
1 38 504
1 228 396
2 111 348
2 112 181
2 192 332
2 343 582
1 139 365
1 374 556
2 372 381
2 1 183
1 332 441
2 94 561
1 156 479
1 198 358
1 254 509
1 285 289
1 21 227
2 52 240
2 452 463
2 291 487
2 208 378
2 277 487
2 332 383
1 446 575
2 1 455
2 254 451
2 71 225
1 531 546
1 85 119
2 247 563
1 361 500
1 170 316
1 210 353
1 434 530
2 75 302
2 55 125
2 212 416
2 124 271
1 23 70
2 124 471
1 161 519
1 329 534
1 284 296
1 271 553
2 86 416
2 344 345
2 15 36
2 365 515
1 124 357
2 22 415
1 433 471
2 115 375
2 208 288
1 260 354
1 16 298
1 311 543
1 199 363
1 170 414
2 1 412
1 134 161
