1 100 681603173 1000 200 435536356
mwlpnpvqyawwcqaypnditdnyciwnoragndgltodjziszuenqngayphpbeyinrwepipvfongtzensdzswrcnxlmnwohnajffzvrzp
332238963 70740446 60747798 167771252 84512417 682377278 648895937 19712949 463113528 932013684 410193322 909056230 926083648 555736768 534543904 260723612 156330874 17929973 368787531 945830470 844488486 827169064 169670796 39151072 19768447 815208980 137908818 20953356 283095913 731690324 628852475 419116020 894282674 287027564 428205793 279908477 962116240 617133095 700366927 339412135 287401423 271548103 465366049 995620785 861863879 53620215 254866998 354464460 91912932 416899381 527934381 18110715 356202179 998522428 130498467 71993803 720653181 186422469 258884232 525536590 181299761 178512955 224352365 702974286 891204860 688157074 572177547 487023579 771423325 568468656 398471687 20028069 451417023 431536942 53270492 552197914 5836534 519137883 950702908 372143068 584808 255287465 770855282 329510081 11766965 327787233 274769080 894939525 597672049 195716875 545333077 867788066 634391903 679453246 648816382 498854129 462775031 610678239 244642214 879663411
1 100
2 100
4 98
5 90
7 93
10 95
12 100
13 95
14 94
16 95
17 96
18 98
20 98
21 93
22 100
23 99
24 93
25 90
26 98
28 99
29 95
30 90
32 93
33 94
34 99
35 94
36 95
37 93
38 97
39 90
41 93
42 96
44 92
47 90
48 97
49 92
51 93
52 98
56 99
57 90
59 91
60 94
61 90
62 97
64 91
66 90
68 96
69 93
71 99
74 93
75 90
76 95
77 93
78 97
80 100
81 92
82 97
86 97
88 96
90 95
91 96
93 98
94 100
95 97
97 100
98 99
19 68
11 93
72 73
14 64
24 53
57 97
30 35
74 99
10 75
59 72
4 9
6 73
33 68
33 75
61 70
39 79
42 51
29 51
13 45
30 87
10 55
41 66
44 60
59 95
11 21
40 53
28 43
73 80
81 98
3 33
13 15
7 28
19 59
63 90
7 19
42 96
64 79
46 52
34 94
30 61
69 87
73 77
4 28
1 53
35 51
75 98
33 72
42 51
9 90
18 58
56 84
7 80
27 50
51 79
40 94
61 94
10 10
24 46
39 47
28 96
53 75
22 31
13 58
16 61
12 81
20 41
35 89
73 94
11 21
12 78
21 30
21 86
9 49
18 67
11 46
79 83
5 49
8 80
61 68
33 35
33 88
41 42
56 62
51 83
37 73
82 87
12 24
69 95
1 63
25 39
13 33
46 90
11 52
28 78
49 80
22 85
32 82
46 54
22 56
22 85
57 75
35 93
35 61
29 61
59 79
38 43
20 48
11 69
27 39
18 42
82 83
59 94
12 16
19 77
65 77
75 83
1 5
56 69
64 86
7 94
73 95
64 72
3 95
10 85
57 81
71 82
46 55
10 19
34 39
1 26
14 68
11 40
1 30
46 74
