534401138 500
1 1560 1592
1 1784 74
1 231 1243
1 1711 479
1 1567 490
1 1367 899
1 405 754
1 167 704
1 340 877
1 1657 1027
1 206 719
1 1825 182
1 1785 1177
2 1784 329
1 1251 630
1 207 193
1 167 1213
1 51 1462
1 1415 1342
1 1656 1579
1 206 1903
1 1315 501
1 1560 1678
1 1931 1223
1 1990 332
1 1226 1572
1 1323 120
1 1135 1197
1 1315 374
1 812 1585
1 529 1314
1 1559 1398
1 1670 669
1 1932 499
1 1931 1633
1 1415 1048
1 156 977
1 701 145
1 638 976
1 207 498
1 1153 42
1 1225 1000
1 752 14
1 1415 1112
1 67 1114
1 1642 1679
1 1184 322
2 231 1652
1 52 970
1 45 343
1 1642 1597
1 1314 1783
2 1226 1959
1 1932 314
1 1932 825
1 437 571
1 1656 1416
1 1322 867
1 1495 1913
2 1990 383
1 1183 276
1 406 32
1 156 655
1 1190 17
1 1990 1483
1 1642 1922
1 810 512
1 339 1206
1 752 135
1 1931 342
1 36 366
1 1990 1430
1 1670 800
1 1670 315
1 1931 1777
1 166 449
1 810 286
1 1935 1434
1 1824 347
1 1932 1625
1 1559 245
1 156 1378
1 157 1788
1 1785 1512
1 40 1326
1 701 452
1 1524 653
1 1824 1194
1 405 212
1 1669 1337
1 437 457
1 37 460
1 1656 956
1 1560 1543
1 810 617
1 1415 896
1 594 276
1 45 966
1 1314 1116
1 1670 1492
1 1642 1200
1 1710 587
1 1711 920
1 1130 1416
1 639 1243
1 1559 962
1 1959 1041
1 1825 1314
1 36 1178
1 1932 1938
1 156 938
1 437 768
1 1824 1787
1 463 34
1 1105 1178
1 810 1515
1 231 810
1 529 1218
1 1990 1621
1 1129 1627
1 340 15
1 1670 1002
1 810 1093
1 1525 1645
1 1559 1118
1 1657 986
1 1225 816
1 1496 365
1 1314 366
1 1641 1160
2 339 1960
1 1225 416
1 812 996
1 1282 1198
1 1934 225
1 594 1298
1 1958 132
1 811 1394
1 36 1274
1 462 1429
1 1643 752
1 1643 1381
1 1784 1804
1 530 409
1 1935 432
1 810 807
1 1642 1174
1 1711 1794
1 340 1785
2 1935 63
1 1322 69
1 1136 843
1 1105 40
1 1559 594
1 1323 1905
1 555 127
2 1560 1629
1 44 1115
1 339 1252
1 207 67
1 206 1850
1 1282 1281
1 207 869
1 593 1402
1 1130 1380
1 231 1336
1 1643 1947
1 639 494
1 1567 1549
1 1495 1426
1 1496 989
1 52 1759
1 40 552
1 1670 1172
1 1824 1580
1 529 1969
1 1785 1576
2 1642 1690
1 206 1408
1 1154 1859
1 1368 683
1 1991 1553
1 44 180
1 45 1838
1 436 1016
1 40 1962
1 1990 874
1 67 287
1 166 1296
1 1183 820
1 462 1717
1 1250 252
1 157 465
2 529 293
1 1191 444
1 639 825
1 40 248
1 1136 1262
1 751 1720
1 1495 142
1 44 291
1 1642 123
1 36 443
1 1282 1074
1 1657 1139
1 1959 1480
1 340 1255
1 166 1129
2 44 1184
1 1281 1813
1 1559 991
1 1154 1135
1 1643 484
1 1991 841
1 1323 1602
1 436 833
1 1226 507
1 554 1881
1 751 598
2 812 476
1 1711 386
1 1559 679
1 167 390
1 1657 21
1 166 1131
1 1710 1580
1 405 1939
1 1934 262
1 702 1309
1 340 1184
2 36 1555
1 1416 1038
1 1314 804
2 340 1122
1 1104 487
1 1560 718
1 1250 998
1 1250 514
1 1416 1258
1 1567 1469
2 340 1648
1 406 856
1 1315 883
1 594 1666
1 1934 102
1 1931 1424
1 1670 1366
1 1129 1720
1 1931 1901
2 810 1102
1 1670 1141
1 1932 1982
2 810 708
1 339 787
1 811 455
1 1785 10
1 1495 1513
1 529 959
1 45 1095
1 1559 1608
1 52 289
1 166 370
1 1153 1126
1 1825 894
1 1129 1106
1 1225 1577
1 1559 529
1 1190 1151
1 1154 676
1 231 1499
1 207 105
2 167 1736
1 1129 281
1 1191 1860
1 36 201
1 810 958
1 1323 1205
1 1711 1821
1 1643 1560
1 1931 1301
1 44 1399
1 1643 238
1 1825 964
2 1824 1618
1 1104 214
1 1281 111
1 1711 261
1 1559 1192
1 340 1913
2 1559 147
1 812 1395
1 1184 1367
1 1135 1792
1 339 856
1 1670 1371
1 1643 1972
1 1934 450
1 51 1897
1 1415 371
1 1251 138
1 167 1954
1 638 95
1 594 1182
1 40 1781
1 1282 1228
2 1642 711
2 1642 900
1 702 1163
1 1559 174
1 1932 619
1 1322 1571
1 1367 1480
1 1524 1455
1 1250 1894
1 594 1662
1 37 1170
2 1136 861
1 1525 1902
1 1281 485
1 1225 963
2 1367 1932
1 1135 914
1 810 1838
1 812 534
1 1250 1861
1 1641 1872
1 405 1829
1 810 1759
1 167 1073
1 1931 1260
1 207 836
1 1104 1977
1 1105 1230
1 1190 732
1 1710 640
1 812 1765
1 812 333
1 37 1018
2 1524 963
1 702 302
2 1415 187
1 66 961
1 1281 363
1 529 1438
2 1184 161
1 1711 1594
1 339 1067
1 529 1829
2 1281 1790
1 554 150
1 1184 875
2 1642 1161
1 1191 1689
1 340 1290
2 811 177
1 1568 1745
1 231 946
1 1711 504
1 1932 555
1 1931 15
1 36 410
1 41 827
1 1991 946
1 405 177
2 1656 1969
1 1657 1563
1 701 245
1 638 1827
1 206 1814
1 1368 1517
2 1825 286
1 339 827
1 1416 1189
1 1710 1483
2 810 39
1 1322 1124
1 752 1535
1 1825 1936
2 812 1041
1 1154 1020
1 1934 1568
1 1991 1429
1 206 1138
1 37 533
1 1129 411
1 67 93
1 812 468
1 1990 229
1 157 1729
2 1250 1636
1 701 1840
1 1315 260
2 405 1501
1 1191 1270
1 45 1548
1 436 1989
2 1129 1653
1 1322 1067
1 207 415
1 436 1436
1 436 1457
1 1323 1844
1 530 758
1 1824 1471
1 1642 1867
2 40 1627
2 1525 1178
1 1153 435
1 702 1501
1 1368 958
1 1416 535
1 1136 534
2 1153 1767
1 1226 505
1 1322 1562
1 406 1487
1 1323 148
1 66 364
1 1130 964
1 1643 1733
2 1932 1243
2 1322 1889
2 1934 642
1 1785 1166
1 811 1896
2 1824 1575
1 811 648
2 1315 1462
1 1322 375
1 1670 738
1 36 453
1 1129 1865
1 702 59
1 1281 1287
1 1183 958
1 1559 1826
2 529 98
1 1225 1070
2 37 1946
2 1191 159
2 1323 1217
1 1251 514
2 1825 815
2 1315 917
2 1225 632
2 207 1926
1 463 1370
1 639 68
2 1416 1960
2 206 1957
1 339 5
2 207 226
2 593 929
2 1559 1054
2 1281 823
2 1559 377
2 1251 281
2 1670 1086
2 1670 445
2 1314 1725
2 1934 1687
2 206 1600
2 1250 910
1 45 214
1 232 1890
2 639 377
2 45 921
2 1825 1480
2 1130 1110
2 37 165
2 1322 950
2 1135 1096
2 52 396
2 1130 1410
2 1281 1970
2 1643 1368
1 811 1969
2 45 1705
2 1322 1504
2 1991 873
2 1959 1360
2 810 464
2 1559 1679
2 1135 940
2 1416 1537
2 638 758
2 1367 962
2 1524 1328
2 166 772
2 1824 722
2 166 795
2 812 221
2 1281 1630
2 1991 298
2 1711 1341
2 1710 1653
2 1282 166
2 232 1470
2 529 593
2 810 1294
