2080
11923
3275
13708
1951
1246
7604
9245
579
9672
15148
838
17621
10074
13381
9709
6947
574
5430
667
6944
3624
25766
8640
960
16066
9818
4300
9862
8163
1832
4878
11
5631
1501
14528
6960
9460
4752
7625
4826
6190
1708
6016
14465
1896
2493
6709
15746
1440
9445
467
7614
6134
6835
375
3392
14860
380
4010
734
3199
10838
168
1999
1487
1772
709
476
13
5647
7727
2311
167
3468
3373
1006
16875
5208
8267
5042
20827
1837
32169
5731
14137
538
9664
4542
3432
17650
6898
8025
3942
3562
3447
1880
8859
35002
38221
