11564
3255
5514
5349
1036
1754
6951
859
1295
12806
3796
366
5575
2517
4114
30053
12017
1234
2702
8506
3405
15295
4417
16046
6381
3216
3843
897
15610
3093
4645
5087
4632
6598
12587
1691
2666
6864
6540
21254
2308
6002
6519
6827
1576
12474
5604
27811
3412
11273
17813
3006
3423
9810
23018
5789
41424
5761
9848
4299
2541
18187
12095
7459
468
23537
7335
6195
29
8090
9614
20823
195
7969
1060
659
10258
7490
17273
1841
7433
2019
6293
5767
1765
2700
2804
17974
19159
1717
19195
577
850
3215
2544
41397
41084
70003
51110
48445
