2162
39437
38866
84924
5727
23188
14954
6487
26448
20904
14882
6439
57668
30356
17252
906
10555
41001
13217
13648
18753
31873
2855
19077
31231
10077
10740
1913
8551
27412
9738
601
62095
698
13935
42304
2168
43071
6995
35961
28710
47497
72662
14542
81815
26584
14370
30018
13303
38240
47133
37483
21971
789
20069
11443
29658
32169
20250
26710
14897
50934
47706
45941
40993
33459
3489
11383
2772
2135
38278
22410
14090
13853
4410
9146
23804
902
341
710
48
468
2073
686
80
50
35
21
297
44
8
9
12
5
2
2
1
3
1
6
