3976054162
3976054162
4456455793
4456455793
4456455793
4456455793
4511247899
4511247899
4806869797
4806869797
4806869797
4806869797
4806869797
4806869797
4912496369
5535392335
5535392335
5535392335
6312533535
6312533535
6472262432
6820226204
6820226204
7079059893
7079059893
7079059893
7079059893
7079059893
7079059893
7079059893
7079059893
7079059893
7742159171
7742159171
7742159171
7742159171
8053508018
8053508018
8072943029
8072943029
8072943029
8072943029
8072943029
8628368485
8628368485
8628368485
8628368485
8628368485
8628368485
8628368485
8628368485
8628368485
8628368485
9150090012
9150090012
9150090012
9150090012
9150090012
9776861718
9776861718
9776861718
9776861718
9776861718
9776861718
9776861718
9776861718
9776861718
9776861718
9776861718
9776861718
10730887889
10730887889
10730887889
10730887889
11494518460
11494518460
11494518460
11494518460
11494518460
11494518460
11494518460
11494518460
11494518460
11494518460
11494518460
11494518460
11494518460
11494518460
11494518460
11494518460
11494518460
11494518460
11494518460
11494518460
11494518460
11494518460
11494518460
11494518460
11494518460
11876420362
11876420362
