2666878115
2666878115
2666878115
2666878115
2666878115
2666878115
2666878115
2666878115
2666878115
2666878115
2666878115
2666878115
2666878115
2666878115
2666878115
2666878115
2666878115
3472365984
3472365984
3472365984
3472365984
3969103373
3969103373
3969103373
3969103373
3969103373
4190877104
4877032943
4877032943
4877032943
4877032943
4877032943
4877032943
5269057015
5269057015
5269057015
5269057015
5269057015
5269057015
5269057015
5269057015
5269057015
5269057015
5269057015
5269057015
5269057015
5269057015
5269057015
5269057015
5269057015
5269057015
5269057015
5269057015
5269057015
5269057015
5269057015
6061746993
6061746993
6061746993
6061746993
6443854443
6443854443
6443854443
6443854443
6443854443
6443854443
6989021988
6989021988
7003498387
7003498387
7003498387
7003498387
7003498387
7003498387
7003498387
7003498387
7003498387
7003498387
7003498387
7003498387
7003498387
7365321855
7365321855
7365321855
7365321855
7365321855
7365321855
7365321855
7365321855
7365321855
7365321855
7365321855
7365321855
7943328253
7943328253
7943328253
7943328253
7943328253
7943328253
7943328253
7943328253
