100 500 100 50
110124530 85702626 647807338 737406143 14744028 490638936 238539441 880576965 546536115 2097117 3412672 849424855 514763016 854385538 541054690 292176614 102382338 940679376 887750475 502762934 255269937 2411452 487920990 665129340 205705928 137888102 807930747 855105602 502274742 584147215 74189064 529947539 392661693 64990887 124042209 545495143 960569896 549195800 869958215 547730500 770335838 170162153 410396479 38222581 44692107 200123831 507628133 975252570 119772798 863769299 585455768 935430755 940304478 553613103 216228021 165290641 753139006 271901184 149492423 71773817 448778908 398880145 72745538 55582616 633312582 678424021 881380349 470046271 123369320 783561655 786538578 904154728 15015555 150916437 439859819 18896607 872942687 34815081 961515739 899322542 650508519 605799953 3020078 457081716 180113064 102424742 798683 108920644 968591427 91739486 896140332 565517228 514694917 714436892 300581546 725830980 403616609 99104767 450456733 91921739 
39 30
57 88
39 50
79 12
28 74
14 3
39 28
73 52
79 56
78 62
9 45
78 37
98 31
61 73
1 12
14 89
36 92
100 30
11 50
14 55
80 62
25 68
17 82
17 14
40 61
91 18
5 25
8 11
37 45
98 29
77 64
99 95
56 78
72 64
12 42
64 100
37 71
46 69
74 37
42 46
94 18
5 12
2 85
9 63
99 40
83 4
48 6
61 84
33 99
93 25
17 72
80 92
45 25
98 50
23 42
10 71
50 61
70 23
39 52
30 78
44 7
93 53
14 48
46 14
84 94
100 83
82 28
60 61
10 32
35 99
97 36
47 20
69 70
5 49
81 12
58 7
89 72
87 40
66 60
82 68
17 23
69 48
91 97
46 75
100 29
94 27
51 49
85 81
39 63
58 96
29 77
35 26
39 29
62 40
89 50
75 56
37 65
54 33
57 89
24 14
44 10
98 82
9 81
85 21
25 60
21 32
53 3
57 55
20 97
36 61
46 95
8 34
33 82
23 71
23 51
43 41
95 65
69 81
39 80
95 86
32 9
53 83
74 40
49 3
83 23
11 9
65 28
22 84
82 12
21 85
13 48
91 2
89 88
22 19
40 8
36 69
61 6
17 4
33 38
31 100
73 6
98 84
75 36
20 80
80 50
85 79
100 24
60 56
25 3
16 29
36 66
84 67
67 54
65 94
74 6
80 27
45 3
85 38
28 40
47 14
77 36
94 33
15 85
6 32
81 56
44 21
88 91
38 4
16 93
71 88
12 7
74 78
98 44
42 44
86 39
9 44
72 96
34 80
95 41
89 7
75 45
82 29
87 17
80 32
24 87
33 28
52 3
79 57
67 18
75 72
100 82
4 97
17 25
78 72
34 41
34 52
32 58
3 6
11 92
10 20
70 13
44 98
84 46
7 100
58 66
57 56
99 36
52 94
93 86
98 75
3 25
90 94
3 45
55 80
31 11
62 89
90 69
60 96
26 72
53 63
86 36
86 39
90 97
20 29
63 60
78 37
53 41
39 86
16 41
29 26
95 7
16 70
94 84
46 43
79 84
69 6
89 6
8 27
40 59
25 66
62 60
5 93
97 93
40 73
27 96
36 64
3 83
9 37
74 80
94 61
73 21
43 73
85 15
82 66
62 15
88 39
38 49
28 55
27 67
84 53
9 28
39 53
3 57
71 97
100 30
70 45
30 27
92 46
32 54
16 76
51 66
79 74
18 41
61 9
6 83
62 13
60 33
67 50
41 37
80 78
36 35
54 45
88 61
65 84
25 37
84 25
55 61
86 60
15 73
31 34
70 65
42 91
5 8
11 38
55 39
43 47
98 95
95 6
28 20
55 4
20 55
10 5
13 28
60 80
23 85
89 87
92 57
88 45
41 54
85 90
38 32
66 15
22 29
99 79
3 92
15 82
71 85
80 92
45 24
98 18
3 21
84 61
2 88
94 27
10 2
9 51
89 20
54 45
57 67
25 87
7 52
88 18
26 91
84 57
17 18
23 4
80 87
12 98
88 76
47 97
88 36
81 23
53 58
46 13
10 94
76 90
41 44
12 90
14 87
4 34
76 65
98 30
87 82
27 14
64 17
67 10
15 46
25 100
94 81
81 12
27 37
28 56
28 58
9 49
20 31
35 68
91 68
24 75
80 47
46 88
71 61
38 39
5 17
49 4
26 4
87 5
6 95
6 20
78 61
76 58
71 1
75 83
2 77
12 61
21 78
82 56
38 52
47 74
88 20
51 6
58 79
8 93
68 60
54 1
71 20
28 87
11 79
2 15
95 77
60 95
81 42
60 79
28 53
53 91
2 90
53 72
19 47
63 6
29 42
21 42
17 69
81 88
51 68
44 60
71 19
22 59
43 77
16 37
32 62
88 92
79 75
47 76
52 51
23 81
76 67
41 74
20 33
7 13
60 34
15 87
13 47
17 35
51 21
95 7
35 100
74 79
78 89
32 95
82 19
45 89
92 63
48 51
99 16
68 63
52 10
59 35
13 62
84 100
45 33
94 3
77 36
86 28
45 26
22 63
75 48
21 62
96 27
74 15
83 27
62 19
96 98
37 81
77 21
92 41
47 92
17 44
83 44
13 52
92 89
39 2
4 86
34 94
83 88
83 40
29 46
80 75
43 8
34 61
66 14
28 65
13 14
89 62
100 16
25 60
62 3
34 19
20 23
94 9
7 65
55 84
44 39
18 84
63 24
93 79
79 67
1 91
6 71
72 75
88 31
44 22
90 2816141
96 715140547
11 664159333
47 205907079
46 556817320
90 928827906
62 32972300
77 397931781
78 314681491
33 506314197
87 726915129
68 34062264
98 476510628
55 912782084
71 965367493
48 31591981
56 420441347
55 919005563
69 856654201
82 994900471
55 347963772
92 279918757
89 890942686
37 731568495
24 145085618
74 663241793
6 4766009
17 171627249
30 254887792
73 492562035
3 92609066
79 663099278
54 644523285
48 553823999
90 27956647
71 311348847
36 777078449
53 938664646
60 50187392
96 287347006
59 442462263
64 528402042
89 574860467
73 49831484
27 51834889
2 327105708
9 963390415
58 4738286
11 369875239
100 832689550
83 8822518
26 174777123
37 892838054
83 33695689
82 115669299
19 291072843
83 377744526
37 626771706
61 525022251
27 283976141
8 150108671
13 686748736
4 245268727
25 937298521
17 981480459
30 156208637
35 592429013
36 509871686
92 905870538
1 954026171
77 100331788
9 785043793
40 221298323
1 763630571
94 63560400
97 946119840
50 423210375
93 113868257
14 711433380
17 461083988
63 604648919
81 570437061
10 42918103
16 201750896
20 287007207
3 718023961
96 190360399
70 167851635
17 249274320
64 47724702
6 575105970
99 406251652
50 44126819
91 412930085
73 766306604
26 991777462
51 352273819
74 143483881
79 381901902
52 802500353
