5
40
50
680 1554 1380 371 20 951 653 1575 1523 718 713 1206 156 589 746 1462 1970 1518 126 1987 1323 85 1362 713 1821 1446 1306 1042 61 1163 83 304 381 1646 1523 1834 897 1839 1182 1479 1752 407 1881 1596 948 1327 1132 1587 1607 414 
1570 874 1842 844 1583 1541 127 954 689 766 63 76 599 695 862 1811 492 1585 1942 322 808 521 411 102 1081 761 1656 185 1070 594 696 801 1980 1121 41 1062 142 1169 264 591 72 384 1010 538 1680 909 24 630 722 596 
1358 1787 329 436 1662 1003 746 886 1200 1211 836 1916 1986 649 1786 396 1824 1912 890 791 1591 771 1153 774 671 447 1116 765 757 136 514 23 331 697 1832 1832 1332 12 74 1250 1584 897 1067 307 357 84 465 1425 2000 
50
1745 399 1520 1672 1775 676 481 1640 1162 1719 771 179 1718 1534 1522 862 189 880 1575 1626 1288 123 999 226 1969 1768 1390 1378 1630 327 590 1613 831 726 1927 12 1143 286 826 1173 818 874 1382 644 1464 1670 1567 1536 93 680 
1975 1093 1021 948 1411 1211 224 1346 46 291 1622 921 10 1920 1851 1205 754 1072 1543 407 326 308 1670 1347 440 21 995 953 552 1100 1033 748 1450 1715 1950 105 721 1807 1689 1048 863 1291 1920 610 555 1343 527 1391 1921 644 
229 136 1495 553 559 1331 956 242 1222 1795 1401 1916 1143 563 688 1690 305 1560 307 108 1791 1609 382 302 1724 1482 1327 623 66 1118 874 787 127 1003 919 472 333 203 699 724 1688 1204 489 1966 1037 1167 1859 827 755 
50
484 1135 1610 304 1644 1808 121 833 1427 1805 719 1123 232 863 1673 1891 1643 352 79 1310 1457 790 721 270 1004 633 898 81 517 10 942 817 770 204 1526 1120 476 1540 911 526 1055 1335 199 1406 1023 610 1381 269 1942 870 
607 867 1444 470 158 458 1817 430 270 1476 751 288 481 1089 234 550 1305 252 128 1182 154 164 187 582 1647 237 1327 1602 53 15 1743 1592 178 748 269 1566 1100 1743 1356 450 1760 364 1679 617 1181 214 1647 1754 1178 79 
1 1 1 1 1 1 1 1 1 1 1 1 1 1 1 1 1 1 1 1 1 1 1 1 1 1 1 1 1 1 1 1 1 1 1 1 1 1 1 1 1 1 1 1 1 1 1 1 1 
50
1721 830 347 574 1675 735 448 1717 415 1565 71 190 905 1096 676 1547 824 1527 318 736 99 1279 1694 1574 67 897 1437 311 868 741 1156 368 1988 1249 712 281 1978 1209 1794 1772 715 1740 1051 1594 235 1047 144 1295 1652 120 
122 1742 1845 356 274 1176 1242 1688 1123 1857 150 1578 812 364 1502 203 240 481 323 1677 621 675 1950 836 121 962 1510 187 733 1519 1135 447 1119 1888 993 381 661 1040 1207 666 1452 482 281 1695 1407 243 300 235 101 163 
1 1 1 1 1 1 1 1 1 1 1 1 1 1 1 1 1 1 1 1 1 1 1 1 1 1 1 1 1 1 1 1 1 1 1 1 1 1 1 1 1 1 1 1 1 1 1 1 1 
50
144 64 1 32 162 4 216 1 144 1 81 1 6 3 36 216 216 24 1 2 9 81 27 2 27 6 72 216 1 1 18 64 36 6 2 729 162 16 72 2 1 486 64 1 1 1 16 2 18 18 
0 497 1033 1575 1523 1955 854 1154 284 276 70 889 108 1567 790 331 1697 797 291 1279 1144 966 569 1851 433 1253 587 91 300 1796 144 1809 594 1219 208 106 1727 700 501 550 1724 1732 1120 160 1064 1645 1846 1682 1800 1918 
3 1 1 3 1 3 3 2 2 1 2 3 2 1 3 3 1 3 2 1 1 2 3 1 3 2 1 1 3 3 1 3 1 1 1 2 1 1 3 2 1 2 2 3 1 1 2 2 2 
50
4 324 2 72 27 1 24 6 54 96 9 1 1 81 216 2 12 3 3 216 243 1 324 486 2 9 96 486 216 108 27 729 81 54 9 72 4 27 9 162 108 2 72 6 2 12 3 4 8 9 
400 1555 459 1901 400 65 60 1042 1298 610 427 1014 89 188 96 1522 518 1318 1361 134 295 1048 1536 1736 656 511 1324 637 1900 1587 1447 1588 1173 784 737 673 1436 1122 1215 53 899 1734 947 1751 589 445 1758 1085 1178 1539 
2 1 3 2 2 1 1 2 3 2 1 3 3 2 1 2 1 1 2 3 1 3 1 2 3 3 1 2 3 1 3 2 1 3 2 2 3 1 1 3 1 1 1 2 1 2 2 1 1 
50
3 9 3 1 6 1 2 18 8 3 24 1 12 3 64 216 18 1 12 18 324 18 243 24 162 96 81 8 16 729 3 72 64 54 2 12 36 54 48 324 216 216 64 64 32 54 18 6 324 8 
1847 1649 58 1122 9 299 1806 1891 1606 1988 818 1486 345 556 122 1157 108 943 1130 1961 1170 371 1563 956 18 1422 650 82 1911 1956 640 1099 587 1268 126 313 1766 1494 968 1566 747 160 1500 1870 196 101 152 1587 292 1226 
1 1 1 3 2 1 3 2 3 2 2 1 1 3 3 2 2 1 3 1 1 2 2 1 2 2 1 2 3 2 2 2 2 1 2 1 3 2 2 3 1 1 3 3 1 3 1 1 1 
50
16 36 16 72 1 1 1 1 243 9 243 4 162 18 3 243 1 6 1 16 1 9 1 96 8 1 3 729 1 48 4 16 1 2 27 9 6 144 24 2 1 18 36 4 64 54 9 36 9 1 
941 1480 175 545 1591 1051 1219 1353 415 1302 5 1460 968 1592 38 294 852 869 1021 211 516 587 555 777 1578 562 1785 621 755 282 1213 678 511 271 1164 1443 127 1084 23 1777 1120 1192 1591 854 1342 1642 1782 931 1374 1489 
1 1 2 2 2 2 2 1 2 1 3 3 1 2 1 1 1 2 2 2 2 3 3 1 3 3 2 2 2 3 2 1 1 1 1 1 1 1 2 3 2 1 1 2 2 1 3 1 3 
50
12 9 2 81 27 3 4 9 243 32 24 2 6 4 9 81 144 2 3 2 216 32 3 54 2 1 144 144 1 12 108 1 1 72 324 3 16 4 24 27 16 16 27 1 4 48 81 243 1 1 
1276 1560 1248 1309 1113 1613 832 936 1314 1041 680 9 343 482 0 785 1062 275 550 1853 341 1943 1393 1609 264 431 1406 1103 478 1443 655 1729 1386 248 1430 669 169 1957 900 1077 64 1266 295 395 313 739 1807 280 1204 1969 
1 2 1 2 1 2 1 1 2 1 2 1 1 1 2 1 3 1 2 1 3 3 1 1 3 3 2 1 2 2 1 1 1 2 1 1 1 1 3 3 1 2 3 2 1 3 3 1 2 
50
18 486 216 108 1 1 24 162 1 162 16 1 18 486 108 2 24 2 36 96 2 4 4 16 81 243 81 54 243 162 72 81 243 3 2 1 96 1 2 1 4 4 1 2 12 96 36 36 54 6 
1354 1000 1403 1385 21 1257 914 1483 1989 1046 1352 105 1318 1585 1145 1608 573 713 587 1208 312 804 1059 424 66 1942 437 1314 783 291 1471 1312 1204 1455 477 417 1693 295 471 631 1006 817 1442 182 467 1831 1208 1152 1946 1450 
2 2 2 1 1 3 2 2 1 3 3 1 2 2 2 2 2 1 3 1 2 1 1 2 1 1 3 2 2 1 3 2 2 2 1 3 2 2 3 3 2 2 2 2 2 1 1 3 3 
50
486 1 72 486 27 1 9 2 27 4 729 32 6 144 54 27 216 3 1 64 108 4 3 12 48 2 4 64 8 48 2 8 1 3 16 6 1 54 81 27 729 27 486 216 18 18 2 1 12 3 
30 1681 790 455 1004 235 1147 401 1558 1070 720 634 1648 1862 1631 581 1391 1062 399 381 942 829 1766 427 127 1643 971 1800 1564 1244 465 408 1059 907 875 138 5 1781 890 1503 1239 1021 517 794 420 1285 698 1435 555 1490 
1 1 2 1 2 3 3 2 1 2 2 1 1 3 2 2 2 2 1 3 1 3 2 1 1 3 1 1 3 1 1 2 2 3 1 2 2 3 2 3 2 1 2 3 1 1 1 1 3 
50
6 9 108 324 486 27 81 27 243 6 72 18 4 3 4 81 1 32 6 9 18 18 24 12 27 54 4 24 27 4 81 108 729 486 27 108 1 162 243 16 729 81 162 1 486 12 1 1 3 16 
1421 66 1722 1526 1963 1761 1460 382 1258 1518 1528 1268 1134 598 1820 1911 608 610 937 1466 1397 150 1385 1499 1958 691 1170 1776 478 1454 1373 1990 1285 1179 661 903 75 327 870 447 487 1157 659 1667 1224 1783 465 1873 1045 686 
1 2 1 2 3 2 1 2 3 1 2 1 1 3 3 2 1 1 1 1 1 1 1 3 3 3 2 1 1 2 2 3 2 2 3 2 3 2 2 3 1 1 1 1 2 2 1 2 2 
50
8 96 6 1 4 27 6 2 27 1 72 27 12 8 144 4 9 144 72 1 8 1 32 243 24 486 4 144 2 216 72 3 3 27 2 16 1 18 144 18 2 12 3 12 1 81 6 81 4 24 
1910 1685 512 958 152 1531 768 1017 170 597 1693 313 213 985 780 1667 1020 287 643 482 267 1197 698 1573 1055 1695 943 415 172 917 1320 920 1524 1626 1900 1413 1715 1175 1078 39 721 1102 613 1235 533 1792 15 1064 1574 86 
2 3 1 1 1 3 2 2 3 1 1 2 2 1 1 1 2 1 1 1 3 3 2 1 3 1 3 2 2 3 2 3 2 1 3 1 1 1 1 3 1 2 3 1 2 2 1 1 1 
50
48 12 48 243 2 108 1 486 1 8 27 1 48 8 12 1 3 16 1 8 27 81 12 243 9 216 3 162 81 3 9 27 108 243 9 243 3 2 2 108 1 486 216 54 36 162 1 486 486 108 
601 61 1271 1108 1764 1268 1222 1676 1497 1348 1035 153 1090 1949 1658 228 1314 1898 1109 743 1429 168 849 1571 487 1977 1910 219 1890 151 1821 1678 1426 1116 610 1190 613 334 763 1168 550 651 942 1657 564 575 1655 330 1566 1051 
2 2 1 2 3 1 2 2 2 2 2 1 3 1 2 2 1 1 3 3 2 2 3 2 2 2 2 2 3 2 3 2 1 1 2 1 3 2 1 2 2 2 2 3 3 2 3 2 3 
40
27 18 36 54 16 1 1 27 3 9 36 1 36 81 3 18 3 32 2 1 216 144 6 64 2 1 16 96 486 8 1 108 1 6 81 12 2 72 4 108 
2 3 3 3 1 2 3 3 3 2 1 1 0 1 2 3 3 3 2 2 2 0 1 2 2 1 3 1 2 0 3 2 0 1 2 3 1 1 3 1 
3 2 2 3 3 2 2 2 2 2 2 2 2 2 2 3 2 2 2 3 2 3 2 2 2 3 2 2 2 2 3 2 3 2 2 3 2 2 2 
40
64 1 8 32 9 1 1 18 16 1 162 1 6 2 32 8 81 32 9 54 12 54 6 27 144 4 16 243 324 12 4 1 1 96 8 2 4 3 32 36 
3 3 1 0 2 1 3 0 2 2 1 1 3 3 3 2 0 2 3 1 1 2 3 3 0 1 1 2 1 3 3 2 2 3 1 1 0 1 0 1 
2 2 2 3 2 3 2 2 2 2 3 3 3 2 2 2 3 3 3 2 3 2 2 3 2 2 2 2 2 3 2 2 2 3 2 2 2 3 2 
40
18 9 4 9 36 6 2 3 4 486 2 8 1 1 16 4 8 36 2 32 48 96 144 72 81 54 1 18 9 27 1 27 18 6 1 9 12 4 96 9 
2 3 3 3 2 3 2 3 1 2 0 1 2 1 2 2 2 3 3 2 3 3 2 2 1 1 2 3 2 1 3 0 1 2 1 1 2 3 0 1 
2 3 2 3 2 2 2 2 2 2 2 2 3 3 2 3 2 2 3 2 2 2 2 3 3 3 2 2 2 3 2 3 3 2 2 3 2 3 2 
40
48 81 6 12 1 6 81 27 48 54 108 108 1 108 6 81 8 2 6 8 1 1 729 3 6 1 1 64 8 3 72 24 1 36 108 4 3 54 6 1 
2 2 1 2 1 1 2 1 0 3 3 1 3 3 1 0 2 2 1 2 2 0 1 3 3 0 0 1 3 2 0 1 2 1 2 3 3 2 3 1 
2 3 2 2 3 2 2 3 3 3 3 3 3 2 3 3 2 2 2 2 2 2 2 2 3 3 3 3 2 3 3 2 3 2 2 2 3 3 2 
40
2 729 729 6 486 36 486 16 27 3 1 36 2 96 1 24 3 108 16 48 162 12 1 12 4 18 8 54 243 144 108 1 32 2 144 27 2 96 6 36 
2 2 1 2 3 3 2 1 3 1 1 0 2 2 3 3 3 1 1 1 3 0 1 3 0 2 0 2 2 1 1 1 2 1 2 2 3 2 2 0 
3 2 2 2 2 2 2 3 2 3 2 2 3 2 2 2 2 2 3 3 2 2 3 2 2 2 2 3 2 3 3 2 2 2 2 3 3 2 2 
40
324 18 486 144 162 243 1 72 12 9 1 6 27 729 2 12 64 9 243 144 24 108 1 16 2 9 32 24 3 144 144 9 243 216 9 3 1 36 27 1 
1 2 1 0 2 2 0 0 2 1 3 2 2 3 3 1 0 2 2 1 0 1 1 3 3 2 1 3 2 2 2 3 1 1 0 0 3 2 2 0 
2 2 3 3 3 2 2 3 2 3 2 2 3 2 3 2 2 2 2 2 2 2 3 3 2 2 2 3 3 2 2 2 3 2 2 2 3 3 3 
40
12 1 16 27 1 2 144 9 1 32 12 1 3 243 162 24 729 16 81 486 1 1 1 108 6 8 162 1 1 6 144 3 162 27 1 12 16 2 4 324 
1 2 3 3 3 3 1 0 3 3 0 1 2 1 1 1 3 1 3 3 0 0 1 2 2 2 0 2 2 2 1 3 3 3 3 2 0 1 2 1 
2 2 3 2 2 2 3 3 3 2 2 3 2 3 3 2 3 2 2 2 2 2 3 3 3 3 3 3 2 2 2 2 3 2 2 2 2 3 2 
40
1 48 1 4 32 24 486 16 9 12 16 96 1 1 8 48 1 24 1 32 64 27 3 3 36 6 1 4 3 12 2 72 4 2 2 27 3 96 243 12 
2 3 3 2 2 1 2 1 3 0 1 1 3 0 2 2 1 0 2 3 3 1 0 2 0 1 0 2 0 2 1 1 2 1 3 2 1 1 1 1 
2 2 2 3 2 3 2 2 2 2 2 2 2 2 3 2 2 2 2 3 2 2 3 3 2 2 2 3 2 2 3 2 2 2 2 2 3 2 3 
40
729 162 2 243 9 96 2 729 16 3 243 48 3 243 1 48 2 81 6 72 324 1 1 1 108 18 1 6 4 486 6 48 36 162 3 64 9 243 3 3 
3 2 1 1 2 3 1 3 3 2 3 2 1 3 0 2 2 2 3 1 1 1 1 2 2 0 3 2 0 0 2 2 1 1 2 2 1 3 2 3 
2 2 3 3 2 2 3 2 3 3 2 2 2 2 3 2 2 2 2 2 3 3 2 2 2 3 2 2 3 2 3 3 2 3 2 2 2 2 2 
40
486 3 4 3 54 48 27 18 12 9 3 12 24 2 72 18 72 243 1 9 54 3 16 27 324 18 9 18 12 12 324 24 18 32 324 96 216 16 1 108 
0 0 1 1 3 3 2 2 2 3 3 0 1 1 1 0 3 2 3 2 1 1 1 0 3 0 1 0 1 3 2 1 3 1 1 3 2 1 3 1 
2 2 2 2 3 3 2 3 3 3 3 2 2 2 3 2 2 3 3 3 2 2 3 3 2 3 2 3 2 2 3 3 3 3 3 3 3 3 3 
80
9 1 1 2 54 32 27 1 365 1 6 243 6 3 3 2 1 486 5 32 6 1 122 2 3 48 64 1 4 1 81 3 32 9 27 6 9 162 96 1 27 12 6 2 1 1 1 1 41 1 3 14 4 243 2 144 324 1 1 27 2 12 14 24 8 1 18 144 2 108 27 81 41 2 14 48 27 6 162 2 
0 3 1 1 3 3 0 0 2 3 3 1 1 3 2 2 2 2 2 2 2 1 2 2 1 2 1 1 0 1 0 0 2 3 2 1 2 1 3 0 0 2 0 3 2 2 3 1 2 1 3 2 3 1 0 0 0 1 0 3 2 2 2 1 1 3 2 1 2 3 0 2 2 1 2 2 1 0 3 8 
2 2 3 2 2 2 1 3 2 2 3 2 2 2 2 2 2 1 2 2 2 3 2 2 3 1 3 3 1 2 1 1 2 3 2 3 2 2 2 3 1 3 1 1 1 2 3 3 2 3 2 2 1 1 1 3 2 3 1 1 2 2 2 1 2 2 2 3 2 2 2 3 2 3 2 3 2 1 2 
80
3 243 108 54 4 9 81 27 1 16 96 1 16 1 122 9 243 486 81 1 9 108 2 18 365 12 27 324 32 36 27 18 1 108 365 14 12 18 1 81 4 3 1 54 36 72 27 32 14 5 1 4 1 324 12 2 48 1 9 12 36 1 486 216 1 9 4 1 243 18 72 24 3 6 2 96 144 1 1 9 
3 1 3 1 0 2 3 0 0 1 3 2 2 1 2 0 3 3 1 2 1 0 0 1 2 2 2 3 1 1 0 1 1 1 2 2 1 2 1 3 1 0 2 1 0 1 2 1 2 2 2 3 2 0 3 0 1 3 2 3 2 3 3 0 2 2 1 1 1 2 3 0 2 2 2 3 0 3 2 8 
2 3 3 3 1 2 2 1 1 2 2 2 3 3 2 1 3 2 3 2 3 2 1 3 2 1 3 2 2 3 1 2 3 2 2 2 2 2 3 2 2 3 2 2 1 2 2 3 2 2 2 1 1 1 1 1 3 2 2 2 3 3 2 1 3 2 3 3 2 2 2 1 2 2 2 2 1 2 2 
80
108 243 162 16 48 1 22 96 54 54 2 4 9 27 32 27 8 54 48 4 16 9 32 2 9 9 12 324 3 6 3 12 32 243 1 6 1 27 27 54 144 32 32 365 1 122 1 64 3 72 16 27 12 2 3 24 216 1 3 1 2 324 144 3 2 2 27 1 48 24 2 36 108 24 16 32 1 243 2 27 
1 3 1 0 3 3 3 3 3 2 2 2 2 1 3 1 2 1 0 3 1 1 3 1 3 3 0 1 2 1 1 3 3 1 0 3 2 2 3 1 3 2 3 2 3 2 2 0 3 0 3 1 0 0 2 0 0 1 3 2 0 1 3 3 3 3 1 1 1 2 1 2 1 2 3 1 0 2 3 9 
3 2 3 1 2 3 3 2 1 2 2 2 2 3 2 3 2 3 3 2 3 3 2 3 2 2 2 3 2 3 3 2 2 3 2 3 2 2 2 3 2 2 2 2 3 2 2 1 2 1 2 2 2 3 2 1 1 3 2 2 2 3 2 2 3 3 2 3 2 3 3 1 3 2 2 3 1 2 2 
80
9 9 3 8 14 243 4 2 2 1 108 1 4 1 1 6 2 6 3 4 6 6 1 36 1 4 72 32 36 3 32 1 2 96 36 122 12 81 1 4 486 3 486 48 4 2 81 72 1 18 4 1 27 216 54 6 2 2 243 41 1 54 1 122 12 365 12 27 3 243 32 81 3 144 18 2 2 4 162 1 
3 3 3 1 2 1 2 2 2 1 3 3 0 2 1 2 0 0 1 0 1 1 0 2 1 1 2 3 1 1 1 1 0 2 1 2 1 3 2 2 0 2 1 2 3 2 1 2 2 3 3 1 2 0 1 1 0 2 2 2 1 3 2 2 2 2 2 1 2 3 3 2 3 3 2 1 0 1 1 8 
2 3 3 1 2 2 3 2 2 2 2 3 2 2 3 2 1 3 3 1 2 3 1 3 2 3 2 2 3 2 3 2 2 3 3 2 3 3 2 2 1 2 3 2 2 2 3 2 3 3 2 3 3 1 1 2 1 3 3 2 3 2 2 2 2 2 2 3 2 3 3 2 2 2 3 1 2 1 3 
80
48 729 6 4 324 72 16 729 2 1 3 9 3 3 12 18 243 5 24 729 2 1 36 2 24 243 27 32 64 1 1 1 729 4 729 54 18 18 64 3 54 1 486 64 12 27 4 4 3 243 6 4 1 24 27 9 24 1 6 162 8 96 1 8 1 3 1 1 1 8 1 243 6 4 2 81 27 243 14 1 
0 1 2 1 1 0 1 1 3 2 3 0 1 0 1 2 2 2 1 1 1 1 2 0 2 1 1 1 0 1 0 1 0 2 1 2 2 3 1 2 1 2 0 0 2 3 1 0 0 1 0 1 1 3 0 1 2 2 2 2 3 0 2 1 1 0 1 2 3 1 3 1 2 3 3 0 2 2 2 8 
3 3 3 3 2 1 2 2 3 2 3 2 3 1 3 3 3 2 3 1 3 2 2 2 2 3 3 3 3 3 2 3 1 2 3 2 3 1 3 2 1 2 1 1 2 3 2 1 1 3 2 3 3 3 1 3 2 2 2 2 1 2 3 3 3 2 3 2 2 2 2 3 3 2 2 1 3 1 2 
80
2 96 3 27 16 3 1 1 8 64 2 9 1 14 41 2 162 9 1 2 54 27 48 2 8 122 81 11 72 16 3 24 27 54 1 81 162 18 18 16 243 1 1 2 2 2 1 1 5 162 8 3 216 1 324 1 18 1 2 32 4 243 1 16 3 12 6 486 8 64 1 54 6 27 9 486 12 3 243 81 
1 0 3 1 2 1 2 1 0 2 2 2 2 2 2 1 0 2 3 0 0 1 3 2 3 2 3 3 2 2 2 3 1 2 2 3 2 1 2 2 3 3 0 2 2 1 2 1 2 3 1 0 1 2 1 1 2 3 3 2 0 2 1 1 0 0 0 2 2 1 2 2 2 1 0 1 1 1 0 9 
1 1 2 1 2 2 2 2 1 1 2 2 2 2 2 3 1 1 2 1 2 1 2 2 3 2 3 3 2 3 2 2 3 2 2 2 2 2 2 3 2 1 3 3 2 3 2 1 2 2 3 1 3 3 3 2 3 3 2 2 2 3 3 3 2 1 1 3 3 2 2 2 3 2 1 3 2 3 1 
80
108 486 64 6 32 48 16 108 4 5 54 486 72 18 18 324 2 2 2 14 1 365 1 6 729 48 32 122 2 6 16 3 5 8 3 4 8 3 36 8 729 6 3 48 18 3 1 6 1 1 365 12 1 27 81 4 6 144 1 1 9 1 9 81 24 36 18 1 144 54 3 2 54 32 36 8 81 18 3 8 
1 0 1 2 1 2 1 0 0 2 1 1 2 2 3 0 1 2 2 2 2 2 3 1 3 2 2 2 3 2 1 2 2 2 3 3 1 1 0 3 0 1 3 2 2 2 2 3 1 2 2 1 2 1 3 2 1 1 3 1 0 0 2 2 1 3 1 2 1 2 2 0 0 2 1 3 3 3 1 8 
3 1 3 3 2 2 3 1 3 2 2 3 2 3 2 1 1 2 2 2 2 2 2 2 2 2 2 2 2 2 2 2 2 1 2 2 3 3 1 1 1 3 2 2 3 2 2 3 2 2 2 3 2 3 2 3 3 3 2 3 1 1 2 2 2 3 3 2 3 1 1 1 1 2 2 2 2 2 2 
80
122 1 2 36 1 6 1 9 32 96 162 486 1 12 2 1 81 16 144 81 22 2 1 2 72 32 81 2 3 14 3 162 36 1 2 54 3 9 9 14 324 32 1 16 1 1 36 36 216 36 12 9 486 122 243 16 2 108 2 6 108 1 1 5 6 1 3 18 108 243 162 2 1 486 16 16 6 1 2 1 
2 3 2 0 1 2 1 0 2 3 0 1 1 0 1 2 2 1 2 3 3 2 2 2 1 2 2 1 2 2 3 2 1 2 1 2 3 2 2 2 1 2 1 1 0 2 2 2 1 2 3 1 0 2 1 3 0 2 2 1 1 3 3 2 1 3 3 1 1 1 0 2 2 1 2 2 2 2 2 10 
2 1 3 1 3 3 3 1 1 2 1 1 3 3 1 2 3 2 3 2 3 2 2 3 1 3 2 3 1 2 2 2 3 2 3 3 2 3 2 2 3 2 3 3 1 2 2 3 3 3 3 2 3 2 3 1 1 2 2 3 3 2 2 2 2 3 2 1 2 3 1 2 3 3 2 2 3 2 3 
80
1 1 1 9 4 32 1 5 2 27 36 8 48 6 24 2 1 1 2 1 1 4 1 1 12 12 3 24 5 16 3 9 32 1 1 162 2 32 243 3 36 1 3 1 3 9 1 1 486 36 3 64 27 4 18 32 1 54 1 2 1 1 3 32 81 32 18 6 1 8 5 4 4 6 81 2 24 3 486 16 
2 3 1 0 2 2 2 2 2 1 2 2 1 2 1 2 3 2 0 0 2 0 3 1 1 3 0 2 2 2 2 1 3 1 2 1 2 1 3 2 2 0 2 0 2 0 2 1 2 3 2 0 2 2 3 1 2 0 1 0 0 3 3 3 1 2 0 0 2 2 2 0 0 3 3 2 0 1 2 9 
2 2 3 1 2 3 2 2 2 2 2 2 2 2 3 2 2 2 1 1 3 1 1 3 3 2 1 2 2 2 3 3 2 2 2 3 1 3 1 2 2 1 3 1 2 2 2 3 3 1 1 1 2 2 2 3 2 1 3 1 1 2 1 2 3 2 1 1 2 2 2 1 1 2 2 2 1 3 1 
80
486 5 122 72 3 12 3 5 6 2 122 27 27 162 81 2 2 4 12 2 2 81 144 3 486 24 3 8 14 54 486 729 3 6 96 108 2 3 1 1 64 24 1 3 243 3 1 14 48 16 24 16 108 1 216 3 729 486 54 1 6 9 108 81 9 36 1 1 9 162 108 27 4 108 5 6 108 18 32 1 
1 2 2 2 1 0 1 2 1 1 2 2 2 0 2 3 1 0 1 2 3 1 3 2 0 2 1 1 2 2 1 2 2 0 0 0 3 3 2 2 1 1 2 3 1 1 3 2 3 0 2 2 0 3 3 2 1 0 0 2 1 1 3 1 2 2 2 0 0 3 1 0 0 2 2 2 3 0 2 8 
3 2 2 2 2 1 1 2 3 2 2 3 2 1 2 3 3 1 2 2 2 3 2 2 2 3 2 3 2 2 3 3 3 2 3 1 2 2 2 2 2 2 2 3 3 3 3 2 3 1 3 3 3 2 2 2 3 1 1 2 3 3 3 2 3 2 2 1 3 2 1 1 1 2 2 2 2 1 2 
80
1 5 4 3 3 2 2 4 627 3 1 2 4 5 3 532 3 3 5 3 5 5 1 622 1 3 3 1 5 5 535 1 1 2 2 1 2 5 3 5 633 1 3 5 5 405 4 3 1 3 405 3 1 4 1 3 1 3 1 632 2 5 5 1 3 471 1 2 1 4 5 3 1 3 3 3 4 1 1 1383 
12 51 14 28 20 33 43 2 0 108 6 46 83 34 32 0 94 9 44 8 22 30 7 0 4 39 48 42 36 39 0 8 28 31 3 27 47 42 19 36 0 72 71 47 77 0 138 54 46 5 0 12 22 1 7 21 29 23 42 0 39 117 28 53 58 0 13 29 24 2 15 2 10 19 16 13 19 13 1 0 
12 26 16 29 21 34 22 4 1000000000 54 8 47 42 36 33 1000000000 47 11 45 9 23 31 8 1000000000 4 20 50 43 37 40 1000000000 4 30 32 4 28 24 22 21 37 1000000000 72 36 49 78 1000000000 69 56 47 6 1000000000 12 23 2 8 22 30 24 43 1000000000 39 59 30 27 60 1000000000 13 15 26 3 16 3 11 20 17 7 21 7 3 
3
1 1 6 
30 9 0 
5 5 
3
1 1 10 
30 9 0 
5 5 
3
1 1 30 
30 9 0 
5 5 
3
2 3 20 
6 3 0 
2 5 
8
0 0 0 0 0 0 0 0 
0 0 0 0 0 0 0 0 
1 1 1 1 1 1 1 
