4
26
10
288 126 215 172 196 151 36 230 222 37 
152 300 86 186 124 102 174 202 236 256 
4 135 212 251 69 95 159 130 261 
10
220 299 286 108 177 187 261 277 65 206 
288 146 78 119 232 100 222 12 11 156 
79 164 264 147 64 18 286 23 287 
10
224 169 204 7 137 40 190 298 120 206 
69 52 81 80 236 156 188 1 30 177 
1 1 1 1 1 1 1 1 1 
10
120 280 144 18 82 178 288 282 20 202 
74 58 300 195 142 274 237 64 67 280 
1 1 1 1 1 1 1 1 1 
10
91 80 266 14 292 120 193 62 64 248 
128 44 183 44 54 152 268 242 41 261 
1 1 1 1 1 1 1 1 1 
14
2 81 6 9 36 3 24 1 81 18 36 48 12 1 
59 124 279 48 298 186 30 58 231 217 80 185 230 243 
1 2 2 1 1 2 2 1 2 2 2 3 3 
14
8 18 1 2 54 2 27 54 8 1 8 108 81 27 
239 185 274 143 257 207 264 239 200 210 76 182 289 33 
3 1 1 1 2 2 1 3 1 1 1 3 2 
14
8 6 54 32 8 1 3 6 12 72 12 27 32 2 
158 64 144 269 297 224 243 263 39 221 171 132 227 295 
3 1 3 2 2 2 3 3 1 2 3 1 1 
14
32 2 108 12 6 72 2 81 3 243 36 8 1 32 
190 15 265 5 215 29 194 190 130 185 96 31 4 118 
1 2 1 1 1 3 1 1 2 1 1 2 1 
14
12 36 8 1 16 108 1 9 8 32 24 162 4 1 
240 64 161 192 54 238 118 120 267 89 65 207 5 234 
3 2 2 1 2 2 1 1 3 3 1 3 3 
10
1 3 4 54 24 18 1 1 243 16 
2 2 1 2 2 2 3 1 3 1 
2 3 3 2 2 2 3 2 2 
10
72 243 243 3 12 1 27 32 8 54 
1 3 3 3 1 3 0 1 3 1 
3 2 3 2 3 3 3 2 2 
10
8 24 81 72 12 243 1 12 2 12 
1 1 3 2 2 1 0 2 3 3 
3 3 2 2 3 3 3 3 2 
10
12 12 32 6 1 1 16 72 24 16 
2 2 1 1 3 1 3 0 2 1 
2 3 2 2 3 3 2 3 2 
15
3 1 54 48 72 16 3 2 3 4 1 54 14 1 36 
1 2 1 3 1 2 1 3 1 1 1 1 2 1 9 
3 2 3 2 3 2 3 3 2 3 1 1 2 3 
15
81 8 16 6 9 3 12 2 2 1 3 8 72 243 2 
2 2 1 0 0 3 2 2 2 3 2 0 3 0 8 
2 1 3 1 3 2 1 2 2 2 2 1 2 1 
15
48 18 6 2 162 1 18 27 1 9 2 12 27 9 8 
3 2 0 2 1 2 1 3 0 2 2 1 2 2 9 
2 2 1 2 3 2 2 2 1 2 2 3 2 1 
15
9 81 1 2 4 1 54 9 72 2 243 18 36 8 27 
0 3 1 1 1 2 3 1 1 2 0 1 1 0 10 
1 1 3 3 3 2 2 3 3 2 1 3 3 1 
15
1 3 162 48 2 8 1 81 5 3 1 1 2 8 8 
2 3 3 2 1 1 1 3 2 2 1 3 2 1 9 
2 3 2 1 1 1 3 3 2 2 3 2 2 2 
15
243 16 1 81 6 1 81 16 9 162 16 27 3 9 54 
3 3 3 3 1 2 0 3 1 0 1 1 1 1 8 
2 1 2 2 3 2 1 3 3 1 2 2 3 3 
30
1 3 1 2 4 5 4 5 1 93 3 3 3 3 1 2 1 2 5 99 2 1 5 3 1 1 2 4 5 97 
5 4 2 1 3 5 4 3 4 0 8 1 2 9 4 0 1 5 4 0 4 0 11 1 9 4 2 2 2 0 
5 5 3 2 4 6 5 2 6 1000000000 4 3 3 5 3 2 2 6 5 1000000000 2 2 6 3 5 6 3 3 3 
3
1 1 6 
30 9 0 
5 5 
3
1 1 10 
30 9 0 
5 5 
3
1 1 30 
30 9 0 
5 5 
3
2 3 20 
6 3 0 
2 5 
8
0 0 0 0 0 0 0 0 
0 0 0 0 0 0 0 0 
1 1 1 1 1 1 1 
