5
20
-1 0 -1 -1 -1 -1 -1 1 -1 1 -1 -1 1 1 -1 1 -1 1 -1 20 
20 15 -1 -1 -1 0 -1 0 0 -1 0 -1 -1 -1 -1 0 0 0 -1 -1 
20
0 1 1 -1 1 -1 1 -1 1 -1 1 -1 1 -1 1 -1 1 1 -1 20 
20 3 -1 0 -1 0 0 0 0 -1 0 -1 -1 -1 -1 -1 0 0 -1 0 
20
0 -1 -1 0 -1 0 0 2 -1 -1 -1 5 -1 -1 5 -1 -1 -1 19 20 
20 -1 7 -1 -1 -1 -1 -1 -1 0 0 0 -1 -1 -1 -1 -1 -1 0 0 
20
0 -1 -1 -1 -1 -1 1 1 -1 -1 -1 1 1 -1 -1 4 -1 7 -1 20 
20 18 8 2 -1 2 0 0 -1 0 -1 0 -1 0 0 -1 -1 0 0 0 
20
0 0 0 -1 -1 -1 -1 0 0 -1 -1 0 -1 -1 1 -1 1 1 13 -1 
-1 3 -1 2 2 -1 -1 2 2 -1 2 2 2 0 0 0 0 -1 -1 -1 
