2
4
10
24
58
136
316
720
1626
3624
8020
17584
38340
83024
179000
383904
820474
1746280
3706084
7839216
16542252
34812144
73113160
153204064
320481188
669108496
394925249
903267026
34852894
526343500
971311297
779871181
253629233
895032229
636327310
965180338
574701685
438085402
408812268
882907471
430907157
191998758
172607160
922433615
931839503
37623552
388262223
402554677
176392314
95350555
484109559
555036009
176440636
485618522
942598703
827920717
642146602
256903547
358836042
407729980
614847100
828468480
805260317
907167355
282457066
501158865
851426689
401071289
50358828
597150170
105410371
33040818
897127697
456347495
520609962
257049868
877988324
483753810
162403058
714597006
205239020
962568077
235198946
90523497
358274484
71003941
723896013
611568274
559922897
793418499
703019944
638405787
152166890
55044426
286690569
926584572
50900123
497262232
221195046
994359217
438817629
436152770
132560977
685341850
364857718
887140039
338513911
330826441
689549284
