21707364
915247928
833160928
446624499
83607115
386329304
59149224
423821
32672416
624965945
35031867
920423442
529549246
137447829
879782742
281735859
432838864
471840007
895293445
310606720
610615238
531965458
751522981
885421532
311079061
540356633
364660818
423835064
168206520
941213697
469593570
872845320
747720227
969045652
304867101
386478031
943151123
852043049
390565636
823428057
68427040
500875465
39874461
268440073
273379364
604598654
484723043
428225307
113586583
851619022
152631161
345357480
218536282
953765349
412546230
607168741
861820138
634187601
472081259
637354406
577505948
839828020
104023737
572407419
958433464
617499302
647578436
280957861
760153694
952775574
37113374
871789255
482095602
73201334
463147357
336133778
873367527
40493440
627865525
505849299
794365121
533735754
964356939
434431344
751413700
106518550
761215440
440578366
249444854
184600205
97209545
136935668
908080302
267808491
865117732
169582615
205322253
748665879
274162268
292124093
