299295
311529
415347
561657
6686146
1418632
1714848
1246955
9256093
1026766
202216
3570439
3268747
218913
1152180
1487617
3213100
1241095
861657
362963
385053
6439095
5783539
511697
1021072
7126638
1073206
809775
2037688
8664502
823115
3693686
1068915
1297063
1713486
2528115
2389719
5326479
3470783
350576
290051
749184
713940
1232413
367759
1598925
4688149
1266567
2142502
4302542
2722831
777107
987740
1390002
9874614
8665395
1035639
3123328
1030235
2251529
1700462
1167986
639827
749184
212223
impossible
6287531
5577534
303361
413626
9335281
3855257
1503831
1050149
4448103
7010430
4607021
4837539
1026074
8277727
822012
1740428
891458
2133598
1130105
2212831
1377476
533205
1476086
1133071
1638608
194852
2526706
3156683
562408
2160405
418350
4669120
659336
1708071
13526559
896546
1133071
2251529
635025
1254000
734306
4749159
7736749
1002159
3240235
804225
impossible
7736749
482378
9459039
4545406
4822431
4520171
783535
601305
2174803
2037688
4818391
755495
17369981
8277727
17916872
615640
1398920
2357749
1518522
1478779
843447
194852
719699
317942
2765831
2891517
4440879
2104226
515905
448855
impossible
4734994
566817
1055148
323722
2954708
1503831
impossible
4249898
512212
6420288
1545232
474691
369053
3195869
261018
1219787
739875
1341683
6297145
286377
722637
1704478
212521
400469
1656874
12075122
226712
12805273
580839
2422242
1591430
2258200
787075
6538320
2950665
3572621
1577798
1294218
290051
4516626
3240235
899693
5716786
715203
722395
421900
216631
574678
1089280
2676306
2276366
1360484
3766809
5577954
290051
26471686
620722
969808
629441
398653
6297145
437214
198660
1340853
1113241
6508606
383652
475862
1746421
812256
212521
914638
981567
3495771
6439095
impossible
1438588
3322406
1704478
238733
4837539
1053420
337195
1892149
3060646
418395
1014626
5771800
2224706
3045939
1362738
944137
1424197
2277142
3162070
1700462
1031028
1053420
6688771
1020554
752640
1602237
2379600
609481
881539
1135163
572812
512350
5311278
1508675
1719360
238733
2248761
1807670
2836336
1944774
4099624
2779519
6797071
3819963
4850745
4122552
633168
659336
11605045
463913
2486728
460037
752593
525654
2383575
3182972
712176
855095
355267
1622611
473194
4030431
2013194
586119
1341683
1597258
2029542
2387291
9828484
892905
15539164
1127227
2379600
3023180
2006773
323722
797143
impossible
1274465
1352475
3071126
1025255
1144218
5029396
949732
11754463
1419101
1241020
51189814
1485025
4661290
819110
1551419
1991746
5388750
1716199
1658355
2150022
15390552
1053502
6382591
1680238
37518349
696437
2481427
31075929
4763549
834699
6490135
17383649
5170687
2940718
22393303
4430796
599779
1056818
6538320
429499
4101340
1209169
2636621
648795
582575
1159470
1372909
2599524
1830093
6158938
400469
194852
275645
8254736
1645593
3507715
5586077
3761183
1657606
473194
1820023
539019
4240411
1686802
616654
10146079
2722831
646951
5803877
330151
742268
1530572
344403
2150022
3810876
2094394
1029193
329892
5273379
633731
679946
impossible
578410
6688771
17369981
419008
18602973
2567287
546697
2016926
713940
5577954
1914582
2847883
4122552
1449099
3936007
2422242
870519
2392923
1079292
515030
679946
3178189
1474691
224833
643769
17694888
1385068
3748198
367059
1302237
3448942
1823197
1009693
615344
3169336
3331897
679427
4238957
1951529
2873606
1579185
1596458
2392923
340542
2668504
2370315
3791283
1169058
6448162
12805273
1750001
4072610
1956666
708731
732376
644461
559850
4245632
454763
1390002
1734672
331847
2026049
996264
4046356
27327813
445059
1063286
9828484
383652
7548156
2261869
4444556
1797352
83338141
869624
621007
1113937
467115
464992
2821327
2196486
2425742
670908
3748501
4520171
1775505
8143420
2076602
2192226
1868088
608118
2086322
460281
26149687
2787734
489516
399316
2954708
570601
8728779
1601358
2248654
1044072
7394376
387113
5649713
2552710
599779
942517
1814807
2251529
4021778
780618
9600966
907740
51189814
1656874
2094394
328932
634176
773340
2547914
585769
800088
3628187
547310
2749147
762341
800088
10729057
2379066
5740798
1861271
718925
1125161
2930415
1751657
212521
1049954
3215185
1241095
924477
3782943
1968874
2223013
1867341
4220686
4589579
438100
1575431
1374033
2505189
643769
4991764
2217601
2246312
780195
3668586
2095841
848385
4350893
400469
384063
2891517
1192570
218913
1497786
517126
1389474
2940718
4444556
600579
2422242
543729
impossible
2668147
1227904
2787734
13633631
722637
2882616
4516626
4212712
303361
3115921
6420288
1994359
8059287
1652333
8934685
8143420
1063286
2945450
16145969
1333991
2026049
862928
2487120
7437929
2766075
3113602
950769
1289939
314771
783433
3492922
2301913
3169336
1909267
586378
4794237
5526908
3518551
4925126
2706151
1588917
1148032
impossible
5843641
2050711
2043165
4486212
5070098
5853052
3936007
1072894
2821327
619735
2922228
3280673
264745
5326479
11099160
6420288
1705144
797143
13141594
4931159
828690
2922228
664948
7010430
2228999
2076983
1557188
15390552
1070962
13141594
2281764
9699021
1958671
9236616
225436
918618
6448162
454763
1992676
1053404
1219787
936717
2792990
1188567
1703604
695524
1887537
15783676
4688149
682186
3677691
996266
411050
2295340
7461190
3048463
2855663
3556308
impossible
647360
374744
459992
1333775
12558098
944857
2121792
9459039
2094079
562408
impossible
1449099
1098024
2249371
3802905
17369981
539306
4444556
2494291
2174803
1658355
7160913
621007
1178690
3464235
324968
1009893
2174053
593489
2423217
1622611
2592962
2121792
10578657
5716786
1154166
393746
949732
918918
impossible
1046268
2543813
4679681
850937
871939
2520901
2296469
1132755
1652609
2964732
12763944
4218676
1348437
3210238
26471686
1437059
3525509
10729057
272884
8788899
4186433
1018750
1650501
1752689
5520764
1306188
918618
3587304
3486783
6563658
5535468
4223215
600617
5105824
2224706
2149278
1111948
2422242
13899697
2801137
1832510
1243610
582575
7588528
12075122
183330
3369415
1943447
1964484
380790
744185
1134883
823115
1341480
26074573
988167
3588589
5269421
2249371
2086322
341209
454035
766471
24237511
4218676
1079292
592231
922122
2104226
511697
1391194
2071531
1004025
533192
1520380
1138312
1814482
290051
601305
529767
383639
1294218
761303
4526986
8234799
855130
3495771
754630
3777246
744783
9536507
293228
2656121
762699
848398
2049921
949136
1903299
2533412
376113
1093528
725524
1657606
3408131
2087715
2979677
1786400
1289740
1749478
2882616
5317135
7058945
4245632
2242677
656277
800311
1057340
6127033
473439
3848002
8753856
2174803
1875609
388280
2047447
3504224
303974
2223013
impossible
2582363
400469
5610358
1617964
2331999
26471686
25637307
2160586
472172
3176572
1859332
696437
2176063
1944774
1822189
4265533
1598925
13141594
739875
36368617
1697799
6954211
27327813
566374
4689659
9984161
1898821
738509
3302719
682690
896211
2275138
13774302
512165
13774302
4341904
2056098
704604
2016926
5843641
impossible
4486212
935323
1716199
464992
1831546
2199387
2875428
664948
738509
4013381
1638608
648795
1359199
902393
642322
15639936
920009
2431432
746206
1318238
2688198
1583530
2065576
998134
1570923
2890882
1373300
896211
687410
804225
1311519
1333390
818025
2222105
1652423
4302542
422904
543038
1020613
2236331
216263
3761183
1305445
2158597
290051
1740757
511697
2392923
89152657
1524742
1194301
impossible
2095841
1261667
3319248
3308304
400469
1768042
3473164
621007
4669120
1073206
2001782
2616949
2078545
1994359
4545406
308314
868977
1956666
2825513
1190770
194852
1474919
1838130
1597678
1190209
6127011
2081122
400528
1906530
525154
2855663
3067312
1338125
1182508
1804509
3761183
2475798
4925126
221892
1025657
485330
336656
512669
12761580
2975851
243026
429957
2420390
4220686
8665395
2543147
2547914
861657
779361
1289939
1906455
581276
3176572
5577954
2251529
11488697
779361
890772
1132755
218482
2668504
9061630
871757
1867341
4928146
2567287
899772
458950
1953694
383652
6555718
7058945
218913
429211
243026
5311278
2999174
409025
194852
1049954
3023180
1438588
823667
2505189
5004415
1014306
1219787
924477
488421
5000234
6757270
5666156
1384440
1485025
1167986
848385
2656121
5256641
8975929
1976187
1014626
194852
433357
282806
1093409
570601
1430371
75062815
772557
704604
421900
1469813
15639936
90162312
1419101
499240
1289802
986301
8694318
3045939
13141594
2753545
13488101
2950665
15639936
278882
1508675
695165
620722
2249371
1338125
31075929
2076384
3915146
9828484
5526908
3790056
1644885
2075989
323722
51189814
2821327
impossible
2411073
1705144
2539826
7010430
2599524
5189600
1617964
1814993
1618527
357774
7588528
4632750
4822431
impossible
829215
3217237
1429493
2616949
2261869
1601358
289585
1339553
420044
7461190
2578846
4526986
1795058
373451
2552710
4427338
315953
impossible
866603
542592
8072567
869610
2199387
3436708
impossible
1044072
706357
3518551
1275177
574586
1273864
448855
275711
3871592
2303507
1391194
703199
218913
13765150
638699
6757270
2182785
764371
1554312
4823025
2159370
338083
2723904
1319793
448855
1618527
3302483
5085342
5236011
2080716
819859
959439
189466
1224264
467115
3855257
1628348
797317
3071126
1258880
324865
3753534
2274003
1254000
790357
7160913
415372
194852
373451
1395851
1657606
2937147
877418
1545232
374744
797686
6420288
438000
1412214
1093409
4646035
2543813
742958
2251529
2543147
230085
886450
1125161
293228
374744
6685746
1310669
272884
382892
4545406
216866
744783
972856
2383575
2142502
229266
276824
323722
298286
1530066
336182
22066861
1819243
2633475
5853052
553537
1020877
8024084
1583530
367759
289585
1015304
6659839
2395651
1053420
1452325
393746
218913
2054186
7872488
1468634
3748501
1613536
7548156
227110
1715463
755495
670285
4148342
890137
12007562
877416
1598925
472488
945520
4427793
444125
2878204
2425235
5577954
3864285
3857142
1612476
2411073
324968
367759
5105824
3113448
1682549
3486783
22393303
1759371
2189062
698885
1472314
1035639
3748501
8694318
804225
292851
1248868
1235163
526126
4099624
303974
438000
1072894
942517
2389719
375880
595956
562947
3266331
574269
2236331
1470263
1958671
1152180
13558714
420352
3006108
800042
1048810
11754463
9699021
5269421
5453019
1190385
5453019
1708071
1565162
430789
4523352
1424197
1424197
3227102
1376747
3505348
1002213
813259
766471
6688771
506724
705443
1084749
416473
567304
1795058
2016926
4476217
2383623
24237511
258367
1565356
1429493
623928
4137086
362976
2919337
857389
1652423
1993910
6215820
562408
312678
373451
566374
3064210
2928341
911719
1339712
6688771
3181323
5029396
13899697
2350608
369509
13774302
415800
365639
323722
583604
5036233
199696
1112640
3060646
3213100
6948180
412187
623742
1122065
1430675
3611392
1815426
8059287
313368
6215820
6509173
1070187
2547914
372998
7736749
611657
763608
3240235
1526531
13899697
3067312
301379
1201708
1373300
7437929
1965363
2582499
5070098
561657
387113
4688149
3162070
13558714
5369902
444125
3851883
655674
5075014
2248654
1780690
1154468
1070962
2424313
1618527
931799
3748732
899772
1516637
708726
10607858
1419208
297992
8340975
1820023
impossible
1003326
1315036
3255705
3023879
1580736
2937147
602618
701373
824832
1428523
16449597
1473245
2159370
4763549
2723904
285788
511697
2334983
795925
2028173
2251466
1803328
552490
1044902
1959677
341209
2054186
310616
2192226
5311278
1395851
474660
1292491
971652
2037688
2964732
399587
3396624
26074573
1584140
10607858
2095841
293228
2922228
12805273
374744
2695815
4688149
1445123
6127011
3761183
5149595
748392
1085106
4886588
3045939
2365765
9880825
380731
229884
2054865
1268866
1797352
1522058
648597
302410
2275174
1584140
367759
2272583
383652
2047447
3864285
496068
3556308
688016
13451755
6127033
1315036
1059593
6948180
19691234
1148032
194852
34928445
1682549
412187
2094079
1962412
352037
1645593
413792
2422242
2303507
2668504
668705
335676
648597
25919717
1012637
3040513
3464235
1200183
3668586
14573024
6439095
2089035
1423853
1103681
1014626
2505189
780195
1288086
1521449
749512
3556308
886912
555734
1285154
2592962
3268747
8072567
195800
937959
5281069
1360484
227110
2954708
11605045
806267
230085
2094394
7207276
305340
767572
3268747
327758
1491973
2189062
1038772
2186573
947938
325032
23433131
198660
1703846
3427973
338083
impossible
1068101
6290964
5045364
3319248
3068400
1592857
34645045
198660
1805204
1287703
3558784
448855
845274
10607858
1146218
2133598
5588220
1333991
1519255
1133071
10146079
1468634
982173
1390411
3322406
2037688
252629
3331897
9282449
3856294
367759
1098024
441369
520946
179959
400469
742958
1713486
7160913
1914582
3810876
1700284
649753
533205
1964484
10941540
5408770
1762006
6215820
3587304
2210943
601305
1086617
753732
483765
1423853
1470263
1756743
937959
8143420
398607
1904637
2420390
589476
11488697
2801137
2836336
1099733
1079788
1469813
1925158
753705
272884
1536379
944751
1983050
10607858
2016308
513234
4101340
75062815
2076541
6096944
2326261
670285
695165
772557
276824
1194301
6408798
1645227
2937147
1523873
791714
1251606
1269004
1752689
306547
6757270
1070187
656277
1692354
6686146
1089280
3950603
3353457
1168185
2847180
253797
3266331
663166
918618
1804660
3985007
271724
795436
529767
316450
1306188
761303
1944774
18843153
944846
3261503
3851883
312678
585769
3193625
989091
628357
2686580
1130775
1377476
1074168
4465207
20318166
323722
268876
892905
2721479
1290984
1903299
5957050
464992
1951178
663469
impossible
2277897
1479692
647360
2352192
829215
749184
1935630
31075929
impossible
3766809
1617964
1266791
11740839
1584140
2431432
1374162
1154166
1928556
515952
873493
1201708
1645593
3468263
871939
5922444
3123328
5281069
3915146
1124055
823237
989358
2275174
822012
13158976
411554
2089397
2828156
877416
2932514
5408770
1872206
718925
1155874
3213100
15415261
2142502
3364251
562947
3913932
442750
4114118
1614950
3162070
432585
5281069
1823197
1622611
6333121
834699
1107309
388343
474660
impossible
692992
1570812
0
4287602
302410
2727325
1025657
1500046
484565
5666156
394808
3060646
1528355
264181
4072610
985958
1062058
2922228
2293707
6344302
602741
677401
3329442
1114401
1853523
2075989
3100233
290051
989345
3142221
34003052
17916872
2445971
48939117
2424313
950769
1227181
4516626
3782943
1055148
1652423
2277897
4095829
216295
653820
612331
1481886
4516626
7079484
5771800
4673351
238733
777107
impossible
36368617
922122
1359199
4818391
3862592
218913
7991601
7010430
2270182
1904637
1203986
595956
3486783
6177648
1177830
2525429
602618
717350
4306642
2049827
422904
2365981
1669188
798052
335676
1430371
2335417
6555718
583604
1202848
699645
2977691
299295
1943447
11099160
3048463
5649713
2706151
2572328
699645
5311278
1018711
8340975
2940718
1202848
4822431
2762326
636719
755148
1635046
368397
8024084
881539
1132755
3782943
483765
1450096
1660418
1132755
3329442
impossible
7502852
4713290
649753
1543796
2582499
1503831
3985007
1667736
2846046
758666
1200305
9459039
9459039
6333121
5610358
1035639
662571
561657
707972
4733305
5535468
impossible
822012
1125161
impossible
2379119
3100136
12690092
374744
939381
410742
661088
2576823
1805204
2311527
1497786
5453019
8753856
386819
1994359
3915146
6333121
1826833
1638608
2765831
1217204
2577805
12013966
1073965
925770
519296
4013381
3611392
388280
1983050
655674
13982360
5269421
1372909
1290984
2016926
19339836
1692354
3800409
3436708
37518349
1522058
1489525
696437
931969
7202981
979385
2424313
278116
5408994
1968874
962251
1372788
869610
1716199
411801
292445
312678
5070098
1733819
4220686
1014199
1470263
5610358
979660
286377
2553226
impossible
1324433
3495771
2229663
17099397
596732
1259991
2258200
1305445
1318238
1474691
20318166
1022156
486769
465236
1830093
1532753
2836336
1333991
2276366
632147
6688771
1430864
464992
2791344
3518551
2954708
303361
3473164
950382
1395851
7261008
999065
1289802
1008615
1098024
661088
2179408
4822431
290051
impossible
1518522
1472314
15820595
2379066
1360484
3194123
411050
7588528
846534
2987274
783535
496068
823667
1683204
3285692
250040
1815426
2828156
945478
4661290
996266
7261008
2940718
1680238
impossible
8753856
7058945
1838130
2431432
impossible
87128148
2749147
844808
1389474
1991746
5045364
1192600
7458850
2494291
4545406
728382
3178189
1597678
3313284
3021139
1188488
2567287
3302719
2385295
429957
2286550
12763944
387113
1044072
5075014
2160405
1043065
567792
3731764
3353457
1419208
290051
1201708
649753
526051
6686146
3217237
2928341
1530572
3572621
819110
2975851
1613981
impossible
2049827
7763567
3950603
572302
2932514
16145969
1485957
702766
5408994
5022042
2695815
597469
3193625
3392107
3464235
5408994
1173674
1965963
566817
4287602
744185
621007
2054186
4223215
16076385
3178189
430626
2977691
5280059
4137508
1328243
15243482
3362170
336656
998509
2013194
1044072
6071592
2182785
2248654
2539826
4991764
529651
7072310
3101561
472159
1396914
5577534
463560
7058945
217181
590932
472172
7819917
7548156
6333121
1508233
5922444
603425
2304118
1009693
10986252
1182508
559624
891458
8152861
1606505
347995
231689
4465207
13982360
687091
3227102
230814
842203
34928445
3070879
323722
911719
854279
1710535
1188488
7983373
3355202
534704
696437
9422466
1604575
10144092
1140974
384063
18843153
6448162
2174803
1227904
1254000
1962412
4212712
2617314
4180465
3505348
14984128
988167
2757146
615888
1289222
1692758
495871
784863
5149595
2121714
2089035
1700462
763608
2890882
5403577
424889
2945450
345791
1374162
7872488
1594117
3169336
850937
1112640
5563781
1318340
713940
1652423
2176063
9459039
1519837
290371
3295380
1949251
2940718
4448103
2277897
1727708
6509173
3100136
701111
51189814
409025
1224264
4448103
212223
2888385
1519837
7736749
1423853
6274243
4681500
1102192
534704
342468
1752689
impossible
1425894
1814993
6420288
271724
222285
1142964
4052637
985958
340769
3161145
194852
9606682
357774
1943447
1723921
1164673
8194363
312678
1128242
6490135
26074573
596527
5649713
impossible
13899697
687091
2065576
1340853
512669
3404642
1814807
648942
3819963
1057340
441369
1384440
420044
789822
1035639
449933
2577805
1489525
711957
1583530
6045957
3069208
13765150
2578274
4440879
3611392
9231905
1895134
1002776
980065
2043906
6420288
5666156
1215080
760982
690462
5280059
1190385
2270182
5453019
1098024
17694888
6127033
5992644
2050711
6954211
387113
198660
760982
2888521
2799123
3156683
1372909
2080716
783535
931799
2387291
2533412
7437929
1909267
276824
5497923
2671329
20318166
1901479
694967
438000
1002776
2965743
1328133
12761580
1263018
1588917
15390552
2977691
1519837
1096163
3051235
6490135
828690
4303641
356019
280877
922908
1951178
1832510
312678
2311527
4338314
2143899
323722
323722
6218972
242839
2578846
4237010
285788
4749159
1002213
5716786
2133598
871939
2249371
2216509
1430371
1281103
3255705
3217237
354247
3737563
285788
599866
8161987
3100233
1374162
2262510
642322
194852
1052670
7983373
1528355
2801137
496068
272884
585769
12782916
495029
3705506
3051235
653111
3261503
972856
1385068
impossible
285788
3761183
194664
6686146
1747513
396231
1275177
2922228
5099721
12761580
6214531
5843641
impossible
3070879
2654370
520946
1518739
2567287
3255705
506724
8713174
impossible
3295380
4220686
926299
5326479
4825644
1240184
7437929
2945450
1594117
24237511
812256
615344
1645227
1280419
1466787
6127011
impossible
6420288
1319793
508399
1861271
991758
474691
1178690
804225
2836336
5716786
667139
293228
4517520
963528
2787734
1289222
1019324
1425615
1006152
1474919
2248654
1826421
3100233
1038772
4021778
3163028
910569
1085106
531237
521100
1050601
3913932
398607
226712
212223
4287602
3572621
2617314
12761580
653111
1795058
386819
1020877
11605045
1224264
3552443
1091323
3313284
1221188
impossible
1487617
2251529
7548156
285788
442750
1528776
603425
2296469
797317
619735
813259
4815574
837726
8024084
3315537
218913
907740
4287602
1803645
3023180
2406232
2791575
1692354
1341480
5497923
4095829
17383649
13570876
8728779
858159
3100136
441377
323722
1635046
323722
1994359
486460
1102192
5708514
3470783
800339
1315036
1965110
2127006
13558714
10986252
268876
3308304
1661829
1786400
407531
843447
2668147
2225872
963528
356226
639827
2682714
2878204
2945450
1081376
45195846
6686146
1341480
8340975
855130
4928146
1672001
7763567
6289834
4823025
591894
1044097
258581
610047
238733
720822
1961207
4644392
6408798
1125884
1289740
13488101
486769
793201
746089
47876899
675484
644997
8753856
5070098
4476217
8234799
632147
4013381
911425
2087715
1231763
3113602
945478
5827652
3731764
2326261
646853
1570812
323722
2552710
783433
1372788
17462682
6218972
1436656
2645375
2873606
2821327
1020613
34645045
2587625
2072668
1622611
4679681
1297063
6274243
631067
4632750
646789
1307372
236597
896211
467115
1168185
22393303
368435
1170871
2365981
303361
2577292
944846
355800
1127724
2236331
7126638
1423312
2875428
1906530
1265316
420724
4440879
238733
8161275
3261503
693933
2891517
1940966
804678
748799
1124055
8059287
3737563
339028
1103681
336656
9459039
1498892
3856294
4516626
1009893
888558
9282449
684796
3525509
1530066
2112382
6563658
655674
746206
4046356
3266331
2698106
475862
1359199
336656
2379600
1117491
993158
944846
330092
520946
386819
278116
454763
264745
5403577
969808
945520
3487373
516686
400076
5004415
243026
567438
472172
3314766
1795058
5029396
2668504
8277727
750537
2806689
797686
2127006
16449597
3766809
692566
411678
460037
679427
4013381
2274003
1294748
6287531
7588528
3055009
243026
621007
1130769
508399
1073965
921650
7441052
4517520
1057340
1450168
2695815
431886
1437059
1266567
324865
600579
4448103
578410
5015647
3525509
1714848
3161145
2342674
7437929
3134522
1715463
6257291
933868
12763944
585980
1148032
1612476
26149687
638699
1902577
6158938
746425
434169
2805444
844210
3810876
510682
1417162
5170687
2236331
4763549
15415261
1020613
437214
1196323
276824
1297063
2607159
2582499
1692354
1356213
448530
9828484
599455
36368617
2076541
3215185
639790
3220039
1340853
783433
684796
2807791
2229663
615793
800311
1390411
2143899
552141
1012637
738509
15538283
270991
415800
533192
969808
3266331
1055975
6290964
1134828
684796
2422242
1155050
1579692
1857616
1268866
1359199
515952
452062
2964732
4407276
653004
4591792
1612476
1980105
2158597
6501496
1349092
383639
6703231
5949908
3006108
3051235
1351613
354247
1002776
1867131
2445971
4823025
1423853
1287703
4713290
2607159
1098024
532005
impossible
529651
1266567
1170871
16076385
272884
4591792
459992
809965
1733819
281254
900380
10519275
1144218
9536507
1962412
6218972
1155874
4407276
3063243
6448162
5029396
1861271
322648
183330
2075010
2903473
5783539
507333
1937069
1966520
693200
935909
2174053
871939
896211
1079292
3396624
749184
3011861
345698
1192570
945478
1025657
3118148
1895134
999065
2814808
1029193
819110
7087445
2526706
2282702
3134522
1449099
7072310
7872488
1803645
3588589
2365981
922040
290051
2335417
4526986
789978
39067745
718915
193161
1804660
3194123
899693
2054865
1324433
227237
585980
461041
1083438
1070187
1495678
2127006
1105815
1275177
597469
529501
1519837
222285
924477
303361
4046356
3194123
2199387
6290964
483765
13523297
312678
375449
212223
971652
2888521
2261869
3266331
9828484
3959450
impossible
6127033
1194301
5588220
3810876
2314520
1483786
4338314
194852
3156683
3495771
2582363
1107309
608600
2335417
7875486
2873606
2617314
4713290
2001782
1412214
1457602
5716786
9282449
2628772
1423481
6353197
511208
720822
6686146
15390552
17662132
3396624
2029542
4847270
1759570
1015529
2081122
3913932
5610358
393268
844808
5957050
11740839
1686802
2282881
2825513
846582
519296
789851
7991601
935323
1063901
1737740
2763882
11099160
367759
1057340
1459156
290051
227237
279795
321227
2411652
2081122
3362170
5771800
2877070
1227181
1372648
3552443
3055009
1814807
1445123
2616949
279795
926297
1626644
1686802
6344302
3829412
2379119
2249371
3006108
2595821
655964
2873606
2589684
1677165
3915146
227110
3444076
340542
967139
1113937
841812
3302483
3558784
1433459
4881758
212521
383652
2567287
2094079
949136
1429493
815311
592231
7461190
5992319
1266567
6659839
1191141
243026
376181
impossible
1753622
761884
459992
334622
1868088
2645375
764371
1875609
645147
4837539
1419208
2389719
600617
2282881
8694318
4223215
2671329
2406232
1470263
impossible
272710
545344
9699021
11183048
3239161
212521
4072610
2335417
708731
2592962
3985007
5280059
4030402
216866
4407276
2224706
312678
1333991
791714
1703604
4448103
4013381
impossible
762699
2431432
1266791
1906455
9865836
940439
281254
2757146
4665039
581276
944137
27327813
367759
4448103
10941540
1565162
1500046
1635046
945478
1109557
828836
772557
813259
1271679
807416
1489525
2186573
1156930
920009
12007562
283509
1688909
11488697
1697799
323722
2582499
12637491
700957
742268
2357749
369053
1022156
539306
1474919
1557472
1459156
1526531
293228
4997666
impossible
3123328
791714
1288086
1868088
1734672
1025255
1423481
257801
699595
1159470
1196009
4640679
6501496
1522058
4591792
1667736
1004659
1042489
1667736
1240184
impossible
451755
387820
17462682
8753856
380184
1543796
1090053
2587625
2932433
8091056
4218676
6257291
329723
2225872
345698
3315537
2821327
6071592
10941540
1514034
5170687
2054865
13526559
1201708
1530066
1324433
910569
420044
438100
9600966
1466787
1340853
1964484
432491
869624
5045364
218860
282684
2723904
907740
846542
2473263
639810
2007640
2616949
4689659
10606096
3556308
8024084
1612476
5378997
2445971
impossible
2293707
3261503
5803877
286906
2160586
3369415
3761183
1263018
2097976
1563119
8340975
3396624
659336
2654370
15349600
797831
218913
1196323
1105815
26586525
3262671
6659839
15349600
4220686
5045364
323722
1780690
585330
4661290
1121935
482445
3021139
2355784
7901206
1194301
1050149
1583530
2272797
2607159
1703604
1155050
6420288
338083
2855663
1146218
5273379
351372
435162
2075989
1944270
1436656
931799
1597752
2089035
15349600
647360
5610358
impossible
1359199
290078
1333775
567792
2286550
3464235
765230
590604
1511930
465236
6257291
4640679
927398
2481427
2350608
1826833
1737771
2365981
653566
1652423
2013194
398038
473194
6434058
9699021
90162312
1645593
6797071
1557188
1398920
944137
2987274
4030402
3436708
569778
3864285
1940966
1976187
418350
1661829
3950603
3444076
616654
1068915
746206
949484
2494291
1020554
3693686
1154468
2223013
795925
15390552
90162312
797317
1614950
3169336
8212975
2212831
400076
971652
2262510
742958
746084
856942
2182785
711957
5666156
4238957
1050601
4072610
9459039
331847
705123
3766809
3007108
356452
2577292
2406232
2158597
6348716
840574
388280
1349092
1450475
3761183
1949251
2654370
1179604
330092
1153594
25919717
3753534
1669172
37518349
2075010
3437808
1635046
645147
355352
1705144
21328579
7087445
4287602
736560
6659839
7202981
5170687
653566
1029193
2222105
221785
663469
324968
impossible
784524
1581511
1859332
1107309
2078545
7047662
682186
1418632
2579043
3004190
2395651
2029746
1902577
4430796
1093409
6538320
2174053
633731
2335417
1668416
13526559
1053420
194852
599866
7047662
1412214
12075122
2932433
1675099
3295380
1425894
15415261
5610358
2765831
956758
1982011
89152657
725524
356800
5022042
5326479
1357921
415347
5000234
1085106
1536379
21123219
6501136
5045364
2882616
impossible
393268
900380
6070989
8664502
15539164
1125884
4101340
3021139
506046
1341683
2301913
6797071
1652333
6127033
1073794
1584140
13765150
354247
1688502
1853523
670908
17916872
940439
858159
2056098
1465586
1468634
impossible
90162312
2335417
6703231
1903299
445856
26471686
1394337
4287602
931969
600617
800311
500894
1378929
815311
5378997
763608
3068400
677401
2071531
5453019
2149278
2723904
impossible
645147
823115
4245632
9422466
1677165
1373300
6948180
1596458
1723921
6253592
781841
4481115
298286
276824
818128
218860
1964484
1545232
7901206
1336198
840574
4486212
4218676
4014732
685945
3291892
302410
750971
3392107
639776
423994
1259991
621007
351699
1944774
1351045
1341683
1820023
1044072
345791
323722
697242
1360484
1692530
227110
368980
3492922
1928556
1018467
1423481
438000
4632750
218913
4516626
5036233
819859
9874614
6555718
1144218
26074573
17462682
1268866
306547
285788
1572588
11740839
6686146
1123508
1038772
183330
5317135
1563119
2248654
800088
703722
293228
1697799
2890882
1700462
935323
7588528
1826341
303361
2633475
4296845
14827177
5740798
1622611
864875
297396
2374034
1532753
555734
387113
671981
646695
734306
421900
746084
2222105
712176
2423217
507333
1584140
495029
1141190
3169336
1141190
1474919
442750
6177648
749184
1457602
1219787
impossible
574586
2668504
3693686
2425235
7735269
920108
5369902
803599
2846046
1901479
212521
2086322
272884
559238
473206
791714
705708
655964
218913
4517520
2732735
5311278
2847180
9061630
1597752
3234446
1591430
26586525
449130
2249371
5000234
597404
1710463
10678976
1635046
632147
627920
276824
1895134
789978
1631849
1579692
4220686
4997666
243026
1799716
2272797
2282702
2877070
90162312
3004190
411290
3560220
5256641
1436350
2486728
2628772
13570876
1580736
2355784
2335806
763608
5958608
impossible
1523873
2379119
380184
7458850
2383575
367759
663945
1661248
3113448
1700462
5957050
303974
810186
2723904
1951529
584925
1194301
1876957
546670
900380
599455
2335806
6393165
783535
755148
6344302
7261008
1130105
1714848
impossible
5045364
858159
744823
1811467
2919337
1472616
5716786
1195915
4430796
630345
1703846
819110
853182
27208248
311598
194852
375880
3134522
2199118
1445019
890772
991758
4331816
1703846
1307372
1653201
1446516
8024084
3013010
316406
11438283
646853
2383623
2143899
687410
1977533
1713486
3178189
2732735
15243482
1423853
2363228
1290984
5029396
18843153
24237511
1519806
1746421
4296845
2229663
1351045
1352475
382558
1687763
1990950
854279
844808
2578846
6071592
5827652
4928146
16449597
1645593
684796
482927
921966
13488101
3314766
11589021
405661
3791283
810589
470557
1103681
294219
17916872
1487617
302252
1125161
5535468
0
1003326
469527
11147632
15539164
2671329
1265316
722637
1014626
5485151
1012463
3115921
impossible
1018711
2296469
1285154
impossible
3556308
5004415
599779
272884
837726
4223215
376126
3970134
1775505
655964
1583759
679427
3169336
1265316
3693686
2335806
547015
17383649
1803328
809965
6509173
2464077
13774302
2274003
959439
1089280
2581669
1063901
5843641
1362738
12007562
4481115
1097498
1070187
5563781
2753545
566176
912670
5029396
1084420
18602973
6420288
2379066
374744
1333390
702766
5045364
1862957
431886
2301913
834699
3181323
5577534
2335417
1594117
2311527
2158597
874941
2589546
75062815
10678976
1265316
1554312
695165
793866
7019026
3413244
416473
15593260
2075010
2334983
1901479
1092128
1737771
2143899
3280673
10941540
1703604
7079484
3377780
212223
31075929
385053
7735269
7126638
997400
9212394
982173
1805204
800088
1572588
3100233
45195846
1609965
1062058
1425894
1014199
2815484
3790056
671981
1834909
892905
7207276
1622611
2247632
327758
3302483
692992
4223215
83338141
285788
36368617
2467117
798895
1190644
8642110
7983373
399605
1814482
4823025
1216398
1608758
729746
846080
954222
4991764
1138312
1356213
2815484
4763549
193161
218913
1618527
15593260
5649713
1132755
3213100
1266791
19691234
1746421
400469
221241
2547914
2431432
3308304
2617314
595652
1680238
31902963
2520901
797831
1389474
11023156
877418
3777246
2311527
2264989
4306642
1465586
1037878
513821
12637491
2802303
283509
19691234
612331
883234
1154166
3106563
13141594
1433507
324865
7983373
3731764
383827
1266791
3048463
1359199
1719360
979660
712562
1750001
750537
4625102
3178189
690462
855095
704433
344403
12690092
1814482
638813
2274003
503202
596527
243026
4021778
16449597
1463946
488421
809775
9874614
6757270
874263
2954708
1826421
2888521
1235163
1200305
27208248
718925
2270182
1570812
1867131
7502852
1983050
671981
1498488
1124055
2847180
272884
7736749
227110
1727409
2855663
7458850
1391194
9984161
2225872
325785
1302237
4981346
591485
1146218
6659839
1150832
226712
1476086
664857
212521
486460
356226
9536507
1138312
1653201
2016926
841812
2176063
765230
264429
1502284
252629
638699
498394
7887800
2275174
2656121
1518739
3572621
356338
2505189
1084420
34003052
1280610
596732
1196674
374744
3322406
387113
5015647
1797352
2582363
1645593
2150022
3913932
3355202
813259
4427793
16001514
1733819
411678
3302719
4837539
2937147
impossible
1906455
10729057
1872206
1680238
729631
4625102
290051
1814807
9236616
555734
2315776
7461190
2576823
391233
1193876
7887800
5497923
2054865
607178
950769
742958
567304
17662132
impossible
383639
3396624
1570376
918724
37518349
1965363
11099160
2121792
7278567
8024084
2553226
2802303
321668
1557472
4688149
1876957
2248761
1853523
5577954
512212
374744
2192226
621007
7437929
1096163
1650501
387113
1419101
2668147
1962412
1351045
2049827
664857
6348716
227110
3588589
1508675
23375146
285788
2074290
918918
1098024
13633631
1251606
1306188
212521
1656874
4815574
761303
2688198
824832
877416
1053404
2698106
8024084
3470783
6685746
2370315
679427
1130769
1853523
597945
1591805
3408131
1203469
1374162
2806689
690462
726000
486769
623928
6685746
2556307
1029193
1018750
952363
362115
6215820
1514034
1750001
1805204
972856
2836336
566176
22393303
841812
846542
972856
2160405
2922228
478579
2965743
3856294
81539
2903473
1348437
2080716
581654
impossible
415347
1156930
8559914
5740798
5526908
1014306
3486783
2424313
5119780
1037878
1315036
8934685
1390411
923974
4186433
8642110
290051
1191141
2688198
1483786
441820
372201
293228
9061630
1194317
19691234
1083438
1656874
9080157
644997
310749
7875486
1521449
1384440
9256093
616654
11028225
2194645
871165
695524
1043065
2261869
1266791
772557
303974
4220686
12690092
1597678
2422242
13570876
2950665
7047662
2196486
6408798
1179604
856942
2389719
2836336
impossible
377717
4046356
290051
impossible
2149278
952363
2303507
846542
4526986
345791
13488101
11489538
1982011
461041
4925126
3487373
6563658
6434058
5036233
2056098
484565
1050601
749184
5958608
1943447
746206
519865
644997
1006152
3486783
1134883
989345
2579043
947745
627920
15820595
216866
1167091
542592
2766075
31902963
609481
2579043
1652609
812237
2814808
234684
2595821
1410117
824810
211661
4516626
256192
391099
1044072
516686
844082
3855257
1807670
6659839
12007562
2272797
2385295
2368659
422904
8161987
1508233
826671
3748732
5577534
1290984
742958
550612
243026
581276
2395651
21123219
750971
408552
13158976
4661290
899795
230428
impossible
2117038
2216509
230085
4679681
1667736
526051
2891517
1708071
1704478
252629
1405150
2303507
1294748
230085
843447
3950603
2074290
2656121
429878
303361
374744
356338
888266
1348437
15243482
1063286
293228
3302483
6096944
562408
1117491
1795058
382892
9880825
1557188
2248761
384063
4817698
2668504
4237010
646853
886912
441820
1290984
194852
3558784
696437
27208248
4886588
13158976
4818391
impossible
216866
impossible
4341904
2534896
770256
4030402
2355784
impossible
1014626
871939
262430
655964
476796
1749478
1991746
1142964
3851883
2486728
2117038
4212712
1944774
23375146
4287602
3048463
impossible
6501496
3556308
11589021
2533412
1906453
1219787
1656874
2589684
2423217
1983050
4852448
4823025
1485025
1042553
9231905
2153662
4448103
7261008
1775505
791714
1425615
4516626
1090053
2303507
1525225
1644885
1437059
1421926
840574
589476
39067745
255931
818128
2668147
515030
593489
3308304
9231905
194852
3437808
7870459
330092
3408131
6218972
1271679
339028
1124055
227378
4763549
2411073
388280
367759
impossible
586119
1848841
2121714
1030697
1430864
12007562
2873606
1155874
861657
9606682
2802303
857224
563080
2847883
1516637
1433507
1328133
1616230
659336
282684
5649713
4794237
6382591
2258200
2275174
1727409
impossible
2937147
466566
944857
2176063
285788
2242677
1333991
1360484
2422242
7819917
679946
1129468
6501496
438267
933868
1508233
3392107
2766075
7901206
3804675
5076190
2682714
987740
3023180
325206
278116
383652
1557188
2411073
1814807
11023156
498114
1015529
601305
463560
2315776
1825754
739875
4794237
impossible
290051
9606682
4523352
1135863
4296845
9061630
3064210
2762326
8072567
6393165
5563781
806267
679038
1132138
373451
3737563
2999174
4014732
2847180
1667736
17462682
699409
572302
750537
2013194
6797071
3915146
1018236
749662
797317
83338141
1804509
1128368
433357
2534896
4303641
45195846
1906453
4407276
824832
6703231
8559914
6187324
1669188
2552710
1389118
4046356
620574
1178690
3470783
1519255
1271679
impossible
6289834
3440278
20510340
1669188
553892
2368440
7763567
3739860
1752689
19691234
4850745
871757
impossible
738509
378733
2509245
2087715
543582
2975851
5666156
869624
5170687
2315776
3766809
7394376
321593
2182785
1888883
780195
1570812
608118
2557148
1949251
2425742
447586
2779519
1156898
1740757
1177830
219323
15243482
251250
669878
1478779
1516637
2533412
1862957
6490135
impossible
11023156
7394376
3194123
1219787
5149595
3753534
4852448
3404642
525654
488421
179318
1676667
3856294
917902
22393303
26149687
1956666
6408798
2633475
3611392
762341
2525429
1372648
83338141
13523297
684796
959999
2104351
1984925
1676667
4545406
1514034
3437808
impossible
922122
810186
993158
2010927
375449
1503831
4072610
2087715
5119780
245835
1519255
869610
1991746
5036233
1661248
1376747
3560220
1531405
1053404
1084420
1984925
2589546
5958608
1146218
9828484
837801
1269004
8152861
1519255
979660
356226
1962412
1077521
1433459
1478779
1892149
795925
896211
3432708
2210943
2067305
322586
1591805
323722
19691234
1740428
1781543
1618527
1518522
16145969
844210
2509245
16145969
24237511
3864285
24869528
1914582
1044902
2567287
3007108
1022156
1822189
1982011
3021139
5004415
3855669
2473263
281254
338636
463913
5022042
812237
914638
1184551
2071531
1983050
243026
1287601
1463946
218482
949136
15349600
1055975
374139
4245632
5149595
316406
5771800
7278567
2668504
292043
323722
2779519
2847180
2236331
8129501
286589
1746421
529501
287765
1868088
1481886
3748732
3871592
4341904
45195846
10216317
369917
4749159
194852
699645
223299
1584140
210536
732376
4021778
3748732
809965
1168185
330092
5000234
2007640
367759
10578657
1762006
914638
485330
75062815
1052670
804225
3473164
3067312
1232413
1112640
1474919
592756
3234446
3444076
922122
3761183
922908
15538283
2411073
1980105
7548156
376126
1832510
1258880
1077521
3861429
243026
3048463
5273379
543729
5369902
1814482
463913
impossible
845274
826218
2374034
2376084
1037878
1704478
1169058
615640
72430
663945
513821
4302542
707972
3123328
5119780
1814807
1597678
316819
21328579
272884
753705
1687763
629296
600579
3677691
337161
695524
2355784
1965110
4427338
1489274
impossible
6063651
2751471
4148342
682690
357539
486460
89152657
13526559
10729057
4591792
1708071
3178189
impossible
3457576
744389
6218972
996264
1887537
2964732
7991601
603091
17075944
552490
3525509
2094079
1606505
713913
1201708
1943447
7901206
243026
1688606
2806689
5666156
1130769
4148342
877416
2791344
impossible
15196755
448855
4836442
1325631
5326479
1613536
1394337
2686580
21328579
1057340
impossible
5022042
914638
395689
512350
1419208
2270182
3628187
2847180
2071531
4749159
6045957
25637307
1737740
4014732
1966520
1151499
3985007
312678
1103681
31075929
4350893
7047662
1710463
276824
13774302
4448103
1749478
896546
impossible
2311527
3810876
927975
3162070
194852
2037688
3570439
7991601
1657606
1746421
293228
2078545
4486212
5085342
706357
1218721
1029193
1179604
1965963
3738875
2557148
303974
1385068
6274243
8728779
339278
1966520
8090457
554442
2275138
1142964
526051
1107309
581276
2127006
10606096
330366
2370315
2423217
6659839
570540
432104
1888883
385053
521897
1428523
2825513
510682
6045957
17462682
339278
1962412
389394
248514
939381
1056818
5129802
3021139
10687951
1113241
1018750
221785
1956666
2682714
1514034
1511930
928624
797686
375449
339278
1990950
1635160
486769
1190644
8664502
7870459
12782916
2578846
1084420
1042489
3255705
2690117
227110
2411444
199430
5369902
8753856
1993910
408552
9014102
7458850
1498892
1528355
2010927
2557148
1248868
1951178
18602973
1498892
6659839
7502852
949776
2047447
2846046
9231905
4656537
846542
1511013
37518349
750971
3220039
1169058
1395239
1652333
301847
2217601
15415261
224833
2381425
1170871
2117038
521897
4306642
3255705
1832510
2805444
2526706
15196755
782555
5587682
6071592
4240411
6635779
5085342
712176
2029542
1271679
1289939
18843153
1495678
3319248
1130769
impossible
1524742
2937147
9014102
4734735
1266567
956758
87128148
1194301
1628348
818025
198660
1280610
325032
971652
863521
808424
399316
2494291
1803328
5189600
367759
2943955
3023180
4997666
900380
793201
1968874
4427793
2222105
1823197
2578846
3021139
376126
1994359
899795
3437808
662571
1811467
6501136
821172
15593260
708731
1468634
257220
2945450
2688198
1159470
1645593
2749147
1511930
722637
4427793
1751657
766471
2080716
561397
4589579
1149796
3791283
1652423
7058945
3210238
866603
585906
2016926
9061630
264181
183330
6686146
572812
1216398
6274243
3193625
impossible
824358
1359199
549204
1715194
687410
1747513
1018711
437214
9422466
14827177
1132138
3800409
322586
1169058
1024162
5119780
3468263
20318166
795925
7819917
12007562
3588589
3408175
2054865
12200250
5520764
3761183
1130775
323722
1775505
2379066
5949908
791714
21123219
1814993
337689
11023156
3988751
5666156
1563119
830867
1495678
911719
231008
496068
8161987
383639
635025
3861429
impossible
1476091
3802905
1491973
1570376
6127033
1557472
871757
1719360
4095829
1159470
345698
415677
1376747
4734735
4095829
713940
impossible
1575431
3437808
8161987
2248654
3063243
9865836
926299
47876899
595956
2964732
611122
3560220
2210943
1667736
323722
899693
4749159
1495678
2688198
4837539
828836
4815574
2423217
232371
599455
2009741
6538320
2160405
5070098
784863
5520764
947745
1697799
1153043
5022042
1009893
87128148
1423481
23375146
321227
10986252
868977
1612065
1859332
1661829
3864285
3023180
1340853
286906
810081
302410
1083438
237619
298286
452296
2174790
9459039
987740
2668147
2422242
2007640
4337027
413792
15539164
7548156
621007
1692758
1876957
1685419
465236
5029396
8753856
227110
1002774
920108
5843641
438267
1489525
impossible
669878
243773
2355784
8753856
6274243
2182785
1155874
3063243
10607858
7278567
923974
369053
982173
14573024
4476217
1762006
810510
324865
16449597
1405150
2363228
2888521
6448162
1014306
1079788
4589579
4072610
2779519
3518551
6685746
218913
729746
2076602
2186573
237619
5045364
2505189
16001514
4794237
845274
967139
312678
2335417
1020877
4337027
2467117
6344302
1134828
989091
2779519
1274465
5713043
6289834
2112382
2179408
2282881
13982360
369509
1807670
1026507
1044902
2395651
2350608
276824
917859
1797352
630345
7588528
921650
3006108
844479
1487617
2389719
1831546
503749
394624
227237
198660
12075122
355267
1065027
844479
1030235
982173
615640
1497862
1190770
1803645
243026
758666
2218741
886450
1190209
3240235
1224852
369509
4591792
2196486
2242677
194852
3255705
1895134
5099721
2526706
853182
3067312
1222940
2158597
890772
1554951
218913
3505348
942517
4486212
1708071
4114118
2334983
11438283
2368440
515952
15538283
4850745
2645375
402547
5577534
4886588
5783539
664857
1003326
1086617
1035639
3181323
1692530
impossible
670285
2975851
2445971
1489274
18843153
286906
6063651
511697
1149796
3100136
1751657
2567287
2370315
812237
3045939
807416
19691234
5015647
2218741
762699
1820023
impossible
1959677
947938
15820595
4837539
6382591
4688149
6439095
1497786
1024259
543293
2587625
3525509
572302
1098024
218913
2486728
986027
435800
1685419
3560220
1293530
2160586
impossible
597469
4331816
411678
11589021
1753622
2530750
14984128
4407276
443287
2486728
4625102
1502284
1815426
1687803
8161275
impossible
1485957
2509245
1130769
2040149
1580736
34928445
1937069
780195
9699021
2877316
36368617
499208
547700
9459039
2009741
4223215
662571
458950
3473164
3220039
312678
922908
1711019
2577805
3464235
3213100
2381425
3261503
1311519
10146079
1029193
1507930
5853052
1268866
611657
4881758
1151499
3791283
1476091
463913
1196323
421900
1622611
2081122
1638608
6509173
impossible
2218741
1155050
706357
1218721
367759
2210943
387820
753732
1200183
2076384
356800
1545232
2270182
227378
7548156
1287601
2304118
4137508
3468263
6297145
945478
216295
1892149
6563658
2528115
1289222
4661290
1138312
194852
2174790
3123328
2264989
1090827
765230
1111948
1423853
2722831
1804509
793825
15639936
706357
2229663
2522322
6071592
3353457
798052
3362170
1098024
1008615
555734
4925126
1653201
1062980
impossible
7588528
316450
31075929
290051
333864
1289740
3492922
20510340
10678976
6289834
1468634
17369981
1339553
8161987
3437808
719699
1570923
581276
1359199
1303321
3314766
6434058
1445123
1134883
1215080
400425
1217204
1481886
3134522
236599
6177648
959999
2753545
285788
impossible
7058945
1892149
15539164
250040
7394376
380971
4822431
10146079
2806689
13526559
8129501
2074290
1497786
1333775
4991764
276824
562947
3558784
7870459
537044
337161
1153594
2364523
573245
3118148
312678
290051
383652
843447
1418632
51189814
592231
760982
1056818
5563781
6635779
182885
3163028
749184
1708071
212223
9231905
12343266
2987274
621007
485330
11630857
703722
194852
392668
348381
513821
804225
17075944
1194317
581654
467870
3882627
461041
751364
1992676
2104351
3857142
2379119
409025
1138312
797686
2582363
2026049
900380
2047447
10678976
1423853
922122
2937147
1528355
6420288
10144092
474691
1683204
2189062
2422242
1384440
1425894
729631
2431432
777775
4632750
293228
5485151
3790056
8277727
216295
243026
1177830
8277727
2757146
283509
2411652
1650501
3936007
9699021
602741
3295380
400469
3408175
2732735
3587304
1430019
696060
4486212
impossible
584925
1092128
3504224
5843641
1500046
3855669
764371
3117325
19339836
2272797
2194645
3261503
517126
293228
813259
1497862
2199387
693933
2751471
1055148
1372788
664948
357774
3193625
7278567
1543796
1650501
6257291
1503831
412187
1521449
618686
1122065
6297145
1083438
18843153
2533412
586119
1906530
5000234
3470783
1209169
6127033
764371
1339553
194852
2094079
896546
4817698
3518551
4306642
3988751
252629
357777
9984161
842203
256544
16449597
1440049
1436656
4095829
1577798
1103681
353334
4137508
4296845
1940966
1135163
772557
1608758
10606096
12075122
1194317
5256641
734306
255931
2304118
480253
369053
2395651
6448162
1356213
567792
1266567
1631849
2802303
2792990
3693686
3285692
250040
2006773
8090457
1049954
310616
17916872
1904637
4739403
589476
3790056
6253592
380731
2383575
4818391
1385068
10941540
917859
950769
1049954
1002776
3588589
6287531
293228
400469
483012
3070097
12690092
1042489
8559914
1645593
846534
3302719
591894
2567287
8797571
1152180
4656537
2576823
8975929
691495
1014306
5369902
1565356
1839750
238913
1063901
1173674
218913
1472314
1201708
1703846
2264989
13774302
1965363
337161
1524742
438267
797317
1275177
8934685
5076190
5036233
12343266
1018236
3848002
708575
1867341
243026
34645045
5149595
511208
519865
6538320
2281764
7872488
1820023
3068400
1511013
3037754
407531
2821327
5786121
10687951
334668
227110
1351045
2572328
944137
467115
485562
1526531
3142221
945478
690462
3213100
684796
1130105
1319793
1340853
16076385
3436708
631067
impossible
1862957
696437
6909356
276824
4591792
273008
337161
6490135
1209169
5269421
2160405
303974
4591792
956758
3437808
4448103
877416
1956666
5076190
454763
2424313
2792990
13570876
5577534
2074290
3857142
521897
791714
843447
impossible
260826
789822
1333991
1026507
1086617
13526559
1026507
2075010
12763944
4818391
17916872
194852
8340975
10606096
441820
567438
1949251
1811467
2802303
293228
881539
3369415
4099624
2028173
591913
278116
34003052
1740757
443426
846582
2159370
7207276
impossible
306006
1015304
3331897
3819963
1094022
1937069
1423853
7437929
1015985
3829412
1445019
10144092
231296
1450168
572302
756773
1570376
1522058
3142221
3123328
4021778
2875428
2314520
1759371
374744
1557188
3178189
2157325
374744
326247
1672001
1903299
420724
1182508
697242
3070097
2965743
1746421
3819963
5408994
8152861
13558714
194852
938692
2979677
1655195
763608
773340
1597258
766668
944137
2534896
7126638
25919717
290867
7202981
875070
1635046
1530572
9335281
2189062
812237
1224852
1338125
2270182
2212831
925770
952363
1502284
231296
755148
1178690
589476
2251529
226785
290867
2247632
1056818
296965
373451
2043165
7588528
1215080
6096944
3782943
2528115
2272583
2150022
4850745
10678976
17662132
1901479
599866
3862592
1170871
1692530
18602973
83338141
5119780
2385295
6703231
985958
1022156
1446516
472333
1360886
383652
4836442
1221188
83338141
2365765
925770
5587682
47876899
3552443
1445123
2766075
316382
522291
441377
5388750
212223
758666
2999174
2486728
3007108
528385
3855669
4688149
8665395
749662
394624
1655195
8234799
2753545
306273
1831546
2425742
222285
1154166
2582363
1990950
3280673
2153184
1598925
1688502
944751
290051
3737563
1050149
443287
959439
51189814
1090827
3156683
1254000
1597678
842203
1892149
1522058
1638608
5189600
2296469
12075122
1715463
899772
5783539
1351045
19339836
586378
1144218
5802375
2275138
220287
810589
2749147
2411073
194852
impossible
211427
3023180
2486728
5075014
1076583
15538283
1015985
6408798
762341
612331
1391194
411764
2814808
901037
635025
925770
1528355
316450
5119780
438100
3315537
4881758
797831
3163926
1786400
2888385
8024084
734354
1904637
2047447
5587682
682186
3985007
669878
1584140
5070098
2567287
4045931
9236616
8728779
812256
2423217
2445971
impossible
875070
1685419
1692758
1042553
3468263
4928146
impossible
2160405
519291
421900
547015
1395239
6408798
534704
243026
3427973
2117038
137840
5256641
1450168
7202981
4881758
4591792
1004659
13158976
8665395
1042489
789851
447586
4739403
223299
16145969
2153662
547406
2186573
529767
412187
13523297
2996377
1050632
447672
1472314
13633631
1231763
1604575
1359199
183330
2828156
3802905
286377
4341904
326247
2676306
502652
1254000
194852
1079788
631067
1508675
337689
18843153
1618527
13526559
2607159
1418632
1359199
447672
1803328
4427793
442751
325032
507935
3070097
3495771
5649713
5786121
impossible
979385
547310
4350893
2392923
1909267
194852
2791575
9874614
1734672
276824
243026
400528
764811
6889999
4815574
16145969
408552
773340
1015985
2732735
290051
429499
2753545
460037
387113
6290964
3302719
1184551
5378997
1528776
1035639
1347098
1710463
1224264
623742
648673
3970134
1470263
1132138
1377476
980065
3413244
2293707
2411444
507669
5786121
777775
842203
8090457
5708514
1241020
2429104
2054186
246139
2977691
1031028
2229663
6659839
13633631
546697
3495771
367759
752640
1468634
2828156
2277897
2383575
2877316
7010430
1906455
1148032
806483
411554
1362738
24237511
2095841
1534850
1734672
1410117
1389118
2815484
1962412
221785
252629
1961207
3857142
3243068
4237010
276824
1049954
367059
1148032
2425742
1955300
16145969
3915146
1906453
465236
5085342
823115
259836
506592
1135163
3684002
238733
675868
826585
48939117
3377780
11438283
828836
910993
896814
4733305
472172
1002776
2149278
243026
2379119
3507715
478993
290051
956758
impossible
1958671
2943955
5957050
1437059
4427793
1565356
1042553
2379119
218913
1570923
impossible
2922228
711957
1839750
1372909
24869528
2212831
4220686
1826833
1280610
2376084
3693686
1956666
754621
873493
3782943
1616230
1961207
8152861
1179604
4014732
2467117
293228
734354
1022156
4822431
2274003
1499069
874941
1965363
1459156
2533412
754621
537044
445856
3657946
483012
392668
3162070
6685746
1591430
2001782
1153043
840574
4212712
1944774
547310
2481427
365964
608118
3486783
4734994
971134
4137086
1287703
4448103
15539164
1093528
2029746
2276366
3067312
10607858
293228
3790056
611534
800088
456738
510274
5526908
2016308
973028
367759
1280610
1524742
648597
8642110
5577534
227110
998134
