90 49 92
22 48 61 55 11 83 44 3 37 88 67 39 29 89 54 80 14 66 58 42 76 2 56 85 78 34 9 17 53 90 52 15 19 28 7 6 33 5 8 79 73 25 13 35 70 57 31 64 86 24 59 43 65 18 46 75 68 4 30 10 38 84 41 12 47 60 20 27 36 40 69 74 23 26 51 21 45 72 1 71 77 62 49 82 16 87 32 63 81 50
44 46
11 68
10 40
31 36
52 57
45 82
47 71
15 41
13 84
3 72
6 21
3 43
2 83
16 69
29 38
20 27
10 86
54 88
29 34
77 87
59 64
9 44
9 18
24 45
44 52
36 46
65 84
1 59
51 68
9 12
8 29
49 71
14 39
47 79
4 88
33 60
26 85
52 77
17 21
80 90
38 48
20 55
36 78
8 40
68 75
4 49
20 77
4 9
2 69
9 81
12 52
15 16
50 55
51 66
80 86
34 68
10 49
15 78
46 53
17 45
34 42
3 44
80 88
69 82
57 89
6 83
82 86
46 79
67 76
18 77
29 86
51 78
1 21
76 90
25 51
8 67
79 80
77 77
4 19
34 72
60 74
78 86
30 72
21 84
20 49
15 85
4 51
7 77
27 71
26 50
19 89
55 88
