504053946
551966689
504053946
513917485
504053946
551966689
504053946
691642967
409502472
549471353
9863539
9863539
9863539
347740645
9863539
9863539
9863539
513917485
504053946
409502472
504053946
549471353
504053946
504053946
513917485
504053946
409502472
9863539
504053946
504053946
504053946
504053946
504053946
409502472
504053946
504053946
504053946
9863539
504053946
504053946
504053946
504053946
504053946
504053946
9863539
504053946
409502472
504053946
513917485
504053946
504053946
504053946
409502472
504053946
504053946
504053946
504053946
504053946
504053946
504053946
504053946
