198 1880 39 9
751009916 698059676 907201879 683002037 892763641 799629829 877056293 679846007 871812707 891302780 630812182 863443670 717045570 564040831 756396239 897917092 982490943 545715875 618564918 910817845 890989805 715458604 903695946 831249560 724871557 662073382 839610536 612374600 692641181 571040338 646145706 793890653 608297178 722358785 601901282 792731047 990469728 567227784 765400429 730320845 788176823 679896487 883452300 619862791 584607293 755879565 636140661 638802744 657017426 774719136 533204933 783542305 607643614 526722636 614233655 626132958 942421607 945608148 931744712 710618664 558334644 730733841 577050310 760298813 599360663 649710120 782062986 620151440 986478285 782031223 689908136 594173445 853315657 560845563 585911989 866187389 755251962 972380864 561384547 763640527 839016434 771390376 518811387 682462053 599829194 868301158 896409690 662628573 810031846 786131892 664795714 714270404 653691897 601348472 851156869 832419568 894546470 648514641 690519799 505938168 625455380 792736801 997379081 978893085 849409658 616893762 819309603 662625474 732323039 557530030 588122064 834921329 654956406 634710177 535889562 596161129 882030312 722511963 931006149 742953111 881797610 621632087 591588162 635824799 795272947 957551412 592417613 836426835 715474514 849592576 932775132 697287052 794174547 954124223 820696625 721197860 803892043 686232525 862824610 977991299 661495910 568793307 877285574 860406891 781572275 865437090 711333761 866141515 673134357 867848328 795161115 871554156 737990488 778886273 600231255 526024399 667662438 762669953 911090992 697559900 644309509 577301459 668357801 533167439 661007042 935277917 872329420 643070302 662823431 807272123 686844252 766292212 893292604 646020929 987048454 722231537 783449372 954205668 642566392 554678939 751442098 729897756 885587343 828858637 673289046 832535658 687527064 596923088 607378362 945010103 691368936 976674404 582348369 803238599 845848831 764497528 855082610 635752336
130 103 824 183984
160 181 890 846838
129 182 353 182830
152 169 167 576695
142 169 60 129242
24 30 401 463622
153 145 68 442076
143 134 28 660774
12 96 649 993537
140 33 3 481183
131 90 673 921148
43 104 686 621938
174 111 85 126934
139 134 136 931799
6 32 366 700106
166 146 368 205188
25 82 952 610096
111 93 55 712149
72 108 519 347593
146 131 141 445993
86 25 908 717380
3 138 481 25287
91 172 972 628873
12 7 806 342606
30 196 636 443356
114 109 869 582418
136 131 797 767291
161 2 765 716096
68 100 443 764726
130 145 655 584499
12 77 467 329305
69 118 158 414369
1 42 422 52964
16 177 510 524104
21 50 804 400585
186 78 79 545248
177 150 17 690093
104 197 295 580469
25 65 416 251929
102 99 965 125536
167 147 480 256343
73 20 338 717548
185 5 960 873288
168 188 494 508869
70 87 191 791822
10 4 646 4094
171 76 119 125132
167 194 137 8900
198 124 55 656937
121 118 535 520138
57 43 581 694180
42 16 655 259031
170 33 603 902839
59 77 348 686938
163 69 839 89102
102 87 330 971981
165 180 806 700707
91 169 307 339774
167 174 957 314446
118 125 239 255471
157 94 903 257736
155 26 29 190915
41 53 518 391442
58 107 843 96634
52 3 918 921478
130 164 988 622308
5 189 843 929839
111 159 575 872183
116 133 567 162118
81 64 759 807357
33 174 909 327255
22 83 572 265335
191 138 214 124095
197 29 38 957904
69 75 689 159855
148 34 155 265070
151 96 983 536954
160 180 991 597357
116 6 692 148182
107 130 121 284359
66 50 9 732923
146 26 922 408824
165 167 24 41617
59 121 583 194759
43 198 812 917544
92 104 751 135110
72 183 434 423375
43 33 390 201014
51 180 776 487916
168 45 419 317065
97 37 692 7644
144 190 774 549628
143 179 831 112863
92 86 650 98514
77 27 621 548997
46 67 241 134665
135 46 118 739128
111 155 931 934569
188 107 275 681737
25 62 612 518090
128 133 746 665891
191 148 768 895563
198 4 345 234795
117 108 115 633354
98 168 787 680567
87 105 246 166030
90 9 635 971
115 167 265 924843
22 35 363 462388
60 103 232 584734
127 92 720 545314
22 15 123 754190
29 65 944 121865
23 80 533 728905
190 43 918 475620
156 141 411 705229
82 162 825 582637
154 104 550 588146
95 2 33 481787
94 28 593 980455
128 171 489 124507
94 80 493 336464
19 51 221 195548
121 102 847 934362
86 129 428 494871
38 30 67 92482
138 116 441 739942
93 12 712 290508
178 142 436 52350
65 143 135 980487
90 146 863 69010
37 133 594 276623
20 22 522 906134
168 23 394 575435
184 166 422 355652
83 37 746 16632
96 76 964 454231
185 143 238 191075
123 67 852 762526
58 90 837 890024
12 155 522 348283
155 162 109 619287
56 67 584 731594
36 23 827 662066
184 114 733 845021
187 34 77 775462
46 80 222 106418
33 84 971 737342
167 13 985 912088
129 97 273 126281
88 74 277 315638
16 107 496 986543
78 67 50 368928
53 8 488 845295
144 138 749 279273
62 169 460 587072
149 116 5 379360
71 44 860 414323
140 86 52 658917
10 90 529 540921
66 143 652 99338
24 111 972 751335
167 145 707 867456
141 113 344 718587
120 36 102 67341
86 1 663 280892
190 141 458 476877
181 171 43 974683
54 108 119 147363
125 61 122 944282
83 9 153 97274
74 14 82 632179
130 157 150 334732
84 92 227 278302
123 9 222 771223
169 185 338 352065
52 97 269 638272
4 139 924 155543
155 78 295 700660
119 50 525 276176
160 99 58 182184
39 130 654 652383
44 51 930 704676
137 31 197 890265
128 43 217 168522
105 119 901 983148
49 169 946 310004
92 7 580 527292
173 140 479 950775
82 89 9 482238
52 83 687 359376
145 29 6 460186
11 142 846 985130
110 168 247 610174
164 60 205 98824
105 165 488 80152
180 56 771 618098
175 62 45 923249
63 71 634 160849
181 154 607 954640
136 69 123 16536
181 111 633 202135
194 178 497 750341
135 157 335 834869
109 185 866 600760
95 29 849 399367
171 102 140 888533
114 171 911 109081
194 110 759 513639
148 110 422 598982
177 114 893 59096
111 148 632 983298
153 183 537 227106
188 176 718 595459
132 80 473 432716
166 35 984 365038
71 83 475 868734
61 195 277 19585
173 52 214 704680
53 186 303 334785
75 60 212 104514
26 103 615 616317
63 64 251 426721
46 28 99 375699
20 30 906 463043
170 56 626 722336
86 169 303 38583
196 103 613 895436
35 187 876 708527
11 70 630 563812
192 23 385 78500
171 83 42 181704
95 70 810 901224
155 131 523 974385
42 163 706 21567
160 14 108 420907
195 118 426 943369
74 20 666 853652
163 174 25 473906
4 34 497 393476
118 175 820 331557
67 163 554 709660
154 94 44 997416
116 173 179 682202
96 127 155 431963
138 74 832 301179
115 57 11 720453
33 43 340 591445
94 181 628 783333
114 157 201 912867
143 3 364 488362
134 46 585 232503
29 174 392 521813
162 127 243 608503
170 29 837 474004
147 73 110 412565
152 83 843 259966
175 85 163 855909
125 135 692 537888
69 127 446 654791
84 134 596 976707
171 177 387 278173
151 108 677 939143
115 14 780 93884
131 130 104 842235
186 126 251 523888
154 22 670 137584
116 89 677 272440
69 80 631 714006
128 119 921 998426
24 12 417 581245
185 116 990 858688
19 138 681 923896
126 139 279 295001
55 71 925 336498
64 125 127 873702
173 117 983 396000
194 176 27 438717
15 183 1000 232508
152 11 763 574105
124 172 494 101047
62 59 721 137002
149 60 181 710455
74 92 133 726738
172 138 549 629068
47 103 757 444697
189 52 772 101200
166 74 77 35777
24 69 862 353750
155 75 185 966448
141 97 205 722133
53 126 430 342103
153 22 925 52077
45 183 626 274580
126 112 916 633620
189 190 16 274125
43 136 328 420926
104 75 676 290142
187 88 379 623152
92 173 133 7960
79 121 533 66644
5 57 586 589955
132 131 190 398440
29 12 923 387899
15 51 686 328147
186 169 593 355781
194 5 84 802339
109 72 444 310696
41 36 920 678105
24 75 970 470297
140 149 704 800448
140 18 132 227377
62 74 797 879951
14 86 901 167391
98 54 480 560864
105 17 846 108533
116 46 100 459243
189 79 645 673994
103 80 892 174900
15 86 412 125743
189 131 826 760663
132 123 669 216577
23 188 925 939169
33 152 546 552557
87 71 105 843453
148 82 69 45379
36 107 396 524221
174 79 523 108961
140 135 608 636415
190 109 369 467103
28 193 340 387531
106 143 171 702051
41 123 841 697973
194 159 134 129041
178 71 323 866415
169 145 633 867236
72 81 996 303363
48 61 79 827351
114 193 976 628664
86 82 950 786532
166 147 105 238500
144 170 514 843078
91 119 236 324656
77 188 386 456144
82 11 374 552072
70 170 682 485080
49 147 961 699322
173 140 360 27625
188 30 557 488469
161 158 5 628677
27 56 824 635672
140 108 254 898270
175 170 591 614191
96 67 803 58780
172 189 72 548359
87 17 22 996216
190 133 854 495128
6 117 853 823586
115 85 387 852368
136 150 457 313088
125 22 549 483420
156 112 9 490372
72 129 242 772147
14 105 221 534679
50 111 747 23075
165 52 462 785623
103 164 541 861313
62 118 149 535570
126 161 645 746852
150 72 273 520159
138 36 820 223345
123 45 863 12440
93 108 422 104869
165 176 267 570366
137 16 978 233920
198 196 19 354221
189 98 881 854119
51 176 524 507516
114 171 242 550863
16 29 870 117722
162 11 963 322650
25 123 756 329399
13 149 470 499807
169 151 738 209982
125 196 801 539594
63 98 642 436254
195 138 855 134767
47 1 657 216898
86 25 435 633293
134 183 103 545007
156 181 807 402785
103 49 185 998714
138 74 956 937703
173 35 850 998897
52 97 856 808570
171 10 62 477427
120 72 81 966864
55 157 674 804518
91 46 272 617358
100 30 525 464194
5 65 647 549998
172 90 816 577813
170 177 598 279810
5 143 706 351658
31 90 539 312984
140 131 632 219651
143 153 699 510894
183 116 894 959593
139 76 707 250239
183 156 973 683800
182 192 120 180507
41 177 603 386243
164 112 553 612290
120 82 281 928334
80 61 240 852461
122 1 640 834406
52 14 318 876878
146 151 830 897041
175 112 195 955966
18 105 246 277215
183 186 315 773078
103 3 809 499807
24 91 899 244107
113 176 844 455073
193 158 135 262527
150 82 724 703294
151 178 518 908022
50 12 77 927830
116 198 813 500401
187 86 612 637957
156 49 434 532046
97 178 411 493970
81 27 63 244885
62 53 335 565115
71 38 312 407533
186 54 81 858699
73 173 450 349059
141 8 337 119315
12 137 741 105921
61 19 904 986686
188 146 150 421551
107 49 22 796853
124 1 798 131596
81 181 420 826258
85 88 693 527216
59 169 924 933481
147 133 251 507451
150 197 179 140561
167 101 972 764066
146 139 669 671522
105 178 450 325490
142 7 223 911780
186 160 43 710573
126 57 276 102506
7 48 542 14266
154 146 740 686375
65 132 749 574457
128 171 810 558122
32 22 624 450884
85 68 140 494542
102 98 394 530043
35 60 874 713760
193 134 240 712613
29 158 562 878935
117 148 396 67090
154 190 392 714741
131 71 536 818422
31 139 738 650852
179 47 787 161290
42 89 895 840248
141 14 221 79478
15 5 598 286283
132 188 191 138766
82 50 662 649800
183 25 662 803168
93 198 594 315183
13 118 454 556947
163 26 947 945435
58 22 598 692450
130 53 392 601891
39 82 291 518376
179 99 973 646518
15 11 813 803099
58 35 355 260897
193 182 269 847861
54 14 723 86908
77 58 445 356263
54 104 938 372275
148 131 684 671181
56 184 733 878437
21 9 386 752002
183 70 144 799799
104 122 282 814343
167 79 726 179220
35 44 851 842942
30 189 564 159628
173 160 816 230494
128 36 860 570061
194 119 10 402824
114 1 588 63057
130 84 837 855213
156 138 67 250854
85 14 571 114141
198 154 896 172947
189 17 989 760635
114 37 920 790096
176 194 181 745387
106 156 921 306853
70 27 142 314609
55 18 720 73613
112 185 613 530072
34 13 383 870464
10 26 99 612387
40 10 881 88726
74 29 594 961099
170 104 955 889811
146 173 687 656852
145 182 854 854492
26 34 559 837488
31 171 655 267356
194 125 359 834718
132 166 196 421080
132 3 26 36510
163 30 946 737522
93 161 507 481181
80 61 815 690887
130 49 37 319138
78 40 545 822784
30 84 642 217633
86 79 614 537399
50 98 223 645237
180 96 500 995164
159 104 45 454879
3 2 350 318644
114 121 641 950613
4 1 24 966598
180 118 800 933972
132 124 185 153364
121 185 318 218021
66 87 291 124365
13 179 679 79258
88 78 719 885499
38 40 861 736529
185 17 314 981588
44 139 684 778281
196 197 72 915817
119 172 177 938863
27 141 692 260736
93 161 217 157849
93 117 736 818359
104 17 583 491971
55 113 989 937644
152 165 752 590458
52 84 682 153135
12 131 677 632524
95 171 625 777218
185 118 974 174272
31 16 515 370238
37 79 690 684431
4 40 967 531265
80 43 665 200030
70 152 401 339454
27 114 922 575898
147 183 114 76023
91 52 206 387128
64 181 526 691206
12 172 686 74840
62 134 423 220094
56 80 959 440557
35 102 586 169
86 117 988 290181
137 152 66 901549
197 67 685 235037
170 122 8 970150
102 155 388 999354
34 149 600 226442
110 160 370 271100
185 76 495 574279
77 82 164 526131
157 147 113 213413
54 151 780 232052
109 82 939 80566
62 48 734 941146
107 122 916 152703
40 64 624 942635
138 14 234 401120
49 53 632 960475
39 64 997 100963
187 98 779 477388
13 25 605 550718
182 161 799 570238
198 78 1000 31675
182 99 89 523646
32 45 839 71738
23 21 463 664968
109 161 412 811990
98 73 253 61030
69 165 902 56106
80 93 635 389106
122 134 200 668108
186 51 419 221403
173 18 356 139180
144 99 320 973510
116 80 968 377347
76 65 691 942480
45 36 20 479059
75 152 854 895945
162 24 738 249004
158 6 391 296690
139 127 631 603544
154 69 225 790028
22 131 775 443065
87 55 902 391035
113 52 929 22263
74 143 733 58389
173 148 70 453093
122 68 252 992211
61 82 846 478424
68 43 233 325965
92 81 471 848923
174 24 849 77919
97 104 791 704275
75 130 274 15330
57 40 803 708698
124 104 344 604785
180 190 341 77242
43 28 380 655520
147 35 775 155622
47 130 440 200868
83 180 740 408626
121 41 250 150617
175 177 729 274911
73 172 238 96746
19 88 372 242071
101 113 142 627264
98 82 807 490582
191 109 206 988124
11 79 425 668701
64 115 688 748805
123 138 283 572689
87 75 656 45325
37 129 212 379566
184 77 337 82100
166 55 363 694804
186 125 448 718370
32 184 393 627627
1 140 818 92983
81 18 515 417759
176 116 63 54263
75 8 812 45865
103 91 713 196837
135 121 452 546464
161 39 349 224772
91 86 501 220264
148 169 138 427621
49 117 124 250859
37 12 664 861033
46 197 649 563676
103 145 993 520786
84 49 415 837657
26 86 158 46175
68 94 583 982746
65 109 982 291031
27 72 101 84135
182 164 94 578910
90 110 44 52902
29 196 739 62495
175 151 446 96931
22 95 406 50459
154 69 166 428709
68 194 503 534292
109 14 379 437604
25 143 535 218898
23 45 794 118132
106 139 700 424620
123 101 31 267619
183 102 171 833954
74 53 997 387821
146 166 251 202429
124 197 390 707201
162 45 247 97934
191 78 164 464021
118 145 139 590833
100 196 185 745489
109 144 377 513350
114 64 709 143931
191 165 99 526249
71 63 12 278168
85 173 789 429050
91 99 899 513851
186 150 471 779056
46 55 533 643451
193 184 363 367971
117 124 256 777110
61 11 192 961110
3 36 498 246355
93 74 869 826482
157 109 301 326773
171 166 560 277966
171 7 550 182709
133 110 710 485999
116 138 247 380653
112 73 128 568296
87 140 791 584301
117 86 431 653337
126 178 86 511238
169 194 104 796325
41 29 481 465522
80 172 376 809315
16 115 935 819451
191 85 827 326228
122 188 295 966894
41 44 225 605563
42 153 401 369614
176 136 617 848619
121 144 286 448737
46 88 700 477651
25 146 567 195092
43 54 680 331151
101 185 571 915123
161 127 725 697974
175 161 782 589999
69 182 207 352117
180 99 880 28796
198 16 528 254979
181 59 374 66110
123 89 572 484061
84 76 925 813641
173 65 823 470196
30 83 361 675353
151 160 835 728677
92 186 932 546149
23 18 496 291988
95 150 499 443594
99 133 512 395672
98 196 264 58843
76 25 700 357829
55 9 874 316743
84 61 890 222343
84 146 436 372060
58 118 255 526824
54 137 886 413647
141 180 187 674228
153 190 724 710813
29 154 489 420518
129 177 393 471681
72 86 153 740900
67 110 115 744572
180 154 326 583108
114 147 966 424108
57 157 192 941395
144 100 164 7085
66 170 404 442884
83 158 303 523609
81 151 223 276988
29 88 438 146267
116 34 484 62758
117 120 662 247446
88 143 634 343471
34 16 961 292323
173 126 350 266184
53 162 921 103693
33 53 228 288176
41 4 4 393300
146 82 16 985811
26 119 636 824371
140 78 56 427646
182 110 731 618165
94 16 224 317950
97 167 507 714488
138 144 262 39841
4 59 593 864308
122 152 207 464128
93 49 63 552179
35 160 833 508533
171 126 85 68271
195 73 66 138088
51 88 698 591708
118 145 889 180855
175 148 63 278994
168 165 455 21349
145 193 144 653358
68 71 791 881921
101 189 906 602651
154 113 966 745151
53 3 456 802566
169 22 918 598904
38 2 60 829794
29 3 924 73222
141 132 370 39582
180 151 220 9614
87 114 238 311644
113 124 290 293837
151 147 80 780528
111 15 820 692255
141 133 152 176952
63 107 734 444721
158 113 888 59042
131 89 374 522042
124 90 286 531055
183 24 203 850595
59 144 409 792874
151 33 702 470990
101 62 388 340002
90 135 539 45662
181 52 796 306153
6 90 434 938956
170 93 902 582411
197 12 315 531874
8 60 817 803898
138 164 138 770126
125 188 823 237071
28 163 774 515603
175 152 318 102426
91 61 389 553615
93 112 180 460441
41 57 265 444301
35 37 306 294410
97 181 630 998062
11 41 187 976416
100 122 814 39550
120 61 866 754172
32 41 82 904127
125 158 884 905200
54 132 322 133008
119 25 273 507800
150 8 141 294083
91 36 559 651482
11 153 958 102612
194 35 469 986127
49 8 270 847344
128 101 460 34400
162 26 685 534273
145 26 986 122740
24 182 340 859870
29 73 410 719833
166 169 709 309102
190 117 555 944721
106 197 792 60318
34 15 584 34416
70 7 85 577632
173 111 359 563651
2 139 980 4719
9 36 156 824393
109 178 446 791237
92 49 873 184948
72 137 987 962435
64 36 650 293148
196 75 982 789047
67 88 733 988953
137 119 911 121563
152 13 944 734650
85 33 757 966709
66 71 426 34411
163 174 901 695087
75 66 69 462555
50 59 760 280194
151 187 648 673291
173 55 655 38708
63 78 43 247545
39 181 732 333066
12 51 809 943376
74 42 217 3665
63 177 822 663227
85 64 639 963638
144 187 831 290857
104 29 122 899035
120 164 768 477311
98 60 382 821989
174 75 542 186371
63 181 682 908079
18 88 355 484502
195 64 281 352556
100 37 558 808082
69 163 840 822179
96 167 895 710753
155 187 395 521127
122 149 764 116885
191 40 244 143831
138 65 389 222475
159 148 168 935607
8 39 452 120872
156 19 519 311262
71 122 551 372085
4 38 645 871420
121 40 736 856614
158 115 62 438626
129 112 894 626105
160 96 478 914281
73 104 568 451884
125 25 764 866248
8 190 496 401748
173 81 102 632950
82 119 425 666302
97 191 465 140008
148 77 511 631855
132 59 593 43660
165 155 886 997997
106 20 184 648685
174 97 225 510170
79 157 473 79394
138 159 908 30292
82 52 867 521472
46 15 292 679547
79 119 178 173579
40 16 551 319992
101 183 529 685212
180 158 18 113499
29 14 794 219169
177 191 302 439935
150 138 194 667173
188 4 525 684711
93 52 793 779904
140 166 900 793912
178 115 10 31002
186 166 368 564769
168 140 270 673623
150 94 493 195028
155 95 822 625086
145 112 489 679468
179 183 306 533844
87 105 258 668246
59 52 217 397004
131 16 586 333407
152 28 544 847367
170 164 87 179524
183 191 68 506261
18 78 460 530959
20 7 62 286370
180 29 389 214420
141 75 332 865163
81 57 556 736607
187 80 907 820347
80 179 898 571675
125 186 458 581821
95 176 273 589143
104 165 950 181295
193 111 743 618790
174 6 293 732676
37 176 992 874882
65 31 270 159851
160 187 554 686121
170 117 606 552169
113 119 460 725801
12 83 648 50150
3 70 919 217034
39 3 728 4270
44 69 177 161169
149 154 132 19328
118 173 277 84517
82 79 893 332959
153 99 816 771059
30 17 197 534638
192 195 851 922084
97 143 898 209663
187 48 761 461125
101 189 732 42363
35 192 341 844075
186 101 70 589158
130 171 654 162439
17 59 142 307521
127 95 459 695311
5 151 932 78118
148 17 980 103120
100 192 999 128832
105 193 202 6519
160 154 774 650067
33 57 945 698950
175 22 803 447757
101 61 914 949504
177 22 146 176050
197 57 464 826392
25 175 534 474441
107 152 293 720592
85 110 136 545588
20 4 721 454463
120 4 568 381218
192 63 599 584669
13 123 641 382153
97 182 591 840370
47 84 134 997116
164 33 83 177205
96 3 485 650019
105 29 31 487273
7 47 851 229332
143 52 809 322557
57 38 257 804220
90 111 446 374619
180 123 705 810257
145 11 258 366161
129 125 771 49578
117 32 338 370734
100 162 751 316630
104 85 90 690296
134 90 190 116410
195 138 962 313420
150 122 950 645376
124 198 552 266902
182 180 561 612740
86 74 893 111804
154 120 216 605642
135 139 23 527147
23 168 632 337985
151 73 493 627535
55 109 543 946187
12 58 843 617177
51 192 601 900706
149 81 202 782430
131 60 200 202845
86 152 506 841516
183 52 426 269480
76 190 419 459509
77 20 8 699212
29 30 939 370309
141 30 577 129831
185 184 985 923465
179 67 342 649299
128 125 91 951854
67 108 728 931010
30 150 393 285211
52 70 915 814375
58 109 717 948727
43 84 253 591834
64 17 354 348175
9 89 927 224401
98 118 405 777515
150 132 151 782905
111 190 696 793765
85 162 992 822365
113 115 964 431461
166 160 289 294073
94 189 202 380101
176 24 529 274638
192 158 481 933817
70 117 631 59904
39 87 869 262306
198 181 962 81482
185 13 889 247111
139 54 93 750299
69 76 727 688652
127 176 602 413176
133 193 790 519766
129 130 107 159249
167 66 64 469164
67 197 462 162413
136 123 391 866331
59 164 971 284712
121 72 25 522431
159 187 178 891420
157 49 486 554092
181 112 160 416199
29 18 98 884282
53 79 645 149380
100 14 830 668138
155 30 922 477510
96 179 459 247687
153 63 127 361750
169 149 179 949484
61 38 281 999016
148 91 685 612387
25 93 574 6544
64 16 703 9754
74 4 180 384624
196 169 95 858849
41 183 737 615927
122 152 557 796610
172 45 180 569910
127 140 320 655403
90 93 599 898400
134 153 436 350223
179 29 39 191394
54 155 770 145875
123 59 772 459999
160 114 54 917193
108 20 949 565513
62 76 402 226670
157 92 44 639379
32 192 967 739238
4 183 824 120918
16 84 299 958230
21 184 415 121315
110 180 857 477306
195 171 166 33134
97 193 868 625905
97 130 470 296755
136 78 192 951725
50 100 391 628437
80 90 47 577451
142 70 608 235212
24 58 222 959599
67 167 710 265631
104 101 934 629726
151 77 670 179157
103 166 938 958416
172 34 802 667214
51 81 268 659264
183 125 803 574502
5 158 748 249419
183 180 579 886532
37 145 459 673843
191 38 32 561533
17 197 803 380150
82 192 963 816877
151 59 66 217746
128 106 32 278991
161 17 835 638423
135 152 658 252408
178 170 49 533405
107 7 942 332353
96 24 466 115000
21 13 201 445290
78 192 665 469343
152 190 390 977124
94 102 783 660211
127 129 431 655608
19 155 397 533939
149 11 100 477269
117 109 535 532441
98 65 233 444535
184 177 16 794738
7 131 754 512262
11 106 922 685160
190 98 262 350298
75 114 922 28386
94 158 360 150480
191 124 747 847736
63 8 380 995545
65 160 547 118703
29 18 265 128037
73 176 227 128993
172 14 993 438339
96 112 240 180511
160 167 309 926104
71 14 513 563053
74 23 827 358168
83 140 354 15890
173 3 864 322254
105 61 902 571346
49 139 580 759643
107 5 277 564961
107 67 731 763006
177 84 688 461864
189 55 706 843211
95 4 606 265377
124 138 157 516471
44 78 177 501687
13 50 969 613642
107 118 422 216227
177 19 659 35577
179 3 725 740207
50 139 654 983522
30 139 476 377845
137 109 227 365882
133 35 206 539051
110 105 615 164815
117 67 836 158919
166 102 240 392533
165 78 162 235700
103 163 966 827056
160 4 448 348071
137 114 173 980152
71 92 390 649647
33 127 274 560793
93 31 1000 685805
78 130 202 92296
133 101 908 836180
155 193 358 363094
168 180 187 979651
73 23 223 580389
161 100 368 66898
125 116 38 77695
23 70 460 89129
138 117 132 478641
36 135 647 896061
59 21 428 571118
72 167 473 71277
109 153 845 768445
5 57 489 64017
31 50 823 432855
158 172 633 409399
153 109 866 421384
87 46 731 743742
173 127 630 266493
157 42 755 490430
33 84 813 919865
191 42 54 180362
184 65 206 341707
177 87 106 444004
37 46 374 161088
60 181 889 367507
7 108 634 63742
38 140 629 511549
72 78 769 125932
31 73 246 178953
98 136 466 282322
99 159 160 23526
85 165 292 582716
16 23 481 938326
100 55 340 724276
131 106 200 992515
98 138 952 323187
50 5 946 152785
152 35 723 292095
36 115 706 253110
143 32 56 713417
191 16 659 217131
106 22 661 18599
186 76 240 49896
110 17 4 458714
187 9 490 373273
11 108 818 549231
184 3 421 394210
134 160 782 114943
160 171 178 669795
186 111 556 512319
102 86 384 122683
187 85 218 906904
136 178 188 245730
15 146 677 687407
174 4 153 333077
197 186 6 631758
173 13 209 169832
167 192 261 233911
176 109 458 207887
34 89 195 776589
112 57 936 365032
94 51 279 142146
23 146 919 537851
2 63 923 71897
45 13 855 516696
185 84 860 829124
162 65 464 520851
194 56 128 895592
51 80 341 584633
158 141 604 890331
47 190 470 261106
10 111 736 327791
81 179 460 619949
168 146 196 158141
129 131 695 255571
116 111 280 637103
75 155 405 646207
180 81 291 3842
6 144 813 583743
31 53 216 359641
172 146 220 335052
59 71 618 83116
105 95 714 657547
163 126 779 952077
197 20 259 986074
169 64 439 401001
157 189 840 323341
149 12 566 312141
62 70 443 315215
33 99 424 486899
146 191 219 502913
20 55 916 658146
94 117 690 370529
191 29 365 398802
198 138 671 385198
106 73 958 689915
76 77 35 945459
153 102 154 551660
18 104 859 221912
151 38 910 314571
167 131 333 726373
142 79 287 203556
186 10 742 40700
85 82 773 288012
115 177 513 942489
42 70 84 166098
139 123 55 833912
40 182 820 984617
122 105 966 939342
149 87 782 358736
31 110 577 928434
185 148 20 319319
103 98 916 590060
180 90 330 452092
166 197 756 337290
70 116 226 801014
177 175 728 359297
86 34 51 40993
143 31 672 999619
125 62 555 683226
176 86 659 964398
70 53 578 255847
170 142 215 711919
176 16 799 739264
148 195 165 387962
17 1 851 784870
145 154 923 441886
40 16 191 509850
118 74 190 499434
119 123 143 255033
74 72 292 469065
167 115 699 909169
43 118 392 790515
18 86 682 893112
137 166 423 64854
34 150 372 740268
108 173 996 637745
52 183 968 829900
196 86 377 266076
196 78 807 251019
147 74 577 147771
43 123 443 671298
56 26 9 745107
114 192 335 932544
30 135 394 131719
194 99 148 533354
196 52 810 720773
132 198 528 642795
12 123 377 672211
58 143 980 324939
98 80 428 839836
20 13 433 708771
36 113 646 763591
21 23 703 823883
53 109 768 407453
96 50 196 615448
108 170 125 125303
181 106 414 451606
198 109 730 625522
75 56 478 452499
185 175 119 612977
157 35 90 680684
170 51 919 945707
88 80 2 846756
79 189 318 203880
94 69 740 858030
128 104 338 206385
104 197 376 91304
100 29 995 902207
92 143 709 355314
127 170 87 363805
192 30 353 691016
172 58 471 616239
196 168 252 783627
157 43 322 717658
101 109 105 687894
145 16 583 394923
1 45 564 85291
5 155 856 818252
98 25 229 747696
198 173 524 114294
195 184 186 776329
64 19 330 768901
198 130 49 839782
157 61 596 779076
175 193 382 321048
168 145 78 256519
66 127 774 55070
144 133 19 76396
196 127 936 163216
126 27 580 592426
121 74 321 695244
86 137 817 29462
189 24 598 754891
136 195 329 717477
100 3 329 492141
107 175 584 40805
123 157 259 394491
198 94 753 964471
136 184 429 724004
12 135 952 370223
178 114 297 626232
146 167 919 450108
182 40 562 158833
183 97 730 506251
165 72 129 417636
103 67 806 962646
53 76 556 292822
192 184 766 971328
39 110 387 843772
29 41 587 57093
190 148 14 34290
91 198 577 240226
181 74 857 371111
192 197 39 651475
131 23 404 99657
153 164 290 26689
169 132 383 742800
144 22 768 204515
55 82 837 100686
144 183 442 627194
198 5 2 116420
106 99 229 858603
190 108 6 174965
56 187 297 658061
195 38 1 541989
188 22 66 394425
6 192 792 538472
58 56 201 903103
70 36 700 628465
114 51 183 39188
185 26 202 591465
8 193 863 556310
166 156 331 51015
153 73 417 732623
113 79 131 809933
156 19 554 302812
33 24 189 590952
143 189 373 74889
38 24 417 276556
153 84 642 77818
85 83 739 481069
20 35 74 239094
57 64 391 300606
143 184 547 557850
142 133 263 475659
189 10 103 952481
38 139 575 882958
113 35 137 198056
76 117 436 104166
194 106 585 774939
163 16 723 428649
111 87 893 265888
75 62 218 686113
85 160 410 667655
41 82 872 567466
103 1 942 195770
55 81 739 594254
173 185 763 577084
137 149 968 891282
189 47 716 521756
77 49 281 23707
23 25 651 194312
148 165 339 936923
120 46 943 401258
13 23 162 19979
25 7 240 658395
25 28 536 677856
99 17 137 898274
12 83 412 753460
109 142 202 644682
144 58 294 903406
170 157 829 707091
2 14 971 41888
109 41 2 808470
158 128 917 787229
145 99 331 826465
187 140 745 153906
115 99 252 89136
157 165 363 502839
83 149 208 220999
87 133 586 634144
69 192 663 176802
64 120 305 107263
184 64 652 947834
93 129 927 805162
85 187 619 441296
91 29 625 12821
109 81 961 617324
102 13 882 704366
121 52 112 908017
168 82 54 284262
124 23 14 642785
20 192 628 754000
60 87 232 16667
117 83 168 726395
95 92 47 867079
100 153 523 347189
121 68 895 437426
181 182 533 676985
48 17 200 717284
174 80 419 544640
103 52 508 867478
58 41 419 332846
190 68 862 471794
77 47 472 86708
22 114 319 772050
73 72 407 161217
189 36 461 639632
143 17 552 341912
23 137 401 540309
23 179 332 368700
144 153 680 592930
115 167 200 349
164 75 154 178664
177 27 582 758857
41 139 532 923132
178 156 809 356989
5 90 797 186854
68 119 102 934936
44 126 736 553472
4 111 633 736833
131 58 519 997813
114 95 965 462673
94 141 656 169442
100 64 730 156810
125 31 107 440904
111 68 577 289121
47 52 160 402924
89 16 195 816742
130 138 908 273252
66 124 817 584245
55 114 92 153516
54 92 425 693669
22 172 981 558813
70 33 884 208705
52 39 62 978112
155 144 451 507253
167 153 344 361705
152 187 570 813531
60 76 771 860127
52 147 706 586370
154 153 578 712526
168 143 651 972748
110 45 562 230001
25 147 990 274046
197 159 109 827845
161 132 880 152774
162 195 86 594856
185 122 99 756600
120 42 638 958675
181 19 768 249262
19 15 833 42591
62 103 954 222939
43 67 389 57381
16 115 765 984063
31 2 49 104662
69 140 457 867828
172 37 925 128561
151 177 408 819267
158 175 178 742664
44 82 907 677158
133 113 587 584634
67 137 840 599112
70 153 769 616770
91 93 195 76471
61 34 975 171028
75 110 574 562730
196 61 673 392630
118 28 71 88162
133 166 46 530396
16 68 435 119804
197 158 333 795965
36 120 225 294015
109 96 945 522941
7 164 739 575529
108 67 84 675080
198 183 414 629291
40 17 389 634517
180 187 375 713019
48 182 538 597012
87 48 853 737814
28 15 61 165404
84 154 814 766641
25 104 546 773967
97 161 505 103140
162 157 915 784183
41 187 399 50559
123 6 578 863037
162 21 193 12440
146 102 247 753498
193 190 29 159417
137 159 546 418558
170 64 512 595112
176 145 831 392664
180 98 136 934993
22 21 823 363428
91 79 487 318197
53 89 661 802326
147 33 437 927311
184 193 569 401962
195 137 48 887754
132 111 838 340456
163 156 827 725345
123 16 934 435245
164 170 899 200057
113 5 363 993451
174 189 453 588198
15 177 957 690265
168 78 371 396046
166 149 336 831139
157 15 18 171661
90 33 545 324425
25 49 963 472801
23 38 875 160402
66 49 542 395070
63 25 537 627692
57 37 584 34478
128 87 1000 704017
52 173 606 363701
191 146 579 756310
141 51 338 812771
156 115 835 539074
100 72 962 178111
46 106 501 331518
75 173 635 42611
41 30 722 849116
53 32 766 741313
15 94 230 548395
161 52 255 416190
187 176 617 61678
52 69 255 361270
124 134 201 973115
172 177 471 40079
131 4 255 651057
131 86 152 99182
74 88 291 129310
189 43 937 753974
79 80 595 53933
78 66 680 11775
71 107 854 193724
77 70 362 650218
36 28 292 885513
36 86 459 212453
25 81 192 988593
166 99 463 559817
5 193 560 562103
48 21 655 741875
130 121 794 823488
39 17 2 462267
184 106 660 593493
83 174 600 671773
139 63 390 421011
152 96 406 924646
130 61 79 880872
94 8 963 372494
141 137 322 851769
149 28 811 999693
112 144 766 742350
160 124 880 908568
25 145 816 511120
188 128 483 72666
43 47 170 189805
175 152 287 467444
117 126 118 62016
72 66 242 709272
106 35 311 277690
107 144 855 309933
23 62 492 719985
193 70 691 668034
119 7 998 838926
178 29 339 960235
139 38 317 745354
172 37 985 864699
75 42 927 72997
181 171 984 689693
154 71 719 268046
180 106 875 613482
191 46 259 227048
57 183 815 784422
122 90 229 33127
198 57 232 913213
33 114 829 26242
93 197 602 972398
120 94 12 407699
29 128 554 906663
116 133 559 36878
141 130 428 61281
109 176 284 529483
87 173 839 902725
136 115 89 458449
163 135 371 58889
80 184 577 362309
135 48 841 4896
112 103 254 82205
126 78 871 308322
110 50 62 900756
174 139 15 763238
121 69 265 783334
141 127 664 30612
177 165 786 89045
104 62 446 546627
131 4 456 408853
38 47 122 803664
129 112 442 483302
125 98 740 969576
46 28 4 74352
196 75 651 215656
15 160 542 459628
86 74 91 392727
128 7 607 739157
86 130 518 239625
119 194 948 942972
191 69 173 550489
50 184 780 822810
79 1 232 622266
95 21 213 74440
79 194 429 840211
17 111 757 564930
71 48 545 22311
192 14 93 219262
31 147 440 200708
126 141 717 112207
53 154 418 926391
196 62 14 151849
17 7 573 320315
188 50 539 820591
55 29 587 328274
160 171 717 969741
161 32 485 671879
76 124 597 987655
103 180 741 903638
100 158 347 320076
187 193 39 711800
78 90 718 394099
140 44 107 151032
188 151 410 939248
72 9 941 232181
14 118 580 120634
169 34 247 507091
70 52 708 138941
20 74 996 470733
152 45 222 829196
97 124 73 617725
129 144 270 869074
89 92 2 222349
77 62 993 548462
193 182 357 487856
155 190 193 681662
62 180 732 215550
22 20 443 634092
99 42 477 348952
85 41 757 906683
57 114 689 162050
168 91 188 638459
190 81 780 603987
175 195 501 625864
49 38 428 517998
193 174 669 846510
188 132 806 943453
144 186 787 234402
151 90 71 429778
19 137 685 580100
172 119 194 278046
154 183 191 882553
173 174 534 828515
40 79 103 650469
150 13 656 68052
62 167 415 271195
51 52 355 112181
152 158 194 338846
77 89 651 630359
31 121 706 599833
120 85 998 299774
7 173 502 366795
194 117 798 315041
80 4 685 781583
102 153 248 263588
81 164 351 36308
16 39 850 711560
119 173 222 234733
127 51 836 686242
197 180 898 188936
166 86 30 2540
110 44 506 826849
34 80 956 411782
152 25 876 143035
102 58 211 231118
182 194 651 209572
54 84 396 889661
110 92 107 34562
70 20 253 736227
2 64 363 968479
35 17 671 261716
158 175 55 654992
29 27 842 918696
103 169 126 418757
58 78 452 703754
164 102 33 275507
111 85 172 286261
138 193 353 969819
28 11 823 957267
84 65 828 297179
50 159 211 174983
37 34 963 562735
113 130 333 966676
21 44 224 446162
41 147 988 611991
27 106 989 112055
182 93 749 139627
21 121 931 533926
61 161 334 298669
123 106 424 348512
26 32 545 710843
33 121 845 452656
179 185 175 750863
60 142 192 698911
197 88 350 259789
28 124 996 748721
188 44 753 559235
53 84 219 518910
101 147 617 853144
160 175 747 396228
148 72 643 573210
191 89 600 776250
23 71 535 239116
96 23 654 224335
164 111 140 61698
84 64 15 277293
130 100 684 128677
11 58 279 628546
139 140 396 421657
160 63 367 893856
110 93 919 178167
145 101 205 127486
97 139 880 710754
130 66 189 382621
35 157 460 145086
33 11 989 55852
122 65 994 516236
62 110 389 206487
133 78 988 805914
61 55 275 164375
176 148 32 861497
120 47 593 886336
100 168 958 56134
65 35 751 2307
84 30 160 1775
181 67 82 291683
45 119 270 692363
94 55 482 186802
2 175 881 622440
119 164 879 524289
143 45 406 138113
118 7 289 213472
151 148 697 419698
132 57 316 479619
67 64 802 280708
67 77 524 840715
171 37 687 500198
183 133 678 656581
194 37 766 883565
36 193 620 673
142 139 253 463623
96 58 170 936055
154 81 238 198446
187 185 90 116337
172 83 376 281743
197 111 178 229429
66 161 662 561210
124 64 526 534863
67 195 881 730765
188 178 5 683869
51 150 264 596607
27 97 748 229341
159 9 989 696981
37 35 888 89629
173 56 243 219315
59 143 214 43920
180 73 776 449612
79 153 384 389793
106 103 175 259664
138 47 743 422745
114 164 370 889842
99 2 960 760372
23 84 722 834235
82 96 665 341163
150 19 3 517961
179 86 527 761361
112 197 217 793660
102 77 61 304525
110 114 393 931012
152 195 164 37856
70 47 896 792264
126 33 431 472337
162 10 775 586292
113 162 162 515919
148 30 930 361012
149 69 776 221452
37 147 674 149649
18 129 786 876808
190 30 247 83630
168 43 483 671404
110 90 165 92516
25 15 787 762757
110 137 743 906354
99 123 189 999477
39 48 876 111340
179 191 124 843668
58 45 24 75585
44 126 427 329534
82 130 592 700701
171 25 521 940090
97 10 140 589818
13 14 525 806776
