0
4279419877973460
3158865768286
177877759505276227
94163512025737187
3042053718709204
8677205543298888
0
0
3272735171346709
7107400491950412
86518772608881919
44196760622159
14264059389262156
2096116536650238
13396706918539697
19473467639366572
69032484883128795
22431731924708872
13077748599093901
9256485310735507
2270634994492229
5680472426234836
14872548356644961
282517475612196537
543054198574039
305279075088915
0
23600864252715073
25927858921038862
13749293586737471
33783416187985816
17619872652455798
0
15391915612134315
49825757647427092
145968893538989364
1219416961959074
73656796284196362
15010834870463907
901445200502555
1265382531000492
7540454620286091
8584218096261840
127263211691970279
9204580559124898
52349270239378237
8703021664048128
166670185009760
97285412858967
14122568427710956
244382422055498
3277463321840489
0
151557163097957802
139626381818718274
81122085963659008
2871495429743412
3673780252090750
2344306903882
15836628369163530
16382039036941
9152832212015773
7100868739977222
204091073782466
63820203668016
1838571160245249
4288622848136070
108633951677854
142385542408321883
37295217676460355
1940254468181935
8955469623199842
826103463939884
235795320253060012
1673042966631593
21759827224612031
83988277057538
256822053505908
255233306522456
171134143023672302
30160355014684354
9737620345678858
294782949666943264
22908523095835
143815061180404481
543690573144167
2387091107104269
40164689359270
1568999896881444
1598537677459256
1902142060471837
80437658032502877
3438524817005678
3990603106845729
46295659677962164
280588278960606639
1060339914910997
38302699823128711
13971224368836
122732033997175864
11340753308573056
1761445342850393
49775071371184
34584765685359881
3311997319269793
125716211200469848
346718618873048
2217332320504300
423909318218460
10927657453748
750304625583992
535295046994147
64226622235975
9370110643656626
5394358206224831
29765231114709
76049819756880190
4160221525514094
663762259557746
2557878170559936
12588276513131244
508980148155801
9071362564623082
1736880877909788
33367036621599242
1823176003525811
701958512099064
167982103317813934
90525723219378198
6062519206993350
60184222165482700
41031407789774786
17967181331259855
89646128487074740
54456237111307
0
123586717798355015
3108370485465027
134832768273686642
3350375508775813
40871396882397
758871067935366
11363955366491271
24027057298290
1299365752178134
6899692165772935
31280150714547038
115117941776657226
53315839634915286
1483429901374880
166896827755315
1854714615642177
46482978602305357
43712744497531617
35052148704058658
54727664860318043
41123086361874236
45974888054953835
6587862752676390
2319665528633696
189776814777065715
230899263911078207
71240315063707283
176313835059935612
781076525846706
27583013519490124
455273464039
11203293015173
4806616388653
86661749959952917
173225940753605242
1634037061356
294790967040653
383308180325552
2489502456868
1774676850836212
7032739476037885
80610551350059
18094107105606058
111928309964350
1088280706957062
60337507988194
2404688186800458
2250121513808285
171540185583910684
234657495196627801
19324729060575
390247360505398
1968849245379117
50888306419488644
2041219809201413
32694491496545
25987133389837
795298431746050
2050336244570011
14361396585228712
135386660406132370
119341013253586
21419400314898805
132022056964641863
165508518779915547
128289521926766934
697914045836662
3768101908822428
3194430753997940
170366839181044558
102280595024565
9590145244318134
84626969127690452
275296751187649015
37018814637925134
102281832831153131
31887931206203381
100432240050486174
49004214516556205
93238564326990041
13457337987486418
5160428889975313
900601775136743
2716532838270021
20121750118405604
32595841891506322
247422579389846688
42628359521315580
15550545258070430
44000865613469439
28053727731122301
1931950147878837
7122476211430
86213689526822866
274959877869
990008616345171
2203660359287014
24182302416931
1476955692610767
448873023799530
80542672532426343
151120391527293817
2041265669742674
8098777962561199
28683870521733820
34759210325239933
2186944847877049
20546012493349
242817689927989750
3465042218707718
172223698800950698
6316667572692286
0
6979554502226904
7293736572477899
8821043863451433
3141247403718087
177903207122557294
4080844479550271
123451910025843
4579157061242
5925313770764864
144149401795755
543240805055052
187147545999869835
460078908092887
15335112265124138
95468410376980960
6072958554820586
24666222955232973
66096469641477580
816755507295147
2949962244110
43516631565355022
871774919182081
1531789675594662
8725465217567
151694318270936562
14519122232020
61929364792729843
39941647186894379
8377312160072959
5780530116320776
1640430876956111
599943378978685
9159421925953708
429449568098754
26213324092768932
32916717903294582
133056107087044229
999388779992867
1428811370143621
67467219407664
16547359466927415
1523653772
11056538234389564
685592475756085
64583554525325265
91065253270266923
4520010823296396
2153906829428760
0
39906991078425
248561953026050056
56350466447638754
40897503568644547
184288925941
3199167803973060
2510778985902236
72595090085057475
175962685478757
14295151652127252
2168075872604554
935006240059956
171674846487661052
4510573878124122
502020010740280
8600539129545085
604206375905375
106865760903722822
143847747862284039
105403062325887756
80841868325623022
6451277638057747
105988127167025691
124183994778248504
1792926303493773
142202636259836237
49388290607692755
95267884728331
114228921250219528
57871835527237030
88968704142228901
5206140305504521
165966530996978994
135183392675105825
355656932144626
134647989486761057
2366237532989260
440568588159382
5303184145964928
6017626502187027
752054853209719
194959390262519484
59484662772686789
1096602275985933
10724310970882843
178067093294859195
9947589261357336
3318507841352928
106555509277755407
1946408837389
28589209376382313
276823865800484
1781526435800734
874744577742411
66633306750688559
62546187515018776
17343167731420996
27658814893389713
150067388578205691
8948341161234
555053684765538
38675536470511
27956351168557040
140953383337006
26602990833166834
1377903737962
6373103465733943
495886360174048
1099134785061880
35708975646495351
2895670130301842
50803423374201123
33040339112094069
3447644496748208
1184312449505532
23096240999691
110827657362957150
73828838530492
40247475986929843
2186440906646601
121228042791174
74881260853438035
2755002667960502
15713353486039380
178124120211635738
462673215495157
178587928779994351
11619856933988076
7150845961900933
808022226186305
0
12323638083246516
309929000993
37356535430310860
55697443701694231
181206933244952341
2683322269476237
109551023080182749
46226170094403981
35405879577644030
69036648970076253
57088154180420
35896023660734742
67364169438844840
128235679719325711
263925228699210
345841819727238
3714327387419974
161315360833304
1048999157479
211596857155448
18110259715585644
686013371482483
99121849507942397
11677801027350
9265057373790502
8914943099245438
3807660867224104
7675402263933095
205369827735297835
3415868076055
2461117009348986
84756224720867123
5042106545446076
623733883589401
67119344486381
0
8073457415413845
2550228862374188
5719925958324039
635076124486670
390915690756734
8237466172913
995657074706470
194270849573056220
84596051943405989
28081769314949151
30998050575414690
961820545889240
0
57033602404024783
8550001153650535
3644161226519559
4174232182889036
675956844084914
8930279942740944
172753508370767357
173933163408294228
5703035658194034
22107532167513666
18111917329920
256650265659386663
1024148355343391
31204185226768618
11289753532969706
59625819109757195
1394506521304135
1595630849134865
109039664452320558
0
3217246667967724
91248950015763733
25717695878241221
46692057796482796
51967169147249603
98614138743843660
5101686845953456
106825761079849318
0
75603660523897
0
1103434709922417
66458390324272462
44495772896516
538629251191751
69284411935901030
11560463951086
119557246241989019
4263076184242506
112493994538608
28035818906417
87935179658437660
0
235388257530719453
5498790051653380
67205829831459366
78215870501175301
100217601080389
26985592694961139
2035245925939430
151110194560183090
171499380997749917
75638182544115524
72452409725424909
143402119781058
5087044429370903
272578487088432
134236943738622477
49737003544372
23839357688783458
64161730001539772
20720228056253770
22642942586397
18597669393358680
204115143537781227
1313218898636626
8876372500513535
8534124067289211
1352090765695431
364185418166175
141933801203495372
13208681625265908
1526904114194804
7180537846037895
154227676277904907
15749266441004512
40961766427072
186587082310838769
11201643024474458
5986347613281008
4913686352243006
229332615025293197
54464667852449048
1512269152133275
219653581547317
89341303806116
106784959017918384
6797272429862338
12504478302785508
498206644900560
638261562956555
544515070498037
1507596894878898
16051572559841867
27406935497775062
3282371250177006
18339758016797382
1245904353554212
36611559707443
266284663691649869
956096651722608
19253121022641999
9664924315564519
90357279391113
4533032430905613
90037911616799711
119015012389437493
95947857184290
17685759685319
178998775832157
741734431071766
7774458574041278
1228118267762
15213447280665693
31020983318623496
4580027579133739
7866016968006027
3649898101072485
205208331618901080
1280419046729316
13446021497831926
21034368986676782
169278999759224526
171124311156383264
276752325559840
227862169776500
1802761229319101
11580740409205512
5035675548406606
159483883024081976
124702650554994169
2981913770389357
732850139500728
81942064405227778
7795355705026837
163230199505132943
166848038056953154
723917038380847
3742980033933461
70900076801713980
103264591943961190
15288755876053
51370844703652
189591403944327981
1648527007604614
17054106101288972
555038289250086
1603764622991687
1160258096830552
1374297923611149
1542942617277940
26069981858443
2089591551106103
0
6140090117233261
605076736918
120203335301116418
85525994382130
136768665121672463
123609525489517
279191112177133097
6410502024958920
259746549763165
356386915607402
144694249850809382
1645122883551054
133684364216011
9701775841215141
258446332532198
123496985383994385
81121785182032334
5805248834909
3016994667085858
178438409880149
426982940046780
21658939981643058
113994702850110045
175643796213551449
1264464488537129
1036386482893668
52912235174774
163229020735081866
180109442063690
59769861346561459
173400547359063924
863668685953157
108413421381235171
7784960675882000
6287221707565843
2798701110969789
1690662492436
0
1230727068
0
18257159099452324
229249649584430119
31151135276235
130185686111276578
183249352565141696
11240440469647835
64763264010412057
153106843058141370
16144904552415
177230615626183519
0
95990359113095408
103748589320738806
33443315987154961
247752086951108584
207182071342211
318177209113623384
163005365002718
0
6343383111088181
11237595106158813
15609468223026990
186336457328321712
4800677974798
4636556981751246
2095892859013219
149615506732681975
146889277565193560
5010182787285308
150829544987186781
18381710263716
6937672737825488
109332244352456145
2412919112456570
106443006489630574
5349645099450819
39400413788675426
3379326713606982
28174615761372938
39751004647850338
259158802559930090
270722400639508519
273746776729800928
868563864164868
19476962104396010
4811012479030176
366540840047902
62475570666022693
73579508133671
7654127147463566
80235608666175786
15764211047131798
34443750237807
191603436283435
681092637786446
14446951823151060
835327551084923
0
2232035478116615
4232623533892542
3998077153204564
7347818018100488
1812088916868429
411620797821628
14086942365276287
2077155403245418
304527149633475
7168176418386308
8217960712990022
94069298645200879
1476113839715149
117670845123378087
29587044588376714
54851821046038498
34640586632970325
90717530009608135
21254383274308539
28240320848651
56772536613060
18617201422741951
126740938478174
1789737949400
5892535824222718
137314980163380
29022610752
3558794582459285
0
8715084424505991
93834866931248330
1263227447224987
724808840760598
129999417886399327
48547286049452476
136252011063362769
115905309554994557
1094383872945630
0
0
12189967037786784
1804926309251422
8254933702169388
130940690019199344
20155979585481750
5462686226955
12999337567180044
1433048951617007
1444616559901002
134710233154713291
16194518435556542
2499799358306563
168718930440881
0
101286666925137690
1268412899786038
93131666830338453
3814585472429
4847048869549141
13443355437031276
15585110752968
123069302026088472
153833790764
58161767955576921
707997393008687
509816143278101
176544815649196
791847696370151
279758312231951
1136807246271156
235368146040154652
1861742923717218
86231586016413
0
117331501723711708
5871921296471555
37193828988632695
3693701123629854
171762327715538622
125818296872031780
3962773914935251
1649566499793430
186257567244786078
1067492899294821
57309617668091
44282632405855432
25446007370340345
21780058768869040
6759022456200296
37557463613089358
6238913084764799
390142781359293
7094303221834912
9752247388273306
869796139129909
103951374214797142
26415659858971590
433335386513896
338707457729
3065840840717504
26010136002960
39840944505895170
1061898647375430
198397112179082
155841570811915
99427541370282256
10556903850778729
6927792622170109
397512711301274
25920463053970045
137170150567277361
826004454167243
4036276025120
10164917994309047
770425397511191
4637160602984722
10782804957726579
237889522179629004
2143539829214975
1716842223450775
8300975484314614
7678029202161502
73971264898802208
108565177191478440
142421321135324427
130989137651925009
14306302657702009
121186523393096721
117622019519557801
5501669702490
281326382442096
21066512067271193
206642799348122162
3317350749249694
530876660595962
74115817684181988
117624044213276476
592688472726514
4474509968490913
2340405300295120
350823449756336
997824831914965
3427401885211384
2946304874255714
343323119747747
9475823210200877
76910293847103
146006647263364862
3669330454588863
123683586125426332
128331108501025210
2109830658164796
33920151549386931
340420767994347
60986892953339479
268972369938231
392077865482649
121798522715427280
2064225103872096
8036102931560
26829004098407290
55910851029819395
1088125934587705
2499679923015166
229214816531960107
6642678505575816
16588257139530216
516459523548569
1518908362079888
33163825361524
19905831487604154
153070670699779
3240935585261999
8721639535421247
1712873053679171
8823143843992274
120331930987364615
64073855381978
332753856049547
9240895639833042
8310635709871306
4821090449050600
289254620536
29401588844773
147634408377030
2717574375990000
7172089460877228
39743768570507666
70061687306733
11432662084898624
18362086615331442
115102835849189234
4898143523731686
0
0
376709648572975
295192693579000
15237388770403995
352077706944015
138797893014487364
600629653726215
1240098145661633
0
1991851798298195
2533564475277558
309940498066830853
80968696836397107
44528394133145373
51671828333979085
717026059060562
272890470253101898
871324314620209
86955199686437989
645493365024482
0
23748547572682481
6929912636024367
23641772071364568
93779208425673397
1643436456172195
2696551933938893
49724559284901053
13738481810696087
1061105844115094
19781889265535722
213944318350886828
5080808917029480
103546315223460254
97108549384127933
26487821849092167
6354664953724322
1649495237260003
1847314551638053
1227922194362788
19658187910606600
0
45353290736636
45217757390589559
5798344946847323
130662113474432054
381749691648803
62383579842028
290854078368106381
6947122529359218
30106516321458379
145211874288597500
207785102634134024
72097840559787401
3558131987325573
77018315530132
60706783611015391
113106072632932
5809628974
29709223724591482
77427811023056933
0
3273222460949159
69271133699727349
19207080750266
508442924834828
2140221312428525
90143164298807
3271267612446652
1965022223839293
108569739589105006
5856023105548586
104304519555958219
0
97223086514235
213550576818866145
0
1115178901880500
5480766475888337
12602700702183994
150310283344033090
364849594873848
1659334576723
7712259078015851
61970859657512
2200813521828493
3593096142641414
1298207491939654
852330921680378
0
7163761559933561
1471835558340158
303288832999831
6716017218587651
13480403289491182
104971656659457236
84977457904694908
27150167324997936
27240317584246
14595852429190135
196532341554913007
1069247077208130
36397940234714060
44675526379241839
110965425523353148
35241691382287
62346192811617431
225768394269131166
8911806656812
53207968062
42365765487579007
2117933810301642
3960770015689957
2470394160022699
2861151771428535
1508493594712539
143146427162052244
311227365859109716
210837154297479193
3669175084035151
183124444698042536
604981813027744
2204477842074656
118357041881042676
1781957365961305
3207120979730830
2797123987870163
182625006424019
308732205445645
3974331195127053
21043286769523534
3188659193203662
249304805209478065
220769480039973705
0
35625070565111
1324766566695782
213438503194707716
198945378435176230
4133531125633168
141403708612609465
12554926585012667
3198266239800406
0
192500794371362436
7035671154204380
19014928277684096
1071014256294903
4491516718038808
3904181413976959
1663133885810212
120321868265177200
166148539105840506
26081212316035171
16070657425428
132108730630637
16707678723200
37195651292585274
182260954689969
58113314334936716
3907124117145528
114024438021382297
29069860437491431
7543047983913855
0
128236248982392295
3675434071158040
165198111915159
580938351848680
162103154635565078
2914877413435649
20685852365797282
129176892036722202
8829679924300271
246114503427806774
7575517598736454
0
2170220184375366
1688288375163
2951339447304
15445447843629958
1703125911423085
47511027403719028
56359047766424906
20367267589839600
9443096971378124
15033365056921004
1984350377504281
53926498040700920
39289220429227
15385447240349103
112874451217549270
2972619077863281
160336744169716167
289172561331240095
44158117452649115
61381756550203658
145202346794186
709736947760659
99873151805285199
634875892433358
46363896369050362
190647829661842534
1643246198612358
1719784759529736
231258380523221023
4115354817267306
61504381354062
0
949639657593699
1390253648547560
275320403868853654
0
1157352649015427
0
238847832204426
407923142873248
46047461426557670
248613126860785196
164483879534804
62666985140943163
113506373827726705
241406187472167
714778583919290
15396374355790
9236943778878352
10797308670643312
14040885099313575
517364701440170
5352000742465587
132640294367915275
4262851921750003
1046598946502005
11060079487773726
0
147274657186121308
206564931107540915
6758988253870791
40717832211862
911640789315121
615880471023658
2456591672729863
12844116242030920
490711001136563
113087234738765530
106670957209282097
129390887975342159
13783086795039907
16572942559396984
6547788264297052
14652562447807162
229237914079750678
80986105543787
4637995118
82296135189078869
2756564192865362
47217897038361243
254623328061452
486635625305173
30957356405122740
322871101540226
3414714929288959
207043976322867
141230575675693193
2840920526727494
22320153882468936
58131788295457121
1679805402908198
3504944119470382
329939704315856
53127969780984201
88377895530686907
630128949032487
65296060776741591
181083974880506
226531396782993
149291954227886963
182521685170059347
2230195307904516
108120740174787262
17895139909827739
77583669096063952
89148242233106
175039314924583945
69571865558400217
192622227631432099
36358359767559166
1786243202341344
33982545314656558
16325208346814150
2574685404041164
30662933960169683
1339529412420210
2473359127837340
33380462905813
53691060983656518
158225106772279065
6419505948946682
141924638635611334
388478105808285
889840239541394
28745403483520991
2269845433029173
998247010015833
80123691649465375
680485964374587
7304254686599028
0
102206377056261
154241712535347378
3145758540202562
24343093903335599
162050401258679862
391713560979140
2332450686094671
18941612244148513
1822189358611910
7563151085508915
107743097870962662
61619434728946
80611545446279723
2046536954407
7290844992019294
21198690214402741
183924600780606875
68442082149035645
4687039081616019
2237466780582
11883730716906880
678952967452625
4087774593246854
113826202298452578
95104557039574
1232923904636915
120701557051788669
90069588800595557
111346488170954630
1938463817133
1014238875650589
216133265960883074
1038623105653128
1442876518392964
11887157199557
282164808635541
113798990389914706
3248494518168182
143767631092026907
0
1619262753462181
63839699460815616
23548215872634
35935974254551963
17539203674251484
118709668876098199
3936252563786488
77619589497197549
204054347375931
114462494434495
545071302536
44434828180566153
118982281671236540
601632260977105
160455110383377
39959869882950254
77962024674893
412761216751538
26202199198037758
15902350854160018
6350175246860528
21755697968308408
176835486173291644
4439180204750045
47294683260781489
160620094576863
1686702930801213
23870507545336439
25727730807283826
2758448203391042
10320187126161535
5013847672961067
89669466153537104
44325209662378
28801353212906412
678158726376364
1290004189608545
147506014043544575
69018161276602209
34044827507449774
139753200924496141
9938746650732
33442817543433770
1400115338878632
8934460685395102
4399845804916435
2755385527433818
5192814503406542
26017982030503
7579609409317685
2257948598853511
8274643201434923
149234461031064738
19369147045149
0
74857774048743779
702077899450228
278798401852807
2156010191457157
0
7356018055541
59988877581410876
55526116969273317
7884454587669933
206771010866786
719128660
206786950471201633
165110288943541419
96332097816168765
0
813092059719421
601880435405841
1984576788423392
222384167267281
5830923716805701
233433358976358589
772885543314840
35737321788300978
1386624055626
104257207782236586
2046043095151151
220040266826868410
757217710084040
36414012378425270
1925932150151939
45044604679664839
21615894121826796
72760618976807082
6492065379203814
2988157248006700
79129110988920482
2418186212313011
121410252004496168
1912786631960900
1806476453745566
36730794075515144
220645317294813289
50634437836170268
64947362259842794
9198997217518475
114256950968759
200125648619067
35933352674864956
2739457986896201
124867755719932752
138742056377137851
2524492752839178
1852926138004520
1518424724120
1455111023041938
54119585726057142
177322540359231
2232102620521285
85700799646914606
79441350577780
36771994327352362
518702631166625
181307477833590041
0
849090911635008
2179563125954497
86543130495515690
32536530568032
360127545258657
11229817068678015
410785610939475
79151761453191719
14723719476086150
2149908773123156
57161431244382964
1486370317142014
9227647774524701
10431875153451083
123178762320098812
1727215957817492
272066771697573396
2484784481709431
53141348425900971
15073565666763864
31492287955458893
3374597486461778
10215585786552373
1864402678331757
7382372986171515
73403208402944
124175032839
154657939021072129
64059083453683562
2229605351123998
0
26925829660848852
595631316020
1710689247647575
2403700156024
33897637992877082
4646218609086956
12526259694033074
0
268550336340996
14974855421428080
50403124004604336
604876903989795
319099588826154
40231517090433664
1117821659687972
299453415323466125
58415246536695560
270537633167552
1480880124663
1598225284986023
7580698181936229
148395497632689496
4902605978896346
184065410009527221
61345692969458
26415689818226289
108549306210861856
3644374572444965
0
70777414321837
2065802925603654
27324553353215488
646831754689227
0
60486378846420618
25254723024077333
2976836632750874
9307671312576892
5003378573185624
88693067256810229
13070979091913474
0
34896144956301475
104572679021503157
149932132401825227
76512524102420
1565659797346498
631153303853752
1375250703491710
89616346393862085
1257068868967785
1412406438834
2782062885339
105055380303197448
24226400791785319
7259550281984935
69377481958728530
164149750184586468
70512847886814555
33334940251072484
772823572432642
67911773142787991
3895556525663739
60092426757778
70576301991349474
3349072929319332
36398511205021526
15061927215263167
15420876896448870
3973945755236544
369480667506854
437495551959980
32722111690383888
66497790647726
20854600798190055
769193259679033
89187049531616801
0
18133778312780180
93125558901021
212120632477461
16343463253717
48654789412601704
17631892452844708
350432517462107
6024332935828461
906915302100669
148543294971895409
3189017348988915
68807949722012
3327740347081435
130316477687062
693368168334848
168559316481746155
119813293265102845
40566385007688876
757716190308415
36153925244832213
134487029778880818
397881631685430
92408031829589860
2049529492604038
1724329672367889
0
4460134971240084
59308162638645864
11048103679973629
2676516528448992
2925707227559461
16366897454301643
275983256450177528
940830546182848
44212245189306791
17190519171554099
550294722003250
183650777619597708
127690091565204977
10447238842761694
80413079351663548
148633158441198
7872274943159093
4292710932341
66354709452602
2956796005408232
2055365208573922
6972313445233171
3812199622761481
140106414338026
51357776723759907
13779633302360
175357297527867974
29839426388304934
99574813388534746
223952360438062390
197562709910126600
2194138195837767
131446274715790593
45216533409201058
26312331122841389
0
76206052769070491
0
5367354087000710
64050757857136971
83610863538414126
133589137816332193
12290112512135870
1227302326074801
11906177886175891
55713902006966181
3683674124909164
2567719785486
0
132530485600616
204437871662150788
10723516156922
20952835668707476
112595254859400718
1577559110522621
47727110805759715
199355271535619704
0
1376947591535477
6902116231130144
72385342491535
0
87476509732044562
632814566782352
15689341681546440
0
21805616142030209
372286812954333
35126081969176847
104016175413733228
193566198459606642
90536992403207022
11556561719775810
11362777452839702
905617860331275
15896673738772291
3002432170008371
3027693196526052
187414641306644
170063857031945594
7462562321411575
24561107118752951
138441144954375583
2286602838059325
33875280582769649
5244808089196924
482053126105955
2411252292331
3874710575669770
12371951199207451
0
17671635400735424
17333405038871533
29747149670449307
66769012821456496
17909558593821058
3291484735262
3901498174164
5124165333615540
126285026545019545
760927863943
40052062408223398
61649507909651406
43527046353427246
2372015082588584
704619781811454
11659486480884892
109914026008507874
2605266338198482
10131416672935834
247784842389752
220945784181485097
9461619230305481
155423144107165418
1214636516601847
16762247729364615
120106323833297164
265527367909123508
272102084401824305
47513075856441764
195966510968323
2222690132566919
0
42263573919805959
14827720775187274
163411410319087357
1904032241790872
26260935073975022
2153672035295023
4627879232740800
4250407703907159
2685548972733982
32976573116032205
2014640156049118
79880953064216841
17729421483724725
4157645364845424
88872161169430753
14888485777793580
5561415968498139
107621334014949623
37102326261046888
22170305226327
1991242978349738
0
24624367944757750
4316798461398504
1937234066255
7856792791996524
105916113196568844
396989449507197
795917389928270
3941030750981395
7840248171333077
46907200828926
299269963305534
123813923033920
534577414901798
3152749428278819
129272327670240
112631057534884426
811342233967930
8285999476401412
91410388809772504
13665601697541363
7453891233714
298327458707609
5525912799616958
1976790050394332
1116981122709342
2749397029259179
145945110984758
7850472198105443
144604257279458479
23726430332840756
3423272254280289
11678388665892
237805455564143962
346696093192534
592380137237888
21576973851074649
1554227804097435
9119626016062371
91371837879350220
34234729388052073
426235299068607
77012049451826
0
16343053913949324
20556777383793
4653963202445738
69615743056211183
106633841986154584
1004824506205278
13224537718678107
62082830489252847
56266280974386
6478765491678949
1873823572994203
892507005202203
3518465787217691
114131336783019798
4008442319763002
134162110057666
1750289193688175
82563787101359732
68994197752255
94783940558868585
115151756562033098
199706888720774
5837733483882192
117402282371509316
0
1487466893789150
10818703315718441
1338765148105128
29573226097181741
114227244517749
7964042142467771
197391785182148607
451340071969654
74756160692614149
87825304457998
8891348941997436
5412447475484255
1525072291290662
1053341667211069
124983624637065244
0
47921990544415761
313295017943796404
44358636279459754
20913160744460
0
149619251596292642
39354925953058205
5658329327464557
72433502605689879
6653648324735744
64884528448177697
10816384949229748
4843677362590200
459447903018743
185202763806686
31508795099014058
323108441161015
108215142839482613
2957604641099345
2188027610560907
35107961045513
116737981263208727
59769066821130137
556100790947918
790383786164067
5827272995710006
92556239465776482
8185239885639907
35556849234843
0
155799303669299295
722888178759340
186492248293093450
162973160190544
198668144600518720
308249791328591094
7045336964609712
278645203836467594
7198326466213678
80052142383977152
37336186028896791
616260275448
6954386370413380
12288386897884329
23054004172615715
956637942119829
51554603328400231
22975291121909
0
84030196322172311
5730471797700
32156910684674513
100430153559188431
5904057874360839
13111547968350780
248567063998727694
88625884921169723
0
10649851699985545
8538744897380
99446253051160796
27605903858317715
1137242671895343
691940508335792
65535912535832064
971866683479636
866554061816216
221436983432696
26066249966318608
2122692888797432
2182755758932676
176084378153263146
168088218393256174
191677001541607318
2798268365579982
1515891122812597
4647842198371916
1128749384803
895710282772543
8569186849458573
1257208096945917
38308756171978066
92558296150600
524282431656007
1286061236763
1642734299784
3198746975836431
92558296150600
969022155497535
4288925169658680
11514976263635
12426099476389
120546608375448713
246816579865798
1142188157862305
61862286055168
179599394753491107
39191340181901441
10097871497139952
218795072292567373
264576460456942
4822235921349080
12079334913184997
1724197440051837
237338178781031169
224567349133184
369561355369970
5738534552103064
5491072398021703
5508086660452904
344404907243639
5875295349320544
215083109385607
69731437720722861
19379946491302870
307619571640770
24044142072955357
117801041977663402
8103207043844
245429493222853
18459486629580629
7273252005803654
227558242389567356
84486509564098559
5415644218477733
13776124313700340
0
72221959396736546
2144037730990982
185734712042569954
86283436476833435
10695628121334787
151712932472408
62929603804154787
4928686483572319
870703309231392
167725746554367
211622169913582
152656419016248180
11792924648321296
88889054231644881
2396121310255113
48389519019923562
509166499550552
67239361355851134
155118278864260357
105519182768114062
62728979392616807
1711202808867617
7384888617952
38042741617710484
70483341565035448
4198800592306103
3455765773990938
236593715783825
69818822564913
504230061888726
9720333721272139
1627635453624526
816550854078854
1732214346273137
691919314912462
28216150992299017
150199182620051720
99612692886997576
14883613338807118
0
5862889798538579
1670393083388080
10833472987691982
85152285557534727
340882156973187
33359780903206990
173995249539188094
60542771421921275
2666725308942903
15732663221734084
254736911342805
32541219309553
0
126184346819744
9972419075698187
2274493642667896
226588880430762582
36001187093578129
488382588447327
1132429189202190
9465618794053837
69229813617721098
55392214022699
83422879541973157
7541161021167
89220024717680954
4442010050464156
813337115643362
0
18004075548464436
6616288191461841
737553642349895
132065077726421566
6757433286695166
312942822554945634
858561017510008
16731993500731739
60843511429560611
57594084464483785
914465297725925
0
220875250427076602
303497821038437572
119594864193613677
49004226894141271
298670734624806
18793470421358748
249389885624779
10162345740571831
27747033101591550
107267728903671
4354739389909439
494322152711631
204106849100629482
29411932784665743
86250018714805129
79622297715789791
5897030201054918
555812630955439
29022184355939
55617419500118934
175803499613107829
1550791333895217
113216527031070880
52893410625394254
8041131732687
272832760395089145
116960787235109305
19860049135360822
138416332177953455
46589611477903235
86367139410902124
22470463296619
556413528338732
103801978008411572
0
875325913005217
10297086704414105
91018649223411261
248148292435820
54064485757915617
11896562712068
13908053455804150
257229213129292652
272043154896691113
63948911991542275
4236133272896990
182255837350068661
56738813566471213
6560138905897811
2154828755030
918805229318268
337640476905799
2180415636581415
185797702505748787
356804770757012
2296926831373408
6551326820552318
2897614878144785
0
61769081105719689
5173467174743203
0
5990980577229
828319452648286
165035134527278
25915073126298
113797707569231991
2040859405719854
19311782055987609
70672484778418
28481711632822762
12368375050735
152400109369415
12815601842130236
0
1778242368227696
177679630685932561
21324427472093075
81452730705572311
0
1880159156694719
11168629695191048
6387627483880051
207244269831558
3442181823762979
399761691530723
102774495304853660
64325042812834
511047091524823
32080925588588759
168496529984122549
26140526058715656
31059950096462
4880145928610750
819511600198514
2441844299993470
151549284660355
911921184188225
10003238749759948
2694717839379722
108451050693930436
7211331741630
51282106962867252
41699959912758730
498075362566114
7710107842111179
140255169825580632
24489570387482387
123418066268358
109678804109576122
9794992274438539
159939233121208369
590734784460405
0
224217277583346
460518310052850
433779603500576
1855323388052096
5345748447576074
573890374257579
198196800089659
13689385058020306
20378376701771148
3390832346529746
541105197515753
8806839329293
1346543685834190
29754543033406839
26199982580436
4697601351558036
42542059782607396
720552346978855
151284418587807556
1379087121399223
3349565788614692
151110486654319
213043192003468830
7024091979472
5514717695766268
7898159759171722
1722716843726429
62701579387018921
2449676981275097
35090166072410369
48423491569381084
0
43416408117744582
8208499375278310
8278249572024
66886029779527
71059328072173078
18087649500105216
390911583690
223748853733634116
16890468912826045
761973549329029
124974579649902
132985802918415557
100367516758862942
8040550625000898
318891716386
196960031169313024
2969705783037289
154093984270343
80340867567061111
319902305874871
1424808770174243
14219269117796855
602605454531035
215800273277273013
7988060300971486
249295820492
1214072251701535
69986888544455
86914469341478685
7464183809650236
998836163299598
8818220441853680
1217570435294818
0
1659503030510236
16560146415272
9579100748005
136707668759079905
3461538022719203
34370253086250827
824849730877949
22832705025110742
5998155634284334
24998074740251409
7374815060370043
83815342786353455
115382753124220601
925865363529538
149777865816289707
37177461658155316
90608561156602027
75396680558327
6700055078490755
6291331077543896
3739591908515037
7557612364346686
8978647643575392
143451406330785616
2013894040174216
558004052600466
96313790749718831
3879585999864
2997479306850094
7485658152862126
7483414315647215
1217649485306454
88424232338839755
0
37001193781776307
259695358964344625
63843299794043
382428074801702
20330399925804047
378586238936
21073602195588543
2817527081526595
1252201726960729
90762717442559211
81064996083684215
10734146650794580
240656520732799
4139526470566461
571652844323482
7624114602432618
7394478165082879
0
44870135408955946
3300317429463
7139586982250399
47223686172752824
42669332833769745
105415281907524
980436641285286
9538067791248826
2253149721931775
74062799471912844
23512434008001560
47848644035507568
3333982190418715
1336423770429656
3700717495623855
7601636873301750
0
2174028281293902
13524033613572780
7161381470428654
88934999747101263
14437667102765692
30173951636588480
1139473197810639
202738406356742093
472540310632091
127368949692650996
1840765301908999
32287470150822383
94662357671947605
0
125074932490677926
250881916406014333
143492635233599
0
648620863198694
25799713518756506
778938108503120
104119294900561360
172440524564800727
2693802854978010
165847669179595882
659600823764014
0
51300762006880359
12576280810974478
533605661595539
171662650554483853
103930718847089
226208512392122992
19184619621262538
140382691951282
59810955348990707
29217548027445
282202575712338
29926793637317402
649652241108
10031043917235698
118358063435585663
191209182602
11681379632479767
389459977751
23855935586614051
5162745851346960
10823648314703738
7075051279818898
2526193757665750
198160611371103
4435877749343874
185152204018160
29527900886964917
82251816053288
126539907243987975
3208429786735459
46427234993577618
2381019954482861
184326805321568918
46182797649623887
5977776701370067
56695572482987800
144783695272415533
138466756477084356
370322848752093
301149201798042
94222301047311176
239956834373323058
57434876576014900
96763150953815015
58280034943229491
14799410227
89552415696879511
3008987868628238
243219559585134842
24965582224254539
85372493808470
8534147372785727
67303427270351894
6623386028549458
84811599873271
2362257110506285
94075977389801558
188463377790305
197906189117298951
107488148732286840
33977817546844689
5512031729859733
95806244762655810
598960696133626
11776471678051686
138119676760355
26220068670288501
3320710584308350
141264546451635003
211255034559654
60424614737578098
0
68642472507770571
99335025614590
146701238868806325
2186955700681582
80322852577196426
1292391196606568
155603079194827
2537038261846748
7357223846256196
1792735887243423
1323026567992013
1823962670659688
6475931317516811
11895036293334668
127851299234890145
26960991134917792
21093900942092
446083766710864
176473290967730729
14678980647381530
195181568514105718
40299702582750081
129439528895469
21018921354721
51604078088102128
165208037902977243
16386792362667650
2446762139169668
130817851817474298
750550137480273
176367304469583882
327519892849275
794257914642802
1325190061891211
3499030744804523
324391249927860181
13224715552437175
407439984296
35176629062456
1874703933668334
17079556254504124
198542775048713173
29792803646010866
167741324502143717
769825556790955
100061261268633654
10827490343446
39340692327154
6552004287040348
90320874043394425
153904993467413342
32100770932378597
125263591330442
34945824783685161
7913484173665889
1659993864077786
463193537744942
113144964248162254
222922801233646
91190186054501039
2027914661651626
20852990338405528
16468390280501498
1268622933582032
54683452941493865
6656224063866042
49698306119410871
28622536960549
38689366723570551
66598154755616564
34803516923556511
95153528735609486
1283741475050596
553992854076246
1172096490037193
167034813267745996
1686264536132052
21713677205042584
44824600673880072
77497405241436815
742107529238
2587448838290620
367134524729830
10554737737080944
604839203293206
47462584323365208
658715012616844
37044298497402040
108421689773230662
5201232453913346
3117313871123
312500515351285751
10423161018305864
164381619901999
11378116238737097
7958047599393729
191647197410067
7322854705596232
0
93824896129516694
4110333862903663
93647434969944929
138436590957189836
44835708338068194
9949667298847711
144001198600536005
32292310041877733
79448617418469437
21447264497820241
54162715466691977
11565096434412113
35488750887742096
19597690063224109
167947264524940522
237350042573269
53488801915571185
103095637349525964
4819268208568487
229808153483328477
5255900597980211
4914112765028182
174039029087071152
752536168962119
107417712724525553
33916216574427
124288122211349885
2065722449717545
1171295880692843
8174990275031
110501119101437192
35191970977356651
22898131114610
3630489571412461
2507430603017335
58365703385713468
0
6155839615543963
31294293646184083
0
2099637116644520
3595724793287896
18847866353034272
52120389453532
88912926361238051
4056468636591956
155639469507704
69624264747770643
8121184266311944
3214488705422715
122111015223996886
67197002335381569
19911109290406
35154729798196179
8922419366232410
33794324823381152
335739114056375
70526740202207365
144519511225880067
15670798243925866
8062176095150429
6990422071730275
114844270068154
11521173215434154
229786730839783541
7198920219760846
141995428006557160
1016534115841516
46207912078
7109528015782367
957219212344874
1220648430426411
33850666436642
50376028083996
48639449979745
267341128985743
120243304289130983
1470804283813896
84579544558718
233497815038611379
12010262931532494
0
466158945372738
16037552279014
8555695523699
42426144805687560
5241026269371866
51633290930196531
8489854072142
182751803953335683
2980351929773258
6554259315860214
2407652972435230
1893220751092922
6470325820824922
3529502629649023
260944943765750287
167057274753898
41937928780101106
4157057686926433
628940184699
39136720100585695
1159196514203796
85588214947442310
98221327812440627
30458061445032167
9405151405436662
166501935810959320
547565647004984
39164160915324599
2837014886152421
207166910395657
55103378915179545
1453626096625146
535490575190400
1288367980115153
142559344988122436
67938268137959280
6606700104652221
167613367230715
82685155993224118
38863829305063660
13432538931520
872380992045212
11000373563127090
88539373934549628
1974611598897875
8355010826371
0
166159257874
0
31674395007956279
129113696680872454
11345965748090359
27162386173051135
536444154459875
91854627430851406
6085897882976970
4558617686096857
8165414738534132
453638665090906
11461031448795
2706808875389630
316697261684493013
217333579427790543
107844302207800281
26331562031261067
81337671879160221
422372834438379
45831617205329
384353775310439
33933636978954
131481697402406666
277237528810747573
109158071066985734
0
412628446392332
39896627038230587
20265899204353386
3026320311350
4429140456777205
5365022615892133
20050406628841280
1601867875892540
16532805943929708
437924075136333
13965454543150642
70518848990805014
122836550443193053
31519623557458705
0
133899375326586101
2523469222276132
132596652340712938
171719691935856320
18804147248458
102709060430591701
219293448437684209
33914634680374786
56052521391407473
60045656930474351
168884673809821663
1392232927959668
1020351698694335
136613449180237
312689317638026296
1266690938136937
133845806806886684
2135596455452288
192763898537005211
260942689627819548
1644305069969535
1557682835043370
8404149607830385
2519006123161847
578522672113476
4065772198434395
24789591004096769
2576375434093016
94664140354980
291861934164218212
98149415750239691
15855297764112
21815215271610568
75206239550831729
239587518489631406
9670163737186086
210654015432722301
85320218918383656
91653570945776068
64782504043663494
2973746428479797
7516912854544068
1222832600812770
2898744620881
316816890684208
124972858608409078
3691043925634001
259798866744438
1150991505072262
11178990596720806
182997707509700
8394944914614406
50836588001089133
4657208229293092
120742372983166798
9641798631523489
10783730807172013
296573055065393186
339637026857929
55981131979901741
1082183196288479
977329086689527
43986521938240131
187428931821011819
158010271892103205
145510514878918571
104993937293830
4969098612351040
100277346373426367
40714535938627485
295210176096207
61404577015998936
42114271823125
83323273129923820
136887544154174
4829318878599
154748598716493337
9021205409575262
169570720828545
25374980394582145
281212179913610095
69556382632615643
197573911023072
10442283783886356
363312705814983
4456334198359424
38882385387653803
1325262124797330
17028165287478233
7259235143241600
12070005019697401
1334077353548332
78760374355642
144546990740783600
169430636425849
5708633337887262
2731643306411851
12035135899495
1605042388537190
400531864565459
28009803826157641
10493838970994648
58933123344570763
47261101973142791
1858242625830
205935135995447009
20951205225225462
334710666718452
2853951838377574
61064257195446699
67358390652
232885474803090262
131578650852499514
1127302816407357
92630649935309266
1633044129876800
13771130914519446
33804420355557466
1201650797882448
23275917935852989
5346854303563027
2621651653226849
2215204543651669
201386968641596679
327562532612013
161459064283816383
385549924563653
7474666364201309
69693690811174
180981164741695035
17244471211867755
290438988917040
16804948485690879
49296259941467383
1705730891900205
164987469411780775
7000731838872343
52374009769279361
336846673414819
99447856278287745
131298841060584895
146994235352049589
2310089205204383
23011870527938535
153159335272919565
15550770585988
19618024265970988
4939761949984021
169288982834855
136238142029691422
207431007742112
13859262994011842
39415240004981018
2240103723735244
73945487234256937
1420287307963344
3234693549990
271388523586078
217932096904387
16188025812779440
30000282313831
39490259790373948
5846798583701360
27569105686605
10481024777589109
665536301822312
962397871370691
81102199961280
3159184163990037
1744254363710834
54277014324402
127227054214643215
6599661892734944
5667104931561449
68702736961054371
9142646645550159
603874093971346
26516003767354224
130608690623118781
5460427715076977
1360785689021567
85616554031480993
45480920218385206
87209416459470
12129827234632008
4291461265722714
7163378451283463
21007247378391572
46806220759599052
12760120124018
24184433479300235
452201697297359
7877569884213
8747298721949535
0
35232356621538474
84859183696890078
153278208030757
12466766605167360
1482734346465224
41673812042187628
233635305093235
211426808652918815
3688631430766612
66906922755126911
4517130647108168
84946232318114
5731641383183510
14973591508365688
14425858330798751
2885818148614352
205346468525551731
0
9109349144732
146257486544854729
263257415770353
6588531932828865
8785468048475
45700267356007010
461909358184746
12705630964132495
14522244693854229
0
470806090062647
1188837281757574
184485734978953
119559765823715805
462849090667118
40693220855435166
13060567203716911
83102080131848358
3471925433873905
3274939328637
25141073964443302
1076861066971723
1115247374206284
1502337422888
80080041856804196
2031690976542284
10267351442219196
28606142896535017
4794883305650249
1397735520242217
20413178868192769
150022740416896343
0
13912044074603503
3910338722131340
14095399257958403
400264776224338
94065275492941258
522784201021325
173509626159572295
98988407088158
20362079340029248
144359883433813
19477265622432274
3360811366288408
33006411650250566
30660497906918
159664916612439573
2246663312806281
20361186086547680
1394381850137008
7734309536435993
79679984640391639
15229446849423509
2964927410193885
99350234581822691
60608682324472396
62023963436751272
86515170279063176
75484972379524984
101260429174046661
28281081714554915
6006394841351536
2157472576443017
2466716524400750
308923967108377999
153815804790978
19454713696821000
1621147923893215
25573548842024198
30303634138966195
3317559316127920
18754506496204714
17983410495152923
2725161136284845
151785852697028
4606220080675002
1514277908125888
458640250857
1565878540595009
313616410800853
31207410729778177
83732001190340625
185592088771962277
1426089897233697
112451333522654180
179062512393638
14913814906792091
20547579278368902
1042980053925851
78598609672
88712484031865921
84352202694
154469836710050
61827426808628902
238813418543516918
11559670320727502
63641925155428275
0
2771619957646610
4136300285903643
200683109948880
2349119437350930
2735232257889869
8854823881861413
210345432148105553
8758223184403809
7484285285822880
190193979146
107301244024143
1441020119100932
244411184079439
190515580761246
295098206120567
2572021032057168
74042518076141943
6629379896209277
5965758355384
1549677777792
249189213946435684
13011181185491637
11436414345103311
9532600039514619
36341606793739219
162005420218744320
1295167918042777
7189545808208
101059826864733335
86174412242036257
819402716690023
178274229744602
222723618951848864
306752467218024
79043394384185885
14646757109982713
91888067897909236
432390374650876
25551108950807
174159602560959516
638602793384929
818788648232331
0
71945089342973256
2158162642362107
507195169101418
96630698845506517
8764629693325607
953057588486671
54443941552600678
57745148662751221
1644966820384762
157977772257839885
315514289090873
41027139746883881
1053829748336209
8554793346565945
43946404085190527
269797704202176376
8851691858124400
95068850086017244
155144026035731115
329125897074212585
4267678588332465
157378572936623760
26085362863069
293030056497297
29434891750701647
54476835296845662
924611077598819
1643513399812139
639786897167625
156169606354975625
18825505095093868
13851334498551507
258866606287078781
2910340594210317
1580598694358471
157842739206715223
9527009878414996
44944527809433
8225293768737306
3287289752182
314345471473833885
106626848354161765
907234320935918
6997593481463831
3902030066126179
95554885054893597
8729791511404806
71287632595911
132556609648719123
212592702236555
3193793514370932
25776383710325971
983405829137464
1046754522452596
1784969967227646
258909141998377927
6553974002613996
208723786911266002
205047463654561289
41476238442873
264999269402303104
6796514072056
134809167048500523
422497407732083
3386308552785728
484103980912327
5670299460561046
25149108074210
17246977928387434
815609874270310
66943925157517812
20916078696575
457199979344
94559627165579916
68482167777019152
2235279726961
140106911016163
96353880312137792
19298222285231040
92360967234483351
9020915382400484
76890258155858
58285479436637097
96315392539436625
427603873704179
94709640603266
52367480252210065
58384524786240618
43649642791299979
23504916706478936
228679817868130
2026156376532547
216940233747705061
1584749936907280
46186406691595732
66500092192961260
3298757244679315
4280147845511
18615342561591820
150156061551063943
5440318217341927
35455352405446396
19392169137433
