1692879052564467658.5
1793122593906571884.0
1861485991516430600.0
1760797795059155285.0
1810925621726955635.0
1832260766356181554.0
1759793691705411068.5
1628290252826584401.0
1787659217653675402.5
1794497443756687653.0
1631662212769772227.0
1830080006402296274.0
1493473629946876887.5
1590996605216751254.0
1825432185405629098.5
1807003074462007957.5
1876988987102613757.0
1850649544771419312.0
1716740327948341209.0
1854792535884005890.5
1757138081467413143.5
1812741909836831432.0
1836664800634731747.5
1668674307957290225.0
1485653801034909688.5
1737218610325869558.0
1727706562952944472.0
1695181732422030820.0
1768750379353666736.0
1571857326225296078.5
1784708616028267659.5
1650987178099192165.0
1791060520230905898.0
1548206432820633418.5
1900005998844485634.0
1891660968078030690.5
1747480567572974089.5
1882377169158914123.0
1635780988743012423.0
1740684695918417928.5
1776466345722842797.5
1741918918044591893.5
1743121166506045081.0
1552312630869853000.5
1809453167308495979.0
1828290615947347515.0
1687633029005863648.5
1465981658940466224.0
1383140914931951012.0
1590368488283551507.5
1650666841351973737.5
1807690005302604886.5
1075683089359314417.0
1556950066231334797.0
1733632485556535457.0
1751731925029830559.0
1920714033233456517.5
1914431538049074202.5
1683215337307526001.0
1527065508284157611.5
1682666209050347237.0
1706188274455712878.0
1838099505392238549.5
1768039572952602128.5
1720882236305818559.0
1660347762838857521.5
1739614958178315794.0
1752663221301459737.5
1746914238193755710.0
1834898060732085514.0
1730921811340196911.5
1780541227205390436.5
1418226428653457306.0
1610229507565160474.5
1880719161434839396.5
1673574573243755195.5
1924241330991095904.0
1701223817703032073.5
1716811522620814210.5
1641412565973568815.0
1730965582165617655.5
1520572362068046764.0
1742899600886395256.5
1705122720203692332.5
1711829480055723000.5
1619412009624059789.0
1755816321161099871.5
1773972946030417640.0
1604721713574693063.0
1555618758356011566.0
1896825990020232499.0
1808501383410426472.0
1739453211172098200.0
1733320286576342792.5
1813773954771586962.0
1621364323545380221.5
1622794767964892287.5
1727570373386079467.5
1882795824498211308.0
1646939067268743424.5
1766381296699870691.0
1494511948845096299.5
1629969763837573123.5
1895350161590618408.0
1833665348889642947.5
1863521134514288184.0
1736649710187856332.0
1824332936906011984.0
1802015235729780600.0
1738670584030856337.5
1804521650858108438.0
1653958635247524875.0
1857657380771302578.0
1623528653313060224.5
1715792293818692238.0
1819458510374109817.0
1523406436032552874.0
1806281120973373200.0
1722917395155089730.0
1845298928346310931.0
1849513395967198196.5
1226006835358953856.0
1610306674775543155.5
1837613665387513151.0
1788920231029635792.5
1318626927602336238.0
1807110787231171444.5
1801611456561581814.0
1894257063844628804.0
1590527862887906621.5
1868824647908051358.0
1782016119525218842.5
540423867738660104.0
1010800551640688355.0
1798431371084030649.0
1718172017812115809.0
1686322791435222040.0
1710768316954748180.0
1638094556348588958.0
1717073658231379589.0
1687663498361859006.5
1706822692163125167.0
1669080019191613194.0
1821988412115080422.0
1767548908270929155.0
1761124405918360770.0
1718572488822214029.0
1738526846041416550.5
1722145227020894130.0
1847916110807543730.0
1715526746933376978.5
927514398996254748.5
1787633646766135447.0
1707461020501589537.5
1757611313859821588.0
1854822369805483125.0
1691609300992738191.5
1751870649729314646.5
1775045841622864644.0
1314382474731165035.0
1887578290773246296.0
1666169555375784921.0
1863270263620954224.5
1132041488586736327.5
1637829815946414452.5
1674128335674182226.5
1527065038239371479.0
1693992166401947468.0
1675533984273779066.5
1755226328173390593.0
1592472620396063259.0
1673749180245066538.0
1763278647114703439.5
1845148782909606851.5
1328500758471742709.0
1882938365743121779.0
1677814844594047684.0
1758261183178445052.5
1737739992290503230.0
1438360802959789729.0
1683654522403775406.5
1504501077972130712.5
1666825021427043009.0
1822539866216004370.0
1816634708239386116.5
1741131226598388974.0
1857572384746541622.0
1643739705633634581.0
1619826086737381172.5
1452693460168687578.0
1808692208090965207.5
1761119097997259957.0
1656594102831915712.0
1804577078907586831.5
1729302242227841580.5
1712124060234784643.5
1700565954883991583.5
1758028122129348602.0
1807807115496434813.0
1758734911995790235.0
1851286745833020144.0
1612174210659157635.5
1474548736105801571.0
1859622787726339650.0
1539167464327765013.0
1753983588642751637.5
1583586367523213444.5
1809531479387568216.5
1688171823670340524.5
1870918577931153109.0
1816775069879732829.0
1886334671953339854.0
1799735215189896613.0
1722719656909407213.0
1818829843778708798.0
1855006000012457106.0
1703971270346336377.0
1819016117540340155.5
1721042668752406408.0
1797665182523477033.0
1762645148578774332.0
1804470714643331599.0
1301415695216578354.0
798456558748807783.5
1812594038505958556.0
1808752333847592609.0
1720670784923997395.5
1117112670481508259.0
1704647095633956134.5
1798380861277438405.0
1788242555333041061.5
1694990152733579856.0
1783006659058256373.0
1683520560033696769.0
1540106655499791918.0
1688526621316574727.0
1766511894892439083.0
1733774948947264059.0
1561163978512987113.5
1836015718305420221.5
1788934321922657585.5
1745191676396859944.0
1876905703367757707.5
1886199065868226683.0
1711467141295155625.0
1889734829737122458.0
1659309190025956768.0
989656650286016401.0
1817129077344266281.5
1623049498374719944.0
1763878909142252633.5
1860745501433512227.5
1794365339776871225.0
1853740636065022152.0
1651646979313318214.5
1558010697155980696.0
1836667008979256416.5
1503578754720852568.5
1872796209960108953.0
1637158793891586106.5
1745334480245455740.0
1652128899253840125.5
1609152177903978006.0
1724278324288173243.0
1716707763297286473.0
1719317705722993967.5
1768180759788240279.5
1661551849106995290.0
1757014655518132695.0
1702077039757495438.5
1800381829317686740.0
1100986014258508270.5
1826449079987962402.0
1589621789626250443.5
1844831071286533538.0
1848061836894291337.0
1754529380393214100.0
1673938386742656861.0
1813110497623310492.0
1342525961825924230.5
1810300145236083023.0
1754328965089350651.0
1804895386059446670.5
1810448414131241639.5
1838317500330307448.0
1667861659081127568.5
1861349070045742550.5
1578277985435380849.5
1630856662298292236.0
1917039675883025157.0
1583329886961735103.5
1637177500745949850.0
1871446823001228043.5
1835733070444364928.0
1841417999358781178.0
1699138011684177192.0
1855194393997072143.0
1845413126734903428.0
1831653819456421677.0
1633914371453740488.5
1806044006925056361.0
1855404294727856082.0
1769928100838967349.5
1530942084822793627.0
1780149345252759750.0
1691696847525288532.5
1785546160176999336.0
1723739824628522467.5
1628305868609410161.5
1696765940582905001.0
1825405664147147582.0
1793751948954671038.5
1701673289906009495.5
1678390369903186422.5
1628563053319581787.0
1858145680964254865.5
1618226406086441672.5
1765566738864623694.0
1741617118133938221.0
1705607155295969799.5
1761743911806330451.5
1822501907161521761.0
1799013173859261880.0
1731197092018995267.0
1574431303019132025.0
1876946680264863244.5
1680182172141034128.0
1778663105249513569.0
1755673314994913814.0
1754706904715707389.0
1808782087668117150.0
1336678156806906330.0
1712617815728779170.0
1194834326720057941.5
1772667591847659162.0
1564222480085874871.5
1756199022374659154.5
1609084880820298996.0
1848053985434608314.0
1737652066660294505.5
1758379507448252179.0
1783201233661530866.5
1693867088215878697.5
1789145883166672062.0
1023998006575441130.0
1749855919077392418.0
1911622825997057814.0
1565673519761491512.0
1780429976131334069.0
1708545416593557052.0
1581094849875311578.0
1753561794908369890.5
1838372019959040715.0
1744832862820681547.5
1765275465768767071.0
1806556391244845555.0
1318852622993101000.0
975637315925827929.0
1738001152292477020.0
1701467055913156268.0
1571021905771186179.5
1838456962959226665.5
1113861797714388282.0
1785854330069435606.0
1841575434179195022.0
1765867000510596092.0
1838015105277470905.5
1852580480480739658.5
1784687898356540412.5
1846238448631839447.5
1842480026097241634.0
1868502670135614019.5
1708308126414581998.0
1894940861566691387.0
1777135203567798534.5
1868055254181754093.5
1704506292805968197.5
1732112693516370478.0
1879544205026697947.0
1847923383159841129.0
1400439427006962797.0
1831506804456662835.0
1761232710678555710.0
1832512932225973309.5
1831580985827722558.5
1823903670829797927.0
1558194368182493550.0
1828364215830567833.0
1649594288041930058.0
1834322553979582724.0
1656303819633763069.5
1822715246313379740.0
1415921251015825662.0
1864172929058754280.0
1860085029224235546.0
1841611801041360466.0
1756761338498942925.5
1724708874507651382.0
1731235574397335737.5
1525925443447536450.0
1791685971054890092.0
1694578942901086168.0
1710833063575470957.5
1817186526773758227.0
1718443139608631817.0
1841858859980201418.0
1382552673397851873.0
1725267945315699600.0
1718565774756853781.5
1676280944421098675.5
1731556773853928873.0
1770440449484705197.5
1823157096541438966.0
1581143985550458895.5
1779847985403450328.0
1555919268282357249.5
1789269596121703221.0
1732317906853773314.0
1871404878673095256.5
1640195040502144208.0
1828156832838083269.0
1466180998001736656.5
1775231672975842335.0
1534021136998185204.0
1841791125867173659.0
1480542924309510276.0
1882576238397129443.0
1756835733676704334.5
1582358528629009107.5
1081593088020269999.0
1557768904832056443.0
1697420617130674344.0
1437681292536036529.5
1833255191622034189.5
1723821831801885585.0
1792147535510716349.0
1735779350695744176.0
1667859511587443037.5
1858713172963530152.5
1813498993602342688.0
1541769935259220116.5
1821604166731257372.0
1564893179183884480.0
1599123561183443778.0
1922540887937454585.0
1804830931832737213.0
1639876973040238426.5
1870577986483480897.0
1770928958868322428.5
1729335425435632924.0
1662394785342716764.0
1766736338033612375.5
1835347346579419243.5
1574644035798046976.0
1852032003405368751.0
1812952886643637490.5
1744985255252054561.0
1598985573095503823.0
1101393059814251184.5
1836239734320164166.0
1806515349091635493.5
1803172029951313435.5
1734761240154481293.0
1824023629783570488.0
1780967732319544261.0
1759902685050263742.5
1776428620082977340.0
1690644467446252944.5
1806022441038586582.5
1790031420559243265.5
1782403512233737274.5
1430357934835441952.0
1801432878094561524.0
1782927085317774090.0
1823481280527351904.5
1882634584513911850.5
1841627113191384869.5
1771270918091594792.0
1630319601045717761.0
1804230079585257965.0
1847844830149446596.5
1837359546087111946.5
1567951658869675779.5
1774974494851380829.0
1660768231571010323.0
1789618997635543546.0
1666271958372612487.5
1756771170555993854.0
932723393562445656.0
1464623368270215246.5
1496237902732654458.0
1580312696424969231.5
1741376593904150351.5
1585076749565509477.5
1792646950592927885.5
1634364739960908566.0
1732827828780290084.0
1885035886435610868.0
1857644826886371058.5
1828888115909596462.0
1877529537488038203.0
1754335237987186049.0
1842885808187568202.5
1604554523904530596.0
1293132410459250142.5
1701269618236003546.0
1731076898454823558.0
1820330455770872825.0
1963454052359499612.0
1520433849636657757.0
1676773650997892584.5
1854139435992129741.0
1793503722081562057.5
1753813839881552989.0
1812409336888679991.0
1777869081273512356.5
1810289546432246315.0
1610527144634684474.5
1837907731016862606.0
1379249335483596144.0
1850428969338964150.0
1904499674848852471.5
1724946289457130705.5
1635707823118298059.5
1855294123432207963.5
1801733984347749952.5
1681099931725860385.0
1323717375353144700.0
1931766912987827962.5
1752396747478433272.5
1789537663734308908.0
1836147769635233324.0
1805518390085835034.5
1765361392119788886.0
1653531427550668975.0
1804999573985273975.5
1766763049030734354.5
1650260506944429457.5
1791830327748529422.0
1729036288658136048.0
1747204821163481732.0
1782050757330385020.5
1664872143698076708.0
1874081709276510624.0
1699281915319541508.0
1479187807553316168.0
1791476787341860700.0
1694244098447932571.0
1859588399394305515.0
1692058588442820431.0
1754489989540400295.0
1726689156517105651.5
1688281139377409349.5
1865609558493146751.5
1767585081531552182.0
1656162375417525592.5
778331863137386567.5
1755443803008501011.0
1572681198818438110.5
1633880546330720032.0
1841268063957320495.5
1611461904978269956.5
1853881624544816298.0
1874925822458517177.5
1819294357656488250.0
1375171989040822802.0
1818927269458506230.0
1551057929503103672.0
1559165608309898864.0
1776026460929975188.5
1687509719173560303.0
1896531951416332277.0
1833789607527923716.5
1663393734752252414.0
1784006993804065376.0
1796884620826660373.5
787701427637342409.0
1673656826752014394.0
1645113683133570006.0
1785019020972746571.5
1767193766259470882.5
1161457113957952877.0
1848416375518397282.0
1636068292071546920.5
1667260195408911206.5
1876678527111303913.0
1602723130869964673.5
1786474034536468945.0
1781272962342621830.0
1771311436933293441.0
1795808665846059145.5
1900236553063472135.5
1578936162089538876.0
1768951613900756450.5
1767099068647679022.0
1860865102009449439.0
1464575271949416817.5
1661820133662371358.0
1586552920352381019.5
1824375182260315564.5
1793148146263210310.0
1556937953330199468.0
1423087573170331761.0
1894897896715083813.5
1843003886569181727.0
1547161115677883900.0
1352826701039743865.0
1676460650864962908.0
1721625123605400105.0
1460430001825345483.0
1783820007839722752.0
1799252949246287800.5
1748042462966917207.5
1324036590205079174.0
1780575838578724194.0
1820556390713507070.0
1876681065712286566.5
1493462508108618951.5
1727033826379679911.0
1612241116379870133.5
1752101680708420286.0
1546998770872084420.5
1688531205973471515.0
1426195757939900669.0
1820965407291296734.0
1571446873621225905.0
1837475890638005916.0
1818765013739792286.0
1795980083299769561.5
1875972129089566823.0
1664076638045257615.0
1724543202808873287.0
1603138791145354482.5
1791062588026634875.0
1691392180640914233.5
1541266500711428511.5
1665169892662790390.0
1952824494390768247.0
1723814416172958141.5
1867858688576172563.5
1701091233910362598.0
1778472524775653318.5
1776409272011043881.0
1686413221448617311.5
1621447874078457898.0
1606139511656121564.0
1776272601837848138.0
1704880365715705472.0
1844650423315322551.0
1759773080730913963.0
1830889480755193372.0
1479398998501625659.0
1714278816946188690.0
1733757393084364064.5
1743260869570602717.0
1720359328920232896.0
1009013250292342678.5
1636104133501434065.0
1749321883007288024.0
1855692962627914618.5
1766353046600223242.5
1829717161709150719.5
1750054263058021202.0
1562872577247278397.0
1590788382593293090.0
1708928017190967073.0
1474888766987390544.0
1550167553797876896.0
1529275951909060992.0
1478939563569608593.5
1393108692719025892.0
1728382939908515767.0
1852685296855989687.5
1466811081627417444.0
1721528564933814607.0
1579071751600066905.0
1783319868018938012.5
1611731300735248880.0
1844120361961867609.0
1685227084506946414.5
1808813831705052473.0
1733870022207636656.0
1748046875535905062.5
1396479790881969926.0
1567208525414871729.5
1645747460799402935.0
1723704212117569039.5
1658949333854044895.0
1501350841230740246.5
1722891933908863863.0
1642810022951274325.0
1835797586110472268.5
1480271209732176588.0
1880783923544446146.0
1738209719734405475.0
1607048018198889641.5
1848036931585064850.0
1877716894917436039.5
1866613270648003519.0
1507054331367410074.5
1848520548677688497.0
1150548176437976208.0
1496837566344405156.0
1841692710978153163.0
1641392146641874643.0
1839326613584267842.5
1886691877146822403.0
1765142988586095468.5
1653405692536527636.0
1666470141860125975.0
1737765079882412258.0
1665506335027280641.0
1845332542386648572.0
1788339678968035483.0
1728491545608818720.5
1696326508748814886.0
1809789484522752482.0
1769656978868263902.0
1867598980592376473.5
1821834014178055051.5
1381731727044302135.0
1675486758760406019.0
1733393532870783331.5
1263594364656997176.0
1784695068405386556.0
1607118325793977346.0
1720374763425802055.0
1600327315361713454.0
1793487480751088208.0
1857727042976985982.0
1643796119131332180.0
1865436355689479133.5
1857592618280063776.5
1879177099036514242.0
1593498416939314535.0
1736210505410268800.5
1947266712046217841.5
1653259607665246499.0
1834416064815279180.0
1755632685030075560.5
1267146140026497288.0
1117483783285857551.0
1811785279636590444.5
1655668059170474654.0
1737959986660169740.0
1766258933085788280.0
1760788042514903571.0
1679810572501076669.0
1749623674042235139.0
1678411677385562697.5
1294634296186806352.0
1601821928941532680.0
1872083460617935084.0
1728360999072157204.0
1691342615066802993.0
1655036363766917915.0
1869807328934897726.0
1659924780691809654.0
1829324697922502643.0
1825698693268769612.5
1872446098096172192.0
1723715681120917852.0
1616532437178932075.0
1787906158848927978.5
1710923261938551620.5
1730246935010896381.5
1701015651356195922.0
1609610978300865906.0
1575572712481623980.0
1654609083213179342.5
1675372522992372096.0
1626232251242049570.0
1497025316652444839.0
1772950213387063042.0
1760159496664043856.5
1762886474704200533.0
1710690042312881235.0
1531539269028303060.5
1683777783379337691.0
1699285698230424079.0
1905949272075021381.0
1637042292705363893.0
1884694274719178334.5
1817885954736081099.5
1772047026382966034.0
1475979642350934596.0
1631646485931586853.5
1712595046465139526.5
1772476720661985357.5
1870335017005971001.5
1721689456793185949.5
1735334349401501807.5
1505007357214055926.0
1439177851570964386.5
1728440649302592770.0
1683967328239555075.0
1866495337432323009.0
1538797560002400959.0
1907531316489954999.5
1339502431511290163.0
1846121534945463443.5
1558387837021794077.0
1697829184233628166.5
1934261649292397964.5
1860929204193803583.5
1799068055906691948.0
1884513734890201038.0
1427175553365246065.5
1788079875879906113.0
1720535195091347049.0
1411666430332584711.0
1788434076996221619.5
1774724059239942549.5
1872634081750921673.0
1798136742596149772.5
1760761268493526698.0
1735594961283563689.5
1585048485836218419.0
1713322821881042851.0
1571482967123969317.5
1661581493586725741.0
1747399276284505966.0
1762752010837352221.5
1747891126555379178.5
1787454883630785641.0
1850001624063188035.0
1851614559714941398.0
1831224667353866724.5
1835380961190411121.5
1735623125242762014.0
1896729975804537314.0
1692938360171348923.5
1734813493988598802.5
1737676402700542973.5
1844206789651533536.0
1900892405333829451.5
1595489617552752522.5
1808309887049794941.0
1686834856531737635.5
1730903141622164748.0
1519368897293761684.0
1705624641286474061.5
1515038061357907817.5
1678085337607714162.5
1842901344053925247.0
1806351397580734530.5
1762813916549949974.5
1877526058751441457.0
1755836163137296904.0
1648125520618446711.0
1679436061270721682.5
1731878784008191262.0
1816013448415461163.0
1724268494766797437.5
1557681117353647020.0
1653836687360802059.0
1459196409959476113.0
1800921594847949794.5
1604951413305848341.0
1822213790288300591.5
1345371782920440093.0
1837076366940989125.0
1897249015882643484.5
1582014454881834434.0
1801472930618268774.0
1774572073715483499.5
1747299314005611497.0
1543247976063006482.5
1787023269796336615.0
1737626201526364101.0
1055938935952206238.0
1673233161765997944.0
1559066430700383048.0
1722434258647912023.5
1707787936187093396.0
1731620396374825650.0
1842680937391780236.0
1834273041113003480.5
1817140543531382240.5
1731834160778290779.0
1707110645423748360.0
1759976701830719740.0
1841472263438800550.0
1724175894364643527.0
1828552655089560473.5
1902256576463862225.0
1772583230024698425.0
1849147078699535211.0
1407678865518469795.0
894090794816366313.0
1704589360033691037.0
1755826292726062962.0
1884898110038462325.0
1738394662752595636.5
1851837379650379839.0
1800989028291193764.5
1612191183028214091.5
1149330874430324767.5
1432232873639751363.0
1385116064849248316.0
1584663418635418246.5
1165691306524341324.0
1816249790380456648.5
1646600929786327060.5
1798165217155373020.5
1886613392141470800.0
1711251592756952089.5
1708294297444186983.5
1759780443341472994.5
1754296476048484872.0
1590343883424405856.5
1711415040827577080.0
1764481265065571685.0
1546902511512779549.0
1676866289831854276.5
1845266020788763615.0
1608182887439922101.0
1826778638373484226.0
1711612706246442466.0
1739454413863913726.5
1740117931059637168.0
1711045068681753773.5
1729016313650076732.0
1827582849487829981.0
1562738784630616382.0
1581872173970287396.0
1746987275456423137.0
1642916439247906847.0
1707005353749535702.0
1630816040087941542.0
1789013435176495031.0
1832333706687858299.0
1905045726555216772.0
1792346268797792248.0
1752201762725515257.0
1676007374214781819.0
1544454847017685961.0
1853315823702182261.0
1536365024384696579.5
1797039127098808209.0
1714095578848239571.0
1640637506701153394.0
1524223652878903714.0
1764294423455143552.0
1749740222721277522.5
1694002139405594428.0
1588797905133710675.5
1824875239403804996.5
1489211239879772264.0
1729485868342443332.0
1680065426324950857.0
1585372628459007028.0
1744459733032112653.5
1773876177319291258.0
1792993611197437331.0
1726235714509264125.0
1670826957021707905.5
1837901341750834824.0
1441543629647184243.5
1831180639164302522.0
1813140236134951105.5
1481913843069820219.5
1892987856142887369.0
1857079945538645397.5
1769736783550575456.5
1817294906482100551.5
1605294923467460400.0
1801058585377050183.0
1614961232335521532.0
1674519403622667790.0
1253961113363157515.0
1390507884664128588.5
1666548909556057361.0
1788973918125638400.0
1625916524094524469.5
1712552233235308741.5
1690616539856767866.0
1706497551599716104.0
1699020298801296681.0
1835872214052155201.0
1556532397361494441.0
1823155150893406704.5
1818936550504130301.5
1678864263156345420.0
1789230215408128051.5
1818577879353652924.5
1861721595443385308.5
1857436762410638100.0
1692922505645039046.0
1767189031160335751.5
1822333525339529900.0
1817967346083703830.0
1650808114396669101.0
1871007601144862820.0
1558866090880701697.5
1964090051188840404.0
1636309739707661457.0
1838772970260387484.0
1652048478685513875.0
1706320424888242582.0
