10
200 65
94 51 37 68 155 168 20 173 189 105 151 169 152 7 110 83 158 27 131 69 80 124 145 39 16 85 176 167 25 66 135 193 156 171 157 188 47 181 6 22 42 73 162 146 1 113 142 33 174 98 132 13 179 166 127 185 78 96 41 46 76 160 81 56 154 28 12 198 91 53 140 31 48 36 64 58 192 191 134 133 163 26 196 9 149 87 89 199 117 50 35 115 139 32 45 116 184 178 136 70 143 119 102 93 17 170 8 128 61 161 90 40 148 82 118 197 14 77 159 130 138 182 109 84 120 141 52 86 34 74 104 44 21 106 18 72 57 43 10 147 24 153 103 108 62 65 55 144 79 95 15 49 30 194 4 126 97 111 23 123 67 164 38 183 99 88 150 100 186 59 180 112 125 60 172 54 114 11 107 195 137 122 175 187 5 190 101 129 177 92 3 75 121 165 200 19 71 63 29 2 
200 2
151 129 104 15 114 147 58 98 40 49 111 60 75 149 8 59 86 154 199 34 88 140 70 195 7 175 32 120 11 54 136 196 43 192 21 191 173 51 174 107 182 179 95 184 138 96 126 160 125 134 143 170 2 61 142 99 186 168 177 133 109 144 24 158 197 185 12 145 172 152 45 137 148 163 3 83 178 155 57 108 37 47 4 31 46 156 20 103 161 194 118 9 94 100 82 122 113 116 139 42 29 164 55 68 188 84 157 171 65 193 128 117 169 127 62 73 1 25 187 87 176 63 91 44 165 38 101 78 105 81 190 130 18 135 153 166 76 27 74 131 189 14 35 5 123 181 50 115 28 97 77 141 106 19 16 26 72 52 80 64 6 69 66 124 180 17 162 146 85 93 102 132 67 183 53 159 200 89 79 112 90 167 41 110 23 39 10 150 36 56 22 119 198 48 71 13 33 121 92 30 
200 4
38 43 181 35 46 108 126 58 113 31 107 45 16 172 52 71 44 74 78 93 28 167 64 67 34 54 187 30 159 138 112 33 98 129 57 191 150 102 19 61 84 15 170 1 139 188 75 111 133 91 196 119 32 13 199 5 193 123 130 79 97 51 40 68 96 101 134 29 157 176 82 69 197 55 161 174 90 26 89 149 27 92 21 194 141 131 94 115 137 124 17 182 25 179 22 65 120 88 14 24 184 7 72 168 80 99 186 85 23 36 10 81 169 39 160 109 135 63 114 148 171 180 42 153 173 183 4 62 117 110 104 47 105 9 200 59 122 136 103 73 2 127 116 154 198 151 144 142 48 165 175 152 177 87 6 8 20 162 83 11 76 106 60 53 156 189 118 163 3 178 41 12 128 146 50 125 49 143 166 100 147 145 70 132 192 37 66 158 56 121 190 155 195 86 18 164 140 185 77 95 
200 6
37 107 109 36 140 44 134 118 163 83 173 1 6 12 196 20 67 108 166 183 172 95 77 22 98 130 135 93 88 155 14 197 4 96 119 178 161 63 192 114 92 7 19 184 162 97 174 117 177 104 149 47 59 53 80 39 99 41 194 179 187 186 101 65 171 40 89 26 165 112 13 106 31 85 153 158 48 61 32 190 144 139 168 188 137 148 141 34 182 170 138 185 71 54 60 35 103 200 24 70 146 128 169 189 55 152 74 151 164 167 38 100 57 131 154 123 133 69 191 199 175 157 87 195 150 110 115 78 15 198 25 17 143 111 159 62 176 46 10 120 16 11 113 90 122 156 82 129 66 105 145 27 5 64 81 142 49 51 45 68 58 75 127 18 132 56 8 121 76 94 160 72 2 116 193 136 102 125 180 9 42 84 43 23 79 181 86 73 124 21 28 29 50 30 3 147 52 33 91 126 
200 104
160 37 98 3 143 168 42 40 48 61 14 107 133 16 105 32 91 85 88 63 124 188 156 128 55 15 174 122 100 165 138 29 73 33 6 66 192 159 27 109 196 90 127 47 115 134 69 35 189 26 153 182 92 145 39 131 62 157 83 101 121 80 89 108 175 60 104 79 96 99 76 119 7 2 38 130 111 147 150 164 20 18 97 120 117 199 94 21 59 195 194 136 137 183 169 28 148 72 36 24 30 146 19 65 152 44 77 8 87 155 57 22 68 118 126 193 54 1 64 113 166 78 180 74 50 125 177 11 149 184 176 82 186 46 67 129 56 170 142 86 17 45 10 52 154 135 171 172 162 141 70 53 190 178 187 106 93 161 49 12 31 13 185 158 51 110 173 191 71 116 181 132 84 102 34 95 41 23 140 112 9 151 5 139 200 198 75 4 58 163 197 114 81 144 43 123 103 167 25 179 
200 32
60 108 113 129 69 51 120 170 37 21 81 141 34 92 147 31 118 55 106 180 116 54 6 104 174 86 178 11 167 111 65 62 35 127 73 193 39 151 98 12 49 168 115 61 15 121 194 27 114 63 181 159 199 68 197 100 184 56 156 146 137 103 87 75 48 173 101 186 9 175 58 138 17 164 13 82 139 160 117 23 24 77 3 97 53 145 16 188 183 30 43 150 105 4 195 166 142 169 41 154 28 161 79 66 76 72 85 182 176 132 171 126 192 2 200 29 89 95 64 94 25 133 125 96 88 102 130 1 107 172 36 162 46 112 134 45 22 26 109 187 190 140 18 33 20 42 179 40 155 99 90 177 128 135 84 83 191 148 93 91 50 149 67 71 143 158 157 152 38 32 7 185 5 10 110 122 198 78 131 119 44 165 8 196 80 144 47 52 153 123 57 124 136 74 163 14 189 19 70 59 
200 2
166 165 56 156 66 45 42 107 62 119 2 112 197 31 124 83 140 167 181 176 4 148 86 116 48 182 145 26 149 188 68 32 27 141 11 64 74 5 37 65 72 108 168 138 35 106 51 162 39 127 130 47 36 159 28 160 157 189 174 17 76 81 18 89 3 12 200 109 170 92 164 7 179 146 6 131 97 191 183 98 150 30 143 46 23 8 175 100 117 184 133 20 77 161 78 55 67 178 193 53 113 87 126 171 102 196 192 13 88 29 173 1 177 99 15 95 38 123 44 172 70 71 118 139 84 96 82 52 49 19 94 50 85 185 152 195 103 21 151 135 154 155 144 73 136 34 153 41 63 187 101 93 57 110 33 199 129 90 10 120 142 104 180 186 43 16 198 79 24 128 9 137 122 158 132 75 194 125 14 25 105 115 147 169 91 60 80 58 54 69 59 163 111 190 61 114 22 121 134 40 
200 6
99 164 59 151 133 40 117 46 89 100 51 166 16 28 56 68 199 160 95 194 168 108 29 26 34 124 15 162 170 73 189 105 152 24 90 101 78 32 83 169 70 159 195 185 30 61 53 64 192 47 98 22 143 127 11 193 39 120 178 62 142 71 41 104 129 179 5 165 2 114 7 35 76 38 174 84 182 138 1 196 55 45 75 106 131 149 27 52 21 156 161 54 44 86 63 79 172 112 91 93 60 139 58 10 37 198 97 123 147 175 74 128 118 43 94 125 110 171 158 14 176 155 146 150 81 69 77 140 65 96 20 173 92 6 181 31 153 167 136 116 141 85 8 187 134 148 33 119 184 163 18 188 191 36 13 80 87 144 135 23 67 177 200 107 121 154 132 103 190 57 88 137 113 115 42 145 12 17 9 122 50 4 109 126 25 197 157 72 186 48 19 66 180 3 102 111 130 82 49 183 
200 123
164 184 180 67 9 78 29 31 79 95 107 106 76 158 69 4 103 91 169 26 142 99 50 166 187 139 179 191 122 14 113 46 123 186 65 1 82 110 163 5 54 30 127 93 182 134 151 114 35 155 86 97 2 196 181 96 3 175 197 154 13 32 100 39 190 138 24 94 49 34 92 167 64 22 48 130 85 47 33 198 116 194 148 68 84 105 126 177 192 20 117 171 38 162 143 98 153 188 168 135 124 81 23 149 25 174 189 19 62 53 141 165 73 28 57 88 115 89 21 90 41 119 146 120 61 11 140 60 183 104 55 145 40 137 109 37 152 17 74 80 36 195 8 15 59 176 147 133 200 112 172 66 12 108 128 161 156 75 83 118 144 136 6 121 44 125 160 102 72 42 27 77 16 70 56 170 178 18 45 150 129 111 7 58 87 10 159 157 71 131 193 51 101 173 43 185 199 52 132 63 
200 116
133 102 73 84 35 139 61 82 129 130 6 12 103 53 112 144 64 45 185 96 58 54 86 52 83 153 15 178 75 11 197 3 22 180 29 49 68 33 135 160 114 158 166 155 32 27 72 38 175 176 92 121 85 106 150 55 127 79 123 59 62 71 189 9 122 147 101 23 30 117 165 199 18 91 163 43 194 156 19 21 76 113 190 171 179 110 98 7 67 25 69 192 164 93 65 10 90 182 120 89 118 154 104 80 196 78 94 63 184 28 44 107 146 195 173 140 16 56 97 188 169 151 198 148 17 50 187 115 37 128 143 109 142 167 131 149 99 100 81 183 145 14 74 193 200 119 152 20 34 116 5 88 186 125 159 137 47 111 134 42 46 177 4 174 170 105 13 77 136 172 51 8 161 162 124 26 126 191 31 157 2 41 168 138 95 48 70 132 66 87 24 39 36 181 1 40 57 141 60 108 
