31
100 116 71
80 7
86 80
52 86
9 52
33 9
40 33
3 40
32 3
91 32
81 91
42 81
85 42
57 85
82 57
88 82
92 88
10 92
84 10
67 84
17 67
48 17
45 48
55 3
60 17
23 55
75 40
95 85
96 23
36 91
15 96
25 81
12 42
46 95
37 91
70 7
13 12
5 36
97 5
18 23
2 67
56 91
71 55
29 32
89 71
64 60
79 9
90 52
19 48
14 32
26 67
4 67
6 84
54 4
100 71
53 12
24 95
78 71
94 57
50 2
58 57
31 12
72 89
30 2
76 80
77 70
11 64
87 91
61 26
38 67
28 89
74 57
39 14
83 80
8 37
35 5
69 54
21 77
51 2
68 58
22 18
73 69
20 37
66 58
65 84
47 6
44 18
63 68
41 70
99 73
27 42
16 13
1 42
49 10
62 30
98 85
43 80
34 18
93 67
59 74
3 3 3
1 2
3 2
27 14 9
21 27
16 21
10 16
6 10
2 6
9 6
5 21
20 10
24 16
14 10
17 9
19 27
23 10
11 5
15 2
25 24
22 24
4 5
1 27
12 21
8 21
26 2
7 27
18 20
13 22
3 6
13 13 9
2 1
4 1
7 2
10 2
12 7
9 7
6 12
13 4
8 7
11 7
3 1
5 2
5 5 4
1 5
4 1
2 1
3 4
6 2 6
3 6
4 6
2 3
5 4
1 2
13 13 8
8 10
13 10
6 10
7 10
11 7
2 8
9 11
4 8
3 9
1 6
5 13
12 4
13 19 11
4 6
5 4
8 4
13 8
3 8
2 8
9 3
11 2
12 9
10 9
7 5
1 9
12 9 8
9 4
7 9
10 7
6 4
12 10
11 10
2 11
8 9
3 6
5 3
1 7
34 56 33
28 23
25 28
10 25
26 10
14 26
3 14
11 3
29 11
7 28
19 3
32 25
21 25
22 32
15 32
20 22
18 15
1 14
13 23
9 18
33 3
17 20
4 14
2 28
12 23
6 20
30 20
5 9
24 33
8 13
31 17
34 13
27 32
16 15
13 13 9
1 12
11 12
4 1
13 4
7 11
3 13
2 3
8 13
5 7
10 1
6 7
9 13
6 10 6
1 5
3 1
4 3
6 3
2 1
50 61 38
49 4
43 49
24 43
45 24
19 4
50 4
37 4
21 4
16 45
9 19
39 4
2 50
23 49
25 16
44 9
47 19
36 9
33 50
38 25
22 45
6 36
18 44
34 38
5 39
3 34
30 23
20 33
26 9
27 24
35 24
40 45
17 36
10 26
7 22
29 34
1 19
11 27
41 6
12 16
28 6
15 16
13 39
8 20
48 49
31 41
32 3
14 5
46 6
42 45
4 7 4
1 3
2 1
4 1
2 2 2
1 2
28 9 7
2 10
12 10
13 12
18 10
11 10
7 2
27 12
16 18
15 13
26 16
23 26
6 23
19 6
22 16
1 18
28 19
5 22
3 26
8 12
24 16
4 28
21 28
17 7
25 13
14 22
9 4
20 16
3 3 3
2 1
3 2
3 3 3
1 3
2 1
5 7 5
4 2
1 4
3 1
5 1
7 7 6
1 2
3 1
7 1
5 2
6 3
4 1
3 3 3
1 3
2 3
3 3 3
1 2
3 2
8 9 8
2 1
5 2
4 2
3 5
7 3
8 2
6 8
4 4 4
1 3
4 3
2 1
6 7 6
1 3
2 1
6 2
5 6
4 1
3 3 3
3 2
1 3
3 1 3
1 2
3 2
6 3 2
4 6
5 4
1 6
3 5
2 4
2 1 2
2 1
6 11 5
1 4
3 4
5 1
2 1
6 4
6 5 6
2 5
1 2
4 1
6 5
3 6
