0 4

203 291
40 142
3 57
45 3
117 144
25 179
143 123
40 13
110 151
10 168
199 86
48 152
185 46
99 103
146 182
95 7
149 108
50 169
171 124
97 25
93 62
36 133
175 19
180 125
36 158
177 47
5 165
35 153
73 166
147 126
77 21
44 194
147 132
81 110
175 130
66 117
59 154
23 140
114 175
2 48
157 202
11 51
176 9
96 174
9 66
63 181
91 36
28 107
93 12
21 15
191 201
78 53
191 97
69 78
195 89
87 76
133 198
102 49
161 129
198 18
75 64
29 115
189 138
107 200
87 14
76 34
154 113
170 60
15 61
174 177
142 180
43 79
23 32
113 114
165 56
155 82
37 157
109 116
137 197
32 122
62 139
199 150
124 38
9 119
35 145
127 44
69 75
112 164
190 186
181 160
90 171
163 199
166 17
184 120
49 85
8 80
109 59
81 193
172 99
68 69
173 24
188 156
138 84
146 23
167 88
70 11
181 105
110 83
18 6
82 109
24 106
135 27
18 183
160 26
71 162
167 143
173 50
30 10
163 63
114 118
123 147
90 155
98 191
89 20
49 1
75 100
140 73
22 173
168 5
198 40
41 134
120 187
120 28
192 196
132 149
123 42
196 35
95 121
35 93
170 71
201 65
19 148
92 68
70 184
16 81
102 94
37 178
48 104
137 33
50 98
44 77
113 55
102 58
131 72
178 195
46 131
13 29
61 67
12 16
168 52
166 37
101 137
115 39
43 170
33 90
149 74
53 22
99 41
23 161
160 127
83 135
174 167
154 189
103 163
67 159
130 190
97 185
60 96
196 136
165 91
72 146
2 92
31 101
194 112
193 31
7 176
38 128
115 95
126 30
141 102
5 8
58 192
202 70
119 172
172 188
197 54
86 203
131 45
142 111
107 43
76 2
121 4
190 87

214 181
22 72
123 52
185 206
67 27
53 7
173 180
144 166
62 54
196 42
66 173
129 15
187 130
150 137
211 3
81 18
152 177
102 4
84 183
164 86
13 146
129 62
69 105
32 58
83 205
58 44
77 39
120 207
57 67
90 124
39 19
40 144
107 35
41 200
56 73
180 30
164 127
54 159
97 26
182 203
34 155
55 179
78 202
126 178
89 99
196 24
209 170
109 195
42 110
139 50
26 122
61 104
134 208
72 47
76 194
203 119
169 176
54 48
101 95
22 45
43 14
73 198
18 6
58 31
45 102
198 107
30 123
20 78
79 16
22 60
140 61
49 163
86 109
175 129
172 211
185 55
120 147
60 190
118 38
204 156
92 74
53 175
45 28
160 1
97 64
184 145
108 46
102 101
73 172
93 81
67 213
22 186
123 11
63 70
187 96
108 32
103 77
186 68
159 23
55 56
95 43
1 134
43 2
67 193
134 212
31 152
102 120
106 69
122 196
89 187
30 128
168 184
138 21
111 25
138 201
99 85
71 142
115 98
193 136
64 140
118 189
163 112
30 100
121 89
67 80
84 192
178 148
178 149
178 209
144 88
86 9
79 5
122 13
165 115
62 92
40 169
139 17
42 57
27 121
107 65
75 20
63 41
148 51
91 164
126 113
113 167
46 204
138 139
84 165
82 181
91 182
72 90
173 154
77 29
162 84
3 117
8 188
85 133
35 197
134 151
140 76
35 49
95 10
109 111
91 168
109 34
89 199
31 191
104 12
126 210
203 135
19 153
36 162
107 91
14 66
175 174
214 161
199 82
177 71
108 138
186 79
176 83
182 150
157 131
57 59
207 75
17 158
185 160
2 118
148 106
89 63
85 126
97 36
144 171
96 33
89 125
112 114
119 40
50 103
1 141
196 108
191 93
89 87
148 132
190 185
128 94
120 8
54 143
182 116
162 37
55 157
168 97
118 214
96 53

244 145
172 78
149 94
74 69
238 96
215 189
195 188
47 176
147 222
53 179
60 213
91 23
108 84
221 201
212 86
22 105
114 198
105 85
28 32
206 165
120 62
227 93
170 164
226 89
134 239
193 114
236 58
110 35
65 122
107 123
66 6
118 124
238 212
238 115
169 72
61 42
21 133
244 107
166 88
169 134
5 106
219 99
16 146
42 44
41 4
116 211
163 209
202 192
33 22
59 29
210 112
147 238
35 21
77 24
139 183
160 81
214 127
195 39
125 117
88 12
78 203
38 48
199 140
36 206
236 43
179 45
206 144
10 147
44 28
237 155
101 108
224 129
165 232
214 227
103 74
78 79
184 8
39 111
19 185
212 219
50 47
106 207
174 16
2 56
116 61
16 156
184 218
146 121
17 169
51 217
148 92
122 118
28 110
145 53
71 220
3 231
72 195
105 66
11 224
204 73
62 5
108 157
185 31
241 163
69 50
107 113
169 76
59 83
44 130
217 241
239 63
61 152
170 244
120 139
189 204
43 37
21 87
84 162
117 153
74 229
7 49
77 70
168 200
73 159
230 191
88 55
104 243
48 154
138 182
62 180
153 120
112 170
55 197
11 237
40 125
242 59
124 14
218 54
75 143
80 235
131 136
125 205
95 46
122 199
73 160
24 145
198 57
25 65
5 80
225 128
149 41
156 109
40 158
66 77
25 181
81 190
34 91
67 40
99 149
146 242
160 178
143 234
113 75
197 216
185 196
123 68
86 3
20 97
4 132
182 51
91 225
46 138
195 119
27 104
6 71
39 60
94 7
143 174
54 19
43 17
117 26
96 90
68 168
9 131
7 25
142 202
67 18
31 172
233 151
40 126
189 208
221 116
228 175
52 148
175 177
182 103
143 13
218 20
93 9
100 137
82 214
234 33
48 228
193 240
129 135
140 67
231 36
68 226
106 27
178 102
240 38
122 173
56 98
175 171
134 141
45 166
32 223
34 210
145 167
74 186
194 215
11 10
118 101
59 187
78 161
216 100
44 52
232 142
228 221
50 193
160 1
235 236
111 194
233 95
99 64
198 30
6 82
78 11
208 2
28 150
215 15
223 184
117 230
12 233

257 293
6 193
249 160
247 12
133 136
76 59
140 91
104 207
93 147
40 44
72 190
32 170
71 138
80 236
147 86
226 32
9 43
8 71
250 226
199 18
19 191
142 20
8 196
212 124
132 211
86 105
132 235
204 9
221 161
116 38
17 14
149 233
216 185
3 148
244 142
165 186
3 151
87 118
86 219
204 188
193 74
130 225
113 152
63 254
134 81
13 182
122 250
18 90
94 37
94 65
118 202
63 10
229 4
85 141
257 117
226 144
85 60
17 167
236 203
44 126
169 24
22 192
11 237
57 173
42 19
19 205
186 230
164 155
77 80
252 157
158 215
22 156
32 27
67 128
205 30
7 221
88 106
197 166
34 98
172 174
42 97
2 243
149 150
107 209
105 214
79 100
155 94
120 35
193 257
31 114
48 58
141 120
176 200
38 115
175 112
206 229
133 227
149 249
212 241
212 153
1 51
74 181
204 247
88 61
106 198
193 231
27 6
10 175
135 99
15 232
193 187
21 251
120 13
201 256
36 103
228 11
253 3
153 69
214 78
124 110
68 163
174 165
185 168
233 46
80 130
190 102
221 33
76 39
28 127
75 132
173 183
104 149
229 55
51 79
137 77
104 220
109 255
53 82
195 7
195 29
209 2
92 154
80 23
77 228
157 145
14 131
161 172
232 125
94 31
17 204
114 56
160 73
10 218
143 164
183 104
58 34
87 158
38 41
209 224
109 239
66 134
45 47
61 253
133 176
161 208
254 184
94 242
111 21
223 101
7 122
186 28
156 63
191 199
81 8
66 245
109 96
53 159
154 84
160 76
140 15
73 238
55 40
135 52
49 70
215 26
49 234
68 206
59 212
9 116
185 57
127 179
125 75
142 108
93 146
12 64
64 85
64 217
203 48
36 92
238 252
4 87
219 195
245 216
217 135
121 83
65 213
44 223
48 49
51 95
35 66
170 5
12 180
5 54
234 222
64 36
62 177
199 1
70 93
4 162
106 121
81 45
20 178
15 201
215 189
110 119
222 111
158 143
56 22
25 129
116 240
93 25
43 133
169 67
108 72
211 244
65 42
122 50
86 169
236 194
249 62
251 113
16 89
190 107
164 210
137 53
55 248
229 123
187 17
134 171
218 137
194 109
81 140
57 139
190 88
155 16
143 197
80 246
