0 4

99 466980578044601781
45 69
70 79
30 67
25 5
13 84
5 89
18 42
28 53
45 37
14 49
59 81
19 55
94 45
26 65
43 52
72 34
39 25
83 43
24 62
62 31
90 82
57 14
85 87
62 13
1 90
39 28
42 23
39 80
27 39
71 10
81 58
24 74
67 22
73 17
81 32
80 85
75 36
85 15
90 18
71 70
20 98
93 50
87 54
7 26
58 24
89 7
49 66
31 64
94 48
10 91
22 21
78 29
40 99
32 76
54 93
60 71
15 63
82 6
63 47
46 61
41 95
38 2
6 19
91 78
65 4
89 33
82 57
13 51
50 94
78 44
69 86
30 40
59 35
90 8
89 41
78 72
32 92
4 12
68 16
16 1
28 11
74 27
66 38
29 46
79 88
48 83
64 20
58 73
68 56
37 60
9 30
59 97
29 3
93 68
98 77
62 75
42 9
73 96

82 253152421171602235
5 14
11 52
15 45
66 69
77 2
71 74
35 80
15 81
32 78
63 70
35 8
7 46
40 77
10 16
7 23
63 39
63 48
40 26
58 6
81 50
42 82
46 66
39 4
39 5
82 59
28 10
71 36
47 54
24 32
70 79
20 27
79 65
50 71
70 67
5 60
12 33
26 1
35 68
30 62
42 35
75 37
62 9
14 42
20 56
69 30
47 41
51 29
43 76
9 49
53 61
62 21
57 64
58 24
79 3
10 53
48 25
38 58
39 28
82 55
31 12
69 17
48 15
16 44
13 73
72 11
77 31
4 43
46 72
51 38
13 75
82 22
1 18
9 34
3 19
39 20
30 13
19 57
29 47
60 7
11 40
72 51

96 590603337630275166
91 90
12 94
59 1
7 59
59 37
52 59
59 93
89 50
59 8
30 59
35 19
6 80
27 59
59 50
86 85
59 92
60 96
59 6
59 84
36 59
59 81
86 63
54 32
59 31
12 59
10 56
52 73
91 82
67 59
14 40
59 65
61 11
56 55
59 53
46 59
40 3
4 95
65 38
91 59
77 59
22 59
59 40
11 59
26 12
39 7
11 16
76 59
32 87
23 91
59 13
5 59
59 25
48 92
46 66
41 60
59 56
74 34
78 49
18 69
29 53
15 17
32 71
59 79
69 59
62 36
93 42
2 5
59 32
1 43
64 59
59 75
12 51
59 4
70 59
50 72
59 15
59 58
33 86
59 28
59 60
19 59
59 49
59 20
9 59
59 86
40 45
24 70
21 1
47 59
20 68
59 74
57 59
79 44
83 59
88 13

86 753148408814902792
7 36
64 28
30 69
86 11
78 44
5 3
53 50
58 72
39 57
14 6
29 84
83 39
85 43
7 42
56 83
7 64
10 77
52 25
43 21
33 23
68 73
40 80
61 13
21 32
61 31
49 78
5 33
84 19
66 10
57 29
24 75
58 2
36 9
41 12
48 76
11 37
64 60
17 58
83 24
13 27
66 22
73 62
36 61
66 26
17 81
68 67
6 68
58 38
60 35
45 79
84 8
83 54
75 1
32 59
11 18
51 20
46 53
66 63
78 16
3 70
20 48
29 17
69 41
74 4
61 51
19 47
40 65
22 49
54 52
61 85
41 74
48 82
78 71
10 45
16 46
39 40
34 55
4 66
2 5
12 15
77 14
14 86
9 30
53 56
19 34
