99 99
7556 1098 8815 8946 5583 3615 7916 2155 692 4911 6152 9380 7182 5999 9600 1449 1145 1512 7492 1880 342 4765 2097 9147 7691 3787 6338 2529 1955 3307 8503 7916 1571 598 6651 6870 6391 5369 53 8084 7296 1126 976 3527 9179 3921 9445 6872 3914 4108 6854 5726 2370 9469 1260 3090 7472 1408 5203 3905 5262 7889 1183 5967 2867 9040 8026 9183 2672 3383 8253 2643 3404 980 1398 5283 2419 5186 7171 9186 9166 3617 5681 5316 9130 9529 4227 202 8645 2042 5593 1677 6419 5350 956 3110 4677 4287 5764 
58515263 53844724 53486373 94566686 38017664 6659035 94427665 51174382 25024025 25164676 3999882 44827801 5178412 64507497 42179197 63903390 55064268 85595497 34636464 23792401 39827337 89482288 11404107 79705609 95256057 16717626 53332949 61644924 93520353 69220228 30570711 42987024 7887817 72916723 97667626 45146352 23263924 38279793 3500176 11837189 69333745 22909274 13477415 45125575 4813012 65580253 72575025 16821870 59774137 61067289 40099387 16734132 34155353 90529162 29233913 71098558 8566361 44088726 36810440 72336860 3258925 99572127 80711393 86409184 35193441 33980277 70315031 69944959 31591966 79556980 57533705 93681244 9495966 94011061 1504384 42262136 18521675 66170183 74084721 11196163 7650082 44915248 80194608 90690553 37995670 42662995 40595143 50264743 56886917 21535032 44019825 69930625 6272287 49404524 89468679 29013304 80637933 503308 17969147 
82 95 8171047
7 27 2067325
58 65 6187974
7 10 6823098
64 67 4385527
8 77 8688674
1 3 981336
76 89 2634757
18 38 8478370
60 82 3447429
50 70 6433114
22 49 3656207
3 64 2015851
5 53 4697132
39 82 88783
62 99 3588710
3 85 4196069
38 63 1488961
17 72 4434878
37 55 36645
7 60 5155842
33 47 7848266
28 35 4853040
24 80 6326032
21 67 7890253
9 47 2647426
62 85 2027025
18 46 5270362
61 74 771654
9 52 5257234
50 95 8463115
69 71 3257634
21 87 2439458
69 85 6904744
29 65 5856577
32 73 2615734
34 52 3749806
1 10 900572
10 12 720449
16 27 6968715
67 68 4868707
3 21 1914340
8 71 2379754
11 26 2056366
16 40 1824797
31 50 4619046
9 90 34492
50 86 8969024
9 97 4531839
86 94 1572461
22 97 3122077
91 98 8751615
41 68 5515175
36 62 8380775
24 88 8391248
3 76 837104
76 84 8544352
9 30 158986
12 12 2245747
34 92 1296846
74 98 1254611
10 40 8596758
2 95 8350003
4 16 5471983
28 89 7593507
15 32 5176418
39 81 971418
1 31 1846354
74 76 7593413
28 47 2058157
40 94 2795098
71 81 7414133
13 37 5401533
5 10 4091419
41 48 1999193
33 50 2872144
10 39 8460692
68 87 8438536
39 56 480569
20 45 2275554
1 9 6537003
15 61 7689576
34 39 1813272
54 90 2885212
16 73 2875513
8 38 619482
16 59 8384247
70 92 3662762
63 86 3361907
67 70 5884885
18 40 2962365
34 68 2411315
9 26 9041128
85 87 2195281
29 98 3363020
38 86 1474775
44 77 5459493
1 33 5261817
50 70 3773146
